L 2014.0000, 0, 0, -1711.0000, 0, 0, 140, 140, 140
L  0,2430.0000, 0, 0, 0, 0, 140, 140, 140
L 500, 2430.0000, 0, 500, 0, 0, 220, 220, 220
L 1000, 2430.0000, 0, 1000, 0, 0, 220, 220, 220
L 1500, 2430.0000, 0, 1500, 0, 0, 220, 220, 220
L 2000, 2430.0000, 0, 2000, 0, 0, 220, 220, 220
L -500, 2430.0000, 0, -500, 0, 0, 220, 220, 220
L -1000, 2430.0000, 0, -1000, 0, 0, 220, 220, 220
L -1500, 2430.0000, 0, -1500, 0, 0, 220, 220, 220
L 2014.0000, 500, 0, -1711.0000, 500, 0, 220, 220, 220
L 2014.0000, 1000, 0, -1711.0000, 1000, 0, 220, 220, 220
L 2014.0000, 1500, 0, -1711.0000, 1500, 0, 220, 220, 220
L 2014.0000, 2000, 0, -1711.0000, 2000, 0, 220, 220, 220
P 2024, 5, 0, 0, 0, 0, 3, 0
P 5,2440, 0, 0, 0, 0, 3, 0
P 505,2440, 0, 0, 0, 0, 3, 500
P 1005,2440, 0, 0, 0, 0, 3, 1000
P 1505,2440, 0, 0, 0, 0, 3, 1500
P 2005,2440, 0, 0, 0, 0, 3, 2000
P -495,2440, 0, 0, 0, 0, 3, -500
P -995,2440, 0, 0, 0, 0, 3, -1000
P -1495,2440, 0, 0, 0, 0, 3, -1500
P 2024, 505, 0, 0, 0, 0, 3, 500
P 2024, 1005, 0, 0, 0, 0, 3, 1000
P 2024, 1505, 0, 0, 0, 0, 3, 1500
P 2024, 2005, 0, 0, 0, 0, 3, 2000
