L -2159, 549, 232, -2159, 549, 23, 153, 153, 153
L -2159, 549, 23, -2165, 656, 23, 153, 153, 153
L -2165, 656, 23, -1823, 656, 23, 153, 153, 153
L -1823, 656, 23, -1821, 506, 23, 153, 153, 153
L -1821, 506, 23, -1639, 506, 23, 153, 153, 153
L -2066, 544, 232, -2066, 544, 23, 153, 153, 153
L -2066, 544, 23, -1965, 543, 23, 153, 153, 153
L -1965, 543, 23, -1965, 395, 23, 153, 153, 153
L -1965, 395, 23, -1823, 395, 23, 153, 153, 153
L -1823, 395, 23, -1821, 441, 23, 153, 153, 153
L -1821, 441, 23, -1639, 441, 23, 153, 153, 153
L -1736, 550, 2595, -1736, 550, 259, 153, 153, 153
L -1736, 550, 259, -1718, 605, 259, 153, 153, 153
L -1718, 605, 259, -1684, 715, 268, 153, 153, 153
L -1684, 715, 268, -1654, 789, 238, 153, 153, 153
L -1654, 789, 238, -1534, 999, 288, 153, 153, 153
L -1534, 999, 288, -1498, 1191, 339, 153, 153, 153
L -1498, 1191, 339, -1470, 1266, 307, 153, 153, 153
L -1470, 1266, 307, -1415, 1326, 272, 153, 153, 153
L -1415, 1326, 272, -1371, 1374, 268, 153, 153, 153
L -1371, 1374, 268, -1335, 1422, 307, 153, 153, 153
L -1335, 1422, 307, -1302, 1446, 320, 153, 153, 153
L -1302, 1446, 320, -1265, 1469, 302, 153, 153, 153
L -1265, 1469, 302, -1236, 1483, 285, 153, 153, 153
L -1236, 1483, 285, -1217, 1488, 278, 153, 153, 153
L -1217, 1488, 278, -1200, 1492, 263, 153, 153, 153
L -1200, 1492, 263, -1178, 1498, 249, 153, 153, 153
L -1178, 1498, 249, -1157, 1503, 238, 153, 153, 153
L -1157, 1503, 238, -1120, 1512, 268, 153, 153, 153
L -1120, 1512, 268, -1072, 1519, 298, 153, 153, 153
L -1072, 1519, 298, -1018, 1558, 348, 153, 153, 153
L -1018, 1558, 348, -1009, 1563, 332, 153, 153, 153
L -1009, 1563, 332, -1004, 1565, 324, 153, 153, 153
L -1004, 1565, 324, -993, 1566, 312, 153, 153, 153
L -993, 1566, 312, -955, 1570, 278, 153, 153, 153
L -955, 1570, 278, -929, 1572, 255, 153, 153, 153
L -929, 1572, 255, -909, 1574, 258, 153, 153, 153
L -909, 1574, 258, -881, 1579, 278, 153, 153, 153
L -881, 1579, 278, -833, 1590, 281, 153, 153, 153
L -833, 1590, 281, -778, 1603, 254, 153, 153, 153
L -778, 1603, 254, -649, 1631, 236, 153, 153, 153
L -649, 1631, 236, -575, 1667, 238, 153, 153, 153
L -575, 1667, 238, -528, 1686, 251, 153, 153, 153
L -528, 1686, 251, -466, 1712, 293, 153, 153, 153
L -466, 1712, 293, -420, 1739, 277, 153, 153, 153
L -420, 1739, 277, -370, 1764, 257, 153, 153, 153
L -370, 1764, 257, -334, 1780, 211, 153, 153, 153
L -334, 1780, 211, -300, 1794, 187, 153, 153, 153
L -300, 1794, 187, -260, 1792, 157, 153, 153, 153
L -260, 1792, 157, -182, 1783, 154, 153, 153, 153
L -182, 1783, 154, -140, 1775, 147, 153, 153, 153
L -140, 1775, 147, -97, 1777, 155, 153, 153, 153
L -97, 1777, 155, -28, 1788, 157, 153, 153, 153
L -28, 1788, 157, 29, 1787, 121, 153, 153, 153
L 29, 1787, 121, 70, 1788, 106, 153, 153, 153
L 70, 1788, 106, 194, 1809, 200, 153, 153, 153
L 194, 1809, 200, 267, 1811, 220, 153, 153, 153
L 267, 1811, 220, 309, 1808, 216, 153, 153, 153
L 309, 1808, 216, 355, 1804, 203, 153, 153, 153
L 355, 1804, 203, 482, 1842, 227, 153, 153, 153
L 482, 1842, 227, 606, 1892, 311, 153, 153, 153
L 606, 1892, 311, 660, 1885, 309, 153, 153, 153
L 968, 1773, 919, 968, 1773, 91, 153, 153, 153
L 968, 1773, 91, 1066, 1766, 121, 153, 153, 153
L 1066, 1766, 121, 1102, 1767, 133, 153, 153, 153
L 1102, 1767, 133, 1146, 1768, 131, 153, 153, 153
L 1146, 1768, 131, 1200, 1771, 119, 153, 153, 153
L 1200, 1771, 119, 1249, 1776, 129, 153, 153, 153
L 1249, 1776, 129, 1261, 1777, 130, 153, 153, 153
L 1261, 1777, 130, 1335, 1777, 108, 153, 153, 153
L 1335, 1777, 108, 1374, 1777, 129, 153, 153, 153
L 1374, 1777, 129, 1416, 1778, 150, 153, 153, 153
L 1416, 1778, 150, 1542, 1765, 88, 153, 153, 153
L 1542, 1765, 88, 1603, 1747, 111, 153, 153, 153
L 1603, 1747, 111, 1639, 1726, 82, 153, 153, 153
L 1639, 1726, 82, 1676, 1705, 80, 153, 153, 153
L 1676, 1705, 80, 1700, 1683, 103, 153, 153, 153
L 1700, 1683, 103, 1722, 1645, 104, 153, 153, 153
L 1722, 1645, 104, 1741, 1613, 109, 153, 153, 153
L 1741, 1613, 109, 1748, 1601, 112, 153, 153, 153
L 1748, 1601, 112, 1764, 1561, 100, 153, 153, 153
L 1764, 1561, 100, 1770, 1528, 91, 153, 153, 153
L 1770, 1528, 91, 1770, 1471, 105, 153, 153, 153
L 1770, 1471, 105, 1768, 1438, 126, 153, 153, 153
L 1768, 1438, 126, 1767, 1421, 138, 153, 153, 153
L 1767, 1421, 138, 1763, 1337, 178, 153, 153, 153
L 1763, 1337, 178, 1765, 1293, 193, 153, 153, 153
L 1765, 1293, 193, 1767, 1250, 209, 153, 153, 153
L 1767, 1250, 209, 1776, 1121, 306, 153, 153, 153
L 1776, 1121, 306, 1774, 1084, 297, 153, 153, 153
L 1774, 1084, 297, 1771, 1036, 295, 153, 153, 153
L 1771, 1036, 295, 1769, 1004, 308, 153, 153, 153
L 1769, 1004, 308, 1759, 826, 207, 153, 153, 153
L 1759, 826, 207, 1780, 552, 137, 153, 153, 153
L 1780, 552, 137, 1790, 461, 139, 153, 153, 153
L 1790, 461, 139, 1784, 294, 150, 153, 153, 153
L 1784, 294, 150, 1758, 83, 184, 153, 153, 153
L 1758, 83, 184, 1744, -104, 244, 153, 153, 153
L 1744, -104, 244, 1759, -274, 246, 153, 153, 153
L 1759, -274, 246, 1773, -445, 164, 153, 153, 153
L 1773, -445, 164, 1709, -668, 229, 153, 153, 153
L 1709, -668, 229, 1695, -936, 337, 153, 153, 153
L 1695, -936, 337, 1735, -1153, 178, 153, 153, 153
L 1735, -1153, 178, 1669, -1415, 233, 153, 153, 153
L 1669, -1415, 233, 1598, -1599, 277, 153, 153, 153
L 1598, -1599, 277, 1520, -1721, 263, 153, 153, 153
L 1520, -1721, 263, 1460, -1721, 255, 153, 153, 153
L 1460, -1721, 255, 1391, -1720, 322, 153, 153, 153
L 1391, -1720, 322, 1342, -1725, 356, 153, 153, 153
L 1342, -1725, 356, 1161, -1749, 297, 153, 153, 153
L 1161, -1749, 297, 1059, -1759, 267, 153, 153, 153
L 1059, -1759, 267, 882, -1762, 238, 153, 153, 153
L 882, -1762, 238, 761, -1718, 222, 153, 153, 153
L 761, -1718, 222, 578, -1780, 260, 153, 153, 153
L 578, -1780, 260, 541, -1800, 252, 153, 153, 153
L 541, -1800, 252, 367, -1832, 323, 153, 153, 153
L 367, -1832, 323, 266, -1836, 352, 153, 153, 153
L 266, -1836, 352, 183, -1836, 373, 153, 153, 153
L 183, -1836, 373, 73, -1832, 296, 153, 153, 153
L 73, -1832, 296, 48, -1830, 302, 153, 153, 153
L 48, -1830, 302, -15, -1826, 309, 153, 153, 153
L -15, -1826, 309, -193, -1819, 304, 153, 153, 153
L -193, -1819, 304, -313, -1817, 272, 153, 153, 153
L -313, -1817, 272, -408, -1810, 245, 153, 153, 153
L -408, -1810, 245, -591, -1792, 298, 153, 153, 153
L -591, -1792, 298, -693, -1798, 257, 153, 153, 153
L -693, -1798, 257, -895, -1735, 426, 153, 153, 153
L -895, -1735, 426, -1014, -1718, 419, 153, 153, 153
L -1014, -1718, 419, -1049, -1724, 384, 153, 153, 153
L -1049, -1724, 384, -1075, -1750, 358, 153, 153, 153
L -1075, -1750, 358, -1143, -1817, 355, 153, 153, 153
L -1143, -1817, 355, -1175, -1818, 343, 153, 153, 153
L -1175, -1818, 343, -1244, -1818, 326, 153, 153, 153
L -1244, -1818, 326, -1281, -1816, 309, 153, 153, 153
L -1281, -1816, 309, -1337, -1808, 315, 153, 153, 153
L -1337, -1808, 315, -1362, -1804, 305, 153, 153, 153
L -1362, -1804, 305, -1393, -1799, 290, 153, 153, 153
L -1393, -1799, 290, -1559, -1767, 213, 153, 153, 153
L -1559, -1767, 213, -1699, -1687, 213, 153, 153, 153
L -1699, -1687, 213, -1770, -1575, 278, 153, 153, 153
L -1770, -1575, 278, -1828, -1391, 334, 153, 153, 153
L -1828, -1391, 334, -1839, -1200, 300, 153, 153, 153
L -1839, -1200, 300, -1835, -1116, 284, 153, 153, 153
L -1835, -1116, 284, -1831, -1052, 265, 153, 153, 153
L -1831, -1052, 265, -1828, -945, 236, 153, 153, 153
L -1828, -945, 236, -1827, -873, 269, 153, 153, 153
L -1827, -873, 269, -1839, -719, 317, 153, 153, 153
L -1839, -719, 317, -1838, -573, 241, 153, 153, 153
L -1838, -573, 241, -1827, -512, 223, 153, 153, 153
L -1827, -512, 223, -1813, -376, 322, 153, 153, 153
L -1813, -376, 322, -1819, -296, 339, 153, 153, 153
L -1819, -296, 339, -1825, -213, 287, 153, 153, 153
L -1825, -213, 287, -1816, -118, 206, 153, 153, 153
L -1816, -118, 206, -1802, -35, 208, 153, 153, 153
L -1802, -35, 208, -1792, 26, 223, 153, 153, 153
L -1792, 26, 223, -1778, 143, 225, 153, 153, 153
L -1778, 143, 225, -1767, 270, 229, 153, 153, 153
L -1767, 270, 229, -1764, 396, 213, 153, 153, 153
L -1764, 396, 213, -1757, 493, 253, 153, 153, 153
L -1757, 493, 253, -1737, 548, 258, 153, 153, 153
L 2028, 730, -204, 1996, 736, -19, 255, 255, 255
L 1996, 736, -19, 1972, 784, -26, 255, 255, 255
L 1972, 784, -26, 1960, 833, -27, 255, 255, 255
L 1960, 833, -27, 1962, 880, -30, 255, 255, 255
L 1962, 880, -30, 1993, 900, -15, 255, 255, 255
L 1993, 900, -15, 2022, 906, -6, 255, 255, 255
L 2022, 906, -6, 2049, 908, -17, 255, 255, 255
L 2049, 908, -17, 2095, 908, -15, 255, 255, 255
L 2095, 908, -15, 2097, 903, -9, 255, 255, 255
L 2097, 903, -9, 2110, 899, -4, 255, 255, 255
L 2110, 899, -4, 2120, 894, -8, 255, 255, 255
L 2120, 894, -8, 2126, 888, -14, 255, 255, 255
L 2126, 888, -14, 2134, 879, -40, 255, 255, 255
L 2134, 879, -40, 2153, 862, -32, 255, 255, 255
L 2153, 862, -32, 2145, 850, -28, 255, 255, 255
L 2145, 850, -28, 2147, 817, -18, 255, 255, 255
L 2147, 817, -18, 2137, 801, -17, 255, 255, 255
L 2137, 801, -17, 2133, 784, -18, 255, 255, 255
L 2133, 784, -18, 2115, 755, -22, 255, 255, 255
L 2115, 755, -22, 2103, 743, -26, 255, 255, 255
L 2103, 743, -26, 2087, 731, -22, 255, 255, 255
L 2087, 731, -22, 2096, 739, -22, 255, 255, 255
L 2096, 739, -22, 2096, 746, -21, 255, 255, 255
L 2096, 746, -21, 2085, 751, -19, 255, 255, 255
L 2085, 751, -19, 2079, 752, -20, 255, 255, 255
L 2079, 752, -20, 2070, 754, -18, 255, 255, 255
L 2070, 754, -18, 2064, 754, -17, 255, 255, 255
L 2064, 754, -17, 2058, 750, -19, 255, 255, 255
L 2058, 750, -19, 2055, 742, -20, 255, 255, 255
L 2145, 867, -320, 2145, 835, -19, 255, 255, 255
L 2145, 835, -19, 2134, 786, -17, 255, 255, 255
L 2134, 786, -17, 2113, 755, -24, 255, 255, 255
L 2113, 755, -24, 2096, 739, -22, 255, 255, 255
L 2032, 729, -227, 2039, 723, -25, 255, 255, 255
L 2039, 723, -25, 2043, 715, -24, 255, 255, 255
L 2043, 715, -24, 2040, 700, -27, 255, 255, 255
L 2040, 700, -27, 2051, 687, -30, 255, 255, 255
L 2051, 687, -30, 2057, 675, -33, 255, 255, 255
L 2057, 675, -33, 2059, 655, -38, 255, 255, 255
L 2059, 655, -38, 2057, 647, -40, 255, 255, 255
L 2057, 647, -40, 2051, 636, -45, 255, 255, 255
L 2051, 636, -45, 2037, 630, -49, 255, 255, 255
L 2037, 630, -49, 2022, 640, -54, 255, 255, 255
L 2022, 640, -54, 2013, 654, -58, 255, 255, 255
L 2013, 654, -58, 1993, 681, -62, 255, 255, 255
L 1993, 681, -62, 1988, 675, -64, 255, 255, 255
L 1988, 675, -64, 1959, 682, -67, 255, 255, 255
L 1959, 682, -67, 1947, 676, -70, 255, 255, 255
L 1947, 676, -70, 1925, 661, -73, 255, 255, 255
L 1925, 661, -73, 1916, 639, -75, 255, 255, 255
L 1916, 639, -75, 1918, 619, -72, 255, 255, 255
L 1918, 619, -72, 1914, 616, -69, 255, 255, 255
L 1914, 616, -69, 1901, 616, -65, 255, 255, 255
L 1901, 616, -65, 1895, 610, -69, 255, 255, 255
L 1895, 610, -69, 1883, 579, -80, 255, 255, 255
L 1883, 579, -80, 1885, 574, -80, 255, 255, 255
L 1885, 574, -80, 1889, 541, -88, 255, 255, 255
L 1889, 541, -88, 1904, 519, -87, 255, 255, 255
L 1904, 519, -87, 1917, 508, -87, 255, 255, 255
L 1917, 508, -87, 1939, 499, -86, 255, 255, 255
L 1939, 499, -86, 1962, 497, -88, 255, 255, 255
L 1962, 497, -88, 1972, 500, -75, 255, 255, 255
L 1972, 500, -75, 1985, 501, -85, 255, 255, 255
L 1985, 501, -85, 1984, 496, -83, 255, 255, 255
L 1984, 496, -83, 1992, 483, -90, 255, 255, 255
L 1992, 483, -90, 1989, 465, -91, 255, 255, 255
L 1989, 465, -91, 1983, 451, -93, 255, 255, 255
L 1983, 451, -93, 1973, 442, -96, 255, 255, 255
L 1973, 442, -96, 1958, 432, -100, 255, 255, 255
L 1958, 432, -100, 1941, 425, -103, 255, 255, 255
L 1941, 425, -103, 1925, 409, -105, 255, 255, 255
L 1925, 409, -105, 1911, 372, -111, 255, 255, 255
L 1911, 372, -111, 1917, 358, -114, 255, 255, 255
L 1917, 358, -114, 1925, 339, -117, 255, 255, 255
L 1925, 339, -117, 1921, 318, -121, 255, 255, 255
L 1921, 318, -121, 1896, 293, -119, 255, 255, 255
L 1896, 293, -119, 1890, 272, -115, 255, 255, 255
L 1890, 272, -115, 1890, 250, -112, 255, 255, 255
L 1890, 250, -112, 1903, 222, -104, 255, 255, 255
L 1903, 222, -104, 1904, 202, -90, 255, 255, 255
L 1904, 202, -90, 1886, 198, -91, 255, 255, 255
L 1886, 198, -91, 1870, 185, -108, 255, 255, 255
L 1870, 185, -108, 1864, 177, -113, 255, 255, 255
L 1864, 177, -113, 1856, 145, -112, 255, 255, 255
L 1856, 145, -112, 1877, 135, -93, 255, 255, 255
L 1877, 135, -93, 1906, 117, -93, 255, 255, 255
L 1906, 117, -93, 1939, 124, -102, 255, 255, 255
L 1939, 124, -102, 1957, 128, -96, 255, 255, 255
L 1957, 128, -96, 1981, 134, -87, 255, 255, 255
L 1981, 134, -87, 1978, 140, -100, 255, 255, 255
L 1978, 140, -100, 1991, 135, -95, 255, 255, 255
L 1991, 135, -95, 1996, 128, -92, 255, 255, 255
L 1996, 128, -92, 1992, 114, -82, 255, 255, 255
L 1992, 114, -82, 1987, 110, -76, 255, 255, 255
L 1987, 110, -76, 1981, 106, -73, 255, 255, 255
L 1981, 106, -73, 1974, 104, -69, 255, 255, 255
L 1974, 104, -69, 1966, 104, -65, 255, 255, 255
L 1966, 104, -65, 1963, 105, -65, 255, 255, 255
L 1963, 105, -65, 1936, 112, -61, 255, 255, 255
L 1936, 112, -61, 1907, 100, -57, 255, 255, 255
L 1907, 100, -57, 1901, 78, -52, 255, 255, 255
L 1901, 78, -52, 1902, 59, -46, 255, 255, 255
L 1902, 59, -46, 1924, 30, -40, 255, 255, 255
L 1924, 30, -40, 1948, 20, -34, 255, 255, 255
L 1948, 20, -34, 1953, 11, -28, 255, 255, 255
L 1953, 11, -28, 1958, -4, -17, 255, 255, 255
L 1958, -4, -17, 1958, -16, -13, 255, 255, 255
L 1958, -16, -13, 1957, -19, -12, 255, 255, 255
L 1957, -19, -12, 1945, -18, -11, 255, 255, 255
L 1945, -18, -11, 1931, -24, -18, 255, 255, 255
L 1931, -24, -18, 1915, -42, -18, 255, 255, 255
L 1915, -42, -18, 1912, -49, -19, 255, 255, 255
L 1912, -49, -19, 1903, -70, -21, 255, 255, 255
L 1903, -70, -21, 1898, -101, -23, 255, 255, 255
L 1898, -101, -23, 1901, -117, -20, 255, 255, 255
L 1901, -117, -20, 1909, -135, -10, 255, 255, 255
L 1909, -135, -10, 1917, -129, -5, 255, 255, 255
L 1917, -129, -5, 1923, -129, -4, 255, 255, 255
L 1923, -129, -4, 1933, -123, -3, 255, 255, 255
L 1933, -123, -3, 1940, -122, -7, 255, 255, 255
L 1940, -122, -7, 1949, -122, -9, 255, 255, 255
L 1949, -122, -9, 1952, -122, -11, 255, 255, 255
L 1952, -122, -11, 1955, -123, -14, 255, 255, 255
L 1955, -123, -14, 1954, -129, -13, 255, 255, 255
L 1954, -129, -13, 1951, -143, -13, 255, 255, 255
L 1951, -143, -13, 1951, -163, -10, 255, 255, 255
L 1951, -163, -10, 1962, -197, -7, 255, 255, 255
L 1962, -197, -7, 1983, -211, -6, 255, 255, 255
L 1983, -211, -6, 2000, -215, -9, 255, 255, 255
L 2000, -215, -9, 2007, -219, -11, 255, 255, 255
L 2007, -219, -11, 2015, -224, -13, 255, 255, 255
L 2015, -224, -13, 2020, -232, -13, 255, 255, 255
L 2020, -232, -13, 2022, -234, -13, 255, 255, 255
L 2022, -234, -13, 2027, -245, -18, 255, 255, 255
L 2027, -245, -18, 2028, -255, -24, 255, 255, 255
L 2028, -255, -24, 2018, -263, -31, 255, 255, 255
L 2018, -263, -31, 2003, -259, -39, 255, 255, 255
L 2003, -259, -39, 1994, -252, -40, 255, 255, 255
L 1994, -252, -40, 1980, -243, -43, 255, 255, 255
L 1980, -243, -43, 1965, -238, -45, 255, 255, 255
L 1965, -238, -45, 1948, -243, -48, 255, 255, 255
L 1948, -243, -48, 1931, -249, -52, 255, 255, 255
L 1931, -249, -52, 1925, -256, -58, 255, 255, 255
L 1925, -256, -58, 1915, -282, -59, 255, 255, 255
L 1915, -282, -59, 1912, -298, -55, 255, 255, 255
L 1912, -298, -55, 1906, -311, -41, 255, 255, 255
L 1906, -311, -41, 1897, -319, -40, 255, 255, 255
L 1897, -319, -40, 1892, -313, -39, 255, 255, 255
L 1892, -313, -39, 1882, -311, -42, 255, 255, 255
L 1882, -311, -42, 1872, -314, -40, 255, 255, 255
L 1872, -314, -40, 1861, -324, -36, 255, 255, 255
L 1861, -324, -36, 1853, -347, -33, 255, 255, 255
L 1853, -347, -33, 1853, -348, -33, 255, 255, 255
L 1853, -348, -33, 1851, -366, -40, 255, 255, 255
L 1851, -366, -40, 1851, -381, -44, 255, 255, 255
L 1851, -381, -44, 1856, -398, -38, 255, 255, 255
L 1856, -398, -38, 1857, -403, -36, 255, 255, 255
L 1857, -403, -36, 1856, -430, -44, 255, 255, 255
L 1856, -430, -44, 1860, -437, -42, 255, 255, 255
L 1860, -437, -42, 1874, -439, -39, 255, 255, 255
L 1874, -439, -39, 1874, -439, -38, 255, 255, 255
L 1874, -439, -38, 1873, -454, -38, 255, 255, 255
L 1873, -454, -38, 1868, -458, -34, 255, 255, 255
L 1868, -458, -34, 1860, -461, -29, 255, 255, 255
L 1860, -461, -29, 1852, -461, -25, 255, 255, 255
L 1852, -461, -25, 1844, -453, -17, 255, 255, 255
L 1844, -453, -17, 1841, -446, -12, 255, 255, 255
L 1841, -446, -12, 1840, -442, -10, 255, 255, 255
L 1840, -442, -10, 1840, -434, -6, 255, 255, 255
L 1840, -434, -6, 1845, -420, -3, 255, 255, 255
L 1845, -420, -3, 1846, -410, 0, 255, 255, 255
L 1846, -410, 0, 1841, -392, 3, 255, 255, 255
L 1841, -392, 3, 1834, -382, 6, 255, 255, 255
L 1834, -382, 6, 1810, -363, 10, 255, 255, 255
L 1810, -363, 10, 1790, -369, 15, 255, 255, 255
L 1790, -369, 15, 1770, -388, 24, 255, 255, 255
L 1770, -388, 24, 1764, -405, 30, 255, 255, 255
L 1764, -405, 30, 1758, -413, 35, 255, 255, 255
L 1758, -413, 35, 1747, -422, 44, 255, 255, 255
L 1747, -422, 44, 1740, -424, 45, 255, 255, 255
L 1739, -452, 530, 1750, -449, 48, 255, 255, 255
L 1750, -449, 48, 1763, -443, 43, 255, 255, 255
L 1763, -443, 43, 1773, -435, 38, 255, 255, 255
L 1773, -435, 38, 1790, -414, 33, 255, 255, 255
L 1790, -414, 33, 1796, -404, 28, 255, 255, 255
L 1796, -404, 28, 1799, -399, 19, 255, 255, 255
L 1799, -399, 19, 1801, -397, 16, 255, 255, 255
L 1801, -397, 16, 1816, -396, 13, 255, 255, 255
L 1816, -396, 13, 1818, -402, 4, 255, 255, 255
L 1818, -402, 4, 1821, -410, 0, 255, 255, 255
L 1821, -410, 0, 1819, -419, -7, 255, 255, 255
L 1819, -419, -7, 1817, -429, -8, 255, 255, 255
L 1817, -429, -8, 1812, -447, -9, 255, 255, 255
L 1812, -447, -9, 1816, -435, -9, 255, 255, 255
L 1816, -435, -9, 1817, -451, -14, 255, 255, 255
L 1817, -451, -14, 1827, -480, -19, 255, 255, 255
L 1827, -480, -19, 1844, -483, -23, 255, 255, 255
L 1844, -483, -23, 1858, -491, -25, 255, 255, 255
L 1858, -491, -25, 1869, -486, -31, 255, 255, 255
L 1869, -486, -31, 1892, -471, -36, 255, 255, 255
L 1892, -471, -36, 1898, -449, -40, 255, 255, 255
L 1898, -449, -40, 1900, -439, -36, 255, 255, 255
L 1900, -439, -36, 1911, -439, -32, 255, 255, 255
L 1911, -439, -32, 1915, -435, -33, 255, 255, 255
L 1915, -435, -33, 1921, -429, -35, 255, 255, 255
L 1921, -429, -35, 1921, -414, -46, 255, 255, 255
L 1921, -414, -46, 1922, -390, -42, 255, 255, 255
L 1922, -390, -42, 1920, -388, -40, 255, 255, 255
L 1920, -388, -40, 1923, -365, -41, 255, 255, 255
L 1923, -365, -41, 1922, -368, -40, 255, 255, 255
L 1922, -368, -40, 1924, -357, -36, 255, 255, 255
L 1924, -357, -36, 1922, -348, -29, 255, 255, 255
L 1922, -348, -29, 1922, -344, -29, 255, 255, 255
L 1922, -344, -29, 1920, -341, -29, 255, 255, 255
L 1920, -341, -29, 1916, -337, -30, 255, 255, 255
L 1916, -337, -30, 1915, -336, -32, 255, 255, 255
L 1915, -336, -32, 1921, -329, -33, 255, 255, 255
L 1921, -329, -33, 1934, -318, -38, 255, 255, 255
L 1934, -318, -38, 1932, -318, -45, 255, 255, 255
L 1932, -318, -45, 1943, -290, -54, 255, 255, 255
L 1943, -290, -54, 1942, -285, -59, 255, 255, 255
L 1942, -285, -59, 1947, -273, -55, 255, 255, 255
L 1947, -273, -55, 1954, -268, -48, 255, 255, 255
L 1954, -268, -48, 1959, -266, -46, 255, 255, 255
L 1959, -266, -46, 1971, -270, -45, 255, 255, 255
L 1971, -270, -45, 1976, -270, -42, 255, 255, 255
L 1976, -270, -42, 1987, -278, -38, 255, 255, 255
L 1987, -278, -38, 2010, -289, -33, 255, 255, 255
L 2010, -289, -33, 2036, -285, -29, 255, 255, 255
L 2036, -285, -29, 2057, -263, -25, 255, 255, 255
L 2057, -263, -25, 2056, -234, -19, 255, 255, 255
L 2056, -234, -19, 2046, -220, -14, 255, 255, 255
L 2046, -220, -14, 2027, -200, -12, 255, 255, 255
L 2027, -200, -12, 1995, -184, -7, 255, 255, 255
L 1995, -184, -7, 1985, -176, -6, 255, 255, 255
L 1985, -176, -6, 1982, -173, -7, 255, 255, 255
L 1982, -173, -7, 1978, -164, -9, 255, 255, 255
L 1978, -164, -9, 1977, -159, -10, 255, 255, 255
L 1977, -159, -10, 1978, -142, -10, 255, 255, 255
L 1978, -142, -10, 1978, -142, -6, 255, 255, 255
L 1978, -142, -6, 1979, -126, -6, 255, 255, 255
L 1979, -126, -6, 1979, -125, -7, 255, 255, 255
L 1979, -125, -7, 1980, -123, -7, 255, 255, 255
L 1980, -123, -7, 1986, -122, -10, 255, 255, 255
L 1986, -122, -10, 2000, -123, -23, 255, 255, 255
L 2000, -123, -23, 2012, -115, -21, 255, 255, 255
L 2012, -115, -21, 2013, -114, -21, 255, 255, 255
L 2013, -114, -21, 2017, -84, -9, 255, 255, 255
L 2017, -84, -9, 2021, -83, -9, 255, 255, 255
L 2021, -83, -9, 2033, -83, -7, 255, 255, 255
L 2033, -83, -7, 2039, -86, -10, 255, 255, 255
L 2039, -86, -10, 2051, -88, -24, 255, 255, 255
L 2051, -88, -24, 2061, -87, -28, 255, 255, 255
L 2061, -87, -28, 2081, -79, -31, 255, 255, 255
L 2081, -79, -31, 2105, -58, -34, 255, 255, 255
L 2105, -58, -34, 2109, -39, -39, 255, 255, 255
L 2109, -39, -39, 2117, -25, -47, 255, 255, 255
L 2117, -25, -47, 2132, -15, -53, 255, 255, 255
L 2132, -15, -53, 2142, -11, -58, 255, 255, 255
L 2142, -11, -58, 2152, -11, -62, 255, 255, 255
L 2152, -11, -62, 2158, -21, -67, 255, 255, 255
L 2158, -21, -67, 2156, -30, -73, 255, 255, 255
L 2156, -30, -73, 2155, -34, -76, 255, 255, 255
L 2155, -34, -76, 2140, -53, -79, 255, 255, 255
L 2140, -53, -79, 2138, -56, -81, 255, 255, 255
L 2138, -56, -81, 2134, -71, -86, 255, 255, 255
L 2134, -71, -86, 2140, -100, -92, 255, 255, 255
L 2140, -100, -92, 2156, -118, -97, 255, 255, 255
L 2156, -118, -97, 2176, -124, -100, 255, 255, 255
L 2176, -124, -100, 2188, -125, -105, 255, 255, 255
L 2188, -125, -105, 2199, -128, -109, 255, 255, 255
L 2199, -128, -109, 2202, -130, -110, 255, 255, 255
L 2202, -130, -110, 2210, -137, -109, 255, 255, 255
L 2210, -137, -109, 2211, -138, -108, 255, 255, 255
L 2211, -138, -108, 2213, -140, -109, 255, 255, 255
L 2213, -140, -109, 2207, -147, -100, 255, 255, 255
L 2207, -147, -100, 2198, -162, -104, 255, 255, 255
L 2198, -162, -104, 2195, -183, -102, 255, 255, 255
L 2195, -183, -102, 2195, -194, -100, 255, 255, 255
L 2195, -194, -100, 2197, -221, -111, 255, 255, 255
L 2197, -221, -111, 2201, -227, -104, 255, 255, 255
L 2201, -227, -104, 2207, -245, -109, 255, 255, 255
L 2207, -245, -109, 2217, -272, -123, 255, 255, 255
L 2217, -272, -123, 2223, -279, -128, 255, 255, 255
L 2223, -279, -128, 2230, -291, -129, 255, 255, 255
L 2230, -291, -129, 2250, -305, -116, 255, 255, 255
L 2250, -305, -116, 2269, -319, -114, 255, 255, 255
L 2269, -319, -114, 2277, -320, -117, 255, 255, 255
L 2277, -320, -117, 2303, -322, -90, 255, 255, 255
L 2303, -322, -90, 2335, -309, -82, 255, 255, 255
L 2335, -309, -82, 2362, -288, -83, 255, 255, 255
L 2362, -288, -83, 2385, -255, -96, 255, 255, 255
L 2385, -255, -96, 2383, -207, -109, 255, 255, 255
L 2383, -207, -109, 2376, -164, -105, 255, 255, 255
L 2376, -164, -105, 2373, -169, -99, 255, 255, 255
L 2373, -169, -99, 2371, -161, -97, 255, 255, 255
L 2371, -161, -97, 2360, -144, -106, 255, 255, 255
L 2360, -144, -106, 2349, -126, -107, 255, 255, 255
L 2349, -126, -107, 2307, -97, -108, 255, 255, 255
L 2307, -97, -108, 2270, -98, -110, 255, 255, 255
L 2270, -98, -110, 2259, -103, -102, 255, 255, 255
L 2259, -103, -102, 2243, -111, -101, 255, 255, 255
L 2243, -111, -101, 2233, -121, -108, 255, 255, 255
L 2233, -121, -108, 2214, -107, -111, 255, 255, 255
L 2214, -107, -111, 2190, -99, -104, 255, 255, 255
L 2190, -99, -104, 2168, -91, -99, 255, 255, 255
L 2168, -91, -99, 2167, -91, -94, 255, 255, 255
L 2167, -91, -94, 2162, -84, -90, 255, 255, 255
L 2162, -84, -90, 2160, -78, -88, 255, 255, 255
L 2160, -78, -88, 2160, -73, -86, 255, 255, 255
L 2160, -73, -86, 2166, -62, -80, 255, 255, 255
L 2166, -62, -80, 2172, -52, -76, 255, 255, 255
L 2172, -52, -76, 2184, -41, -74, 255, 255, 255
L 2184, -41, -74, 2187, -24, -69, 255, 255, 255
L 2187, -24, -69, 2180, 0, -66, 255, 255, 255
L 2180, 0, -66, 2156, 23, -61, 255, 255, 255
L 2156, 23, -61, 2131, 17, -57, 255, 255, 255
L 2131, 17, -57, 2106, 5, -52, 255, 255, 255
L 2106, 5, -52, 2095, -11, -47, 255, 255, 255
L 2095, -11, -47, 2078, -43, -36, 255, 255, 255
L 2078, -43, -36, 2078, -45, -34, 255, 255, 255
L 2078, -45, -34, 2073, -51, -33, 255, 255, 255
L 2073, -51, -33, 2068, -57, -31, 255, 255, 255
L 2068, -57, -31, 2059, -60, -28, 255, 255, 255
L 2059, -60, -28, 2046, -62, -23, 255, 255, 255
L 2046, -62, -23, 2040, -61, -21, 255, 255, 255
L 2040, -61, -21, 2032, -60, -17, 255, 255, 255
L 2032, -60, -17, 2021, -57, -13, 255, 255, 255
L 2021, -57, -13, 2018, -57, -12, 255, 255, 255
L 2018, -57, -12, 2017, -41, -14, 255, 255, 255
L 2017, -41, -14, 2009, -35, -24, 255, 255, 255
L 2009, -35, -24, 2000, -24, -23, 255, 255, 255
L 2000, -24, -23, 1988, -18, -11, 255, 255, 255
L 1988, -18, -11, 1982, -17, -12, 255, 255, 255
L 1982, -17, -12, 1984, -13, -15, 255, 255, 255
L 1984, -13, -15, 1983, 5, -21, 255, 255, 255
L 1983, 5, -21, 1978, 20, -26, 255, 255, 255
L 1979, 17, -256, 1975, 25, -28, 255, 255, 255
L 1975, 25, -28, 1964, 40, -31, 255, 255, 255
L 1964, 40, -31, 1952, 47, -33, 255, 255, 255
L 1952, 47, -33, 1942, 55, -35, 255, 255, 255
L 1942, 55, -35, 1934, 59, -40, 255, 255, 255
L 1934, 59, -40, 1923, 76, -57, 255, 255, 255
L 1923, 76, -57, 1929, 77, -54, 255, 255, 255
L 1929, 77, -54, 1936, 83, -58, 255, 255, 255
L 1936, 83, -58, 1944, 84, -62, 255, 255, 255
L 1944, 84, -62, 1954, 82, -66, 255, 255, 255
L 1954, 82, -66, 1976, 78, -69, 255, 255, 255
L 1976, 78, -69, 2003, 89, -76, 255, 255, 255
L 2003, 89, -76, 2018, 116, -82, 255, 255, 255
L 2018, 116, -82, 2017, 136, -88, 255, 255, 255
L 2017, 136, -88, 2000, 157, -92, 255, 255, 255
L 2000, 157, -92, 1975, 163, -92, 255, 255, 255
L 1975, 163, -92, 1971, 164, -91, 255, 255, 255
L 1971, 164, -91, 1968, 176, -88, 255, 255, 255
L 1968, 176, -88, 1953, 196, -103, 255, 255, 255
L 1953, 196, -103, 1949, 198, -102, 255, 255, 255
L 1949, 198, -102, 1935, 202, -94, 255, 255, 255
L 1935, 202, -94, 1930, 229, -101, 255, 255, 255
L 1930, 229, -101, 1924, 237, -104, 255, 255, 255
L 1924, 237, -104, 1917, 253, -110, 255, 255, 255
L 1917, 253, -110, 1917, 259, -112, 255, 255, 255
L 1917, 259, -112, 1916, 256, -112, 255, 255, 255
L 1916, 256, -112, 1916, 263, -114, 255, 255, 255
L 1916, 263, -114, 1917, 272, -117, 255, 255, 255
L 1917, 272, -117, 1921, 282, -120, 255, 255, 255
L 1921, 282, -120, 1945, 309, -121, 255, 255, 255
L 1945, 309, -121, 1952, 335, -119, 255, 255, 255
L 1952, 335, -119, 1947, 355, -116, 255, 255, 255
L 1947, 355, -116, 1942, 373, -113, 255, 255, 255
L 1942, 373, -113, 1943, 385, -109, 255, 255, 255
L 1943, 385, -109, 1947, 395, -105, 255, 255, 255
L 1947, 395, -105, 1953, 402, -103, 255, 255, 255
L 1953, 402, -103, 1976, 413, -99, 255, 255, 255
L 1976, 413, -99, 1985, 418, -97, 255, 255, 255
L 1985, 418, -97, 2014, 453, -91, 255, 255, 255
L 2014, 453, -91, 2013, 453, -91, 255, 255, 255
L 2013, 453, -91, 2017, 476, -89, 255, 255, 255
L 2017, 476, -89, 2014, 497, -85, 255, 255, 255
L 2014, 497, -85, 2001, 519, -73, 255, 255, 255
L 2001, 519, -73, 2007, 525, -73, 255, 255, 255
L 2007, 525, -73, 2013, 536, -83, 255, 255, 255
L 2013, 536, -83, 2004, 569, -89, 255, 255, 255
L 2004, 569, -89, 1996, 582, -93, 255, 255, 255
L 1996, 582, -93, 1990, 591, -88, 255, 255, 255
L 1990, 591, -88, 1962, 607, -83, 255, 255, 255
L 1962, 607, -83, 1953, 612, -72, 255, 255, 255
L 1953, 612, -72, 1944, 617, -71, 255, 255, 255
L 1944, 617, -71, 1938, 616, -75, 255, 255, 255
L 1938, 616, -75, 1939, 622, -74, 255, 255, 255
L 1939, 622, -74, 1940, 631, -75, 255, 255, 255
L 1940, 631, -75, 1949, 644, -74, 255, 255, 255
L 1949, 644, -74, 1949, 646, -73, 255, 255, 255
L 1949, 646, -73, 1954, 650, -70, 255, 255, 255
L 1954, 650, -70, 1968, 654, -68, 255, 255, 255
L 1968, 654, -68, 1966, 654, -68, 255, 255, 255
L 1966, 654, -68, 1993, 640, -60, 255, 255, 255
L 1993, 640, -60, 1988, 644, -60, 255, 255, 255
L 1988, 644, -60, 1996, 632, -56, 255, 255, 255
L 1996, 632, -56, 2010, 614, -52, 255, 255, 255
L 2010, 614, -52, 2033, 606, -47, 255, 255, 255
L 2033, 606, -47, 2060, 609, -44, 255, 255, 255
L 2060, 609, -44, 2077, 626, -41, 255, 255, 255
L 2077, 626, -41, 2085, 651, -38, 255, 255, 255
L 2085, 651, -38, 2084, 675, -35, 255, 255, 255
L 2084, 675, -35, 2074, 700, -30, 255, 255, 255
L 2074, 700, -30, 2070, 703, -29, 255, 255, 255
L 2070, 703, -29, 2056, 742, -20, 255, 255, 255
L 2056, 742, -20, 2058, 749, -18, 255, 255, 255
L -721, -1591, 371, -729, -1592, 36, 255, 255, 255
L -729, -1592, 36, -737, -1594, 35, 255, 255, 255
L -737, -1594, 35, -744, -1597, 35, 255, 255, 255
L -744, -1597, 35, -751, -1601, 35, 255, 255, 255
L -751, -1601, 35, -758, -1617, 44, 255, 255, 255
L -758, -1617, 44, -783, -1655, 52, 255, 255, 255
L -779, -1642, 516, -797, -1651, 56, 255, 255, 255
L -797, -1651, 56, -811, -1653, 59, 255, 255, 255
L -811, -1653, 59, -829, -1654, 67, 255, 255, 255
L -829, -1654, 67, -839, -1659, 73, 255, 255, 255
L -839, -1659, 73, -846, -1673, 81, 255, 255, 255
L -846, -1673, 81, -837, -1695, 85, 255, 255, 255
L -837, -1695, 85, -839, -1698, 94, 255, 255, 255
L -839, -1698, 94, -817, -1714, 102, 255, 255, 255
L -817, -1714, 102, -805, -1736, 108, 255, 255, 255
L -805, -1736, 108, -809, -1741, 116, 255, 255, 255
L -809, -1741, 116, -808, -1750, 119, 255, 255, 255
L -808, -1750, 119, -802, -1752, 121, 255, 255, 255
L -802, -1752, 121, -789, -1760, 120, 255, 255, 255
L -789, -1760, 120, -772, -1773, 112, 255, 255, 255
L -772, -1773, 112, -767, -1787, 113, 255, 255, 255
L -767, -1787, 113, -765, -1805, 122, 255, 255, 255
L -765, -1805, 122, -767, -1819, 128, 255, 255, 255
L -767, -1819, 128, -774, -1826, 124, 255, 255, 255
L -774, -1826, 124, -774, -1827, 124, 255, 255, 255
L -774, -1827, 124, -759, -1839, 125, 255, 255, 255
L -759, -1839, 125, -754, -1846, 118, 255, 255, 255
L -754, -1846, 118, -747, -1865, 122, 255, 255, 255
L -747, -1865, 122, -752, -1890, 127, 255, 255, 255
L -752, -1890, 127, -771, -1914, 132, 255, 255, 255
L -771, -1914, 132, -790, -1923, 136, 255, 255, 255
L -790, -1923, 136, -794, -1927, 140, 255, 255, 255
L -794, -1927, 140, -791, -1940, 148, 255, 255, 255
L -791, -1940, 148, -781, -1950, 154, 255, 255, 255
L -781, -1950, 154, -771, -1953, 158, 255, 255, 255
L -771, -1953, 158, -759, -1952, 162, 255, 255, 255
L -759, -1952, 162, -748, -1940, 168, 255, 255, 255
L -748, -1940, 168, -724, -1917, 174, 255, 255, 255
L -724, -1917, 174, -700, -1924, 179, 255, 255, 255
L -700, -1924, 179, -662, -1955, 191, 255, 255, 255
L -662, -1955, 191, -667, -1952, 191, 255, 255, 255
L -667, -1952, 191, -658, -1975, 195, 255, 255, 255
L -658, -1975, 195, -662, -1995, 203, 255, 255, 255
L -662, -1995, 203, -670, -2015, 211, 255, 255, 255
L -670, -2015, 211, -677, -2023, 215, 255, 255, 255
L -677, -2023, 215, -682, -2042, 230, 255, 255, 255
L -682, -2042, 230, -673, -2042, 236, 255, 255, 255
L -673, -2042, 236, -649, -2044, 236, 255, 255, 255
L -649, -2044, 236, -654, -2056, 241, 255, 255, 255
L -654, -2056, 241, -651, -2065, 240, 255, 255, 255
L -651, -2065, 240, -651, -2073, 236, 255, 255, 255
L -651, -2073, 236, -647, -2072, 235, 255, 255, 255
L -647, -2072, 235, -638, -2069, 231, 255, 255, 255
L -638, -2069, 231, -635, -2069, 228, 255, 255, 255
L -635, -2069, 228, -626, -2060, 234, 255, 255, 255
L -626, -2060, 234, -609, -2043, 238, 255, 255, 255
L -609, -2043, 238, -587, -2035, 245, 255, 255, 255
L -587, -2035, 245, -541, -2045, 256, 255, 255, 255
L -541, -2045, 256, -528, -2067, 260, 255, 255, 255
L -528, -2067, 260, -525, -2099, 269, 255, 255, 255
L -525, -2099, 269, -519, -2110, 274, 255, 255, 255
L -519, -2110, 274, -510, -2117, 278, 255, 255, 255
L -510, -2117, 278, -495, -2128, 287, 255, 255, 255
L -495, -2128, 287, -486, -2133, 288, 255, 255, 255
L -486, -2133, 288, -471, -2145, 291, 255, 255, 255
L -471, -2145, 291, -469, -2162, 294, 255, 255, 255
L -469, -2162, 294, -466, -2189, 300, 255, 255, 255
L -466, -2189, 300, -466, -2205, 310, 255, 255, 255
L -466, -2205, 310, -454, -2206, 313, 255, 255, 255
L -454, -2206, 313, -441, -2212, 307, 255, 255, 255
L -441, -2212, 307, -429, -2233, 296, 255, 255, 255
L -429, -2233, 296, -429, -2250, 304, 255, 255, 255
L -429, -2250, 304, -432, -2261, 312, 255, 255, 255
L -432, -2261, 312, -442, -2275, 314, 255, 255, 255
L -442, -2275, 314, -443, -2275, 311, 255, 255, 255
L -443, -2275, 311, -435, -2281, 311, 255, 255, 255
L -435, -2281, 311, -412, -2296, 306, 255, 255, 255
L -412, -2296, 306, -418, -2317, 311, 255, 255, 255
L -418, -2317, 311, -423, -2341, 314, 255, 255, 255
L -423, -2341, 314, -443, -2365, 320, 255, 255, 255
L -443, -2365, 320, -460, -2371, 324, 255, 255, 255
L -460, -2371, 324, -465, -2378, 329, 255, 255, 255
L -465, -2378, 329, -454, -2398, 338, 255, 255, 255
L -454, -2398, 338, -439, -2404, 345, 255, 255, 255
L -439, -2404, 345, -432, -2403, 351, 255, 255, 255
L -432, -2403, 351, -430, -2403, 353, 255, 255, 255
L -430, -2403, 353, -422, -2394, 360, 255, 255, 255
L -422, -2394, 360, -412, -2384, 364, 255, 255, 255
L -412, -2384, 364, -400, -2374, 369, 255, 255, 255
L -400, -2374, 369, -388, -2373, 372, 255, 255, 255
L -388, -2373, 372, -371, -2374, 377, 255, 255, 255
L -371, -2374, 377, -351, -2385, 383, 255, 255, 255
L -351, -2385, 383, -319, -2412, 386, 255, 255, 255
L -319, -2412, 386, -331, -2424, 392, 255, 255, 255
L -331, -2424, 392, -332, -2445, 399, 255, 255, 255
L -332, -2445, 399, -341, -2465, 404, 255, 255, 255
L -341, -2465, 404, -349, -2476, 409, 255, 255, 255
L -349, -2476, 409, -351, -2479, 410, 255, 255, 255
L -351, -2479, 410, -353, -2492, 414, 255, 255, 255
L -353, -2492, 414, -352, -2512, 418, 255, 255, 255
L -352, -2512, 418, -351, -2524, 424, 255, 255, 255
L -351, -2524, 424, -345, -2535, 429, 255, 255, 255
L -345, -2535, 429, -331, -2546, 438, 255, 255, 255
L -331, -2546, 438, -320, -2554, 442, 255, 255, 255
L -320, -2554, 442, -302, -2571, 448, 255, 255, 255
L -302, -2571, 448, -290, -2595, 448, 255, 255, 255
L -290, -2595, 448, -290, -2616, 443, 255, 255, 255
L -290, -2616, 443, -290, -2624, 437, 255, 255, 255
L -290, -2624, 437, -278, -2632, 431, 255, 255, 255
L -278, -2632, 431, -276, -2634, 429, 255, 255, 255
L -276, -2634, 429, -270, -2635, 428, 255, 255, 255
L -270, -2635, 428, -256, -2632, 424, 255, 255, 255
L -256, -2632, 424, -254, -2632, 424, 255, 255, 255
L -254, -2632, 424, -249, -2629, 421, 255, 255, 255
L -249, -2629, 421, -246, -2627, 421, 255, 255, 255
L -246, -2627, 421, -245, -2626, 418, 255, 255, 255
L -245, -2626, 418, -241, -2621, 415, 255, 255, 255
L -241, -2621, 415, -236, -2618, 414, 255, 255, 255
L -236, -2618, 414, -219, -2604, 411, 255, 255, 255
L -219, -2604, 411, -203, -2592, 410, 255, 255, 255
L -203, -2592, 410, -185, -2593, 411, 255, 255, 255
L -185, -2593, 411, -190, -2596, 411, 255, 255, 255
L -190, -2596, 411, -193, -2598, 411, 255, 255, 255
L -193, -2598, 411, -192, -2598, 412, 255, 255, 255
L -192, -2598, 412, -191, -2589, 414, 255, 255, 255
L -191, -2589, 414, -186, -2563, 411, 255, 255, 255
L -186, -2563, 411, -180, -2554, 412, 255, 255, 255
L -180, -2554, 412, -165, -2548, 409, 255, 255, 255
L -165, -2548, 409, -138, -2549, 406, 255, 255, 255
L -138, -2549, 406, -120, -2559, 405, 255, 255, 255
L -120, -2559, 405, -117, -2578, 403, 255, 255, 255
L -117, -2578, 403, -116, -2583, 404, 255, 255, 255
L -116, -2583, 404, -115, -2600, 408, 255, 255, 255
L -115, -2600, 408, -116, -2609, 415, 255, 255, 255
L -116, -2609, 415, -117, -2630, 419, 255, 255, 255
L -117, -2630, 419, -122, -2628, 416, 255, 255, 255
L -122, -2628, 416, -117, -2629, 418, 255, 255, 255
L -117, -2629, 418, -118, -2629, 419, 255, 255, 255
L -118, -2629, 419, -109, -2640, 407, 255, 255, 255
L -109, -2640, 407, -98, -2666, 406, 255, 255, 255
L -98, -2666, 406, -102, -2690, 404, 255, 255, 255
L -102, -2690, 404, -126, -2724, 401, 255, 255, 255
L -126, -2724, 401, -136, -2719, 399, 255, 255, 255
L -136, -2719, 399, -144, -2727, 396, 255, 255, 255
L -144, -2727, 396, -143, -2735, 393, 255, 255, 255
L -143, -2735, 393, -116, -2753, 387, 255, 255, 255
L -116, -2753, 387, -122, -2753, 387, 255, 255, 255
L -122, -2753, 387, -121, -2753, 387, 255, 255, 255
L -121, -2753, 387, -115, -2753, 385, 255, 255, 255
L -115, -2753, 385, -108, -2751, 382, 255, 255, 255
L -108, -2751, 382, -92, -2734, 378, 255, 255, 255
L -92, -2734, 378, -80, -2724, 375, 255, 255, 255
L -80, -2724, 375, -44, -2722, 371, 255, 255, 255
L -44, -2722, 371, -22, -2737, 368, 255, 255, 255
L -22, -2737, 368, -17, -2751, 366, 255, 255, 255
L -17, -2751, 366, -11, -2772, 363, 255, 255, 255
L -11, -2772, 363, -12, -2794, 360, 255, 255, 255
L -12, -2794, 360, -20, -2828, 357, 255, 255, 255
L -20, -2828, 357, -28, -2831, 357, 255, 255, 255
L -28, -2831, 357, -31, -2841, 358, 255, 255, 255
L -31, -2841, 358, -22, -2843, 364, 255, 255, 255
L -22, -2843, 364, 8, -2849, 359, 255, 255, 255
L 8, -2849, 359, 9, -2870, 357, 255, 255, 255
L 9, -2870, 357, 0, -2899, 348, 255, 255, 255
L 0, -2899, 348, -12, -2925, 350, 255, 255, 255
L -12, -2925, 350, -27, -2928, 357, 255, 255, 255
L -27, -2928, 357, -47, -2927, 357, 255, 255, 255
L -47, -2927, 357, -77, -2912, 351, 255, 255, 255
L -77, -2912, 351, -84, -2893, 346, 255, 255, 255
L -84, -2893, 346, -86, -2860, 348, 255, 255, 255
L -86, -2860, 348, -78, -2846, 357, 255, 255, 255
L -78, -2846, 357, -66, -2841, 363, 255, 255, 255
L -66, -2841, 363, -57, -2841, 360, 255, 255, 255
L -57, -2841, 360, -56, -2840, 360, 255, 255, 255
L -56, -2840, 360, -57, -2832, 358, 255, 255, 255
L -57, -2832, 358, -53, -2816, 354, 255, 255, 255
L -53, -2816, 354, -44, -2803, 357, 255, 255, 255
L -44, -2803, 357, -38, -2790, 360, 255, 255, 255
L -38, -2790, 360, -37, -2787, 360, 255, 255, 255
L -37, -2787, 360, -37, -2773, 363, 255, 255, 255
L -37, -2773, 363, -40, -2764, 366, 255, 255, 255
L -40, -2764, 366, -51, -2753, 370, 255, 255, 255
L -51, -2753, 370, -68, -2750, 373, 255, 255, 255
L -68, -2750, 373, -68, -2748, 375, 255, 255, 255
L -68, -2748, 375, -81, -2763, 379, 255, 255, 255
L -81, -2763, 379, -97, -2775, 383, 255, 255, 255
L -97, -2775, 383, -126, -2779, 387, 255, 255, 255
L -126, -2779, 387, -150, -2768, 389, 255, 255, 255
L -150, -2768, 389, -164, -2752, 392, 255, 255, 255
L -164, -2752, 392, -172, -2720, 396, 255, 255, 255
L -172, -2720, 396, -157, -2703, 399, 255, 255, 255
L -157, -2703, 399, -128, -2684, 401, 255, 255, 255
L -128, -2684, 401, -125, -2678, 404, 255, 255, 255
L -125, -2678, 404, -124, -2663, 405, 255, 255, 255
L -124, -2663, 405, -134, -2649, 410, 255, 255, 255
L -134, -2649, 410, -140, -2644, 412, 255, 255, 255
L -140, -2644, 412, -141, -2644, 412, 255, 255, 255
L -141, -2644, 412, -144, -2647, 413, 255, 255, 255
L -144, -2647, 413, -150, -2656, 414, 255, 255, 255
L -150, -2656, 414, -160, -2659, 409, 255, 255, 255
L -160, -2659, 409, -174, -2658, 406, 255, 255, 255
L -174, -2658, 406, -185, -2648, 408, 255, 255, 255
L -185, -2648, 408, -191, -2634, 421, 255, 255, 255
L -191, -2634, 421, -193, -2620, 418, 255, 255, 255
L -193, -2620, 418, -197, -2623, 421, 255, 255, 255
L -197, -2623, 421, -211, -2625, 424, 255, 255, 255
L -211, -2625, 424, -221, -2637, 420, 255, 255, 255
L -221, -2637, 420, -238, -2653, 422, 255, 255, 255
L -238, -2653, 422, -261, -2660, 426, 255, 255, 255
L -261, -2660, 426, -284, -2660, 429, 255, 255, 255
L -284, -2660, 429, -312, -2639, 434, 255, 255, 255
L -312, -2639, 434, -316, -2630, 439, 255, 255, 255
L -316, -2630, 439, -319, -2599, 447, 255, 255, 255
L -319, -2599, 447, -336, -2574, 442, 255, 255, 255
L -336, -2574, 442, -349, -2566, 437, 255, 255, 255
L -349, -2566, 437, -365, -2552, 429, 255, 255, 255
L -365, -2552, 429, -374, -2535, 424, 255, 255, 255
L -374, -2535, 424, -379, -2512, 418, 255, 255, 255
L -379, -2512, 418, -378, -2487, 413, 255, 255, 255
L -378, -2487, 413, -374, -2466, 409, 255, 255, 255
L -374, -2466, 409, -362, -2448, 404, 255, 255, 255
L -362, -2448, 404, -358, -2439, 400, 255, 255, 255
L -358, -2439, 400, -358, -2423, 391, 255, 255, 255
L -358, -2423, 391, -364, -2409, 385, 255, 255, 255
L -364, -2409, 385, -377, -2400, 377, 255, 255, 255
L -377, -2400, 377, -418, -2428, 354, 255, 255, 255
L -418, -2428, 354, -419, -2426, 352, 255, 255, 255
L -419, -2426, 352, -446, -2430, 345, 255, 255, 255
L -446, -2430, 345, -469, -2419, 338, 255, 255, 255
L -469, -2419, 338, -486, -2400, 334, 255, 255, 255
L -486, -2400, 334, -490, -2377, 332, 255, 255, 255
L -490, -2377, 332, -476, -2352, 324, 255, 255, 255
L -476, -2352, 324, -453, -2339, 319, 255, 255, 255
L -453, -2339, 319, -445, -2324, 313, 255, 255, 255
L -445, -2324, 313, -444, -2317, 311, 255, 255, 255
L -444, -2317, 311, -445, -2313, 310, 255, 255, 255
L -445, -2313, 310, -448, -2306, 308, 255, 255, 255
L -448, -2306, 308, -456, -2300, 311, 255, 255, 255
L -456, -2300, 311, -461, -2293, 310, 255, 255, 255
L -461, -2293, 310, -468, -2304, 316, 255, 255, 255
L -468, -2304, 316, -471, -2306, 319, 255, 255, 255
L -471, -2306, 319, -477, -2307, 318, 255, 255, 255
L -477, -2307, 318, -497, -2309, 301, 255, 255, 255
L -497, -2309, 301, -516, -2301, 305, 255, 255, 255
L -516, -2301, 305, -532, -2257, 302, 255, 255, 255
L -532, -2257, 302, -529, -2232, 301, 255, 255, 255
L -529, -2232, 301, -527, -2225, 301, 255, 255, 255
L -527, -2225, 301, -520, -2217, 303, 255, 255, 255
L -520, -2217, 303, -511, -2210, 315, 255, 255, 255
L -511, -2210, 315, -502, -2208, 317, 255, 255, 255
L -502, -2208, 317, -493, -2206, 314, 255, 255, 255
L -493, -2206, 314, -492, -2188, 298, 255, 255, 255
L -492, -2188, 298, -494, -2171, 294, 255, 255, 255
L -494, -2171, 294, -497, -2165, 293, 255, 255, 255
L -497, -2165, 293, -500, -2160, 291, 255, 255, 255
L -500, -2160, 291, -507, -2152, 289, 255, 255, 255
L -507, -2152, 289, -509, -2151, 288, 255, 255, 255
L -509, -2151, 288, -518, -2145, 284, 255, 255, 255
L -518, -2145, 284, -552, -2122, 275, 255, 255, 255
L -552, -2122, 275, -551, -2105, 270, 255, 255, 255
L -551, -2105, 270, -553, -2081, 262, 255, 255, 255
L -553, -2081, 262, -553, -2077, 261, 255, 255, 255
L -553, -2077, 261, -554, -2073, 259, 255, 255, 255
L -554, -2073, 259, -557, -2068, 257, 255, 255, 255
L -557, -2068, 257, -560, -2064, 256, 255, 255, 255
L -560, -2064, 256, -562, -2063, 254, 255, 255, 255
L -562, -2063, 254, -567, -2060, 251, 255, 255, 255
L -567, -2060, 251, -577, -2060, 248, 255, 255, 255
L -577, -2060, 248, -585, -2062, 245, 255, 255, 255
L -585, -2062, 245, -590, -2064, 241, 255, 255, 255
L -590, -2064, 241, -605, -2076, 239, 255, 255, 255
L -605, -2076, 239, -602, -2072, 235, 255, 255, 255
L -602, -2072, 235, -606, -2078, 233, 255, 255, 255
L -606, -2078, 233, -626, -2097, 230, 255, 255, 255
L -626, -2097, 230, -631, -2095, 228, 255, 255, 255
L -631, -2095, 228, -649, -2097, 229, 255, 255, 255
L -649, -2097, 229, -651, -2099, 230, 255, 255, 255
L -651, -2099, 230, -650, -2102, 231, 255, 255, 255
L -650, -2102, 231, -651, -2102, 231, 255, 255, 255
L -651, -2102, 231, -645, -2121, 224, 255, 255, 255
L -645, -2121, 224, -633, -2144, 219, 255, 255, 255
L -633, -2144, 219, -636, -2143, 219, 255, 255, 255
L -636, -2143, 219, -630, -2161, 217, 255, 255, 255
L -630, -2161, 217, -633, -2177, 218, 255, 255, 255
L -633, -2177, 218, -634, -2179, 218, 255, 255, 255
L -634, -2179, 218, -649, -2187, 219, 255, 255, 255
L -649, -2187, 219, -677, -2185, 218, 255, 255, 255
L -677, -2185, 218, -687, -2183, 219, 255, 255, 255
L -687, -2183, 219, -714, -2154, 219, 255, 255, 255
L -714, -2154, 219, -714, -2154, 220, 255, 255, 255
L -714, -2154, 220, -725, -2134, 222, 255, 255, 255
L -725, -2134, 222, -731, -2120, 223, 255, 255, 255
L -731, -2120, 223, -732, -2106, 231, 255, 255, 255
L -732, -2106, 231, -735, -2102, 230, 255, 255, 255
L -735, -2102, 230, -753, -2102, 228, 255, 255, 255
L -753, -2102, 228, -764, -2103, 233, 255, 255, 255
L -764, -2103, 233, -773, -2109, 236, 255, 255, 255
L -773, -2109, 236, -781, -2113, 240, 255, 255, 255
L -781, -2113, 240, -788, -2122, 246, 255, 255, 255
L -788, -2122, 246, -795, -2138, 249, 255, 255, 255
L -795, -2138, 249, -801, -2141, 252, 255, 255, 255
L -801, -2141, 252, -812, -2152, 256, 255, 255, 255
L -812, -2152, 256, -841, -2162, 260, 255, 255, 255
L -841, -2162, 260, -850, -2163, 263, 255, 255, 255
L -850, -2163, 263, -879, -2167, 269, 255, 255, 255
L -879, -2167, 269, -865, -2163, 269, 255, 255, 255
L -865, -2163, 269, -873, -2169, 275, 255, 255, 255
L -873, -2169, 275, -877, -2177, 280, 255, 255, 255
L -877, -2177, 280, -877, -2191, 286, 255, 255, 255
L -877, -2191, 286, -872, -2203, 290, 255, 255, 255
L -872, -2203, 290, -871, -2208, 291, 255, 255, 255
L -871, -2208, 291, -863, -2214, 294, 255, 255, 255
L -863, -2214, 294, -864, -2214, 294, 255, 255, 255
L -864, -2214, 294, -853, -2226, 295, 255, 255, 255
L -853, -2226, 295, -846, -2237, 297, 255, 255, 255
L -846, -2237, 297, -845, -2238, 297, 255, 255, 255
L -845, -2238, 297, -840, -2261, 310, 255, 255, 255
L -840, -2261, 310, -834, -2262, 312, 255, 255, 255
L -834, -2262, 312, -820, -2261, 308, 255, 255, 255
L -820, -2261, 308, -821, -2262, 308, 255, 255, 255
L -821, -2262, 308, -811, -2259, 301, 255, 255, 255
L -811, -2259, 301, -793, -2240, 303, 255, 255, 255
L -793, -2240, 303, -775, -2240, 308, 255, 255, 255
L -775, -2240, 308, -757, -2245, 307, 255, 255, 255
L -757, -2245, 307, -749, -2266, 303, 255, 255, 255
L -749, -2266, 303, -743, -2278, 304, 255, 255, 255
L -743, -2278, 304, -742, -2306, 302, 255, 255, 255
L -742, -2306, 302, -746, -2335, 299, 255, 255, 255
L -746, -2335, 299, -767, -2344, 316, 255, 255, 255
L -767, -2344, 316, -764, -2359, 314, 255, 255, 255
L -764, -2359, 314, -758, -2378, 311, 255, 255, 255
L -758, -2378, 311, -750, -2391, 318, 255, 255, 255
L -750, -2391, 318, -740, -2397, 321, 255, 255, 255
L -740, -2397, 321, -729, -2405, 324, 255, 255, 255
L -729, -2405, 324, -714, -2419, 329, 255, 255, 255
L -714, -2419, 329, -706, -2440, 335, 255, 255, 255
L -706, -2440, 335, -701, -2467, 339, 255, 255, 255
L -701, -2467, 339, -702, -2473, 345, 255, 255, 255
L -702, -2473, 345, -699, -2476, 349, 255, 255, 255
L -699, -2476, 349, -698, -2480, 352, 255, 255, 255
L -698, -2480, 352, -681, -2486, 355, 255, 255, 255
L -681, -2486, 355, -689, -2485, 361, 255, 255, 255
L -689, -2485, 361, -682, -2485, 364, 255, 255, 255
L -682, -2485, 364, -675, -2484, 368, 255, 255, 255
L -675, -2484, 368, -659, -2479, 377, 255, 255, 255
L -659, -2479, 377, -661, -2480, 377, 255, 255, 255
L -661, -2480, 377, -656, -2475, 381, 255, 255, 255
L -656, -2475, 381, -650, -2469, 383, 255, 255, 255
L -650, -2469, 383, -635, -2458, 385, 255, 255, 255
L -635, -2458, 385, -624, -2449, 390, 255, 255, 255
L -624, -2449, 390, -617, -2449, 396, 255, 255, 255
L -617, -2449, 396, -607, -2447, 400, 255, 255, 255
L -607, -2447, 400, -604, -2448, 401, 255, 255, 255
L -604, -2448, 401, -604, -2447, 401, 255, 255, 255
L -604, -2447, 401, -609, -2426, 411, 255, 255, 255
L -609, -2426, 411, -599, -2418, 405, 255, 255, 255
L -599, -2418, 405, -582, -2413, 383, 255, 255, 255
L -582, -2413, 383, -565, -2423, 386, 255, 255, 255
L -565, -2423, 386, -559, -2442, 390, 255, 255, 255
L -559, -2442, 390, -549, -2467, 392, 255, 255, 255
L -549, -2467, 392, -546, -2481, 393, 255, 255, 255
L -546, -2481, 393, -548, -2501, 393, 255, 255, 255
L -548, -2501, 393, -551, -2498, 394, 255, 255, 255
L -551, -2498, 394, -557, -2509, 405, 255, 255, 255
L -557, -2509, 405, -560, -2516, 404, 255, 255, 255
L -560, -2516, 404, -561, -2521, 401, 255, 255, 255
L -561, -2521, 401, -561, -2523, 397, 255, 255, 255
L -561, -2523, 397, -555, -2523, 402, 255, 255, 255
L -555, -2523, 402, -551, -2523, 403, 255, 255, 255
L -551, -2523, 403, -543, -2522, 401, 255, 255, 255
L -543, -2522, 401, -538, -2517, 402, 255, 255, 255
L -538, -2517, 402, -514, -2493, 409, 255, 255, 255
L -514, -2493, 409, -512, -2489, 409, 255, 255, 255
L -512, -2489, 409, -515, -2498, 410, 255, 255, 255
L -515, -2498, 410, -492, -2493, 414, 255, 255, 255
L -492, -2493, 414, -469, -2495, 418, 255, 255, 255
L -469, -2495, 418, -450, -2506, 423, 255, 255, 255
L -450, -2506, 423, -435, -2531, 429, 255, 255, 255
L -435, -2531, 429, -439, -2544, 436, 255, 255, 255
L -439, -2544, 436, -435, -2567, 442, 255, 255, 255
L -435, -2567, 442, -434, -2574, 448, 255, 255, 255
L -434, -2574, 448, -427, -2580, 448, 255, 255, 255
L -427, -2580, 448, -419, -2588, 446, 255, 255, 255
L -419, -2588, 446, -409, -2597, 444, 255, 255, 255
L -409, -2597, 444, -395, -2609, 440, 255, 255, 255
L -395, -2609, 440, -380, -2623, 437, 255, 255, 255
L -380, -2623, 437, -388, -2629, 432, 255, 255, 255
L -388, -2629, 432, -386, -2648, 430, 255, 255, 255
L -386, -2648, 430, -387, -2657, 430, 255, 255, 255
L -387, -2657, 430, -385, -2680, 434, 255, 255, 255
L -385, -2680, 434, -388, -2673, 434, 255, 255, 255
L -388, -2673, 434, -381, -2675, 436, 255, 255, 255
L -381, -2675, 436, -376, -2679, 433, 255, 255, 255
L -376, -2679, 433, -371, -2688, 415, 255, 255, 255
L -371, -2688, 415, -369, -2700, 424, 255, 255, 255
L -369, -2700, 424, -367, -2710, 430, 255, 255, 255
L -367, -2710, 430, -373, -2733, 434, 255, 255, 255
L -373, -2733, 434, -377, -2728, 438, 255, 255, 255
L -377, -2728, 438, -413, -2742, 434, 255, 255, 255
L -413, -2742, 434, -392, -2756, 422, 255, 255, 255
L -392, -2756, 422, -393, -2759, 420, 255, 255, 255
L -393, -2759, 420, -392, -2766, 415, 255, 255, 255
L -392, -2766, 415, -384, -2779, 410, 255, 255, 255
L -384, -2779, 410, -385, -2779, 410, 255, 255, 255
L -385, -2779, 410, -379, -2783, 410, 255, 255, 255
L -379, -2783, 410, -355, -2795, 410, 255, 255, 255
L -355, -2795, 410, -344, -2802, 410, 255, 255, 255
L -344, -2802, 410, -341, -2813, 410, 255, 255, 255
L -341, -2813, 410, -332, -2834, 410, 255, 255, 255
L -332, -2834, 410, -325, -2873, 410, 255, 255, 255
L -325, -2873, 410, -322, -2875, 410, 255, 255, 255
L -322, -2875, 410, -302, -2878, 410, 255, 255, 255
L -302, -2878, 410, -316, -2878, 410, 255, 255, 255
L -316, -2878, 410, -313, -2878, 410, 255, 255, 255
L -313, -2878, 410, -285, -2871, 410, 255, 255, 255
L -285, -2871, 410, -300, -2878, 410, 255, 255, 255
L -300, -2878, 410, -291, -2874, 410, 255, 255, 255
L -291, -2874, 410, -287, -2872, 410, 255, 255, 255
L -287, -2872, 410, -277, -2863, 410, 255, 255, 255
L -277, -2863, 410, -262, -2851, 410, 255, 255, 255
L -262, -2851, 410, -243, -2834, 410, 255, 255, 255
L -243, -2834, 410, -240, -2842, 415, 255, 255, 255
L -240, -2842, 415, -234, -2841, 417, 255, 255, 255
L -234, -2841, 417, -232, -2842, 417, 255, 255, 255
L -232, -2842, 417, -232, -2837, 420, 255, 255, 255
L -232, -2837, 420, -233, -2829, 423, 255, 255, 255
L -233, -2829, 423, -236, -2819, 422, 255, 255, 255
L -236, -2819, 422, -230, -2807, 407, 255, 255, 255
L -230, -2807, 407, -221, -2799, 406, 255, 255, 255
L -221, -2799, 406, -206, -2791, 404, 255, 255, 255
L -206, -2791, 404, -171, -2795, 397, 255, 255, 255
L -171, -2795, 397, -124, -2826, 403, 255, 255, 255
L -124, -2826, 403, -119, -2856, 406, 255, 255, 255
L -119, -2856, 406, -116, -2903, 408, 255, 255, 255
L -116, -2903, 408, -138, -2923, 404, 255, 255, 255
L -138, -2923, 404, -171, -2929, 405, 255, 255, 255
L -171, -2929, 405, -205, -2915, 408, 255, 255, 255
L -205, -2915, 408, -229, -2886, 411, 255, 255, 255
L -229, -2886, 411, -230, -2878, 416, 255, 255, 255
L -230, -2878, 416, -232, -2874, 416, 255, 255, 255
L -232, -2874, 416, -232, -2870, 416, 255, 255, 255
L -232, -2870, 416, -232, -2867, 415, 255, 255, 255
L -232, -2867, 415, -233, -2868, 415, 255, 255, 255
L -233, -2868, 415, -243, -2869, 415, 255, 255, 255
L -243, -2869, 415, -248, -2869, 414, 255, 255, 255
L -248, -2869, 414, -250, -2871, 412, 255, 255, 255
L -250, -2871, 412, -258, -2878, 410, 255, 255, 255
L -258, -2878, 410, -282, -2907, 410, 255, 255, 255
L -282, -2907, 410, -310, -2912, 410, 255, 255, 255
L -310, -2912, 410, -333, -2910, 410, 255, 255, 255
L -333, -2910, 410, -342, -2893, 410, 255, 255, 255
L -342, -2893, 410, -355, -2873, 410, 255, 255, 255
L -355, -2873, 410, -356, -2857, 410, 255, 255, 255
L -356, -2857, 410, -358, -2839, 410, 255, 255, 255
L -358, -2839, 410, -360, -2833, 410, 255, 255, 255
L -360, -2833, 410, -362, -2828, 410, 255, 255, 255
L -362, -2828, 410, -364, -2826, 410, 255, 255, 255
L -364, -2826, 410, -374, -2817, 410, 255, 255, 255
L -374, -2817, 410, -385, -2811, 410, 255, 255, 255
L -385, -2811, 410, -400, -2800, 410, 255, 255, 255
L -400, -2800, 410, -407, -2793, 411, 255, 255, 255
L -407, -2793, 411, -416, -2776, 415, 255, 255, 255
L -416, -2776, 415, -418, -2763, 419, 255, 255, 255
L -418, -2763, 419, -438, -2729, 427, 255, 255, 255
L -438, -2729, 427, -446, -2721, 428, 255, 255, 255
L -446, -2721, 428, -453, -2711, 427, 255, 255, 255
L -453, -2711, 427, -453, -2701, 431, 255, 255, 255
L -453, -2701, 431, -453, -2697, 433, 255, 255, 255
L -453, -2697, 433, -447, -2684, 437, 255, 255, 255
L -447, -2684, 437, -444, -2679, 438, 255, 255, 255
L -444, -2679, 438, -432, -2671, 440, 255, 255, 255
L -432, -2671, 440, -414, -2672, 436, 255, 255, 255
L -414, -2672, 436, -412, -2671, 435, 255, 255, 255
L -412, -2671, 435, -413, -2652, 433, 255, 255, 255
L -413, -2652, 433, -413, -2649, 431, 255, 255, 255
L -413, -2649, 431, -413, -2640, 432, 255, 255, 255
L -413, -2640, 432, -415, -2634, 435, 255, 255, 255
L -415, -2634, 435, -418, -2625, 439, 255, 255, 255
L -418, -2625, 439, -422, -2620, 441, 255, 255, 255
L -422, -2620, 441, -427, -2615, 445, 255, 255, 255
L -427, -2615, 445, -439, -2606, 447, 255, 255, 255
L -439, -2606, 447, -457, -2594, 448, 255, 255, 255
L -457, -2594, 448, -457, -2588, 448, 255, 255, 255
L -457, -2588, 448, -464, -2567, 442, 255, 255, 255
L -464, -2567, 442, -465, -2547, 438, 255, 255, 255
L -465, -2547, 438, -469, -2524, 422, 255, 255, 255
L -469, -2524, 422, -475, -2521, 420, 255, 255, 255
L -475, -2521, 420, -485, -2519, 416, 255, 255, 255
L -485, -2519, 416, -491, -2519, 414, 255, 255, 255
L -491, -2519, 414, -496, -2520, 412, 255, 255, 255
L -496, -2520, 412, -515, -2531, 403, 255, 255, 255
L -515, -2531, 403, -544, -2549, 399, 255, 255, 255
L -544, -2549, 399, -553, -2549, 403, 255, 255, 255
L -553, -2549, 403, -563, -2547, 404, 255, 255, 255
L -563, -2547, 404, -563, -2553, 406, 255, 255, 255
L -563, -2553, 406, -569, -2567, 403, 255, 255, 255
L -569, -2567, 403, -579, -2572, 394, 255, 255, 255
L -579, -2572, 394, -596, -2566, 391, 255, 255, 255
L -596, -2566, 391, -610, -2554, 393, 255, 255, 255
L -610, -2554, 393, -618, -2530, 390, 255, 255, 255
L -618, -2530, 390, -617, -2506, 380, 255, 255, 255
L -617, -2506, 380, -598, -2505, 382, 255, 255, 255
L -598, -2505, 382, -590, -2512, 389, 255, 255, 255
L -590, -2512, 389, -574, -2509, 394, 255, 255, 255
L -574, -2509, 394, -570, -2501, 394, 255, 255, 255
L -570, -2501, 394, -569, -2493, 394, 255, 255, 255
L -569, -2493, 394, -574, -2487, 391, 255, 255, 255
L -574, -2487, 391, -580, -2483, 388, 255, 255, 255
L -580, -2483, 388, -595, -2486, 397, 255, 255, 255
L -595, -2486, 397, -613, -2497, 399, 255, 255, 255
L -613, -2497, 399, -605, -2482, 400, 255, 255, 255
L -605, -2482, 400, -605, -2473, 397, 255, 255, 255
L -605, -2473, 397, -616, -2475, 392, 255, 255, 255
L -616, -2475, 392, -629, -2485, 384, 255, 255, 255
L -629, -2485, 384, -627, -2482, 384, 255, 255, 255
L -627, -2482, 384, -646, -2507, 380, 255, 255, 255
L -646, -2507, 380, -655, -2515, 378, 255, 255, 255
L -655, -2515, 378, -667, -2509, 370, 255, 255, 255
L -667, -2509, 370, -696, -2510, 361, 255, 255, 255
L -696, -2510, 361, -715, -2500, 352, 255, 255, 255
L -715, -2500, 352, -727, -2480, 345, 255, 255, 255
L -727, -2480, 345, -731, -2449, 335, 255, 255, 255
L -731, -2449, 335, -731, -2446, 335, 255, 255, 255
L -731, -2446, 335, -736, -2435, 329, 255, 255, 255
L -736, -2435, 329, -754, -2420, 322, 255, 255, 255
L -754, -2420, 322, -773, -2406, 316, 255, 255, 255
L -773, -2406, 316, -779, -2400, 314, 255, 255, 255
L -779, -2400, 314, -787, -2383, 310, 255, 255, 255
L -787, -2383, 310, -798, -2338, 308, 255, 255, 255
L -798, -2338, 308, -790, -2355, 314, 255, 255, 255
L -790, -2355, 314, -799, -2340, 319, 255, 255, 255
L -799, -2340, 319, -838, -2342, 299, 255, 255, 255
L -838, -2342, 299, -858, -2337, 300, 255, 255, 255
L -858, -2337, 300, -866, -2336, 301, 255, 255, 255
L -866, -2336, 301, -882, -2319, 301, 255, 255, 255
L -882, -2319, 301, -887, -2294, 300, 255, 255, 255
L -887, -2294, 300, -885, -2282, 300, 255, 255, 255
L -885, -2282, 300, -861, -2263, 297, 255, 255, 255
L -861, -2263, 297, -871, -2242, 297, 255, 255, 255
L -871, -2242, 297, -881, -2232, 293, 255, 255, 255
L -881, -2232, 293, -901, -2214, 291, 255, 255, 255
L -901, -2214, 291, -903, -2195, 287, 255, 255, 255
L -903, -2195, 287, -903, -2173, 281, 255, 255, 255
L -903, -2173, 281, -892, -2151, 275, 255, 255, 255
L -892, -2151, 275, -862, -2130, 269, 255, 255, 255
L -862, -2130, 269, -848, -2137, 263, 255, 255, 255
L -848, -2137, 263, -843, -2136, 261, 255, 255, 255
L -843, -2136, 261, -836, -2134, 259, 255, 255, 255
L -836, -2134, 259, -829, -2131, 257, 255, 255, 255
L -829, -2131, 257, -825, -2129, 255, 255, 255, 255
L -825, -2129, 255, -821, -2123, 252, 255, 255, 255
L -821, -2123, 252, -807, -2104, 244, 255, 255, 255
L -807, -2104, 244, -792, -2085, 238, 255, 255, 255
L -792, -2085, 238, -776, -2080, 234, 255, 255, 255
L -776, -2080, 234, -755, -2075, 229, 255, 255, 255
L -755, -2075, 229, -740, -2076, 231, 255, 255, 255
L -740, -2076, 231, -733, -2076, 228, 255, 255, 255
L -733, -2076, 228, -732, -2075, 228, 255, 255, 255
L -732, -2075, 228, -731, -2065, 232, 255, 255, 255
L -731, -2065, 232, -723, -2047, 241, 255, 255, 255
L -723, -2047, 241, -717, -2041, 242, 255, 255, 255
L -717, -2041, 242, -706, -2041, 239, 255, 255, 255
L -706, -2041, 239, -704, -2041, 237, 255, 255, 255
L -704, -2041, 237, -704, -2031, 227, 255, 255, 255
L -704, -2031, 227, -704, -2019, 218, 255, 255, 255
L -704, -2019, 218, -698, -2009, 214, 255, 255, 255
L -698, -2009, 214, -692, -2000, 210, 255, 255, 255
L -692, -2000, 210, -687, -1988, 203, 255, 255, 255
L -687, -1988, 203, -687, -1980, 199, 255, 255, 255
L -687, -1980, 199, -687, -1975, 196, 255, 255, 255
L -687, -1975, 196, -689, -1967, 192, 255, 255, 255
L -689, -1967, 192, -693, -1960, 188, 255, 255, 255
L -693, -1960, 188, -699, -1954, 184, 255, 255, 255
L -699, -1954, 184, -715, -1948, 175, 255, 255, 255
L -715, -1948, 175, -720, -1949, 173, 255, 255, 255
L -720, -1949, 173, -726, -1955, 170, 255, 255, 255
L -726, -1955, 170, -737, -1970, 167, 255, 255, 255
L -737, -1970, 167, -746, -1975, 163, 255, 255, 255
L -746, -1975, 163, -777, -1979, 158, 255, 255, 255
L -777, -1979, 158, -794, -1971, 155, 255, 255, 255
L -794, -1971, 155, -816, -1948, 148, 255, 255, 255
L -816, -1948, 148, -820, -1925, 141, 255, 255, 255
L -820, -1925, 141, -801, -1892, 136, 255, 255, 255
L -801, -1892, 136, -786, -1892, 132, 255, 255, 255
L -786, -1892, 132, -781, -1888, 131, 255, 255, 255
L -781, -1888, 131, -775, -1880, 129, 255, 255, 255
L -775, -1880, 129, -775, -1879, 127, 255, 255, 255
L -775, -1879, 127, -775, -1875, 126, 255, 255, 255
L -775, -1875, 126, -774, -1871, 124, 255, 255, 255
L -774, -1871, 124, -775, -1860, 122, 255, 255, 255
L -775, -1860, 122, -774, -1863, 121, 255, 255, 255
L -774, -1863, 121, -784, -1847, 118, 255, 255, 255
L -784, -1847, 118, -781, -1853, 116, 255, 255, 255
L -781, -1853, 116, -785, -1846, 112, 255, 255, 255
L -785, -1846, 112, -788, -1843, 113, 255, 255, 255
L -788, -1843, 113, -794, -1841, 114, 255, 255, 255
L -794, -1841, 114, -799, -1840, 113, 255, 255, 255
L -799, -1840, 113, -802, -1840, 113, 255, 255, 255
L -802, -1840, 113, -818, -1858, 113, 255, 255, 255
L -818, -1858, 113, -813, -1847, 112, 255, 255, 255
L -813, -1847, 112, -818, -1854, 112, 255, 255, 255
L -818, -1854, 112, -837, -1849, 112, 255, 255, 255
L -837, -1849, 112, -854, -1838, 113, 255, 255, 255
L -854, -1838, 113, -859, -1823, 114, 255, 255, 255
L -859, -1823, 114, -864, -1803, 110, 255, 255, 255
L -864, -1803, 110, -865, -1781, 110, 255, 255, 255
L -865, -1781, 110, -861, -1763, 114, 255, 255, 255
L -861, -1763, 114, -853, -1756, 122, 255, 255, 255
L -853, -1756, 122, -850, -1753, 122, 255, 255, 255
L -850, -1753, 122, -841, -1752, 122, 255, 255, 255
L -841, -1752, 122, -821, -1747, 120, 255, 255, 255
L -821, -1747, 120, -836, -1730, 112, 255, 255, 255
L -836, -1730, 112, -836, -1737, 108, 255, 255, 255
L -836, -1737, 108, -842, -1730, 103, 255, 255, 255
L -842, -1730, 103, -854, -1719, 98, 255, 255, 255
L -854, -1719, 98, -861, -1711, 94, 255, 255, 255
L -861, -1711, 94, -865, -1703, 91, 255, 255, 255
L -865, -1703, 91, -870, -1688, 86, 255, 255, 255
L -870, -1688, 86, -871, -1653, 82, 255, 255, 255
L -871, -1653, 82, -856, -1628, 74, 255, 255, 255
L -856, -1628, 74, -840, -1630, 68, 255, 255, 255
L -840, -1630, 68, -806, -1625, 61, 255, 255, 255
L -806, -1625, 61, -805, -1626, 56, 255, 255, 255
L -805, -1626, 56, -799, -1624, 54, 255, 255, 255
L -799, -1624, 54, -796, -1622, 52, 255, 255, 255
L -796, -1622, 52, -792, -1619, 50, 255, 255, 255
L -792, -1619, 50, -788, -1615, 47, 255, 255, 255
L -788, -1615, 47, -785, -1611, 45, 255, 255, 255
L -785, -1611, 45, -769, -1582, 42, 255, 255, 255
L -769, -1582, 42, -763, -1581, 39, 255, 255, 255
L -763, -1581, 39, -746, -1572, 39, 255, 255, 255
L -746, -1572, 39, -741, -1570, 39, 255, 255, 255
L -741, -1570, 39, -732, -1569, 43, 255, 255, 255
L 659, 1866, 2581, 658, 1820, 164, 255, 255, 255
L 658, 1820, 164, 658, 1806, 159, 255, 255, 255
L 658, 1806, 159, 657, 1744, 150, 255, 255, 255
L 657, 1744, 150, 652, 1730, 151, 255, 255, 255
L 652, 1730, 151, 347, 1721, 32, 255, 255, 255
L 347, 1721, 32, 350, 1706, 15, 255, 255, 255
L 350, 1706, 15, 350, 1704, 13, 255, 255, 255
L 350, 1704, 13, 352, 1701, 12, 255, 255, 255
L 352, 1701, 12, 527, 1702, 17, 255, 255, 255
L 527, 1702, 17, 526, 1668, 5, 255, 255, 255
L 526, 1668, 5, 563, 1669, 2, 255, 255, 255
L 563, 1669, 2, 540, 1626, -4, 255, 255, 255
L 540, 1626, -4, 526, 1637, -4, 255, 255, 255
L 526, 1637, -4, 526, 1603, -4, 255, 255, 255
L 526, 1603, -4, 541, 1602, -4, 255, 255, 255
L 541, 1602, -4, 539, 1588, -4, 255, 255, 255
L 539, 1588, -4, 571, 1588, -4, 255, 255, 255
L 571, 1588, -4, 572, 1602, -4, 255, 255, 255
L 572, 1602, -4, 600, 1602, -4, 255, 255, 255
L 600, 1602, -4, 600, 1588, -4, 255, 255, 255
L 600, 1588, -4, 632, 1589, -4, 255, 255, 255
L 632, 1589, -4, 631, 1604, -4, 255, 255, 255
L 631, 1604, -4, 661, 1602, -4, 255, 255, 255
L 661, 1602, -4, 660, 1588, -4, 255, 255, 255
L 660, 1588, -4, 706, 1595, -4, 255, 255, 255
L 706, 1595, -4, 690, 1484, 3, 255, 255, 255
L 792, 1476, -16, 792, 1588, -4, 255, 255, 255
L 792, 1588, -4, 821, 1588, -4, 255, 255, 255
L 821, 1588, -4, 821, 1604, -4, 255, 255, 255
L 821, 1604, -4, 850, 1602, -4, 255, 255, 255
L 850, 1602, -4, 850, 1588, -6, 255, 255, 255
L 850, 1588, -6, 881, 1588, -6, 255, 255, 255
L 881, 1588, -6, 882, 1603, -4, 255, 255, 255
L 882, 1603, -4, 913, 1602, -4, 255, 255, 255
L 913, 1602, -4, 910, 1588, -6, 255, 255, 255
L 910, 1588, -6, 941, 1588, -6, 255, 255, 255
L 941, 1588, -6, 942, 1604, -4, 255, 255, 255
L 942, 1604, -4, 955, 1602, -4, 255, 255, 255
L 955, 1602, -4, 956, 1602, -4, 255, 255, 255
L 956, 1602, -4, 956, 1638, -4, 255, 255, 255
L 956, 1638, -4, 929, 1633, -4, 255, 255, 255
L 929, 1633, -4, 942, 1669, -3, 255, 255, 255
L 942, 1669, -3, 955, 1669, -3, 255, 255, 255
L 955, 1669, -3, 956, 1702, 3, 255, 255, 255
L 956, 1702, 3, 1132, 1702, 23, 255, 255, 255
L 1132, 1702, 23, 1134, 1709, 31, 255, 255, 255
L 1134, 1709, 31, 830, 1743, 151, 255, 255, 255
L 830, 1743, 151, 825, 1787, 150, 255, 255, 255
L 780, 1477, -14, 780, 1707, 142, 255, 255, 255
L 780, 1707, 142, 780, 1725, 142, 255, 255, 255
L 780, 1725, 142, 815, 1721, 142, 255, 255, 255
L 815, 1721, 142, 807, 1862, 142, 255, 255, 255
L 807, 1862, 142, 780, 1863, 142, 255, 255, 255
L 780, 1863, 142, 790, 1902, 150, 255, 255, 255
L 790, 1902, 150, 749, 1902, 150, 255, 255, 255
L 728, 1902, 1509, 692, 1902, 150, 255, 255, 255
L 692, 1902, 150, 692, 1882, 151, 255, 255, 255
L 692, 1882, 151, 700, 1882, 151, 255, 255, 255
L 700, 1882, 151, 700, 1865, 151, 255, 255, 255
L 700, 1865, 151, 656, 1867, 142, 255, 255, 255
L 656, 1867, 142, 672, 1724, 142, 255, 255, 255
L 672, 1724, 142, 702, 1724, 142, 255, 255, 255
L 702, 1724, 142, 702, 1483, 2, 255, 255, 255
P -2115, 725, 0, 255, 255, 255, 2, Maiden's_Eye
P 1000, 1850, 0, 255, 255, 255, 2, Vex_Thal
P -1900, 474, 0, 255, 255, 255, 2, Succor_Point
