L 1079, 0, 0, -1723, 0, 0, 140, 140, 140
L  0,168, 0, 0, -1815, 0, 140, 140, 140
L 100, 168, 0, 100, -1815, 0, 220, 220, 220
L 200, 168, 0, 200, -1815, 0, 220, 220, 220
L 300, 168, 0, 300, -1815, 0, 220, 220, 220
L 400, 168, 0, 400, -1815, 0, 220, 220, 220
L 500, 168, 0, 500, -1815, 0, 220, 220, 220
L 600, 168, 0, 600, -1815, 0, 220, 220, 220
L 700, 168, 0, 700, -1815, 0, 220, 220, 220
L 800, 168, 0, 800, -1815, 0, 220, 220, 220
L 900, 168, 0, 900, -1815, 0, 220, 220, 220
L 1000, 168, 0, 1000, -1815, 0, 220, 220, 220
L -100, 168, 0, -100, -1815, 0, 220, 220, 220
L -200, 168, 0, -200, -1815, 0, 220, 220, 220
L -300, 168, 0, -300, -1815, 0, 220, 220, 220
L -400, 168, 0, -400, -1815, 0, 220, 220, 220
L -500, 168, 0, -500, -1815, 0, 220, 220, 220
L -600, 168, 0, -600, -1815, 0, 220, 220, 220
L -700, 168, 0, -700, -1815, 0, 220, 220, 220
L -800, 168, 0, -800, -1815, 0, 220, 220, 220
L -900, 168, 0, -900, -1815, 0, 220, 220, 220
L -1000, 168, 0, -1000, -1815, 0, 220, 220, 220
L -1100, 168, 0, -1100, -1815, 0, 220, 220, 220
L -1200, 168, 0, -1200, -1815, 0, 220, 220, 220
L -1300, 168, 0, -1300, -1815, 0, 220, 220, 220
L -1400, 168, 0, -1400, -1815, 0, 220, 220, 220
L -1500, 168, 0, -1500, -1815, 0, 220, 220, 220
L -1600, 168, 0, -1600, -1815, 0, 220, 220, 220
L -1700, 168, 0, -1700, -1815, 0, 220, 220, 220
L 1079, 100, 0, -1723, 100, 0, 220, 220, 220
L 1079, -100, 0, -1723, -100, 0, 220, 220, 220
L 1079, -200, 0, -1723, -200, 0, 220, 220, 220
L 1079, -300, 0, -1723, -300, 0, 220, 220, 220
L 1079, -400, 0, -1723, -400, 0, 220, 220, 220
L 1079, -500, 0, -1723, -500, 0, 220, 220, 220
L 1079, -600, 0, -1723, -600, 0, 220, 220, 220
L 1079, -700, 0, -1723, -700, 0, 220, 220, 220
L 1079, -800, 0, -1723, -800, 0, 220, 220, 220
L 1079, -900, 0, -1723, -900, 0, 220, 220, 220
L 1079, -1000, 0, -1723, -1000, 0, 220, 220, 220
L 1079, -1100, 0, -1723, -1100, 0, 220, 220, 220
L 1079, -1200, 0, -1723, -1200, 0, 220, 220, 220
L 1079, -1300, 0, -1723, -1300, 0, 220, 220, 220
L 1079, -1400, 0, -1723, -1400, 0, 220, 220, 220
L 1079, -1500, 0, -1723, -1500, 0, 220, 220, 220
L 1079, -1600, 0, -1723, -1600, 0, 220, 220, 220
L 1079, -1700, 0, -1723, -1700, 0, 220, 220, 220
L 1079, -1800, 0, -1723, -1800, 0, 220, 220, 220
P 1089, 5, 0, 0, 0, 0, 3, 0
P 5,178, 0, 0, 0, 0, 3, 0
P 105,178, 0, 0, 0, 0, 3, 100
P 205,178, 0, 0, 0, 0, 3, 200
P 305,178, 0, 0, 0, 0, 3, 300
P 405,178, 0, 0, 0, 0, 3, 400
P 505,178, 0, 0, 0, 0, 3, 500
P 605,178, 0, 0, 0, 0, 3, 600
P 705,178, 0, 0, 0, 0, 3, 700
P 805,178, 0, 0, 0, 0, 3, 800
P 905,178, 0, 0, 0, 0, 3, 900
P 1005,178, 0, 0, 0, 0, 3, 1000
P -95,178, 0, 0, 0, 0, 3, -100
P -195,178, 0, 0, 0, 0, 3, -200
P -295,178, 0, 0, 0, 0, 3, -300
P -395,178, 0, 0, 0, 0, 3, -400
P -495,178, 0, 0, 0, 0, 3, -500
P -595,178, 0, 0, 0, 0, 3, -600
P -695,178, 0, 0, 0, 0, 3, -700
P -795,178, 0, 0, 0, 0, 3, -800
P -895,178, 0, 0, 0, 0, 3, -900
P -995,178, 0, 0, 0, 0, 3, -1000
P -1095,178, 0, 0, 0, 0, 3, -1100
P -1195,178, 0, 0, 0, 0, 3, -1200
P -1295,178, 0, 0, 0, 0, 3, -1300
P -1395,178, 0, 0, 0, 0, 3, -1400
P -1495,178, 0, 0, 0, 0, 3, -1500
P -1595,178, 0, 0, 0, 0, 3, -1600
P -1695,178, 0, 0, 0, 0, 3, -1700
P 1089, 105, 0, 0, 0, 0, 3, 100
P 1089, -95, 0, 0, 0, 0, 3, -100
P 1089, -195, 0, 0, 0, 0, 3, -200
P 1089, -295, 0, 0, 0, 0, 3, -300
P 1089, -395, 0, 0, 0, 0, 3, -400
P 1089, -495, 0, 0, 0, 0, 3, -500
P 1089, -595, 0, 0, 0, 0, 3, -600
P 1089, -695, 0, 0, 0, 0, 3, -700
P 1089, -795, 0, 0, 0, 0, 3, -800
P 1089, -895, 0, 0, 0, 0, 3, -900
P 1089, -995, 0, 0, 0, 0, 3, -1000
P 1089, -1095, 0, 0, 0, 0, 3, -1100
P 1089, -1195, 0, 0, 0, 0, 3, -1200
P 1089, -1295, 0, 0, 0, 0, 3, -1300
P 1089, -1395, 0, 0, 0, 0, 3, -1400
P 1089, -1495, 0, 0, 0, 0, 3, -1500
P 1089, -1595, 0, 0, 0, 0, 3, -1600
P 1089, -1695, 0, 0, 0, 0, 3, -1700
P 1089, -1795, 0, 0, 0, 0, 3, -1800
