1	0.0	4000	4000
2	0.0	4000	4000
3	0.0	4000	4000
4	0.0	4000	4000
5	0.0	4000	4000
6	0.0	4000	4000
7	0.0	4000	4000
8	0.0	4000	4000
9	0.0	4000	4000
10	0.0	4000	4000
11	0.0	4000	4000
12	4.6	4000	4000
13	4.2	4000	4000
14	3.9	4000	4000
15	3.7	4000	4000
16	3.4	4000	3702.5
17	3.2	4000	3702.5
18	14.1	4000	3720.5
19	13.3	4000	3720.5
20	12.7	4000	3720.5
21	12.0	4000	3720.5
22	11.5	4000	3720.5
23	11.0	4000	3438.3
24	49.4	4000	3456.3
25	47.4	4000	3456.3
26	45.6	4000	3456.3
27	43.9	4000	3456.3
28	42.4	4000	3456.3
29	40.9	4000	3456.3
30	70.6	4000	3494.3
31	68.4	4000	3494.3
32	66.2	4000	3494.3
33	64.2	4000	3494.3
34	62.3	4000	3494.3
35	60.5	4000	3494.3
36	64.4	4000	3512.3
37	62.6	4000	3512.3
38	61.0	4000	3512.3
39	59.4	4000	3230.1
40	57.9	4000	3230.1
41	56.5	4000	3230.1
42	77.4	4000	3248.1
43	75.6	4000	3248.1
44	73.9	4000	3248.1
45	72.2	4000	3248.1
46	70.7	4000	3248.1
47	69.1	4000	3248.1
48	87.1	4000	3286.1
49	85.4	4000	3286.1
50	83.7	4000	3286.1
51	82.0	4000	3286.1
52	80.4	4000	3286.1
53	78.9	4000	3286.1
54	81.1	4000	3304.1
55	79.7	4000	3021.9
56	78.2	4000	3021.9
57	76.9	4000	3021.9
58	75.5	4000	3021.9
59	74.3	4000	3021.9
60	88.6	4000	3059.9
61	87.1	4000	3059.9
62	85.7	4000	3059.9
63	84.3	4000	3059.9
64	83.0	4000	3059.9
65	81.8	4000	3059.9
66	94.7	4000	3097.9
67	93.2	4000	3097.9
68	91.9	4000	3097.9
69	90.5	4000	3097.9
70	89.2	4000	3097.9
71	88.0	4000	2815.7
72	99.7	4000	2833.7
73	98.4	4000	2833.7
74	97.0	4000	2833.7
75	95.7	4000	2833.7
76	94.5	4000	2833.7
77	93.2	4000	2833.7
78	104.0	4000	2871.7
79	102.7	4000	2871.7
80	101.4	4000	2871.7
81	100.2	4000	2871.7
82	98.9	4000	2871.7
83	97.7	4000	2574.2
84	98.9	4000	2592.2
85	97.8	4000	2592.2
86	96.6	4000	2592.2
87	95.5	4000	2592.2
88	94.4	4000	2592.2
89	93.4	4000	2592.2
90	94.5	4000	2328
91	93.5	4000	2328
92	92.5	4000	2328
93	91.5	4000	2328
94	90.5	4000	2328
95	89.6	4000	2328
96	98.4	4000	2366
97	97.3	4000	2366
98	96.3	4000	2366
99	95.4	4000	2366
100	94.4	4000	2366
101	93.5	4000	2366
102	101.7	4000	2404
103	100.7	4000	2404
104	99.8	4000	2404
105	98.8	4000	2404
106	97.9	4000	2121.8
107	97.0	4000	2121.8
108	104.7	4000	2139.8
109	103.7	4000	2139.8
110	102.8	4000	2139.8
111	101.9	4000	2139.8
112	101.0	4000	2139.8
113	100.1	4000	2139.8
114	107.4	4000	2177.8
115	106.4	4000	2177.8
116	105.5	4000	2177.8
117	104.6	4000	2177.8
118	103.7	4000	2177.8
119	102.9	4000	2177.8
120	103.7	4000	2195.8
121	102.8	4000	2195.8
122	102.0	4000	1913.6
123	101.1	4000	1913.6
124	100.3	4000	1913.6
125	99.5	4000	1913.6
126	106.1	4000	1951.6
127	105.3	4000	1951.6
128	104.5	4000	1951.6
129	103.7	4000	1951.6
130	102.9	4000	1951.6
131	102.1	4000	1951.6
132	108.4	4000	1989.6
133	107.6	4000	1989.6
134	106.8	4000	1989.6
135	106.0	4000	1989.6
136	105.2	4000	1989.6
137	104.4	4000	1989.6
138	105.1	4000	1725.4
139	104.3	4000	1725.4
140	103.6	4000	1725.4
141	102.9	4000	1725.4
142	102.1	4000	1725.4
143	101.4	4000	1725.4
144	107.2	4000	1763.4
145	106.5	4000	1763.4
146	105.7	4000	1763.4
147	105.0	4000	1763.4
148	104.3	4000	1763.4
149	103.6	4000	1465.9
150	109.1	4000	1483.9
151	108.4	4000	1483.9
152	107.7	4000	1483.9
153	107.0	4000	1483.9
154	106.3	4000	1483.9
155	105.6	4000	1483.9
156	106.2	4000	1219.7
157	105.5	4000	1219.7
158	104.9	4000	1219.7
159	104.2	4000	1219.7
160	103.5	4000	1219.7
161	102.9	4000	1219.7
162	108.0	4000	1257.7
163	107.4	4000	1257.7
164	106.7	4000	1257.7
165	106.1	4000	1257.7
166	105.4	4000	1257.7
167	104.8	4000	1257.7
168	109.7	4000	1295.7
169	109.1	4000	1295.7
170	108.4	4000	1295.7
171	107.8	4000	1295.7
172	107.2	4000	1013.5
173	106.5	4000	1013.5
174	111.3	4000	1031.5
175	110.7	4000	1031.5
176	110.0	4000	1031.5
177	109.4	4000	1031.5
178	108.8	4000	1031.5
179	108.2	4000	1031.5
180	112.8	4000	1069.5
181	112.1	4000	1069.5
182	111.5	4000	1069.5
183	110.9	4000	1069.5
184	110.3	4000	1069.5
185	109.7	4000	1069.5
186	110.2	4000	1087.5
187	109.6	4000	1087.5
188	109.0	4000	805.300000000001
189	108.4	4000	805.300000000001
190	107.9	4000	805.300000000001
191	107.3	4000	805.300000000001
192	111.3	4000	823.300000000001
193	110.8	4000	823.300000000001
194	110.2	4000	823.300000000001
195	109.6	4000	823.300000000001
196	109.1	4000	823.300000000001
197	108.5	4000	823.300000000001
198	112.4	4000	841.300000000001
199	111.8	4000	841.300000000001
200	111.3	4000	841.300000000001
201	110.7	4000	841.300000000001
202	110.2	4000	841.300000000001
203	109.6	4000	841.300000000001
204	110.1	4000	859.300000000001
205	109.5	4000	577.100000000001
206	109.0	4000	577.100000000001
207	108.5	4000	577.100000000001
208	107.9	4000	577.100000000001
209	107.4	4000	577.100000000001
210	111.4	4000	615.100000000001
211	110.8	4000	615.100000000001
212	110.3	4000	615.100000000001
213	109.8	4000	615.100000000001
214	109.3	4000	615.100000000001
215	108.8	4000	317.600000000001
216	112.6	4000	335.600000000001
217	112.1	4000	335.600000000001
218	111.5	4000	335.600000000001
219	111.0	4000	335.600000000001
220	110.5	4000	335.600000000001
221	110.0	4000	335.600000000001
222	110.4	4000	71.4000000000008
223	109.9	4000	71.4000000000008
224	109.4	4000	71.4000000000008
225	109.0	4000	71.4000000000008
226	108.5	4000	71.4000000000008
227	108.0	4000	71.4000000000008
228	111.6	4000	109.400000000001
229	111.1	4000	109.400000000001
230	110.6	4000	109.400000000001
231	110.2	4000	109.400000000001
232	109.7	4000	109.400000000001
233	109.2	4000	109.400000000001
234	112.7	4000	147.400000000001
235	112.3	4000	147.400000000001
236	111.8	4000	147.400000000001
237	111.3	4000	147.400000000001
238	110.8	4000	147.400000000001
239	110.4	4000	147.400000000001
240	110.7	4000	185.400000000001
241	110.3	4000	185.400000000001
242	109.8	4000	185.400000000001
243	109.4	4000	185.400000000001
244	108.9	4000	185.400000000001
245	108.5	4000	185.400000000001
246	108.8	4000	223.400000000001
247	108.4	4000	223.400000000001
248	108.0	4000	223.400000000001
249	107.5	4000	223.400000000001
250	107.1	4000	223.400000000001
251	106.7	4000	223.400000000001
252	107.0	4000	261.400000000001
253	106.6	4000	261.400000000001
254	106.2	4000	261.400000000001
255	105.8	4000	261.400000000001
256	105.4	4000	261.400000000001
257	105.0	4000	261.400000000001
258	105.3	4000	299.400000000001
259	104.9	4000	299.400000000001
260	104.5	4000	299.400000000001
261	104.1	4000	299.400000000001
262	103.7	4000	299.400000000001
263	103.3	4000	299.400000000001
264	103.7	4000	337.400000000001
265	103.3	4000	337.400000000001
266	102.9	4000	337.400000000001
267	102.5	4000	337.400000000001
268	102.1	4000	55.2000000000008
269	101.8	4000	55.2000000000008
270	104.8	4000	73.2000000000008
271	104.4	4000	73.2000000000008
272	104.1	4000	73.2000000000008
273	103.7	4000	73.2000000000008
274	103.3	4000	73.2000000000008
275	102.9	4000	73.2000000000008
276	105.9	4000	111.200000000001
277	105.5	4000	111.200000000001
278	105.2	4000	111.200000000001
279	104.8	4000	111.200000000001
280	104.4	4000	111.200000000001
281	104.0	4000	111.200000000001
282	103.9	4000	149.200000000001
283	103.5	4000	149.200000000001
284	103.1	4000	149.200000000001
285	102.8	4000	149.200000000001
286	102.4	4000	149.200000000001
287	102.1	4000	149.200000000001
288	101.9	4000	187.200000000001
289	101.5	4000	187.200000000001
290	101.2	4000	187.200000000001
291	100.8	4000	187.200000000001
292	100.5	4000	187.200000000001
293	100.2	4000	187.200000000001
294	100.0	4000	225.200000000001
295	99.7	4000	225.200000000001
296	99.3	4000	225.200000000001
297	99.0	4000	225.200000000001
298	98.7	4000	225.200000000001
299	98.3	4000	225.200000000001
300	98.2	4000	263.200000000001
301	97.9	4000	263.200000000001
302	97.5	4000	263.200000000001
303	97.2	4000	263.200000000001
304	96.9	4000	263.200000000001
305	96.6	4000	263.200000000001
306	96.4	4000	301.200000000001
307	96.1	4000	301.200000000001
308	95.8	4000	301.200000000001
309	95.5	4000	301.200000000001
310	95.2	4000	301.200000000001
311	94.9	4000	301.200000000001
312	94.8	4000	339.200000000001
313	94.5	4000	339.200000000001
314	94.2	4000	339.200000000001
315	93.9	4000	339.200000000001
316	93.6	4000	57.0000000000009
317	93.3	4000	57.0000000000009
318	95.5	4000	75.0000000000009
319	95.2	4000	75.0000000000009
320	94.9	4000	75.0000000000009
321	94.6	4000	75.0000000000009
322	94.3	4000	75.0000000000009
323	94.0	4000	75.0000000000009
324	96.1	4000	113.000000000001
325	95.8	4000	113.000000000001
326	95.5	4000	113.000000000001
327	95.3	4000	113.000000000001
328	95.0	4000	113.000000000001
329	94.7	4000	113.000000000001
330	94.6	4000	151.000000000001
331	94.3	4000	151.000000000001
332	94.0	4000	151.000000000001
333	93.7	4000	151.000000000001
334	93.4	4000	151.000000000001
335	93.1	4000	151.000000000001
336	93.0	4000	189.000000000001
337	92.8	4000	189.000000000001
338	92.5	4000	189.000000000001
339	92.2	4000	189.000000000001
340	91.9	4000	189.000000000001
341	91.7	4000	189.000000000001
342	91.6	4000	227.000000000001
343	91.3	4000	227.000000000001
344	91.0	4000	227.000000000001
345	90.8	4000	227.000000000001
346	90.5	4000	227.000000000001
347	90.2	4000	227.000000000001
348	90.1	4000	265.000000000001
349	89.9	4000	265.000000000001
350	89.6	4000	265.000000000001
351	89.4	4000	265.000000000001
352	89.1	4000	265.000000000001
353	88.9	4000	265.000000000001
354	88.8	4000	303.000000000001
355	88.5	4000	303.000000000001
356	88.3	4000	303.000000000001
357	88.0	4000	303.000000000001
358	87.8	4000	303.000000000001
359	87.5	4000	303.000000000001
360	87.4	4000	341.000000000001
361	87.2	4000	341.000000000001
362	87.0	4000	341.000000000001
363	86.7	4000	341.000000000001
364	86.5	4000	58.8000000000009
365	86.2	4000	58.8000000000009
366	88.2	4000	76.8000000000009
367	87.9	4000	76.8000000000009
368	87.7	4000	76.8000000000009
369	87.4	4000	76.8000000000009
370	87.2	4000	76.8000000000009
371	87.0	4000	76.8000000000009
372	88.9	4000	114.800000000001
373	88.6	4000	114.800000000001
374	88.4	4000	114.800000000001
375	88.2	4000	114.800000000001
376	87.9	4000	114.800000000001
377	87.7	4000	114.800000000001
378	87.6	4000	152.800000000001
379	87.4	4000	152.800000000001
380	87.1	4000	152.800000000001
381	86.9	4000	152.800000000001
382	86.7	4000	152.800000000001
383	86.5	4000	152.800000000001
384	86.2	4000	170.800000000001
385	86.0	4000	170.800000000001
386	85.8	4000	170.800000000001
387	85.6	4000	170.800000000001
388	85.3	4000	170.800000000001
389	85.1	4000	170.800000000001
390	85.0	4000	208.800000000001
391	84.8	4000	208.800000000001
392	84.6	4000	208.800000000001
393	84.4	4000	208.800000000001
394	84.2	4000	208.800000000001
395	84.0	4000	208.800000000001
396	83.9	4000	246.800000000001
397	83.7	4000	246.800000000001
398	83.5	4000	246.800000000001
399	83.3	4000	246.800000000001
400	83.1	4000	246.800000000001
401	82.8	4000	246.800000000001
402	82.8	4000	284.800000000001
403	82.6	4000	284.800000000001
404	82.4	4000	284.800000000001
405	82.2	4000	284.800000000001
406	82.0	4000	284.800000000001
407	81.8	4000	284.800000000001
408	81.7	4000	322.800000000001
409	81.5	4000	322.800000000001
410	81.3	4000	322.800000000001
411	81.1	4000	322.800000000001
412	80.9	4000	322.800000000001
413	80.7	4000	322.800000000001
414	80.6	4000	360.800000000001
415	80.5	4000	360.800000000001
416	80.3	4000	360.800000000001
417	80.1	4000	360.800000000001
418	79.9	4000	360.800000000001
419	79.7	4000	63.3000000000009
420	80.0	4000	81.3000000000009
421	79.8	4000	81.3000000000009
422	79.6	4000	81.3000000000009
423	79.4	4000	81.3000000000009
424	79.2	4000	81.3000000000009
425	79.0	4000	81.3000000000009
426	79.3	4000	119.300000000001
427	79.1	4000	119.300000000001
428	78.9	4000	119.300000000001
429	78.7	4000	119.300000000001
430	78.6	4000	119.300000000001
431	78.4	4000	119.300000000001
432	78.7	4000	157.300000000001
433	78.5	4000	157.300000000001
434	78.3	4000	157.300000000001
435	78.1	4000	157.300000000001
436	77.9	4000	157.300000000001
437	77.8	4000	157.300000000001
438	78.0	4000	195.300000000001
439	77.9	4000	195.300000000001
440	77.7	4000	195.300000000001
441	77.5	4000	195.300000000001
442	77.3	4000	195.300000000001
443	77.2	4000	195.300000000001
444	77.4	4000	233.300000000001
445	77.3	4000	233.300000000001
446	77.1	4000	233.300000000001
447	76.9	4000	233.300000000001
448	76.7	4000	233.300000000001
449	76.6	4000	233.300000000001
450	76.8	4000	271.300000000001
451	76.7	4000	271.300000000001
452	76.5	4000	271.300000000001
453	76.3	4000	271.300000000001
454	76.2	4000	271.300000000001
455	76.0	4000	271.300000000001
456	76.3	4000	309.300000000001
457	76.1	4000	309.300000000001
458	75.9	4000	309.300000000001
459	75.8	4000	309.300000000001
460	75.6	4000	309.300000000001
461	75.4	4000	309.300000000001
462	75.7	4000	347.300000000001
463	75.5	4000	347.300000000001
464	75.4	4000	347.300000000001
465	75.2	4000	347.300000000001
466	75.0	4000	65.1000000000009
467	74.9	4000	65.1000000000009
468	76.7	4000	83.1000000000009
469	76.6	4000	83.1000000000009
470	76.4	4000	83.1000000000009
471	76.2	4000	83.1000000000009
472	76.1	4000	83.1000000000009
473	75.9	4000	83.1000000000009
474	77.7	4000	121.100000000001
475	77.6	4000	121.100000000001
476	77.4	4000	121.100000000001
477	77.2	4000	121.100000000001
478	77.1	4000	121.100000000001
479	76.9	4000	121.100000000001
480	77.2	4000	159.100000000001
481	77.0	4000	159.100000000001
482	76.8	4000	159.100000000001
483	76.7	4000	159.100000000001
484	76.5	4000	159.100000000001
485	76.4	4000	159.100000000001
486	76.3	4000	197.100000000001
487	76.2	4000	197.100000000001
488	76.0	4000	197.100000000001
489	75.8	4000	197.100000000001
490	75.7	4000	197.100000000001
491	75.5	4000	197.100000000001
492	75.5	4000	235.100000000001
493	75.3	4000	235.100000000001
494	75.2	4000	235.100000000001
495	75.0	4000	235.100000000001
496	74.9	4000	235.100000000001
497	74.7	4000	235.100000000001
498	74.7	4000	273.100000000001
499	74.5	4000	273.100000000001
500	74.4	4000	273.100000000001
501	74.3	4000	273.100000000001
502	74.1	4000	273.100000000001
503	74.0	4000	273.100000000001
504	73.9	4000	311.100000000001
505	73.8	4000	311.100000000001
506	73.6	4000	311.100000000001
507	73.5	4000	311.100000000001
508	73.3	4000	311.100000000001
509	73.2	4000	311.100000000001
510	73.2	4000	349.100000000001
511	73.0	4000	349.100000000001
512	72.9	4000	349.100000000001
513	72.7	4000	349.100000000001
514	72.6	4000	66.9000000000009
515	72.4	4000	66.9000000000009
516	73.8	4000	84.9000000000009
517	73.7	4000	84.9000000000009
518	73.6	4000	84.9000000000009
519	73.4	4000	84.9000000000009
520	73.3	4000	84.9000000000009
521	73.1	4000	84.9000000000009
522	74.5	4000	122.900000000001
523	74.4	4000	122.900000000001
524	74.2	4000	122.900000000001
525	74.1	4000	122.900000000001
526	73.9	4000	122.900000000001
527	73.8	4000	122.900000000001
528	73.8	4000	160.900000000001
529	73.6	4000	160.900000000001
530	73.5	4000	160.900000000001
531	73.3	4000	160.900000000001
532	73.2	4000	160.900000000001
533	73.1	4000	160.900000000001
534	73.0	4000	198.900000000001
535	72.9	4000	198.900000000001
536	72.8	4000	198.900000000001
537	72.6	4000	198.900000000001
538	72.5	4000	198.900000000001
539	72.4	4000	198.900000000001
540	72.3	4000	236.900000000001
541	72.2	4000	236.900000000001
542	72.1	4000	236.900000000001
543	71.9	4000	236.900000000001
544	71.8	4000	236.900000000001
545	71.7	4000	236.900000000001
546	71.6	4000	274.900000000001
547	71.5	4000	274.900000000001
548	71.4	4000	274.900000000001
549	71.2	4000	274.900000000001
550	71.1	4000	274.900000000001
551	71.0	4000	274.900000000001
552	71.0	4000	312.900000000001
553	70.8	4000	312.900000000001
554	70.7	4000	312.900000000001
555	70.6	4000	312.900000000001
556	70.4	4000	312.900000000001
557	70.3	4000	312.900000000001
558	70.3	4000	350.900000000001
559	70.2	4000	350.900000000001
560	70.0	4000	350.900000000001
561	69.9	4000	350.900000000001
562	69.8	4000	350.900000000001
563	69.7	4000	53.4000000000009
564	69.9	4000	71.4000000000009
565	69.8	4000	71.4000000000009
566	69.6	4000	71.4000000000009
567	69.5	4000	71.4000000000009
568	69.4	4000	71.4000000000009
569	69.3	4000	71.4000000000009
570	69.4	4000	89.4000000000009
571	69.3	4000	89.4000000000009
572	69.2	4000	89.4000000000009
573	69.0	4000	89.4000000000009
574	68.9	4000	89.4000000000009
575	68.8	4000	89.4000000000009
576	69.0	4000	107.400000000001
577	68.9	4000	107.400000000001
578	68.8	4000	107.400000000001
579	68.7	4000	107.400000000001
580	68.5	4000	107.400000000001
581	68.4	4000	107.400000000001
582	68.7	4000	145.400000000001
583	68.5	4000	145.400000000001
584	68.4	4000	145.400000000001
585	68.3	4000	145.400000000001
586	68.2	4000	145.400000000001
587	68.1	4000	145.400000000001
588	68.3	4000	183.400000000001
589	68.2	4000	183.400000000001
590	68.1	4000	183.400000000001
591	67.9	4000	183.400000000001
592	67.8	4000	183.400000000001
593	67.7	4000	183.400000000001
594	67.9	4000	221.400000000001
595	67.8	4000	221.400000000001
596	67.7	4000	221.400000000001
597	67.6	4000	221.400000000001
598	67.5	4000	221.400000000001
599	67.4	4000	221.400000000001
600	67.6	4000	259.400000000001
601	67.5	4000	259.400000000001
602	67.4	4000	259.400000000001
603	67.2	4000	259.400000000001
604	67.1	4000	259.400000000001
605	67.0	4000	259.400000000001
606	67.2	4000	297.400000000001
607	67.1	4000	297.400000000001
608	67.0	4000	297.400000000001
609	66.9	4000	297.400000000001
610	66.8	4000	297.400000000001
611	66.7	4000	297.400000000001
612	66.9	4000	335.400000000001
613	66.8	4000	335.400000000001
614	66.7	4000	335.400000000001
615	66.6	4000	335.400000000001
616	66.5	4000	53.2000000000009
617	66.4	4000	53.2000000000009
618	67.8	4000	71.2000000000009
619	67.7	4000	71.2000000000009
620	67.5	4000	71.2000000000009
621	67.4	4000	71.2000000000009
622	67.3	4000	71.2000000000009
623	67.2	4000	71.2000000000009
624	68.6	4000	109.200000000001
625	68.5	4000	109.200000000001
626	68.4	4000	109.200000000001
627	68.3	4000	109.200000000001
628	68.2	4000	109.200000000001
629	68.1	4000	109.200000000001
630	68.0	4000	147.200000000001
631	67.9	4000	147.200000000001
632	67.8	4000	147.200000000001
633	67.7	4000	147.200000000001
634	67.6	4000	147.200000000001
635	67.5	4000	147.200000000001
636	67.5	4000	185.200000000001
637	67.4	4000	185.200000000001
638	67.3	4000	185.200000000001
639	67.2	4000	185.200000000001
640	67.1	4000	185.200000000001
641	67.0	4000	185.200000000001
642	66.9	4000	223.200000000001
643	66.8	4000	223.200000000001
644	66.7	4000	223.200000000001
645	66.6	4000	223.200000000001
646	66.5	4000	223.200000000001
647	66.4	4000	223.200000000001
648	66.4	4000	261.200000000001
649	66.3	4000	261.200000000001
650	66.2	4000	261.200000000001
651	66.1	4000	261.200000000001
652	66.0	4000	261.200000000001
653	65.9	4000	261.200000000001
654	65.9	4000	299.200000000001
655	65.8	4000	299.200000000001
656	65.7	4000	299.200000000001
657	65.6	4000	299.200000000001
658	65.5	4000	299.200000000001
659	65.4	4000	299.200000000001
660	65.4	4000	337.200000000001
661	65.3	4000	337.200000000001
662	65.2	4000	337.200000000001
663	65.1	4000	337.200000000001
664	65.0	4000	55.0000000000009
665	64.9	4000	55.0000000000009
666	66.0	4000	73.0000000000009
667	65.9	4000	73.0000000000009
668	65.8	4000	73.0000000000009
669	65.7	4000	73.0000000000009
670	65.6	4000	73.0000000000009
671	65.5	4000	73.0000000000009
672	66.6	4000	111.000000000001
673	66.5	4000	111.000000000001
674	66.4	4000	111.000000000001
675	66.3	4000	111.000000000001
676	66.2	4000	111.000000000001
677	66.1	4000	111.000000000001
678	66.0	4000	149.000000000001
679	65.9	4000	149.000000000001
680	65.8	4000	149.000000000001
681	65.8	4000	149.000000000001
682	65.7	4000	149.000000000001
683	65.6	4000	149.000000000001
684	65.5	4000	187.000000000001
685	65.4	4000	187.000000000001
686	65.4	4000	187.000000000001
687	65.3	4000	187.000000000001
688	65.2	4000	187.000000000001
689	65.1	4000	187.000000000001
690	65.1	4000	225.000000000001
691	65.0	4000	225.000000000001
692	64.9	4000	225.000000000001
693	64.8	4000	225.000000000001
694	64.7	4000	225.000000000001
695	64.6	4000	225.000000000001
696	64.6	4000	263.000000000001
697	64.5	4000	263.000000000001
698	64.4	4000	263.000000000001
699	64.3	4000	263.000000000001
700	64.2	4000	263.000000000001
701	64.1	4000	263.000000000001
702	64.1	4000	301.000000000001
703	64.0	4000	301.000000000001
704	63.9	4000	301.000000000001
705	63.8	4000	301.000000000001
706	63.7	4000	301.000000000001
707	63.6	4000	301.000000000001
708	63.6	4000	339.000000000001
709	63.5	4000	339.000000000001
710	63.5	4000	339.000000000001
711	63.4	4000	339.000000000001
712	63.3	4000	56.8000000000009
713	63.2	4000	56.8000000000009
714	64.2	4000	74.8000000000009
715	64.1	4000	74.8000000000009
716	64.0	4000	74.8000000000009
717	63.9	4000	74.8000000000009
718	63.8	4000	74.8000000000009
719	63.8	4000	74.8000000000009
720	64.8	4000	112.800000000001
721	64.7	4000	112.800000000001
722	64.6	4000	112.800000000001
723	64.5	4000	112.800000000001
724	64.4	4000	112.800000000001
725	64.3	4000	112.800000000001
726	64.3	4000	150.800000000001
727	64.2	4000	150.800000000001
728	64.1	4000	150.800000000001
729	64.0	4000	150.800000000001
730	64.0	4000	150.800000000001
731	63.9	4000	150.800000000001
732	63.9	4000	188.800000000001
733	63.8	4000	188.800000000001
734	63.7	4000	188.800000000001
735	63.6	4000	188.800000000001
736	63.5	4000	188.800000000001
737	63.4	4000	188.800000000001
738	63.4	4000	226.800000000001
739	63.3	4000	226.800000000001
740	63.2	4000	226.800000000001
741	63.2	4000	226.800000000001
742	63.1	4000	226.800000000001
743	63.0	4000	226.800000000001
744	63.0	4000	264.800000000001
745	62.9	4000	264.800000000001
746	62.8	4000	264.800000000001
747	62.7	4000	264.800000000001
748	62.6	4000	264.800000000001
749	62.6	4000	264.800000000001
750	62.5	4000	302.800000000001
751	62.5	4000	302.800000000001
752	62.4	4000	302.800000000001
753	62.3	4000	302.800000000001
754	62.2	4000	302.800000000001
755	62.1	4000	302.800000000001
756	62.0	4000	320.800000000001
757	62.0	4000	320.800000000001
758	61.9	4000	320.800000000001
759	61.8	4000	320.800000000001
760	61.7	4000	320.800000000001
761	61.6	4000	320.800000000001
762	61.6	4000	358.800000000001
763	61.6	4000	358.800000000001
764	61.5	4000	358.800000000001
765	61.4	4000	358.800000000001
766	61.3	4000	358.800000000001
767	61.2	4000	61.3000000000009
768	61.4	4000	79.3000000000009
769	61.3	4000	79.3000000000009
770	61.2	4000	79.3000000000009
771	61.2	4000	79.3000000000009
772	61.1	4000	79.3000000000009
773	61.0	4000	79.3000000000009
774	61.2	4000	117.300000000001
775	61.1	4000	117.300000000001
776	61.0	4000	117.300000000001
777	61.0	4000	117.300000000001
778	60.9	4000	117.300000000001
779	60.8	4000	117.300000000001
780	61.0	4000	155.300000000001
781	60.9	4000	155.300000000001
782	60.8	4000	155.300000000001
783	60.7	4000	155.300000000001
784	60.7	4000	155.300000000001
785	60.6	4000	155.300000000001
786	60.8	4000	193.300000000001
787	60.7	4000	193.300000000001
788	60.6	4000	193.300000000001
789	60.5	4000	193.300000000001
790	60.4	4000	193.300000000001
791	60.4	4000	193.300000000001
792	60.5	4000	231.300000000001
793	60.5	4000	231.300000000001
794	60.4	4000	231.300000000001
795	60.3	4000	231.300000000001
796	60.2	4000	231.300000000001
797	60.2	4000	231.300000000001
798	60.3	4000	269.300000000001
799	60.3	4000	269.300000000001
800	60.2	4000	269.300000000001
801	60.1	4000	269.300000000001
802	60.0	4000	269.300000000001
803	60.0	4000	269.300000000001
804	60.1	4000	307.300000000001
805	60.1	4000	307.300000000001
806	60.0	4000	307.300000000001
807	59.9	4000	307.300000000001
808	59.8	4000	307.300000000001
809	59.8	4000	307.300000000001
810	59.9	4000	345.300000000001
811	59.9	4000	345.300000000001
812	59.8	4000	345.300000000001
813	59.7	4000	345.300000000001
814	59.6	4000	63.1000000000009
815	59.6	4000	63.1000000000009
816	60.6	4000	81.1000000000009
817	60.6	4000	81.1000000000009
818	60.5	4000	81.1000000000009
819	60.4	4000	81.1000000000009
820	60.3	4000	81.1000000000009
821	60.3	4000	81.1000000000009
822	61.3	4000	119.100000000001
823	61.3	4000	119.100000000001
824	61.2	4000	119.100000000001
825	61.1	4000	119.100000000001
826	61.0	4000	119.100000000001
827	61.0	4000	119.100000000001
828	61.1	4000	157.100000000001
829	61.1	4000	157.100000000001
830	61.0	4000	157.100000000001
831	60.9	4000	157.100000000001
832	60.8	4000	157.100000000001
833	60.8	4000	157.100000000001
834	60.8	4000	195.100000000001
835	60.7	4000	195.100000000001
836	60.6	4000	195.100000000001
837	60.5	4000	195.100000000001
838	60.5	4000	195.100000000001
839	60.4	4000	195.100000000001
840	60.4	4000	233.100000000001
841	60.3	4000	233.100000000001
842	60.2	4000	233.100000000001
843	60.2	4000	233.100000000001
844	60.1	4000	233.100000000001
845	60.0	4000	233.100000000001
846	60.0	4000	271.100000000001
847	59.9	4000	271.100000000001
848	59.9	4000	271.100000000001
849	59.8	4000	271.100000000001
850	59.7	4000	271.100000000001
851	59.7	4000	271.100000000001
852	59.7	4000	309.100000000001
853	59.6	4000	309.100000000001
854	59.5	4000	309.100000000001
855	59.5	4000	309.100000000001
856	59.4	4000	309.100000000001
857	59.3	4000	309.100000000001
858	59.3	4000	347.100000000001
859	59.2	4000	347.100000000001
860	59.2	4000	347.100000000001
861	59.1	4000	347.100000000001
862	59.0	4000	64.9000000000009
863	59.0	4000	64.9000000000009
864	59.8	4000	82.9000000000009
865	59.7	4000	82.9000000000009
866	59.7	4000	82.9000000000009
867	59.6	4000	82.9000000000009
868	59.5	4000	82.9000000000009
869	59.5	4000	82.9000000000009
870	60.3	4000	120.900000000001
871	60.2	4000	120.900000000001
872	60.2	4000	120.900000000001
873	60.1	4000	120.900000000001
874	60.0	4000	120.900000000001
875	60.0	4000	120.900000000001
876	60.0	4000	158.900000000001
877	59.9	4000	158.900000000001
878	59.8	4000	158.900000000001
879	59.8	4000	158.900000000001
880	59.7	4000	158.900000000001
881	59.6	4000	158.900000000001
882	59.6	4000	196.900000000001
883	59.5	4000	196.900000000001
884	59.5	4000	196.900000000001
885	59.4	4000	196.900000000001
886	59.3	4000	196.900000000001
887	59.3	4000	196.900000000001
888	59.3	4000	234.900000000001
889	59.2	4000	234.900000000001
890	59.1	4000	234.900000000001
891	59.1	4000	234.900000000001
892	59.0	4000	234.900000000001
893	58.9	4000	234.900000000001
894	58.9	4000	272.900000000001
895	58.9	4000	272.900000000001
896	58.8	4000	272.900000000001
897	58.7	4000	272.900000000001
898	58.7	4000	272.900000000001
899	58.6	4000	272.900000000001
900	58.6	4000	310.900000000001
901	58.5	4000	310.900000000001
902	58.5	4000	310.900000000001
903	58.4	4000	310.900000000001
904	58.3	4000	310.900000000001
905	58.3	4000	310.900000000001
906	58.3	4000	348.900000000001
907	58.2	4000	348.900000000001
908	58.1	4000	348.900000000001
909	58.1	4000	348.900000000001
910	58.0	4000	66.700000000001
911	58.0	4000	66.700000000001
912	58.8	4000	84.700000000001
913	58.7	4000	84.700000000001
914	58.6	4000	84.700000000001
915	58.6	4000	84.700000000001
916	58.5	4000	84.700000000001
917	58.4	4000	84.700000000001
918	59.2	4000	122.700000000001
919	59.2	4000	122.700000000001
920	59.1	4000	122.700000000001
921	59.0	4000	122.700000000001
922	59.0	4000	122.700000000001
923	58.9	4000	122.700000000001
924	58.9	4000	160.700000000001
925	58.8	4000	160.700000000001
926	58.8	4000	160.700000000001
927	58.7	4000	160.700000000001
928	58.7	4000	160.700000000001
929	58.6	4000	160.700000000001
930	58.6	4000	198.700000000001
931	58.5	4000	198.700000000001
932	58.5	4000	198.700000000001
933	58.4	4000	198.700000000001
934	58.3	4000	198.700000000001
935	58.3	4000	198.700000000001
936	58.3	4000	236.700000000001
937	58.2	4000	236.700000000001
938	58.1	4000	236.700000000001
939	58.1	4000	236.700000000001
940	58.0	4000	236.700000000001
941	58.0	4000	236.700000000001
942	57.9	4000	254.700000000001
943	57.8	4000	254.700000000001
944	57.8	4000	254.700000000001
945	57.7	4000	254.700000000001
946	57.7	4000	254.700000000001
947	57.6	4000	254.700000000001
948	57.6	4000	292.700000000001
949	57.5	4000	292.700000000001
950	57.5	4000	292.700000000001
951	57.4	4000	292.700000000001
952	57.3	4000	292.700000000001
953	57.3	4000	292.700000000001
954	57.3	4000	330.700000000001
955	57.2	4000	330.700000000001
956	57.2	4000	330.700000000001
957	57.1	4000	330.700000000001
958	57.0	4000	330.700000000001
959	57.0	4000	330.700000000001
960	57.0	4000	368.700000000001
961	56.9	4000	368.700000000001
962	56.9	4000	368.700000000001
963	56.8	4000	368.700000000001
964	56.7	4000	368.700000000001
965	56.7	4000	71.200000000001
966	56.8	4000	89.200000000001
967	56.8	4000	89.200000000001
968	56.7	4000	89.200000000001
969	56.7	4000	89.200000000001
970	56.6	4000	89.200000000001
971	56.5	4000	89.200000000001
972	56.7	4000	127.200000000001
973	56.6	4000	127.200000000001
974	56.6	4000	127.200000000001
975	56.5	4000	127.200000000001
976	56.5	4000	127.200000000001
977	56.4	4000	127.200000000001
978	56.5	4000	165.200000000001
979	56.5	4000	165.200000000001
980	56.4	4000	165.200000000001
981	56.4	4000	165.200000000001
982	56.3	4000	165.200000000001
983	56.3	4000	165.200000000001
984	56.4	4000	203.200000000001
985	56.3	4000	203.200000000001
986	56.3	4000	203.200000000001
987	56.2	4000	203.200000000001
988	56.2	4000	203.200000000001
989	56.1	4000	203.200000000001
990	56.3	4000	241.200000000001
991	56.2	4000	241.200000000001
992	56.1	4000	241.200000000001
993	56.1	4000	241.200000000001
994	56.0	4000	241.200000000001
995	56.0	4000	241.200000000001
996	56.1	4000	279.200000000001
997	56.1	4000	279.200000000001
998	56.0	4000	279.200000000001
999	55.9	4000	279.200000000001
1000	55.9	4000	279.200000000001
1001	55.8	4000	279.200000000001
1002	56.0	4000	317.200000000001
1003	55.9	4000	317.200000000001
1004	55.9	4000	317.200000000001
1005	55.8	4000	317.200000000001
1006	55.8	4000	317.200000000001
1007	55.7	4000	317.200000000001
1008	55.8	4000	355.200000000001
1009	55.8	4000	355.200000000001
1010	55.7	4000	355.200000000001
1011	55.7	4000	355.200000000001
1012	55.6	4000	73.000000000001
1013	55.6	4000	73.000000000001
1014	56.4	4000	91.000000000001
1015	56.4	4000	91.000000000001
1016	56.3	4000	91.000000000001
1017	56.3	4000	91.000000000001
1018	56.2	4000	91.000000000001
1019	56.2	4000	91.000000000001
1020	57.0	4000	129.000000000001
1021	57.0	4000	129.000000000001
1022	56.9	4000	129.000000000001
1023	56.8	4000	129.000000000001
1024	56.8	4000	129.000000000001
1025	56.7	4000	129.000000000001
1026	56.9	4000	167.000000000001
1027	56.8	4000	167.000000000001
1028	56.8	4000	167.000000000001
1029	56.7	4000	167.000000000001
1030	56.7	4000	167.000000000001
1031	56.6	4000	167.000000000001
1032	56.6	4000	205.000000000001
1033	56.5	4000	205.000000000001
1034	56.5	4000	205.000000000001
1035	56.4	4000	205.000000000001
1036	56.4	4000	205.000000000001
1037	56.3	4000	205.000000000001
1038	56.3	4000	243.000000000001
1039	56.3	4000	243.000000000001
1040	56.2	4000	243.000000000001
1041	56.2	4000	243.000000000001
1042	56.1	4000	243.000000000001
1043	56.1	4000	243.000000000001
1044	56.1	4000	281.000000000001
1045	56.0	4000	281.000000000001
1046	55.9	4000	281.000000000001
1047	55.9	4000	281.000000000001
1048	55.8	4000	281.000000000001
1049	55.8	4000	281.000000000001
1050	55.8	4000	319.000000000001
1051	55.7	4000	319.000000000001
1052	55.7	4000	319.000000000001
1053	55.6	4000	319.000000000001
1054	55.6	4000	319.000000000001
1055	55.5	4000	319.000000000001
1056	55.5	4000	357.000000000001
1057	55.5	4000	357.000000000001
1058	55.4	4000	357.000000000001
1059	55.4	4000	357.000000000001
1060	55.3	4000	357.000000000001
1061	55.3	4000	59.500000000001
1062	55.4	4000	77.500000000001
1063	55.3	4000	77.500000000001
1064	55.3	4000	77.500000000001
1065	55.2	4000	77.500000000001
1066	55.2	4000	77.500000000001
1067	55.1	4000	77.500000000001
1068	55.3	4000	115.500000000001
1069	55.2	4000	115.500000000001
1070	55.2	4000	115.500000000001
1071	55.1	4000	115.500000000001
1072	55.1	4000	115.500000000001
1073	55.0	4000	115.500000000001
1074	55.1	4000	153.500000000001
1075	55.1	4000	153.500000000001
1076	55.0	4000	153.500000000001
1077	55.0	4000	153.500000000001
1078	54.9	4000	153.500000000001
1079	54.9	4000	153.500000000001
1080	55.0	4000	191.500000000001
1081	55.0	4000	191.500000000001
1082	54.9	4000	191.500000000001
1083	54.9	4000	191.500000000001
1084	54.8	4000	191.500000000001
1085	54.8	4000	191.500000000001
1086	54.9	4000	229.500000000001
1087	54.8	4000	229.500000000001
1088	54.8	4000	229.500000000001
1089	54.7	4000	229.500000000001
1090	54.7	4000	229.500000000001
1091	54.6	4000	229.500000000001
1092	54.8	4000	267.500000000001
1093	54.7	4000	267.500000000001
1094	54.7	4000	267.500000000001
1095	54.6	4000	267.500000000001
1096	54.6	4000	267.500000000001
1097	54.5	4000	267.500000000001
1098	54.7	4000	305.500000000001
1099	54.6	4000	305.500000000001
1100	54.6	4000	305.500000000001
1101	54.5	4000	305.500000000001
1102	54.5	4000	305.500000000001
1103	54.4	4000	305.500000000001
1104	54.5	4000	343.500000000001
1105	54.5	4000	343.500000000001
1106	54.4	4000	343.500000000001
1107	54.4	4000	343.500000000001
1108	54.3	4000	61.300000000001
1109	54.3	4000	61.300000000001
1110	55.1	4000	79.300000000001
1111	55.0	4000	79.300000000001
1112	55.0	4000	79.300000000001
1113	54.9	4000	79.300000000001
1114	54.9	4000	79.300000000001
1115	54.8	4000	79.300000000001
1116	55.6	4000	117.300000000001
1117	55.6	4000	117.300000000001
1118	55.5	4000	117.300000000001
1119	55.5	4000	117.300000000001
1120	55.4	4000	117.300000000001
1121	55.4	4000	117.300000000001
1122	55.5	4000	155.300000000001
1123	55.5	4000	155.300000000001
1124	55.4	4000	155.300000000001
1125	55.4	4000	155.300000000001
1126	55.3	4000	155.300000000001
1127	55.3	4000	155.300000000001
1128	55.2	4000	173.300000000001
1129	55.2	4000	173.300000000001
1130	55.1	4000	173.300000000001
1131	55.1	4000	173.300000000001
1132	55.0	4000	173.300000000001
1133	55.0	4000	173.300000000001
1134	55.0	4000	211.300000000001
1135	54.9	4000	211.300000000001
1136	54.9	4000	211.300000000001
1137	54.8	4000	211.300000000001
1138	54.8	4000	211.300000000001
1139	54.7	4000	211.300000000001
1140	54.7	4000	249.300000000001
1141	54.7	4000	249.300000000001
1142	54.6	4000	249.300000000001
1143	54.6	4000	249.300000000001
1144	54.5	4000	249.300000000001
1145	54.5	4000	249.300000000001
1146	54.5	4000	287.300000000001
1147	54.4	4000	287.300000000001
1148	54.4	4000	287.300000000001
1149	54.3	4000	287.300000000001
1150	54.3	4000	287.300000000001
1151	54.3	4000	287.300000000001
1152	54.3	4000	325.300000000001
1153	54.2	4000	325.300000000001
1154	54.2	4000	325.300000000001
1155	54.1	4000	325.300000000001
1156	54.1	4000	325.300000000001
1157	54.0	4000	325.300000000001
1158	54.0	4000	363.300000000001
1159	54.0	4000	363.300000000001
1160	53.9	4000	363.300000000001
1161	53.9	4000	363.300000000001
1162	53.8	4000	363.300000000001
1163	53.8	4000	65.800000000001
1164	53.9	4000	83.800000000001
1165	53.9	4000	83.800000000001
1166	53.8	4000	83.800000000001
1167	53.8	4000	83.800000000001
1168	53.7	4000	83.800000000001
1169	53.7	4000	83.800000000001
1170	53.8	4000	121.800000000001
1171	53.8	4000	121.800000000001
1172	53.7	4000	121.800000000001
1173	53.7	4000	121.800000000001
1174	53.6	4000	121.800000000001
1175	53.6	4000	121.800000000001
1176	53.7	4000	159.800000000001
1177	53.6	4000	159.800000000001
1178	53.6	4000	159.800000000001
1179	53.6	4000	159.800000000001
1180	53.5	4000	159.800000000001
1181	53.5	4000	159.800000000001
1182	53.6	4000	197.800000000001
1183	53.5	4000	197.800000000001
1184	53.5	4000	197.800000000001
1185	53.5	4000	197.800000000001
1186	53.4	4000	197.800000000001
1187	53.4	4000	197.800000000001
1188	53.5	4000	235.800000000001
1189	53.4	4000	235.800000000001
1190	53.4	4000	235.800000000001
1191	53.4	4000	235.800000000001
1192	53.3	4000	235.800000000001
1193	53.3	4000	235.800000000001
1194	53.4	4000	273.800000000001
1195	53.3	4000	273.800000000001
1196	53.3	4000	273.800000000001
1197	53.2	4000	273.800000000001
1198	53.2	4000	273.800000000001
1199	53.2	4000	273.800000000001
1200	53.3	4000	311.800000000001
