L 2302.9109, 0, 0, -3757.0872, 0, 0, 140, 140, 140
L  0,2243.1624, 0, 0, -3856.0886, 0, 140, 140, 140
L 1000, 2243.1624, 0, 1000, -3856.0886, 0, 220, 220, 220
L 2000, 2243.1624, 0, 2000, -3856.0886, 0, 220, 220, 220
L -1000, 2243.1624, 0, -1000, -3856.0886, 0, 220, 220, 220
L -2000, 2243.1624, 0, -2000, -3856.0886, 0, 220, 220, 220
L -3000, 2243.1624, 0, -3000, -3856.0886, 0, 220, 220, 220
L 2302.9109, 1000, 0, -3757.0872, 1000, 0, 220, 220, 220
L 2302.9109, 2000, 0, -3757.0872, 2000, 0, 220, 220, 220
L 2302.9109, -1000, 0, -3757.0872, -1000, 0, 220, 220, 220
L 2302.9109, -2000, 0, -3757.0872, -2000, 0, 220, 220, 220
L 2302.9109, -3000, 0, -3757.0872, -3000, 0, 220, 220, 220
P 2312.9109, 5, 0, 0, 0, 0, 3, 0
P 5,2253.1624, 0, 0, 0, 0, 3, 0
P 1005,2253.1624, 0, 0, 0, 0, 3, 1000
P 2005,2253.1624, 0, 0, 0, 0, 3, 2000
P -995,2253.1624, 0, 0, 0, 0, 3, -1000
P -1995,2253.1624, 0, 0, 0, 0, 3, -2000
P -2995,2253.1624, 0, 0, 0, 0, 3, -3000
P 2312.9109, 1005, 0, 0, 0, 0, 3, 1000
P 2312.9109, 2005, 0, 0, 0, 0, 3, 2000
P 2312.9109, -995, 0, 0, 0, 0, 3, -1000
P 2312.9109, -1995, 0, 0, 0, 0, 3, -2000
P 2312.9109, -2995, 0, 0, 0, 0, 3, -3000
