L 2107.9448, 0, 0, -2402.2512, 0, 0, 140, 140, 140
L  0,4847.9219, 0, 0, -2092.3811, 0, 140, 140, 140
L 500, 4847.9219, 0, 500, -2092.3811, 0, 220, 220, 220
L 1000, 4847.9219, 0, 1000, -2092.3811, 0, 220, 220, 220
L 1500, 4847.9219, 0, 1500, -2092.3811, 0, 220, 220, 220
L 2000, 4847.9219, 0, 2000, -2092.3811, 0, 220, 220, 220
L -500, 4847.9219, 0, -500, -2092.3811, 0, 220, 220, 220
L -1000, 4847.9219, 0, -1000, -2092.3811, 0, 220, 220, 220
L -1500, 4847.9219, 0, -1500, -2092.3811, 0, 220, 220, 220
L -2000, 4847.9219, 0, -2000, -2092.3811, 0, 220, 220, 220
L 2107.9448, 500, 0, -2402.2512, 500, 0, 220, 220, 220
L 2107.9448, 1000, 0, -2402.2512, 1000, 0, 220, 220, 220
L 2107.9448, 1500, 0, -2402.2512, 1500, 0, 220, 220, 220
L 2107.9448, 2000, 0, -2402.2512, 2000, 0, 220, 220, 220
L 2107.9448, 2500, 0, -2402.2512, 2500, 0, 220, 220, 220
L 2107.9448, 3000, 0, -2402.2512, 3000, 0, 220, 220, 220
L 2107.9448, 3500, 0, -2402.2512, 3500, 0, 220, 220, 220
L 2107.9448, 4000, 0, -2402.2512, 4000, 0, 220, 220, 220
L 2107.9448, 4500, 0, -2402.2512, 4500, 0, 220, 220, 220
L 2107.9448, -500, 0, -2402.2512, -500, 0, 220, 220, 220
L 2107.9448, -1000, 0, -2402.2512, -1000, 0, 220, 220, 220
L 2107.9448, -1500, 0, -2402.2512, -1500, 0, 220, 220, 220
L 2107.9448, -2000, 0, -2402.2512, -2000, 0, 220, 220, 220
P 2117.9448, 5, 0, 0, 0, 0, 3, 0
P 5,4857.9219, 0, 0, 0, 0, 3, 0
P 505,4857.9219, 0, 0, 0, 0, 3, 500
P 1005,4857.9219, 0, 0, 0, 0, 3, 1000
P 1505,4857.9219, 0, 0, 0, 0, 3, 1500
P 2005,4857.9219, 0, 0, 0, 0, 3, 2000
P -495,4857.9219, 0, 0, 0, 0, 3, -500
P -995,4857.9219, 0, 0, 0, 0, 3, -1000
P -1495,4857.9219, 0, 0, 0, 0, 3, -1500
P -1995,4857.9219, 0, 0, 0, 0, 3, -2000
P 2117.9448, 505, 0, 0, 0, 0, 3, 500
P 2117.9448, 1005, 0, 0, 0, 0, 3, 1000
P 2117.9448, 1505, 0, 0, 0, 0, 3, 1500
P 2117.9448, 2005, 0, 0, 0, 0, 3, 2000
P 2117.9448, 2505, 0, 0, 0, 0, 3, 2500
P 2117.9448, 3005, 0, 0, 0, 0, 3, 3000
P 2117.9448, 3505, 0, 0, 0, 0, 3, 3500
P 2117.9448, 4005, 0, 0, 0, 0, 3, 4000
P 2117.9448, 4505, 0, 0, 0, 0, 3, 4500
P 2117.9448, -495, 0, 0, 0, 0, 3, -500
P 2117.9448, -995, 0, 0, 0, 0, 3, -1000
P 2117.9448, -1495, 0, 0, 0, 0, 3, -1500
P 2117.9448, -1995, 0, 0, 0, 0, 3, -2000
