L 508, 1930, -365, 508, 1930, -36, 153, 153, 153
L 508, 1930, -36, 547, 1930, -36, 153, 153, 153
L 547, 1930, -36, 547, 1959, -36, 153, 153, 153
L 547, 1959, -36, 567, 1979, -36, 153, 153, 153
L 567, 1979, -36, 597, 1980, -36, 153, 153, 153
L 597, 1980, -36, 597, 2076, -36, 153, 153, 153
L 597, 2076, -36, 567, 2077, -36, 153, 153, 153
L 567, 2077, -36, 547, 2098, -36, 153, 153, 153
L 547, 2098, -36, 547, 2126, -36, 153, 153, 153
L 547, 2126, -36, 451, 2126, -36, 153, 153, 153
L 451, 2126, -36, 450, 2097, -36, 153, 153, 153
L 450, 2097, -36, 430, 2077, -36, 153, 153, 153
L 430, 2077, -36, 401, 2076, -36, 153, 153, 153
L 401, 2076, -36, 401, 1980, -36, 153, 153, 153
L 401, 1980, -36, 430, 1980, -36, 153, 153, 153
L 430, 1980, -36, 450, 1960, -36, 153, 153, 153
L 450, 1960, -36, 451, 1930, -36, 153, 153, 153
L 451, 1930, -36, 489, 1930, -36, 153, 153, 153
L 490, 1930, -365, 490, 1930, -36, 153, 153, 153
L 490, 1930, -36, 490, 1877, -36, 153, 153, 153
L 490, 1877, -36, 441, 1876, -36, 153, 153, 153
L 441, 1876, -36, 441, 1750, -36, 153, 153, 153
L 441, 1750, -36, 471, 1750, -36, 153, 153, 153
L 471, 1750, -36, 471, 1846, -36, 153, 153, 153
L 471, 1846, -36, 467, 1847, -36, 153, 153, 153
L 467, 1847, -36, 466, 1860, -36, 153, 153, 153
L 466, 1860, -36, 480, 1860, -36, 153, 153, 153
L 508, 1930, -365, 508, 1930, -36, 153, 153, 153
L 508, 1930, -36, 508, 1875, -36, 153, 153, 153
L 508, 1875, -36, 557, 1876, -36, 153, 153, 153
L 557, 1876, -36, 557, 1750, -36, 153, 153, 153
L 557, 1750, -36, 527, 1750, -36, 153, 153, 153
L 527, 1750, -36, 527, 1846, -36, 153, 153, 153
L 527, 1846, -36, 531, 1848, -36, 153, 153, 153
L 531, 1848, -36, 530, 1860, -36, 153, 153, 153
L 530, 1860, -36, 517, 1859, -36, 153, 153, 153
L 481, 1859, -365, 481, 1859, -36, 153, 153, 153
L 481, 1859, -36, 481, 1738, 3, 153, 153, 153
L 517, 1860, -365, 517, 1860, -36, 153, 153, 153
L 517, 1860, -36, 517, 1738, 3, 153, 153, 153
L 467, 1739, 34, 467, 1739, 3, 153, 153, 153
L 467, 1739, 3, 467, 1748, 3, 153, 153, 153
L 467, 1748, 3, 441, 1748, 3, 153, 153, 153
L 441, 1748, 3, 441, 1719, 3, 153, 153, 153
L 441, 1719, 3, 447, 1712, 3, 153, 153, 153
L 447, 1712, 3, 447, 1704, 3, 153, 153, 153
L 447, 1704, 3, 441, 1698, 3, 153, 153, 153
L 441, 1698, 3, 441, 1619, 3, 153, 153, 153
L 441, 1619, 3, 447, 1613, 3, 153, 153, 153
L 447, 1613, 3, 447, 1604, 3, 153, 153, 153
L 447, 1604, 3, 441, 1598, 3, 153, 153, 153
L 441, 1598, 3, 441, 1519, 3, 153, 153, 153
L 441, 1519, 3, 447, 1513, 3, 153, 153, 153
L 447, 1513, 3, 447, 1503, 3, 153, 153, 153
L 447, 1503, 3, 441, 1498, 3, 153, 153, 153
L 441, 1498, 3, 441, 1419, 3, 153, 153, 153
L 441, 1419, 3, 446, 1413, 3, 153, 153, 153
L 446, 1413, 3, 447, 1404, 3, 153, 153, 153
L 447, 1404, 3, 440, 1397, 3, 153, 153, 153
L 440, 1397, 3, 431, 1397, 3, 153, 153, 153
L 431, 1397, 3, 431, 1380, 3, 153, 153, 153
L 431, 1380, 3, 467, 1380, 3, 153, 153, 153
L 467, 1380, 3, 467, 1738, 3, 153, 153, 153
L 517, 1849, -347, 517, 1849, -34, 255, 255, 0
L 517, 1849, -34, 481, 1848, -34, 255, 255, 0
L 481, 1838, -304, 481, 1838, -30, 255, 255, 0
L 481, 1838, -30, 517, 1838, -30, 255, 255, 0
L 517, 1829, -266, 517, 1829, -26, 255, 255, 0
L 517, 1829, -26, 481, 1828, -26, 255, 255, 0
L 481, 1818, -226, 481, 1818, -22, 255, 255, 0
L 481, 1818, -22, 517, 1819, -22, 255, 255, 0
L 517, 1809, -186, 517, 1809, -18, 255, 255, 0
L 517, 1809, -18, 481, 1808, -18, 255, 255, 0
L 481, 1798, -145, 481, 1798, -14, 255, 255, 0
L 481, 1798, -14, 517, 1799, -14, 255, 255, 0
L 517, 1789, -107, 517, 1789, -10, 255, 255, 0
L 517, 1789, -10, 481, 1789, -10, 255, 255, 0
L 481, 1778, -66, 481, 1778, -6, 255, 255, 0
L 481, 1778, -6, 517, 1778, -6, 255, 255, 0
L 517, 1769, -29, 517, 1769, -2, 255, 255, 0
L 517, 1769, -2, 481, 1768, -2, 255, 255, 0
L 481, 1758, 13, 481, 1758, 1, 255, 255, 0
L 481, 1758, 1, 517, 1758, 1, 255, 255, 0
L 481, 1738, 34, 481, 1738, 3, 153, 153, 153
L 481, 1738, 3, 481, 1388, 3, 153, 153, 153
L 481, 1388, 3, 480, 1357, 3, 153, 153, 153
L 480, 1357, 3, 451, 1357, 3, 153, 153, 153
L 451, 1357, 3, 450, 1277, 3, 153, 153, 153
L 517, 1738, 34, 517, 1738, 3, 153, 153, 153
L 517, 1738, 3, 517, 1358, 3, 153, 153, 153
L 517, 1358, 3, 547, 1357, 3, 153, 153, 153
L 547, 1357, 3, 547, 1277, 3, 153, 153, 153
L 468, 1340, 34, 468, 1340, 3, 153, 153, 153
L 468, 1340, 3, 531, 1339, 3, 153, 153, 153
L 531, 1339, 3, 529, 1317, 3, 153, 153, 153
L 529, 1317, 3, 468, 1317, 3, 153, 153, 153
L 468, 1317, 3, 467, 1339, 3, 153, 153, 153
L 450, 1277, 34, 450, 1277, 3, 153, 153, 153
L 450, 1277, 3, 420, 1277, -6, 153, 153, 153
L 420, 1277, -6, 410, 1267, -6, 153, 153, 153
L 410, 1267, -6, 410, 1193, -36, 153, 153, 153
L 410, 1193, -36, 403, 1193, -36, 153, 153, 153
L 403, 1193, -36, 403, 1260, -36, 153, 153, 153
L 403, 1260, -36, 379, 1237, -36, 153, 153, 153
L 379, 1237, -36, 367, 1248, -36, 153, 153, 153
L 367, 1248, -36, 367, 1287, -36, 153, 153, 153
L 367, 1287, -36, 251, 1287, -36, 153, 153, 153
L 251, 1287, -36, 241, 1277, -46, 153, 153, 153
L 241, 1277, -46, 239, 1267, -36, 153, 153, 153
L 239, 1267, -36, 201, 1267, -36, 153, 153, 153
L 201, 1267, -36, 201, 1230, -36, 153, 153, 153
L 201, 1230, -36, 241, 1229, -46, 153, 153, 153
L 241, 1229, -46, 241, 1220, -46, 153, 153, 153
L 241, 1220, -46, 251, 1210, -36, 153, 153, 153
L 251, 1210, -36, 331, 1210, -36, 153, 153, 153
L 331, 1210, -36, 341, 1198, -36, 153, 153, 153
L 341, 1198, -36, 301, 1158, -36, 153, 153, 153
L 301, 1158, -36, 301, 999, -36, 153, 153, 153
L 301, 999, -36, 341, 958, -36, 153, 153, 153
L 341, 958, -36, 330, 947, -36, 153, 153, 153
L 330, 947, -36, 251, 947, -36, 153, 153, 153
L 251, 947, -36, 241, 937, -46, 153, 153, 153
L 241, 937, -46, 239, 927, -36, 153, 153, 153
L 239, 927, -36, 201, 927, -36, 153, 153, 153
L 201, 927, -36, 201, 891, -36, 153, 153, 153
L 201, 891, -36, 239, 891, -36, 153, 153, 153
L 239, 891, -36, 241, 881, -46, 153, 153, 153
L 241, 881, -46, 249, 881, -46, 153, 153, 153
L 249, 881, -46, 251, 871, -36, 153, 153, 153
L 251, 871, -36, 363, 871, -36, 153, 153, 153
L 363, 871, -36, 367, 909, -36, 153, 153, 153
L 367, 909, -36, 379, 921, -36, 153, 153, 153
L 379, 921, -36, 420, 881, -36, 153, 153, 153
L 420, 881, -36, 578, 881, -36, 153, 153, 153
L 578, 881, -36, 619, 921, -36, 153, 153, 153
L 619, 921, -36, 631, 909, -36, 153, 153, 153
L 631, 909, -36, 631, 871, -36, 153, 153, 153
L 631, 871, -36, 747, 871, -36, 153, 153, 153
L 747, 871, -36, 748, 881, -46, 153, 153, 153
L 748, 881, -46, 757, 881, -46, 153, 153, 153
L 757, 881, -46, 757, 889, -46, 153, 153, 153
L 757, 889, -46, 797, 891, -36, 153, 153, 153
L 797, 891, -36, 797, 927, -36, 153, 153, 153
L 797, 927, -36, 759, 927, -36, 153, 153, 153
L 759, 927, -36, 757, 937, -46, 153, 153, 153
L 757, 937, -46, 749, 937, -46, 153, 153, 153
L 749, 937, -46, 747, 947, -36, 153, 153, 153
L 747, 947, -36, 668, 947, -36, 153, 153, 153
L 668, 947, -36, 657, 959, -36, 153, 153, 153
L 657, 959, -36, 697, 999, -36, 153, 153, 153
L 697, 999, -36, 697, 1158, -36, 153, 153, 153
L 697, 1158, -36, 657, 1199, -36, 153, 153, 153
L 657, 1199, -36, 668, 1210, -36, 153, 153, 153
L 668, 1210, -36, 747, 1210, -36, 153, 153, 153
L 747, 1210, -36, 748, 1220, -46, 153, 153, 153
L 748, 1220, -46, 757, 1220, -46, 153, 153, 153
L 757, 1220, -46, 757, 1228, -46, 153, 153, 153
L 757, 1228, -46, 797, 1230, -36, 153, 153, 153
L 797, 1230, -36, 797, 1267, -36, 153, 153, 153
L 797, 1267, -36, 757, 1269, -46, 153, 153, 153
L 757, 1269, -46, 757, 1277, -46, 153, 153, 153
L 757, 1277, -46, 748, 1277, -46, 153, 153, 153
L 748, 1277, -46, 747, 1287, -36, 153, 153, 153
L 747, 1287, -36, 631, 1287, -36, 153, 153, 153
L 631, 1287, -36, 631, 1249, -36, 153, 153, 153
L 631, 1249, -36, 619, 1236, -36, 153, 153, 153
L 619, 1236, -36, 595, 1260, -36, 153, 153, 153
L 595, 1260, -36, 593, 1192, -36, 153, 153, 153
L 593, 1192, -36, 588, 1191, -36, 153, 153, 153
L 588, 1191, -36, 587, 1267, -6, 153, 153, 153
L 587, 1267, -6, 578, 1277, -6, 153, 153, 153
L 578, 1277, -6, 548, 1277, 3, 153, 153, 153
L 531, 1380, 34, 531, 1380, 3, 153, 153, 153
L 531, 1380, 3, 567, 1380, 3, 153, 153, 153
L 567, 1380, 3, 567, 1397, 3, 153, 153, 153
L 567, 1397, 3, 557, 1397, 3, 153, 153, 153
L 557, 1397, 3, 551, 1404, 3, 153, 153, 153
L 551, 1404, 3, 551, 1413, 3, 153, 153, 153
L 551, 1413, 3, 557, 1419, 3, 153, 153, 153
L 557, 1419, 3, 557, 1498, 3, 153, 153, 153
L 557, 1498, 3, 551, 1504, 3, 153, 153, 153
L 551, 1504, 3, 552, 1514, 3, 153, 153, 153
L 552, 1514, 3, 557, 1519, 3, 153, 153, 153
L 557, 1519, 3, 557, 1598, 3, 153, 153, 153
L 557, 1598, 3, 551, 1604, 3, 153, 153, 153
L 551, 1604, 3, 551, 1613, 3, 153, 153, 153
L 551, 1613, 3, 557, 1619, 3, 153, 153, 153
L 557, 1619, 3, 557, 1698, 3, 153, 153, 153
L 557, 1698, 3, 551, 1703, 3, 153, 153, 153
L 551, 1703, 3, 551, 1712, 3, 153, 153, 153
L 551, 1712, 3, 557, 1719, 3, 153, 153, 153
L 557, 1719, 3, 557, 1748, 3, 153, 153, 153
L 557, 1748, 3, 531, 1748, 3, 153, 153, 153
L 531, 1748, 3, 531, 1380, 3, 153, 153, 153
L 517, 1279, 34, 517, 1279, 3, 153, 153, 153
L 517, 1279, 3, 530, 1279, 3, 153, 153, 153
L 530, 1279, 3, 530, 1259, 3, 153, 153, 153
L 530, 1259, 3, 550, 1260, 2, 153, 153, 153
L 550, 1260, 2, 571, 1259, -6, 153, 153, 153
L 571, 1259, -6, 570, 1193, -36, 153, 153, 153
L 570, 1193, -36, 564, 1193, -36, 153, 153, 153
L 564, 1193, -36, 563, 1253, -36, 153, 153, 153
L 563, 1253, -36, 523, 1253, -36, 153, 153, 153
L 523, 1253, -36, 523, 1277, -36, 153, 153, 153
L 523, 1277, -36, 475, 1277, -36, 153, 153, 153
L 475, 1277, -36, 474, 1253, -36, 153, 153, 153
L 474, 1253, -36, 435, 1253, -36, 153, 153, 153
L 435, 1253, -36, 434, 1193, -36, 153, 153, 153
L 434, 1193, -36, 427, 1194, -36, 153, 153, 153
L 427, 1194, -36, 428, 1259, -6, 153, 153, 153
L 428, 1259, -6, 450, 1260, 3, 153, 153, 153
L 450, 1260, 3, 467, 1259, 3, 153, 153, 153
L 467, 1259, 3, 467, 1280, 3, 153, 153, 153
L 467, 1280, 3, 480, 1280, 3, 153, 153, 153
L 480, 1280, 34, 480, 1280, 3, 0, 255, 255
L 480, 1280, 3, 480, 1177, 3, 0, 255, 255
L 480, 1177, 3, 400, 1097, 3, 0, 255, 255
L 400, 1097, 3, 298, 1097, 3, 0, 255, 255
L 298, 1097, 3, 298, 1127, 3, 0, 255, 255
L 298, 1127, 3, 261, 1127, 3, 0, 255, 255
L 261, 1127, 3, 260, 1087, 3, 0, 255, 255
L 261, 1070, 34, 261, 1070, 3, 0, 255, 255
L 261, 1070, 3, 261, 1030, 13, 0, 255, 255
L 261, 1030, 13, 298, 1030, 3, 0, 255, 255
L 298, 1030, 3, 298, 1060, 3, 0, 255, 255
L 298, 1060, 3, 400, 1060, 3, 0, 255, 255
L 400, 1060, 3, 480, 980, 3, 0, 255, 255
L 480, 980, 3, 480, 877, 3, 0, 255, 255
L 480, 877, 3, 451, 878, 3, 0, 255, 255
L 451, 878, 3, 451, 841, 13, 0, 255, 255
L 451, 841, 13, 490, 840, 3, 0, 255, 255
L 508, 840, 34, 508, 840, 3, 0, 255, 255
L 508, 840, 3, 547, 841, 3, 0, 255, 255
L 547, 841, 3, 547, 879, 3, 0, 255, 255
L 547, 879, 3, 517, 878, 3, 0, 255, 255
L 517, 878, 3, 517, 980, 3, 0, 255, 255
L 517, 980, 3, 597, 1060, 3, 0, 255, 255
L 597, 1060, 3, 700, 1060, 3, 0, 255, 255
L 700, 1060, 3, 699, 1030, 3, 0, 255, 255
L 699, 1030, 3, 737, 1030, 13, 0, 255, 255
L 737, 1088, 34, 737, 1088, 3, 0, 255, 255
L 737, 1088, 3, 737, 1127, 3, 0, 255, 255
L 737, 1127, 3, 699, 1127, 3, 0, 255, 255
L 699, 1127, 3, 700, 1097, 3, 0, 255, 255
L 700, 1097, 3, 598, 1097, 3, 0, 255, 255
L 598, 1097, 3, 517, 1177, 3, 0, 255, 255
L 517, 1177, 3, 517, 1280, 3, 0, 255, 255
L 737, 1030, 138, 737, 1030, 13, 0, 255, 255
L 737, 1030, 13, 737, 1070, 3, 0, 255, 255
L 561, 1099, 34, 561, 1099, 3, 0, 255, 255
L 561, 1099, 3, 520, 1140, 3, 0, 255, 255
L 520, 1140, 3, 478, 1140, 3, 0, 255, 255
L 478, 1140, 3, 437, 1100, 3, 0, 255, 255
L 437, 1100, 3, 437, 1059, 3, 0, 255, 255
L 437, 1059, 3, 478, 1017, 3, 0, 255, 255
L 478, 1017, 3, 518, 1017, 3, 0, 255, 255
L 518, 1017, 3, 560, 1057, 3, 0, 255, 255
L 560, 1057, 3, 560, 1100, 3, 0, 255, 255
L 509, 1110, 325, 509, 1110, 32, 0, 255, 255
L 509, 1110, 32, 530, 1090, 31, 0, 255, 255
L 530, 1090, 31, 531, 1068, 32, 0, 255, 255
L 531, 1068, 32, 510, 1046, 32, 0, 255, 255
L 510, 1046, 32, 489, 1047, 32, 0, 255, 255
L 489, 1047, 32, 467, 1068, 32, 0, 255, 255
L 467, 1068, 32, 467, 1089, 32, 0, 255, 255
L 467, 1089, 32, 488, 1110, 32, 0, 255, 255
L 488, 1110, 32, 509, 1110, 32, 0, 255, 255
L 261, 1069, 34, 261, 1069, 3, 153, 153, 153
L 261, 1069, 3, 237, 1070, 3, 153, 153, 153
L 237, 1070, 3, 237, 1060, 3, 153, 153, 153
L 237, 1060, 3, 201, 1060, 3, 153, 153, 153
L 201, 1060, 3, 201, 1099, 3, 153, 153, 153
L 201, 1099, 3, 162, 1100, 4, 153, 153, 153
L 162, 1100, 4, 159, 1110, -12, 153, 153, 153
L 159, 1110, -12, 141, 1110, -12, 153, 153, 153
L 260, 1087, 34, 260, 1087, 3, 153, 153, 153
L 260, 1087, 3, 237, 1087, 3, 153, 153, 153
L 237, 1087, 3, 237, 1157, 3, 153, 153, 153
L 237, 1157, 3, 161, 1157, 8, 153, 153, 153
L 161, 1157, 8, 159, 1146, -12, 153, 153, 153
L 159, 1146, -12, 141, 1147, -12, 153, 153, 153
L 199, 1145, 34, 199, 1145, 3, 255, 255, 0
L 199, 1145, 3, 199, 1109, 3, 255, 255, 0
L 194, 1147, 14, 194, 1147, 1, 255, 255, 0
L 194, 1147, 1, 194, 1110, 1, 255, 255, 0
L 189, 1111, -5, 189, 1111, 0, 255, 255, 0
L 189, 1111, 0, 189, 1146, 0, 255, 255, 0
L 184, 1147, -26, 184, 1147, -2, 255, 255, 0
L 184, 1147, -2, 184, 1110, -2, 255, 255, 0
L 179, 1110, -46, 179, 1110, -4, 255, 255, 0
L 179, 1110, -4, 179, 1147, -4, 255, 255, 0
L 174, 1147, -66, 174, 1147, -6, 255, 255, 0
L 174, 1147, -6, 174, 1110, -6, 255, 255, 0
L 169, 1110, -85, 169, 1110, -8, 255, 255, 0
L 169, 1110, -8, 169, 1147, -8, 255, 255, 0
L 164, 1147, -105, 164, 1147, -10, 255, 255, 0
L 164, 1147, -10, 164, 1110, -10, 255, 255, 0
L 199, 1149, 34, 159, 1147, -12, 153, 153, 153
L 159, 1110, -125, 159, 1110, -12, 153, 153, 153
L 159, 1110, -12, 198, 1109, 2, 153, 153, 153
L 737, 1088, 34, 737, 1088, 3, 153, 153, 153
L 737, 1088, 3, 760, 1087, 3, 153, 153, 153
L 760, 1087, 3, 761, 1097, 3, 153, 153, 153
L 761, 1097, 3, 800, 1097, 3, 153, 153, 153
L 800, 1097, 3, 801, 1137, 3, 153, 153, 153
L 738, 1070, 34, 738, 1070, 3, 153, 153, 153
L 738, 1070, 3, 760, 1070, 3, 153, 153, 153
L 760, 1070, 3, 761, 1060, 3, 153, 153, 153
L 761, 1060, 3, 800, 1060, 3, 153, 153, 153
L 800, 1060, 3, 801, 1020, 13, 153, 153, 153
L 857, 1059, 34, 857, 1059, 3, 153, 153, 153
L 857, 1059, 3, 857, 1100, 3, 153, 153, 153
L 520, 1180, -365, 520, 1180, -36, 153, 153, 153
L 520, 1180, -36, 521, 1139, -36, 153, 153, 153
L 521, 1139, -36, 560, 1100, -36, 153, 153, 153
L 560, 1100, -36, 600, 1100, -36, 153, 153, 153
L 600, 1100, -36, 600, 1057, -36, 153, 153, 153
L 600, 1057, -36, 560, 1057, -36, 153, 153, 153
L 560, 1057, -36, 521, 1018, -36, 153, 153, 153
L 521, 1018, -36, 520, 977, -36, 153, 153, 153
L 520, 977, -36, 477, 978, -36, 153, 153, 153
L 477, 978, -36, 477, 1018, -36, 153, 153, 153
L 477, 1018, -36, 438, 1057, -36, 153, 153, 153
L 438, 1057, -36, 397, 1058, -36, 153, 153, 153
L 397, 1058, -36, 397, 1100, -36, 153, 153, 153
L 397, 1100, -36, 438, 1100, -36, 153, 153, 153
L 438, 1100, -36, 477, 1139, -36, 153, 153, 153
L 477, 1139, -36, 477, 1180, -36, 153, 153, 153
L 477, 1180, -36, 520, 1180, -36, 153, 153, 153
L 80, 1142, -265, 80, 1142, -26, 153, 153, 153
L 80, 1142, -26, 71, 1142, -20, 153, 153, 153
L 71, 1142, -20, 71, 1148, -22, 153, 153, 153
L 71, 1148, -22, 80, 1157, -26, 153, 153, 153
L 80, 1157, -26, 137, 1157, -26, 153, 153, 153
L 137, 1157, -26, 137, 1100, -26, 153, 153, 153
L 137, 1100, -26, 80, 1100, -26, 153, 153, 153
L 80, 1100, -26, 71, 1109, -18, 153, 153, 153
L 71, 1109, -18, 71, 1115, -23, 153, 153, 153
L 71, 1115, -23, 81, 1115, -26, 153, 153, 153
L 81, 1115, -26, 80, 1120, -26, 153, 153, 153
L 80, 1120, -26, 58, 1120, -16, 153, 153, 153
L 81, 1141, -265, 81, 1141, -26, 153, 153, 153
L 81, 1141, -26, 81, 1137, -26, 153, 153, 153
L 81, 1137, -26, 57, 1137, -16, 153, 153, 153
L 77, 1121, -246, 77, 1121, -24, 255, 255, 0
L 77, 1121, -24, 77, 1137, -24, 255, 255, 0
L 74, 1137, -225, 74, 1137, -22, 255, 255, 0
L 74, 1137, -22, 75, 1120, -22, 255, 255, 0
L 73, 1120, -206, 73, 1120, -20, 255, 255, 0
L 73, 1120, -20, 73, 1137, -20, 255, 255, 0
L 71, 1137, -186, 71, 1137, -18, 255, 255, 0
L 71, 1137, -18, 71, 1120, -18, 255, 255, 0
L 69, 1120, -165, 69, 1120, -16, 255, 255, 0
L 69, 1120, -16, 69, 1137, -16, 255, 255, 0
L 57, 1118, -165, 57, 1000, -16, 153, 153, 153
L 57, 1000, -16, -20, 1000, -16, 153, 153, 153
L -20, 1000, -16, -32, 989, -16, 153, 153, 153
L -32, 989, -16, -32, 980, -16, 153, 153, 153
L -32, 980, -16, -37, 980, -16, 153, 153, 153
L -37, 980, -16, -37, 968, -16, 153, 153, 153
L -37, 968, -16, -32, 967, -16, 153, 153, 153
L -32, 967, -16, -32, 818, -16, 153, 153, 153
L -32, 818, -16, -2, 817, -16, 153, 153, 153
L -2, 817, -16, -1, 812, -16, 153, 153, 153
L -1, 812, -16, 10, 812, -16, 153, 153, 153
L 10, 812, -16, 11, 818, -16, 153, 153, 153
L 11, 818, -16, 30, 837, -16, 153, 153, 153
L 30, 837, -16, 88, 837, -16, 153, 153, 153
L 88, 837, -16, 107, 818, -16, 153, 153, 153
L 107, 818, -16, 108, 812, -16, 153, 153, 153
L 108, 812, -16, 120, 812, -16, 153, 153, 153
L 120, 812, -16, 121, 817, -16, 153, 153, 153
L 121, 817, -16, 225, 817, -16, 153, 153, 153
L 225, 817, -16, 237, 806, -16, 153, 153, 153
L 237, 806, -16, 237, 738, -16, 153, 153, 153
L 237, 738, -16, 257, 718, -16, 153, 153, 153
L 257, 718, -16, 257, 660, -16, 153, 153, 153
L 257, 660, -16, 238, 641, -16, 153, 153, 153
L 238, 641, -16, 180, 641, -16, 153, 153, 153
L 180, 641, -16, 161, 660, -16, 153, 153, 153
L 161, 660, -16, 161, 718, -16, 153, 153, 153
L 161, 718, -16, 181, 738, -16, 153, 153, 153
L 181, 738, -16, 180, 760, -16, 153, 153, 153
L 180, 760, -16, 121, 761, -16, 153, 153, 153
L 121, 761, -16, 120, 766, -16, 153, 153, 153
L 120, 766, -16, 108, 765, -16, 153, 153, 153
L 108, 765, -16, 107, 759, -16, 153, 153, 153
L 107, 759, -16, 88, 741, -16, 153, 153, 153
L 88, 741, -16, 83, 740, -16, 153, 153, 153
L 83, 740, -16, 82, 728, -16, 153, 153, 153
L 82, 728, -16, 87, 727, -16, 153, 153, 153
L 87, 727, -16, 87, 568, -16, 153, 153, 153
L 87, 568, -16, 107, 548, -16, 153, 153, 153
L 107, 548, -16, 107, 510, -16, 153, 153, 153
L 107, 510, -16, 88, 491, -16, 153, 153, 153
L 88, 491, -16, 50, 491, -16, 153, 153, 153
L 50, 491, -16, 31, 510, -16, 153, 153, 153
L 31, 510, -16, -210, 511, -16, 153, 153, 153
L -210, 511, -16, -288, 511, -36, 153, 153, 153
L -288, 511, -36, -348, 511, -36, 153, 153, 153
L -348, 511, -36, -348, 627, -36, 153, 153, 153
L -348, 627, -36, -343, 628, -36, 153, 153, 153
L -343, 628, -36, -343, 640, -36, 153, 153, 153
L -343, 640, -36, -349, 641, -36, 153, 153, 153
L -349, 641, -36, -368, 660, -36, 153, 153, 153
L -368, 660, -36, -368, 718, -36, 153, 153, 153
L -368, 718, -36, -349, 737, -36, 153, 153, 153
L -349, 737, -36, -344, 737, -36, 153, 153, 153
L -344, 737, -36, -343, 749, -36, 153, 153, 153
L -343, 749, -36, -348, 751, -36, 153, 153, 153
L -348, 751, -36, -348, 770, -36, 153, 153, 153
L -348, 770, -36, -441, 770, -36, 153, 153, 153
L -441, 770, -36, -442, 641, -36, 153, 153, 153
L -442, 641, -36, -500, 641, -36, 153, 153, 153
L -500, 641, -36, -600, 641, -76, 153, 153, 153
L -600, 641, -76, -618, 641, -76, 153, 153, 153
L -618, 641, -76, -619, 646, -76, 153, 153, 153
L -619, 646, -76, -630, 646, -76, 153, 153, 153
L -630, 646, -76, -632, 640, -76, 153, 153, 153
L -632, 640, -76, -651, 621, -76, 153, 153, 153
L -651, 621, -76, -656, 620, -76, 153, 153, 153
L -656, 620, -76, -656, 608, -76, 153, 153, 153
L -656, 608, -76, -652, 607, -76, 153, 153, 153
L -652, 607, -76, -652, 563, -76, 153, 153, 153
L -652, 563, -76, -664, 551, -76, 153, 153, 153
L -664, 551, -76, -710, 551, -76, 153, 153, 153
L -710, 551, -76, -832, 551, -136, 153, 153, 153
L -832, 551, -136, -874, 551, -136, 153, 153, 153
L -874, 551, -136, -888, 563, -136, 153, 153, 153
L -888, 563, -136, -888, 827, -136, 153, 153, 153
L -888, 827, -136, -883, 828, -136, 153, 153, 153
L -883, 828, -136, -883, 840, -136, 153, 153, 153
L -883, 840, -136, -889, 841, -136, 153, 153, 153
L -889, 841, -136, -908, 859, -136, 153, 153, 153
L -908, 859, -136, -909, 865, -136, 153, 153, 153
L -909, 865, -136, -921, 866, -136, 153, 153, 153
L -921, 866, -136, -922, 861, -136, 153, 153, 153
L -922, 861, -136, -1218, 861, -136, 153, 153, 153
L -1218, 861, -136, -1218, 927, -136, 153, 153, 153
L -1218, 927, -136, -1213, 927, -136, 153, 153, 153
L -1213, 927, -136, -1213, 940, -136, 153, 153, 153
L -1213, 940, -136, -1218, 941, -136, 153, 153, 153
L -1218, 941, -136, -1238, 961, -136, 153, 153, 153
L -1238, 961, -136, -1238, 1029, -136, 153, 153, 153
L -1238, 1029, -136, -1156, 1029, -136, 153, 153, 153
L -1156, 1029, -136, -1160, 1030, -136, 153, 153, 153
L -1160, 1030, -136, -1241, 1030, -156, 153, 153, 153
L -1241, 1030, -156, -1289, 1030, -156, 153, 153, 153
L -1289, 1030, -156, -1298, 1043, -156, 153, 153, 153
L -1298, 1043, -156, -1298, 1050, -156, 153, 153, 153
L -1298, 1050, -156, -1321, 1050, -156, 153, 153, 153
L -1321, 1050, -156, -1321, 1030, -156, 153, 153, 153
L -1321, 1030, -156, -1364, 1030, -156, 153, 153, 153
L -1364, 1030, -156, -1377, 1043, -156, 153, 153, 153
L -1377, 1043, -156, -1378, 1150, -156, 153, 153, 153
L -1378, 1150, -156, -1438, 1150, -156, 153, 153, 153
L -1438, 1150, -156, -1438, 1227, -156, 153, 153, 153
L -1438, 1227, -156, -1334, 1227, -156, 153, 153, 153
L -1334, 1227, -156, -1321, 1214, -156, 153, 153, 153
L -1321, 1214, -156, -1321, 1088, -156, 153, 153, 153
L -1321, 1088, -156, -1298, 1087, -156, 153, 153, 153
L -1298, 1087, -156, -1296, 1106, -156, 153, 153, 153
L -1296, 1106, -156, -1241, 1107, -156, 153, 153, 153
L -1241, 1107, -156, -1160, 1107, -136, 153, 153, 153
L -1160, 1107, -136, -1162, 1111, -136, 153, 153, 153
L -1162, 1111, -136, -1238, 1109, -136, 153, 153, 153
L -1238, 1109, -136, -1238, 1177, -136, 153, 153, 153
L -1238, 1177, -136, -1219, 1177, -136, 153, 153, 153
L -1219, 1177, -136, -1218, 1197, -136, 153, 153, 153
L -1218, 1197, -136, -1213, 1198, -136, 153, 153, 153
L -1213, 1198, -136, -1213, 1209, -136, 153, 153, 153
L -1213, 1209, -136, -1218, 1210, -136, 153, 153, 153
L -1218, 1210, -136, -1218, 1462, -136, 153, 153, 153
L -1218, 1462, -136, -1207, 1477, -136, 153, 153, 153
L -1207, 1477, -136, -1091, 1477, -136, 153, 153, 153
L -1091, 1477, -136, -1091, 1473, -136, 153, 153, 153
L -1091, 1473, -136, -1079, 1471, -136, 153, 153, 153
L -1079, 1471, -136, -1059, 1497, -136, 153, 153, 153
L -1059, 1497, -136, -1000, 1497, -136, 153, 153, 153
L -1000, 1497, -136, -981, 1478, -136, 153, 153, 153
L -981, 1478, -136, -981, 1472, -136, 153, 153, 153
L -981, 1472, -136, -969, 1472, -136, 153, 153, 153
L -969, 1472, -136, -968, 1477, -136, 153, 153, 153
L -968, 1477, -136, -919, 1477, -135, 153, 153, 153
L -919, 1477, -135, -800, 1477, -76, 153, 153, 153
L -800, 1477, -76, -648, 1477, -76, 153, 153, 153
L -648, 1477, -76, -648, 1536, -76, 153, 153, 153
L -648, 1536, -76, -592, 1536, -76, 153, 153, 153
L -592, 1536, -76, -591, 1532, -76, 153, 153, 153
L -591, 1532, -76, -579, 1532, -76, 153, 153, 153
L -579, 1532, -76, -578, 1538, -76, 153, 153, 153
L -578, 1538, -76, -559, 1556, -76, 153, 153, 153
L -559, 1556, -76, -501, 1556, -76, 153, 153, 153
L -501, 1556, -76, -482, 1538, -76, 153, 153, 153
L -482, 1538, -76, -481, 1532, -76, 153, 153, 153
L -481, 1532, -76, -468, 1532, -76, 153, 153, 153
L -468, 1532, -76, -468, 1633, -76, 153, 153, 153
L -468, 1633, -76, -454, 1646, -76, 153, 153, 153
L -454, 1646, -76, -380, 1646, -76, 153, 153, 153
L -380, 1646, -76, -260, 1646, -16, 153, 153, 153
L -260, 1646, -16, -215, 1646, -16, 153, 153, 153
L -215, 1646, -16, -202, 1632, -16, 153, 153, 153
L -202, 1632, -16, -202, 1498, -16, 153, 153, 153
L -202, 1498, -16, -192, 1497, -16, 153, 153, 153
L -192, 1497, -16, -191, 1492, -16, 153, 153, 153
L -191, 1492, -16, -179, 1492, -16, 153, 153, 153
L -179, 1492, -16, -178, 1498, -16, 153, 153, 153
L -178, 1498, -16, -149, 1526, -16, 153, 153, 153
L -149, 1526, -16, -91, 1526, -16, 153, 153, 153
L -91, 1526, -16, -62, 1498, -16, 153, 153, 153
L -62, 1498, -16, -61, 1492, -16, 153, 153, 153
L -61, 1492, -16, -49, 1492, -16, 153, 153, 153
L -49, 1492, -16, -48, 1497, -16, 153, 153, 153
L -48, 1497, -16, 57, 1497, -16, 153, 153, 153
L 57, 1497, -16, 67, 1485, -16, 153, 153, 153
L 67, 1485, -16, 67, 1378, -16, 153, 153, 153
L 67, 1378, -16, 117, 1377, -16, 153, 153, 153
L 117, 1377, -16, 118, 1372, -16, 153, 153, 153
L 118, 1372, -16, 130, 1372, -16, 153, 153, 153
L 130, 1372, -16, 131, 1378, -16, 153, 153, 153
L 131, 1378, -16, 160, 1407, -16, 153, 153, 153
L 160, 1407, -16, 218, 1407, -16, 153, 153, 153
L 218, 1407, -16, 247, 1378, -16, 153, 153, 153
L 247, 1378, -16, 247, 1319, -16, 153, 153, 153
L 247, 1319, -16, 218, 1290, -16, 153, 153, 153
L 218, 1290, -16, 160, 1290, -16, 153, 153, 153
L 160, 1290, -16, 131, 1319, -16, 153, 153, 153
L 131, 1319, -16, 130, 1325, -16, 153, 153, 153
L 130, 1325, -16, 118, 1325, -16, 153, 153, 153
L 118, 1325, -16, 117, 1320, -16, 153, 153, 153
L 117, 1320, -16, 23, 1320, -16, 153, 153, 153
L 23, 1320, -16, 11, 1335, -16, 153, 153, 153
L 11, 1335, -16, 10, 1440, -16, 153, 153, 153
L 10, 1440, -16, -48, 1440, -16, 153, 153, 153
L -48, 1440, -16, -49, 1445, -16, 153, 153, 153
L -49, 1445, -16, -61, 1445, -16, 153, 153, 153
L -61, 1445, -16, -62, 1439, -16, 153, 153, 153
L -62, 1439, -16, -91, 1410, -16, 153, 153, 153
L -91, 1410, -16, -97, 1409, -16, 153, 153, 153
L -97, 1409, -16, -96, 1397, -16, 153, 153, 153
L -96, 1397, -16, -92, 1397, -16, 153, 153, 153
L -92, 1397, -16, -91, 1346, -16, 153, 153, 153
L -91, 1346, -16, -46, 1347, -16, 153, 153, 153
L -46, 1347, -16, -32, 1335, -16, 153, 153, 153
L -32, 1335, -16, -32, 1110, -16, 153, 153, 153
L -32, 1110, -16, -37, 1109, -16, 153, 153, 153
L -37, 1109, -16, -36, 1097, -16, 153, 153, 153
L -36, 1097, -16, -32, 1097, -16, 153, 153, 153
L -32, 1097, -16, -32, 1088, -16, 153, 153, 153
L -32, 1088, -16, -21, 1077, -16, 153, 153, 153
L -21, 1077, -16, 0, 1077, -16, 153, 153, 153
L 0, 1077, -16, 1, 1157, -16, 153, 153, 153
L 1, 1157, -16, 57, 1157, -16, 153, 153, 153
L 57, 1157, -16, 56, 1138, -16, 153, 153, 153
L 137, 1109, -265, 137, 1109, -26, 255, 0, 255
L 137, 1109, -26, 137, 1149, -26, 255, 0, 255
L -88, 989, -165, -88, 989, -16, 153, 153, 153
L -88, 989, -16, -88, 980, -16, 153, 153, 153
L -88, 980, -16, -84, 980, -16, 153, 153, 153
L -84, 980, -16, -84, 967, -16, 153, 153, 153
L -84, 967, -16, -88, 967, -16, 153, 153, 153
L -88, 967, -16, -89, 817, -16, 153, 153, 153
L -89, 817, -16, -208, 817, -36, 153, 153, 153
L -208, 817, -36, -209, 717, -36, 153, 153, 153
L -209, 717, -36, -258, 717, -36, 153, 153, 153
L -258, 717, -36, -259, 712, -36, 153, 153, 153
L -259, 712, -36, -271, 712, -36, 153, 153, 153
L -271, 712, -36, -272, 718, -36, 153, 153, 153
L -272, 718, -36, -291, 737, -36, 153, 153, 153
L -291, 737, -36, -296, 737, -36, 153, 153, 153
L -296, 737, -36, -297, 749, -36, 153, 153, 153
L -297, 749, -36, -292, 751, -36, 153, 153, 153
L -292, 751, -36, -292, 814, -36, 153, 153, 153
L -292, 814, -36, -302, 827, -36, 153, 153, 153
L -302, 827, -36, -487, 827, -36, 153, 153, 153
L -487, 827, -36, -498, 814, -36, 153, 153, 153
L -498, 814, -36, -499, 697, -36, 153, 153, 153
L -499, 697, -36, -601, 697, -76, 153, 153, 153
L -601, 697, -76, -618, 697, -76, 153, 153, 153
L -618, 697, -76, -619, 692, -76, 153, 153, 153
L -619, 692, -76, -631, 692, -76, 153, 153, 153
L -631, 692, -76, -632, 698, -76, 153, 153, 153
L -632, 698, -76, -651, 717, -76, 153, 153, 153
L -651, 717, -76, -656, 718, -76, 153, 153, 153
L -656, 718, -76, -656, 730, -76, 153, 153, 153
L -656, 730, -76, -652, 731, -76, 153, 153, 153
L -652, 731, -76, -651, 840, -76, 153, 153, 153
L -651, 840, -76, -592, 841, -76, 153, 153, 153
L -592, 841, -76, -590, 905, -76, 153, 153, 153
L -590, 905, -76, -579, 905, -76, 153, 153, 153
L -579, 905, -76, -578, 901, -75, 153, 153, 153
L -578, 901, -75, -490, 901, -36, 153, 153, 153
L -490, 901, -36, -291, 901, -36, 153, 153, 153
L -291, 901, -36, -282, 915, -36, 153, 153, 153
L -282, 915, -36, -282, 977, -36, 153, 153, 153
L -282, 977, -36, -286, 977, -36, 153, 153, 153
L -286, 977, -36, -286, 990, -36, 153, 153, 153
L -286, 990, -36, -280, 991, -36, 153, 153, 153
L -280, 991, -36, -262, 1009, -36, 153, 153, 153
L -262, 1009, -36, -261, 1015, -36, 153, 153, 153
L -261, 1015, -36, -248, 1014, -36, 153, 153, 153
L -248, 1014, -36, -248, 1010, -36, 153, 153, 153
L -248, 1010, -36, -231, 1010, -36, 153, 153, 153
L -231, 1010, -36, -171, 1010, -16, 153, 153, 153
L -171, 1010, -16, -132, 1010, -16, 153, 153, 153
L -132, 1010, -16, -131, 1015, -16, 153, 153, 153
L -131, 1015, -16, -119, 1015, -16, 153, 153, 153
L -119, 1015, -16, -118, 1010, -16, 153, 153, 153
L -118, 1010, -16, -110, 1010, -16, 153, 153, 153
L -110, 1010, -16, -88, 990, -16, 153, 153, 153
L 11, 759, -165, 11, 759, -16, 153, 153, 153
L 11, 759, -16, 30, 741, -16, 153, 153, 153
L 30, 741, -16, 36, 739, -16, 153, 153, 153
L 36, 739, -16, 36, 728, -16, 153, 153, 153
L 36, 728, -16, 31, 727, -16, 153, 153, 153
L 31, 727, -16, 31, 568, -16, 153, 153, 153
L 31, 568, -16, -209, 567, -16, 153, 153, 153
L -209, 567, -16, -291, 568, -36, 153, 153, 153
L -291, 568, -36, -292, 627, -36, 153, 153, 153
L -292, 627, -36, -296, 627, -36, 153, 153, 153
L -296, 627, -36, -297, 640, -36, 153, 153, 153
L -297, 640, -36, -291, 641, -36, 153, 153, 153
L -291, 641, -36, -272, 660, -36, 153, 153, 153
L -272, 660, -36, -271, 665, -36, 153, 153, 153
L -271, 665, -36, -259, 665, -36, 153, 153, 153
L -259, 665, -36, -258, 661, -36, 153, 153, 153
L -258, 661, -36, -161, 661, -36, 153, 153, 153
L -161, 661, -36, -152, 671, -36, 153, 153, 153
L -152, 671, -36, -151, 760, -36, 153, 153, 153
L -151, 760, -36, -90, 761, -16, 153, 153, 153
L -90, 761, -16, -2, 761, -16, 153, 153, 153
L -2, 761, -16, -2, 765, -16, 153, 153, 153
L -2, 765, -16, 10, 765, -16, 153, 153, 153
L 10, 765, -16, 11, 759, -16, 153, 153, 153
L -358, 1068, -365, -358, 1068, -36, 153, 153, 153
L -358, 1068, -36, -358, 1009, -36, 153, 153, 153
L -358, 1009, -36, -339, 990, -36, 153, 153, 153
L -339, 990, -36, -334, 990, -36, 153, 153, 153
L -334, 990, -36, -333, 978, -36, 153, 153, 153
L -333, 978, -36, -338, 977, -36, 153, 153, 153
L -338, 977, -36, -339, 957, -36, 153, 153, 153
L -339, 957, -36, -489, 957, -36, 153, 153, 153
L -489, 957, -36, -578, 957, -75, 153, 153, 153
L -578, 957, -75, -579, 952, -76, 153, 153, 153
L -579, 952, -76, -591, 952, -76, 153, 153, 153
L -591, 952, -76, -592, 1075, -76, 153, 153, 153
L -592, 1075, -76, -601, 1087, -76, 153, 153, 153
L -601, 1087, -76, -656, 1088, -76, 153, 153, 153
L -656, 1088, -76, -656, 1100, -76, 153, 153, 153
L -656, 1100, -76, -651, 1100, -76, 153, 153, 153
L -651, 1100, -76, -632, 1119, -76, 153, 153, 153
L -632, 1119, -76, -631, 1125, -76, 153, 153, 153
L -631, 1125, -76, -619, 1125, -76, 153, 153, 153
L -619, 1125, -76, -618, 1120, -75, 153, 153, 153
L -618, 1120, -75, -529, 1120, -36, 153, 153, 153
L -529, 1120, -36, -339, 1120, -36, 153, 153, 153
L -339, 1120, -36, -338, 1100, -36, 153, 153, 153
L -338, 1100, -36, -334, 1100, -36, 153, 153, 153
L -334, 1100, -36, -333, 1088, -36, 153, 153, 153
L -333, 1088, -36, -339, 1087, -36, 153, 153, 153
L -339, 1087, -36, -358, 1068, -36, 153, 153, 153
L -88, 1088, -165, -88, 1088, -16, 153, 153, 153
L -88, 1088, -16, -108, 1067, -16, 153, 153, 153
L -108, 1067, -16, -118, 1067, -16, 153, 153, 153
L -118, 1067, -16, -119, 1062, -16, 153, 153, 153
L -119, 1062, -16, -131, 1062, -16, 153, 153, 153
L -131, 1062, -16, -132, 1067, -16, 153, 153, 153
L -132, 1067, -16, -170, 1067, -16, 153, 153, 153
L -170, 1067, -16, -229, 1067, -36, 153, 153, 153
L -229, 1067, -36, -248, 1067, -36, 153, 153, 153
L -248, 1067, -36, -249, 1062, -36, 153, 153, 153
L -249, 1062, -36, -262, 1063, -36, 153, 153, 153
L -262, 1063, -36, -262, 1068, -36, 153, 153, 153
L -262, 1068, -36, -281, 1087, -36, 153, 153, 153
L -281, 1087, -36, -287, 1088, -36, 153, 153, 153
L -287, 1088, -36, -286, 1100, -36, 153, 153, 153
L -286, 1100, -36, -282, 1100, -36, 153, 153, 153
L -282, 1100, -36, -282, 1165, -36, 153, 153, 153
L -282, 1165, -36, -291, 1177, -36, 153, 153, 153
L -291, 1177, -36, -530, 1177, -36, 153, 153, 153
L -530, 1177, -36, -618, 1177, -75, 153, 153, 153
L -618, 1177, -75, -619, 1172, -76, 153, 153, 153
L -619, 1172, -76, -631, 1172, -76, 153, 153, 153
L -631, 1172, -76, -632, 1178, -76, 153, 153, 153
L -632, 1178, -76, -651, 1197, -76, 153, 153, 153
L -651, 1197, -76, -656, 1198, -76, 153, 153, 153
L -656, 1198, -76, -656, 1209, -76, 153, 153, 153
L -656, 1209, -76, -652, 1210, -76, 153, 153, 153
L -652, 1210, -76, -652, 1342, -76, 153, 153, 153
L -652, 1342, -76, -661, 1356, -76, 153, 153, 153
L -661, 1356, -76, -801, 1357, -78, 153, 153, 153
L -801, 1357, -78, -920, 1357, -136, 153, 153, 153
L -920, 1357, -136, -965, 1357, -136, 153, 153, 153
L -965, 1357, -136, -978, 1347, -136, 153, 153, 153
L -978, 1347, -136, -978, 1097, -136, 153, 153, 153
L -978, 1097, -136, -1048, 1097, -136, 153, 153, 153
L -1048, 1097, -136, -1049, 1092, -136, 153, 153, 153
L -1049, 1092, -136, -1061, 1092, -136, 153, 153, 153
L -1061, 1092, -136, -1061, 1097, -136, 153, 153, 153
L -1061, 1097, -136, -1081, 1097, -136, 153, 153, 153
L -1081, 1097, -136, -1081, 1118, -136, 153, 153, 153
L -1081, 1118, -136, -1140, 1177, -136, 153, 153, 153
L -1140, 1177, -136, -1161, 1177, -136, 153, 153, 153
L -1161, 1177, -136, -1161, 1197, -136, 153, 153, 153
L -1161, 1197, -136, -1166, 1198, -136, 153, 153, 153
L -1166, 1198, -136, -1166, 1210, -136, 153, 153, 153
L -1166, 1210, -136, -1161, 1210, -136, 153, 153, 153
L -1161, 1210, -136, -1161, 1420, -136, 153, 153, 153
L -1161, 1420, -136, -1091, 1420, -136, 153, 153, 153
L -1091, 1420, -136, -1090, 1425, -136, 153, 153, 153
L -1090, 1425, -136, -1079, 1425, -136, 153, 153, 153
L -1079, 1425, -136, -1078, 1419, -136, 153, 153, 153
L -1078, 1419, -136, -1059, 1400, -136, 153, 153, 153
L -1059, 1400, -136, -1000, 1400, -136, 153, 153, 153
L -1000, 1400, -136, -981, 1419, -136, 153, 153, 153
L -981, 1419, -136, -981, 1425, -136, 153, 153, 153
L -981, 1425, -136, -968, 1425, -136, 153, 153, 153
L -968, 1425, -136, -968, 1420, -136, 153, 153, 153
L -968, 1420, -136, -919, 1420, -135, 153, 153, 153
L -919, 1420, -135, -800, 1420, -76, 153, 153, 153
L -800, 1420, -76, -603, 1421, -76, 153, 153, 153
L -603, 1421, -76, -593, 1432, -76, 153, 153, 153
L -593, 1432, -76, -591, 1485, -76, 153, 153, 153
L -591, 1485, -76, -579, 1485, -76, 153, 153, 153
L -579, 1485, -76, -578, 1479, -76, 153, 153, 153
L -578, 1479, -76, -559, 1460, -76, 153, 153, 153
L -559, 1460, -76, -553, 1459, -76, 153, 153, 153
L -553, 1459, -76, -554, 1447, -76, 153, 153, 153
L -554, 1447, -76, -558, 1447, -76, 153, 153, 153
L -558, 1447, -76, -558, 1290, -76, 153, 153, 153
L -558, 1290, -76, -502, 1290, -76, 153, 153, 153
L -502, 1290, -76, -501, 1296, -76, 153, 153, 153
L -501, 1296, -76, -489, 1295, -76, 153, 153, 153
L -489, 1295, -76, -488, 1290, -75, 153, 153, 153
L -488, 1290, -75, -400, 1290, -36, 153, 153, 153
L -400, 1290, -36, -298, 1290, -36, 153, 153, 153
L -298, 1290, -36, -242, 1290, -19, 153, 153, 153
L -242, 1290, -19, -89, 1290, -16, 153, 153, 153
L -89, 1290, -16, -88, 1110, -16, 153, 153, 153
L -88, 1110, -16, -83, 1109, -16, 153, 153, 153
L -83, 1109, -16, -83, 1098, -16, 153, 153, 153
L -83, 1098, -16, -88, 1097, -16, 153, 153, 153
L -88, 1097, -16, -88, 1088, -16, 153, 153, 153
L -88, 1088, -16, -148, 1348, -16, 153, 153, 153
L -148, 1348, -16, -148, 1397, -16, 153, 153, 153
L -148, 1397, -16, -143, 1398, -16, 153, 153, 153
L -143, 1398, -16, -143, 1409, -16, 153, 153, 153
L -143, 1409, -16, -149, 1410, -16, 153, 153, 153
L -149, 1410, -16, -178, 1439, -16, 153, 153, 153
L -178, 1439, -16, -179, 1445, -16, 153, 153, 153
L -179, 1445, -16, -191, 1445, -16, 153, 153, 153
L -191, 1445, -16, -192, 1440, -16, 153, 153, 153
L -192, 1440, -16, -258, 1440, -16, 153, 153, 153
L -258, 1440, -16, -258, 1590, -16, 153, 153, 153
L -258, 1590, -16, -381, 1590, -76, 153, 153, 153
L -381, 1590, -76, -411, 1590, -76, 153, 153, 153
L -411, 1590, -76, -412, 1480, -76, 153, 153, 153
L -412, 1480, -76, -468, 1480, -76, 153, 153, 153
L -468, 1480, -76, -469, 1485, -76, 153, 153, 153
L -469, 1485, -76, -481, 1485, -76, 153, 153, 153
L -481, 1485, -76, -482, 1479, -76, 153, 153, 153
L -482, 1479, -76, -501, 1460, -76, 153, 153, 153
L -501, 1460, -76, -506, 1459, -76, 153, 153, 153
L -506, 1459, -76, -507, 1448, -76, 153, 153, 153
L -507, 1448, -76, -502, 1447, -76, 153, 153, 153
L -502, 1447, -76, -501, 1342, -76, 153, 153, 153
L -501, 1342, -76, -489, 1342, -76, 153, 153, 153
L -489, 1342, -76, -488, 1347, -75, 153, 153, 153
L -488, 1347, -75, -400, 1347, -36, 153, 153, 153
L -400, 1347, -36, -302, 1346, -36, 153, 153, 153
L -302, 1346, -36, -241, 1346, -18, 153, 153, 153
L -241, 1346, -18, -148, 1347, -16, 153, 153, 153
L -1080, 1040, -1364, -1080, 1040, -136, 153, 153, 153
L -1080, 1040, -136, -1061, 1040, -136, 153, 153, 153
L -1061, 1040, -136, -1060, 1045, -136, 153, 153, 153
L -1060, 1045, -136, -1048, 1045, -136, 153, 153, 153
L -1048, 1045, -136, -1048, 1040, -136, 153, 153, 153
L -1048, 1040, -136, -922, 1040, -136, 153, 153, 153
L -922, 1040, -136, -921, 1299, -136, 153, 153, 153
L -921, 1299, -136, -801, 1300, -77, 153, 153, 153
L -801, 1300, -77, -709, 1300, -76, 153, 153, 153
L -709, 1300, -76, -708, 1210, -76, 153, 153, 153
L -708, 1210, -76, -703, 1210, -76, 153, 153, 153
L -703, 1210, -76, -703, 1197, -76, 153, 153, 153
L -703, 1197, -76, -709, 1197, -76, 153, 153, 153
L -709, 1197, -76, -728, 1178, -76, 153, 153, 153
L -728, 1178, -76, -728, 1119, -76, 153, 153, 153
L -728, 1119, -76, -709, 1100, -76, 153, 153, 153
L -709, 1100, -76, -703, 1099, -76, 153, 153, 153
L -703, 1099, -76, -703, 1088, -76, 153, 153, 153
L -703, 1088, -76, -708, 1087, -76, 153, 153, 153
L -708, 1087, -76, -708, 1030, -76, 153, 153, 153
L -708, 1030, -76, -648, 1030, -76, 153, 153, 153
L -648, 1030, -76, -648, 897, -76, 153, 153, 153
L -648, 897, -76, -696, 897, -76, 153, 153, 153
L -696, 897, -76, -708, 887, -76, 153, 153, 153
L -708, 887, -76, -708, 731, -76, 153, 153, 153
L -708, 731, -76, -703, 730, -76, 153, 153, 153
L -703, 730, -76, -704, 717, -76, 153, 153, 153
L -704, 717, -76, -709, 717, -76, 153, 153, 153
L -709, 717, -76, -728, 698, -76, 153, 153, 153
L -728, 698, -76, -728, 640, -76, 153, 153, 153
L -728, 640, -76, -709, 621, -76, 153, 153, 153
L -709, 621, -76, -703, 620, -76, 153, 153, 153
L -703, 620, -76, -703, 608, -76, 153, 153, 153
L -703, 608, -76, -710, 607, -76, 153, 153, 153
L -710, 607, -76, -831, 607, -136, 153, 153, 153
L -831, 607, -136, -832, 827, -136, 153, 153, 153
L -832, 827, -136, -836, 828, -136, 153, 153, 153
L -836, 828, -136, -836, 839, -136, 153, 153, 153
L -836, 839, -136, -830, 841, -136, 153, 153, 153
L -830, 841, -136, -812, 859, -136, 153, 153, 153
L -812, 859, -136, -812, 918, -136, 153, 153, 153
L -812, 918, -136, -830, 937, -136, 153, 153, 153
L -830, 937, -136, -889, 937, -136, 153, 153, 153
L -889, 937, -136, -908, 918, -136, 153, 153, 153
L -908, 918, -136, -908, 912, -136, 153, 153, 153
L -908, 912, -136, -921, 912, -136, 153, 153, 153
L -921, 912, -136, -922, 917, -136, 153, 153, 153
L -922, 917, -136, -1161, 917, -136, 153, 153, 153
L -1161, 917, -136, -1161, 927, -136, 153, 153, 153
L -1161, 927, -136, -1166, 928, -136, 153, 153, 153
L -1166, 928, -136, -1166, 940, -136, 153, 153, 153
L -1166, 940, -136, -1161, 941, -136, 153, 153, 153
L -1161, 941, -136, -1161, 960, -136, 153, 153, 153
L -1161, 960, -136, -1140, 961, -136, 153, 153, 153
L -1140, 961, -136, -1081, 1019, -136, 153, 153, 153
L -1081, 1019, -136, -1081, 1040, -136, 153, 153, 153
L -1159, 1107, -1364, -1159, 1107, -136, 255, 255, 0
L -1159, 1107, -136, -1160, 1029, -136, 255, 255, 0
L -1180, 1030, -1405, -1180, 1030, -140, 255, 255, 0
L -1180, 1030, -140, -1179, 1106, -140, 255, 255, 0
L -1199, 1107, -1444, -1199, 1107, -144, 255, 255, 0
L -1199, 1107, -144, -1199, 1030, -144, 255, 255, 0
L -1219, 1030, -1484, -1219, 1030, -148, 255, 255, 0
L -1219, 1030, -148, -1218, 1107, -148, 255, 255, 0
L -1239, 1107, -1524, -1239, 1107, -152, 255, 255, 0
L -1239, 1107, -152, -1239, 1030, -152, 255, 255, 0
P -1420, 1291, 0, 255, 255, 255, 2, Exit_to_Western_Wastes
P 195, 1400, 0, 255, 255, 255, 2, Telkorenar
P 206, 738, 0, 255, 255, 255, 2, Gozzrem
P 104, 1100, 0, 255, 255, 255, 2, Drop_Down
P -1088, 1083, 0, 255, 255, 255, 2, Lendiniara_The_Keeper
P 570, 2051, 0, 255, 255, 255, 2, Zone_In
