L -474, 43, 3, -385, 43, 4, 0, 0, 0
L -475, 43, 2, -474, 43, 3, 0, 0, 0
L -477, 42, 1, -475, 43, 2, 0, 0, 0
L -476, 39, 1, -477, 42, 1, 0, 0, 0
L -477, 38, 1, -476, 39, 1, 0, 0, 0
L -478, 36, 1, -477, 38, 1, 0, 0, 0
L -488, 36, 1, -478, 36, 1, 0, 0, 0
L -489, 38, 1, -488, 36, 1, 0, 0, 0
L -489, 40, 1, -489, 38, 1, 0, 0, 0
L -488, 42, 1, -489, 40, 1, 0, 0, 0
L -488, 71, 1, -488, 42, 1, 0, 0, 0
L -600, 71, 1, -488, 71, 1, 0, 0, 0
L -601, 70, 1, -600, 71, 1, 0, 0, 0
L -598, 68, 1, -601, 70, 1, 0, 0, 0
L -598, 64, 1, -598, 68, 1, 0, 0, 0
L -600, 63, 1, -598, 64, 1, 0, 0, 0
L -610, 63, 1, -600, 63, 1, 0, 0, 0
L -612, 65, 1, -610, 63, 1, 0, 0, 0
L -613, 67, 1, -612, 65, 1, 0, 0, 0
L -612, 69, 1, -613, 67, 1, 0, 0, 0
L -612, 93, 7, -612, 69, 1, 0, 0, 0
L -612, 94, 7, -612, 93, 7, 0, 0, 0
L -654, 94, 1, -612, 94, 7, 0, 0, 0
L -656, 94, 1, -654, 94, 1, 0, 0, 0
L -658, 95, 1, -656, 94, 1, 0, 0, 0
L -659, 96, 1, -658, 95, 1, 0, 0, 0
L -660, 113, 4, -659, 96, 1, 0, 0, 0
L -660, 115, 1, -660, 113, 4, 0, 0, 0
L -660, 125, 7, -660, 115, 1, 0, 0, 0
L -660, 127, 7, -660, 125, 7, 0, 0, 0
L -687, 127, 1, -660, 127, 7, 0, 0, 0
L -688, 127, 1, -687, 127, 1, 0, 0, 0
L -692, 125, 1, -688, 127, 1, 0, 0, 0
L -709, 125, 1, -706, 125, 1, 0, 0, 0
L -711, 127, 1, -709, 125, 1, 0, 0, 0
L -710, 125, 1, -692, 125, 1, 0, 0, 0
L -711, 127, 1, -710, 125, 1, 0, 0, 0
L -739, 127, 5, -711, 127, 1, 0, 0, 0
L -741, 127, 6, -739, 127, 5, 0, 0, 0
L -741, 105, 1, -741, 127, 6, 0, 0, 0
L -741, 102, 1, -741, 105, 1, 0, 0, 0
L -739, 102, 1, -741, 102, 1, 0, 0, 0
L -736, 101, 1, -739, 102, 1, 0, 0, 0
L -735, 99, 1, -736, 101, 1, 0, 0, 0
L -736, 97, 1, -735, 99, 1, 0, 0, 0
L -737, 96, 1, -736, 97, 1, 0, 0, 0
L -739, 95, 1, -737, 96, 1, 0, 0, 0
L -750, 95, 1, -739, 95, 1, 0, 0, 0
L -752, 96, 1, -750, 95, 1, 0, 0, 0
L -752, 98, 1, -752, 96, 1, 0, 0, 0
L -753, 100, 1, -752, 98, 1, 0, 0, 0
L -752, 101, 3, -753, 100, 1, 0, 0, 0
L -752, 105, 4, -752, 101, 3, 0, 0, 0
L -752, 107, 4, -752, 105, 4, 0, 0, 0
L -761, 117, 1, -752, 107, 4, 0, 0, 0
L -775, 132, 1, -761, 117, 1, 0, 0, 0
L -776, 162, 3, -775, 132, 1, 0, 0, 0
L -776, 164, 4, -776, 162, 3, 0, 0, 0
L -800, 185, 1, -776, 164, 4, 0, 0, 0
L -802, 186, 1, -800, 185, 1, 0, 0, 0
L -814, 186, 1, -802, 186, 1, 0, 0, 0
L -815, 186, 2, -814, 186, 1, 0, 0, 0
L -841, 164, 1, -815, 186, 2, 0, 0, 0
L -841, 135, 5, -841, 164, 1, 0, 0, 0
L -841, 133, 5, -841, 135, 5, 0, 0, 0
L -842, 132, 4, -841, 133, 5, 0, 0, 0
L -852, 121, 1, -842, 132, 4, 0, 0, 0
L -855, 118, 1, -852, 121, 1, 0, 0, 0
L -864, 108, 4, -855, 118, 1, 0, 0, 0
L -865, 107, 5, -864, 108, 4, 0, 0, 0
L -865, 82, 1, -865, 107, 5, 0, 0, 0
L -865, 81, 1, -865, 82, 1, 0, 0, 0
L -836, 81, 5, -865, 81, 1, 0, 0, 0
L -834, 81, 5, -836, 81, 5, 0, 0, 0
L -828, 86, 1, -834, 81, 5, 0, 0, 0
L -827, 87, 1, -828, 86, 1, 0, 0, 0
L -825, 88, 1, -827, 87, 1, 0, 0, 0
L -821, 89, 1, -825, 88, 1, 0, 0, 0
L -819, 88, 1, -821, 89, 1, 0, 0, 0
L -818, 87, 1, -819, 88, 1, 0, 0, 0
L -817, 69, 1, -818, 87, 1, 0, 0, 0
L -817, 71, 2, -817, 69, 1, 0, 0, 0
L -814, 71, 1, -817, 71, 2, 0, 0, 0
L -812, 70, 1, -814, 71, 1, 0, 0, 0
L -811, 70, 1, -812, 70, 1, 0, 0, 0
L -810, 57, 1, -811, 70, 1, 0, 0, 0
L -810, 56, 1, -810, 57, 1, 0, 0, 0
L -813, 53, 1, -810, 56, 1, 0, 0, 0
L -815, 54, 1, -813, 53, 1, 0, 0, 0
L -817, 54, 1, -815, 54, 1, 0, 0, 0
L -817, 1, 1, -817, 54, 1, 0, 0, 0
L -818, -1, 1, -817, 1, 1, 0, 0, 0
L -820, -2, 1, -818, -1, 1, 0, 0, 0
L -865, -2, 1, -820, -2, 1, 0, 0, 0
L -865, -17, 2, -865, -2, 1, 0, 0, 0
L -865, -19, 3, -865, -17, 2, 0, 0, 0
L -823, -19, 2, -865, -19, 3, 0, 0, 0
L -821, -19, 1, -823, -19, 2, 0, 0, 0
L -819, -20, 1, -821, -19, 1, 0, 0, 0
L -818, -21, 1, -819, -20, 1, 0, 0, 0
L -817, -74, 1, -818, -21, 1, 0, 0, 0
L -816, -71, 1, -817, -74, 1, 0, 0, 0
L -814, -70, 1, -816, -71, 1, 0, 0, 0
L -813, -68, 1, -814, -70, 1, 0, 0, 0
L -811, -71, 1, -813, -68, 1, 0, 0, 0
L -810, -82, 1, -811, -71, 1, 0, 0, 0
L -810, -84, 1, -810, -82, 1, 0, 0, 0
L -812, -86, 1, -810, -84, 1, 0, 0, 0
L -817, -86, 1, -812, -86, 1, 0, 0, 0
L -822, -86, 3, -817, -86, 1, 0, 0, 0
L -824, -86, 3, -822, -86, 3, 0, 0, 0
L -826, -86, 2, -824, -86, 3, 0, 0, 0
L -859, -86, 1, -826, -86, 2, 0, 0, 0
L -861, -90, 1, -859, -86, 1, 0, 0, 0
L -861, -96, 1, -861, -90, 1, 0, 0, 0
L -862, -102, 1, -861, -96, 1, 0, 0, 0
L -862, -104, 1, -862, -102, 1, 0, 0, 0
L -865, -107, 4, -862, -104, 1, 0, 0, 0
L -866, -108, 4, -865, -107, 4, 0, 0, 0
L -867, -110, 5, -866, -108, 4, 0, 0, 0
L -868, -113, 2, -867, -110, 5, 0, 0, 0
L -867, -114, 1, -868, -113, 2, 0, 0, 0
L -867, -118, 1, -867, -114, 1, 0, 0, 0
L -866, -122, 1, -867, -118, 1, 0, 0, 0
L -865, -137, 1, -866, -122, 1, 0, 0, 0
L -865, -139, 1, -865, -137, 1, 0, 0, 0
L -866, -144, 1, -865, -139, 1, 0, 0, 0
L -868, -147, 1, -866, -144, 1, 0, 0, 0
L -871, -157, 1, -868, -147, 1, 0, 0, 0
L -872, -158, 3, -871, -157, 1, 0, 0, 0
L -874, -159, 7, -872, -158, 3, 0, 0, 0
L -875, -160, 7, -874, -159, 7, 0, 0, 0
L -876, -162, 8, -875, -160, 7, 0, 0, 0
L -876, -165, 8, -876, -162, 8, 0, 0, 0
L -875, -167, 7, -876, -165, 8, 0, 0, 0
L -874, -168, 7, -875, -167, 7, 0, 0, 0
L -874, -169, 6, -874, -168, 7, 0, 0, 0
L -869, -175, 1, -874, -169, 6, 0, 0, 0
L -863, -182, 1, -869, -175, 1, 0, 0, 0
L -862, -184, 1, -863, -182, 1, 0, 0, 0
L -861, -185, 1, -862, -184, 1, 0, 0, 0
L -860, -187, 1, -861, -185, 1, 0, 0, 0
L -858, -188, 1, -860, -187, 1, 0, 0, 0
L -845, -193, 1, -858, -188, 1, 0, 0, 0
L -837, -194, 1, -845, -193, 1, 0, 0, 0
L -831, -194, 1, -837, -194, 1, 0, 0, 0
L -829, -195, 2, -831, -194, 1, 0, 0, 0
L -828, -196, 3, -829, -195, 2, 0, 0, 0
L -826, -197, 3, -828, -196, 3, 0, 0, 0
L -824, -197, 3, -826, -197, 3, 0, 0, 0
L -821, -196, 3, -824, -197, 3, 0, 0, 0
L -819, -196, 2, -821, -196, 3, 0, 0, 0
L -818, -197, 1, -819, -196, 2, 0, 0, 0
L -817, -209, 1, -818, -197, 1, 0, 0, 0
L -817, -211, 1, -817, -209, 1, 0, 0, 0
L -818, -213, 2, -817, -211, 1, 0, 0, 0
L -820, -214, 2, -818, -213, 2, 0, 0, 0
L -820, -234, 5, -820, -214, 2, 0, 0, 0
L -820, -251, 5, -820, -234, 5, 0, 0, 0
L -820, -254, 4, -820, -251, 5, 0, 0, 0
L -821, -258, 5, -820, -254, 4, 0, 0, 0
L -821, -259, 5, -821, -258, 5, 0, 0, 0
L -822, -264, 3, -821, -259, 5, 0, 0, 0
L -823, -267, 2, -822, -264, 3, 0, 0, 0
L -823, -284, 3, -823, -267, 2, 0, 0, 0
L -823, -288, 3, -823, -284, 3, 0, 0, 0
L -822, -290, 4, -823, -288, 3, 0, 0, 0
L -822, -293, 5, -822, -290, 4, 0, 0, 0
L -822, -294, 5, -822, -293, 5, 0, 0, 0
L -821, -298, 5, -822, -294, 5, 0, 0, 0
L -821, -300, 4, -821, -298, 5, 0, 0, 0
L -820, -301, 4, -821, -300, 4, 0, 0, 0
L -820, -304, 4, -820, -301, 4, 0, 0, 0
L -819, -308, 3, -820, -304, 4, 0, 0, 0
L -819, -309, 4, -819, -308, 3, 0, 0, 0
L -815, -320, 10, -819, -309, 4, 0, 0, 0
L -815, -322, 10, -815, -320, 10, 0, 0, 0
L -820, -327, 10, -815, -322, 10, 0, 0, 0
L -821, -328, 9, -820, -327, 10, 0, 0, 0
L -822, -330, 8, -821, -328, 9, 0, 0, 0
L -823, -331, 7, -822, -330, 8, 0, 0, 0
L -822, -329, 8, -823, -331, 7, 0, 0, 0
L -823, -337, 4, -822, -329, 8, 0, 0, 0
L -824, -339, 3, -823, -337, 4, 0, 0, 0
L -824, -340, 4, -824, -339, 3, 0, 0, 0
L -827, -346, 7, -824, -340, 4, 0, 0, 0
L -829, -350, 7, -827, -346, 7, 0, 0, 0
L -915, -478, 7, -915, -475, 7, 0, 0, 0
L -908, -488, 3, -915, -478, 7, 0, 0, 0
L -907, -489, 3, -908, -488, 3, 0, 0, 0
L -905, -493, 2, -907, -489, 3, 0, 0, 0
L -904, -495, 2, -905, -493, 2, 0, 0, 0
L -903, -496, 3, -904, -495, 2, 0, 0, 0
L -900, -504, 6, -903, -496, 3, 0, 0, 0
L -899, -505, 6, -900, -504, 6, 0, 0, 0
L -899, -507, 6, -899, -505, 6, 0, 0, 0
L -898, -508, 6, -899, -507, 6, 0, 0, 0
L -896, -509, 6, -898, -508, 6, 0, 0, 0
L -892, -513, 6, -896, -509, 6, 0, 0, 0
L -890, -514, 6, -892, -513, 6, 0, 0, 0
L -889, -515, 6, -890, -514, 6, 0, 0, 0
L -888, -516, 5, -889, -515, 6, 0, 0, 0
L -870, -524, 3, -888, -516, 5, 0, 0, 0
L -868, -525, 3, -870, -524, 3, 0, 0, 0
L -868, -527, 6, -868, -525, 3, 0, 0, 0
L -867, -528, 7, -868, -527, 6, 0, 0, 0
L -867, -530, 7, -867, -528, 7, 0, 0, 0
L -866, -534, 6, -867, -530, 7, 0, 0, 0
L -865, -538, 6, -866, -534, 6, 0, 0, 0
L -865, -543, 6, -865, -538, 6, 0, 0, 0
L -865, -545, 7, -865, -543, 6, 0, 0, 0
L -864, -547, 7, -865, -545, 7, 0, 0, 0
L -863, -548, 7, -864, -547, 7, 0, 0, 0
L -863, -551, 8, -863, -548, 7, 0, 0, 0
L -863, -553, 9, -863, -551, 8, 0, 0, 0
L -865, -558, 9, -863, -553, 9, 0, 0, 0
L -865, -560, 9, -865, -558, 9, 0, 0, 0
L -866, -568, 8, -865, -560, 9, 0, 0, 0
L -865, -569, 8, -866, -568, 8, 0, 0, 0
L -862, -579, 6, -865, -569, 8, 0, 0, 0
L -861, -594, 7, -862, -579, 6, 0, 0, 0
L -861, -595, 7, -861, -594, 7, 0, 0, 0
L -862, -603, 7, -861, -595, 7, 0, 0, 0
L -862, -604, 7, -862, -603, 7, 0, 0, 0
L -861, -606, 7, -862, -604, 7, 0, 0, 0
L -860, -608, 5, -861, -606, 7, 0, 0, 0
L -858, -610, 5, -860, -608, 5, 0, 0, 0
L -856, -611, 5, -858, -610, 5, 0, 0, 0
L -855, -612, 5, -856, -611, 5, 0, 0, 0
L -853, -613, 5, -855, -612, 5, 0, 0, 0
L -843, -613, 3, -853, -613, 5, 0, 0, 0
L -831, -613, 4, -843, -613, 3, 0, 0, 0
L -821, -611, 6, -831, -613, 4, 0, 0, 0
L -820, -611, 6, -821, -611, 6, 0, 0, 0
L -818, -611, 7, -820, -611, 6, 0, 0, 0
L -816, -611, 7, -818, -611, 7, 0, 0, 0
L -814, -611, 6, -816, -611, 7, 0, 0, 0
L -804, -616, 6, -814, -611, 6, 0, 0, 0
L -802, -616, 6, -804, -616, 6, 0, 0, 0
L -796, -616, 3, -802, -616, 6, 0, 0, 0
L -794, -615, 2, -796, -616, 3, 0, 0, 0
L -792, -615, 2, -794, -615, 2, 0, 0, 0
L -791, -613, 2, -792, -615, 2, 0, 0, 0
L -781, -605, 3, -791, -613, 2, 0, 0, 0
L -773, -602, 3, -781, -605, 3, 0, 0, 0
L -766, -606, 7, -773, -602, 3, 0, 0, 0
L -765, -607, 7, -766, -606, 7, 0, 0, 0
L -763, -608, 7, -765, -607, 7, 0, 0, 0
L -755, -614, 7, -763, -608, 7, 0, 0, 0
L -749, -617, 7, -755, -614, 7, 0, 0, 0
L -745, -618, 4, -749, -617, 7, 0, 0, 0
L -744, -618, 3, -745, -618, 4, 0, 0, 0
L -735, -615, 5, -744, -618, 3, 0, 0, 0
L -730, -613, 5, -735, -615, 5, 0, 0, 0
L -721, -609, 3, -730, -613, 5, 0, 0, 0
L -713, -605, 3, -721, -609, 3, 0, 0, 0
L -711, -604, 4, -713, -605, 3, 0, 0, 0
L -697, -596, 8, -711, -604, 4, 0, 0, 0
L -696, -595, 8, -697, -596, 8, 0, 0, 0
L -694, -591, 6, -696, -595, 8, 0, 0, 0
L -692, -589, 5, -694, -591, 6, 0, 0, 0
L -691, -587, 5, -692, -589, 5, 0, 0, 0
L -690, -585, 4, -691, -587, 5, 0, 0, 0
L -690, -584, 4, -690, -585, 4, 0, 0, 0
L -687, -577, 4, -690, -584, 4, 0, 0, 0
L -685, -569, 4, -687, -577, 4, 0, 0, 0
L -685, -567, 5, -685, -569, 4, 0, 0, 0
L -684, -543, 6, -685, -567, 5, 0, 0, 0
L -684, -531, 5, -684, -543, 6, 0, 0, 0
L -683, -529, 4, -684, -531, 5, 0, 0, 0
L -682, -528, 5, -683, -529, 4, 0, 0, 0
L -672, -523, 7, -682, -528, 5, 0, 0, 0
L -671, -522, 7, -672, -523, 7, 0, 0, 0
L -662, -518, 6, -671, -522, 7, 0, 0, 0
L -660, -517, 7, -662, -518, 6, 0, 0, 0
L -654, -512, 7, -660, -517, 7, 0, 0, 0
L -652, -511, 7, -654, -512, 7, 0, 0, 0
L -648, -507, 7, -652, -511, 7, 0, 0, 0
L -646, -500, 7, -648, -507, 7, 0, 0, 0
L -646, -498, 7, -646, -500, 7, 0, 0, 0
L -645, -494, 2, -646, -498, 7, 0, 0, 0
L -645, -492, 1, -645, -494, 2, 0, 0, 0
L -654, -489, 2, -645, -492, 1, 0, 0, 0
L -660, -487, 3, -654, -489, 2, 0, 0, 0
L -669, -485, 3, -660, -487, 3, 0, 0, 0
L -679, -484, 4, -669, -485, 3, 0, 0, 0
L -680, -483, 4, -679, -484, 4, 0, 0, 0
L -682, -484, 3, -680, -483, 4, 0, 0, 0
L -683, -485, 3, -682, -484, 3, 0, 0, 0
L -693, -490, 1, -683, -485, 3, 0, 0, 0
L -695, -491, 1, -693, -490, 1, 0, 0, 0
L -702, -489, 3, -695, -491, 1, 0, 0, 0
L -703, -488, 3, -702, -489, 3, 0, 0, 0
L -707, -487, 4, -703, -488, 3, 0, 0, 0
L -708, -486, 4, -707, -487, 4, 0, 0, 0
L -716, -473, 4, -708, -486, 4, 0, 0, 0
L -718, -469, 4, -716, -473, 4, 0, 0, 0
L -721, -467, 4, -718, -469, 4, 0, 0, 0
L -723, -464, 4, -721, -467, 4, 0, 0, 0
L -733, -443, 3, -723, -464, 4, 0, 0, 0
L -734, -441, 3, -733, -443, 3, 0, 0, 0
L -747, -436, 4, -734, -441, 3, 0, 0, 0
L -750, -436, 4, -747, -436, 4, 0, 0, 0
L -752, -436, 3, -750, -436, 4, 0, 0, 0
L -764, -442, 1, -752, -436, 3, 0, 0, 0
L -765, -443, 1, -764, -442, 1, 0, 0, 0
L -766, -445, 1, -765, -443, 1, 0, 0, 0
L -781, -461, 3, -766, -445, 1, 0, 0, 0
L -784, -465, 3, -781, -461, 3, 0, 0, 0
L -766, -477, 1, -784, -465, 3, 0, 0, 0
L -762, -479, 1, -766, -477, 1, 0, 0, 0
L -769, -484, 2, -762, -479, 1, 0, 0, 0
L -771, -485, 2, -769, -484, 2, 0, 0, 0
L -774, -488, 3, -771, -485, 2, 0, 0, 0
L -790, -494, 3, -774, -488, 3, 0, 0, 0
L -800, -499, 3, -790, -494, 3, 0, 0, 0
L -807, -505, 4, -800, -499, 3, 0, 0, 0
L -809, -506, 3, -807, -505, 4, 0, 0, 0
L -830, -488, 2, -809, -506, 3, 0, 0, 0
L -832, -486, 1, -830, -488, 2, 0, 0, 0
L -834, -485, 1, -832, -486, 1, 0, 0, 0
L -835, -484, 2, -834, -485, 1, 0, 0, 0
L -837, -484, 2, -835, -484, 2, 0, 0, 0
L -840, -487, 2, -837, -484, 2, 0, 0, 0
L -849, -503, 4, -840, -487, 2, 0, 0, 0
L -850, -504, 4, -849, -503, 4, 0, 0, 0
L -852, -506, 3, -850, -504, 4, 0, 0, 0
L -861, -502, 3, -852, -506, 3, 0, 0, 0
L -862, -501, 3, -861, -502, 3, 0, 0, 0
L -875, -497, 3, -862, -501, 3, 0, 0, 0
L -877, -496, 3, -875, -497, 3, 0, 0, 0
L -887, -490, 4, -877, -496, 3, 0, 0, 0
L -903, -481, 3, -887, -490, 4, 0, 0, 0
L -905, -480, 2, -903, -481, 3, 0, 0, 0
L -915, -476, 7, -905, -480, 2, 0, 0, 0
L -829, -349, 7, -828, -349, 7, 0, 0, 0
L -830, -351, 7, -829, -349, 7, 0, 0, 0
L -832, -352, 7, -830, -351, 7, 0, 0, 0
L -835, -356, 7, -832, -352, 7, 0, 0, 0
L -842, -363, 6, -835, -356, 7, 0, 0, 0
L -843, -364, 5, -842, -363, 6, 0, 0, 0
L -849, -370, 3, -843, -364, 5, 0, 0, 0
L -850, -371, 2, -849, -370, 3, 0, 0, 0
L -854, -374, 3, -850, -371, 2, 0, 0, 0
L -856, -375, 4, -854, -374, 3, 0, 0, 0
L -864, -380, 7, -856, -375, 4, 0, 0, 0
L -865, -381, 7, -864, -380, 7, 0, 0, 0
L -867, -381, 7, -865, -381, 7, 0, 0, 0
L -872, -382, 7, -867, -381, 7, 0, 0, 0
L -874, -383, 7, -872, -382, 7, 0, 0, 0
L -883, -387, 9, -874, -383, 7, 0, 0, 0
L -891, -391, 6, -883, -387, 9, 0, 0, 0
L -893, -392, 7, -891, -391, 6, 0, 0, 0
L -895, -393, 7, -893, -392, 7, 0, 0, 0
L -898, -397, 7, -895, -393, 7, 0, 0, 0
L -902, -401, 7, -898, -397, 7, 0, 0, 0
L -906, -408, 5, -902, -401, 7, 0, 0, 0
L -907, -409, 5, -906, -408, 5, 0, 0, 0
L -907, -410, 6, -907, -409, 5, 0, 0, 0
L -908, -412, 7, -907, -410, 6, 0, 0, 0
L -909, -413, 7, -908, -412, 7, 0, 0, 0
L -909, -415, 7, -909, -413, 7, 0, 0, 0
L -910, -416, 7, -909, -415, 7, 0, 0, 0
L -912, -417, 7, -910, -416, 7, 0, 0, 0
L -913, -419, 7, -912, -417, 7, 0, 0, 0
L -914, -420, 7, -913, -419, 7, 0, 0, 0
L -914, -422, 7, -914, -420, 7, 0, 0, 0
L -915, -426, 7, -914, -422, 7, 0, 0, 0
L -915, -428, 7, -915, -426, 7, 0, 0, 0
L -916, -431, 5, -915, -428, 7, 0, 0, 0
L -916, -432, 4, -916, -431, 5, 0, 0, 0
L -916, -434, 3, -916, -432, 4, 0, 0, 0
L -884, -428, 4, -916, -434, 3, 0, 0, 0
L -883, -429, 4, -884, -428, 4, 0, 0, 0
L -874, -440, 3, -883, -429, 4, 0, 0, 0
L -867, -448, 2, -874, -440, 3, 0, 0, 0
L -866, -449, 2, -867, -448, 2, 0, 0, 0
L -864, -450, 1, -866, -449, 2, 0, 0, 0
L -858, -431, 2, -864, -450, 1, 0, 0, 0
L -856, -430, 2, -858, -431, 2, 0, 0, 0
L -855, -431, 1, -856, -430, 2, 0, 0, 0
L -845, -438, 2, -855, -431, 1, 0, 0, 0
L -837, -443, 2, -845, -438, 2, 0, 0, 0
L -836, -443, 2, -837, -443, 2, 0, 0, 0
L -832, -445, 2, -836, -443, 2, 0, 0, 0
L -830, -445, 2, -832, -445, 2, 0, 0, 0
L -825, -443, 2, -830, -445, 2, 0, 0, 0
L -815, -437, 4, -825, -443, 2, 0, 0, 0
L -812, -437, 4, -815, -437, 4, 0, 0, 0
L -800, -436, 3, -812, -437, 4, 0, 0, 0
L -797, -435, 3, -800, -436, 3, 0, 0, 0
L -792, -432, 3, -797, -435, 3, 0, 0, 0
L -790, -431, 3, -792, -432, 3, 0, 0, 0
L -780, -424, 4, -790, -431, 3, 0, 0, 0
L -778, -423, 4, -780, -424, 4, 0, 0, 0
L -767, -403, 1, -778, -423, 4, 0, 0, 0
L -764, -400, 1, -767, -403, 1, 0, 0, 0
L -763, -399, 2, -764, -400, 1, 0, 0, 0
L -756, -401, 3, -763, -399, 2, 0, 0, 0
L -747, -404, 4, -756, -401, 3, 0, 0, 0
L -735, -400, 3, -747, -404, 4, 0, 0, 0
L -728, -400, 3, -735, -400, 3, 0, 0, 0
L -714, -413, 3, -728, -400, 3, 0, 0, 0
L -697, -411, 2, -714, -413, 3, 0, 0, 0
L -696, -414, 3, -697, -411, 2, 0, 0, 0
L -697, -425, 2, -696, -414, 3, 0, 0, 0
L -695, -438, 2, -697, -425, 2, 0, 0, 0
L -694, -442, 2, -695, -438, 2, 0, 0, 0
L -693, -445, 1, -694, -442, 2, 0, 0, 0
L -692, -447, 1, -693, -445, 1, 0, 0, 0
L -690, -447, 1, -692, -447, 1, 0, 0, 0
L -681, -450, 1, -690, -447, 1, 0, 0, 0
L -666, -455, 3, -681, -450, 1, 0, 0, 0
L -665, -455, 3, -666, -455, 3, 0, 0, 0
L -659, -456, 2, -665, -455, 3, 0, 0, 0
L -657, -456, 2, -659, -456, 2, 0, 0, 0
L -647, -454, 5, -657, -456, 2, 0, 0, 0
L -646, -453, 5, -647, -454, 5, 0, 0, 0
L -658, -443, 1, -646, -453, 5, 0, 0, 0
L -660, -442, 1, -658, -443, 1, 0, 0, 0
L -671, -434, 4, -660, -442, 1, 0, 0, 0
L -673, -433, 4, -671, -434, 4, 0, 0, 0
L -677, -428, 7, -673, -433, 4, 0, 0, 0
L -679, -427, 7, -677, -428, 7, 0, 0, 0
L -679, -425, 7, -679, -427, 7, 0, 0, 0
L -681, -424, 8, -679, -425, 7, 0, 0, 0
L -681, -423, 8, -681, -424, 8, 0, 0, 0
L -682, -421, 8, -681, -423, 8, 0, 0, 0
L -683, -416, 7, -682, -421, 8, 0, 0, 0
L -686, -405, 4, -683, -416, 7, 0, 0, 0
L -687, -403, 4, -686, -405, 4, 0, 0, 0
L -688, -402, 3, -687, -403, 4, 0, 0, 0
L -692, -393, 3, -688, -402, 3, 0, 0, 0
L -692, -391, 4, -692, -393, 3, 0, 0, 0
L -693, -390, 4, -692, -391, 4, 0, 0, 0
L -694, -388, 3, -693, -390, 4, 0, 0, 0
L -697, -383, 1, -694, -388, 3, 0, 0, 0
L -698, -381, 1, -697, -383, 1, 0, 0, 0
L -699, -380, 2, -698, -381, 1, 0, 0, 0
L -707, -370, 4, -699, -380, 2, 0, 0, 0
L -708, -368, 5, -707, -370, 4, 0, 0, 0
L -709, -367, 5, -708, -368, 5, 0, 0, 0
L -711, -366, 3, -709, -367, 5, 0, 0, 0
L -713, -366, 1, -711, -366, 3, 0, 0, 0
L -739, -364, 7, -713, -366, 1, 0, 0, 0
L -758, -359, 7, -739, -364, 7, 0, 0, 0
L -770, -357, 5, -758, -359, 7, 0, 0, 0
L -771, -357, 5, -770, -357, 5, 0, 0, 0
L -773, -356, 5, -771, -357, 5, 0, 0, 0
L -783, -352, 7, -773, -356, 5, 0, 0, 0
L -785, -352, 7, -783, -352, 7, 0, 0, 0
L -787, -350, 6, -785, -352, 7, 0, 0, 0
L -788, -348, 7, -787, -350, 6, 0, 0, 0
L -789, -347, 7, -788, -348, 7, 0, 0, 0
L -789, -344, 6, -789, -347, 7, 0, 0, 0
L -789, -343, 6, -789, -344, 6, 0, 0, 0
L -788, -339, 6, -789, -343, 6, 0, 0, 0
L -783, -320, 5, -788, -339, 6, 0, 0, 0
L -783, -313, 5, -783, -320, 5, 0, 0, 0
L -787, -295, 6, -783, -313, 5, 0, 0, 0
L -788, -292, 5, -787, -295, 6, 0, 0, 0
L -788, -290, 4, -788, -292, 5, 0, 0, 0
L -788, -274, 7, -788, -290, 4, 0, 0, 0
L -788, -273, 7, -788, -274, 7, 0, 0, 0
L -787, -272, 7, -788, -273, 7, 0, 0, 0
L -787, -263, 6, -787, -272, 7, 0, 0, 0
L -787, -262, 7, -787, -263, 6, 0, 0, 0
L -786, -260, 7, -787, -262, 7, 0, 0, 0
L -786, -258, 7, -786, -260, 7, 0, 0, 0
L -785, -257, 7, -786, -258, 7, 0, 0, 0
L -784, -255, 7, -785, -257, 7, 0, 0, 0
L -783, -254, 7, -784, -255, 7, 0, 0, 0
L -782, -248, 7, -783, -254, 7, 0, 0, 0
L -782, -245, 7, -782, -248, 7, 0, 0, 0
L -781, -243, 7, -782, -245, 7, 0, 0, 0
L -781, -241, 7, -781, -243, 7, 0, 0, 0
L -782, -240, 6, -781, -241, 7, 0, 0, 0
L -784, -235, 4, -782, -240, 6, 0, 0, 0
L -785, -232, 4, -784, -235, 4, 0, 0, 0
L -786, -231, 4, -785, -232, 4, 0, 0, 0
L -787, -229, 4, -786, -231, 4, 0, 0, 0
L -787, -228, 4, -787, -229, 4, 0, 0, 0
L -795, -219, 3, -787, -228, 4, 0, 0, 0
L -796, -217, 3, -795, -219, 3, 0, 0, 0
L -799, -212, 1, -796, -217, 3, 0, 0, 0
L -800, -200, 1, -799, -212, 1, 0, 0, 0
L -800, -199, 1, -800, -200, 1, 0, 0, 0
L -799, -197, 2, -800, -199, 1, 0, 0, 0
L -797, -197, 3, -799, -197, 2, 0, 0, 0
L -792, -197, 3, -797, -197, 3, 0, 0, 0
L -789, -197, 5, -792, -197, 3, 0, 0, 0
L -784, -196, 5, -789, -197, 5, 0, 0, 0
L -775, -193, 1, -784, -196, 5, 0, 0, 0
L -764, -190, 1, -775, -193, 1, 0, 0, 0
L -762, -189, 1, -764, -190, 1, 0, 0, 0
L -754, -182, 2, -762, -189, 1, 0, 0, 0
L -752, -181, 1, -754, -182, 2, 0, 0, 0
L -751, -180, 2, -752, -181, 1, 0, 0, 0
L -749, -180, 3, -751, -180, 2, 0, 0, 0
L -748, -179, 4, -749, -180, 3, 0, 0, 0
L -747, -177, 4, -748, -179, 4, 0, 0, 0
L -746, -175, 5, -747, -177, 4, 0, 0, 0
L -744, -169, 5, -746, -175, 5, 0, 0, 0
L -743, -164, 2, -744, -169, 5, 0, 0, 0
L -744, -162, 1, -743, -164, 2, 0, 0, 0
L -745, -158, 1, -744, -162, 1, 0, 0, 0
L -749, -147, 1, -745, -158, 1, 0, 0, 0
L -751, -143, 1, -749, -147, 1, 0, 0, 0
L -751, -141, 1, -751, -143, 1, 0, 0, 0
L -752, -136, 1, -751, -141, 1, 0, 0, 0
L -752, -134, 1, -752, -136, 1, 0, 0, 0
L -750, -129, 1, -752, -134, 1, 0, 0, 0
L -749, -128, 1, -750, -129, 1, 0, 0, 0
L -748, -126, 2, -749, -128, 1, 0, 0, 0
L -748, -125, 2, -748, -126, 2, 0, 0, 0
L -747, -123, 3, -748, -125, 2, 0, 0, 0
L -746, -121, 3, -747, -123, 3, 0, 0, 0
L -746, -120, 3, -746, -121, 3, 0, 0, 0
L -750, -113, 1, -746, -120, 3, 0, 0, 0
L -751, -112, 1, -750, -113, 1, 0, 0, 0
L -755, -104, 1, -751, -112, 1, 0, 0, 0
L -755, -101, 1, -755, -104, 1, 0, 0, 0
L -756, -93, 1, -755, -101, 1, 0, 0, 0
L -757, -89, 1, -756, -93, 1, 0, 0, 0
L -757, -87, 1, -757, -89, 1, 0, 0, 0
L -758, -86, 1, -757, -87, 1, 0, 0, 0
L -789, -86, 2, -758, -86, 1, 0, 0, 0
L -791, -86, 3, -789, -86, 2, 0, 0, 0
L -796, -86, 3, -791, -86, 3, 0, 0, 0
L -798, -86, 1, -796, -86, 3, 0, 0, 0
L -800, -87, 1, -798, -86, 1, 0, 0, 0
L -801, -87, 1, -800, -87, 1, 0, 0, 0
L -805, -86, 1, -801, -87, 1, 0, 0, 0
L -806, -85, 1, -805, -86, 1, 0, 0, 0
L -807, -73, 1, -806, -85, 1, 0, 0, 0
L -806, -75, 1, -807, -73, 1, 0, 0, 0
L -803, -74, 1, -806, -75, 1, 0, 0, 0
L -802, -75, 1, -803, -74, 1, 0, 0, 0
L -800, -75, 1, -802, -75, 1, 0, 0, 0
L -800, 48, 3, -800, -75, 1, 0, 0, 0
L -805, 53, 1, -800, 48, 3, 0, 0, 0
L -806, 55, 1, -805, 53, 1, 0, 0, 0
L -807, 64, 1, -806, 55, 1, 0, 0, 0
L -807, 65, 1, -807, 64, 1, 0, 0, 0
L -804, 66, 1, -807, 65, 1, 0, 0, 0
L -802, 65, 1, -804, 66, 1, 0, 0, 0
L -800, 65, 1, -802, 65, 1, 0, 0, 0
L -800, 85, 1, -800, 65, 1, 0, 0, 0
L -799, 87, 1, -800, 85, 1, 0, 0, 0
L -798, 88, 1, -799, 87, 1, 0, 0, 0
L -793, 89, 1, -798, 88, 1, 0, 0, 0
L -791, 88, 1, -793, 89, 1, 0, 0, 0
L -785, 82, 5, -791, 88, 1, 0, 0, 0
L -783, 81, 5, -785, 82, 5, 0, 0, 0
L -754, 81, 1, -783, 81, 5, 0, 0, 0
L -752, 81, 1, -754, 81, 1, 0, 0, 0
L -752, 86, 1, -752, 81, 1, 0, 0, 0
L -753, 88, 1, -752, 86, 1, 0, 0, 0
L -752, 90, 1, -753, 88, 1, 0, 0, 0
L -751, 91, 1, -752, 90, 1, 0, 0, 0
L -749, 92, 1, -751, 91, 1, 0, 0, 0
L -738, 92, 1, -749, 92, 1, 0, 0, 0
L -740, 91, 1, -738, 92, 1, 0, 0, 0
L -740, 87, 1, -740, 91, 1, 0, 0, 0
L -741, 86, 1, -740, 87, 1, 0, 0, 0
L -741, 64, 8, -741, 86, 1, 0, 0, 0
L -741, 62, 8, -741, 64, 8, 0, 0, 0
L -736, 62, 4, -741, 62, 8, 0, 0, 0
L -740, 61, 8, -736, 62, 4, 0, 0, 0
L -741, 61, 8, -740, 61, 8, 0, 0, 0
L -718, 61, 1, -741, 61, 8, 0, 0, 0
L -699, 61, 5, -718, 61, 1, 0, 0, 0
L -697, 61, 5, -699, 61, 5, 0, 0, 0
L -695, 61, 4, -697, 61, 5, 0, 0, 0
L -694, 59, 4, -695, 61, 4, 0, 0, 0
L -693, 51, 2, -694, 59, 4, 0, 0, 0
L -693, 49, 1, -693, 51, 2, 0, 0, 0
L -693, 48, 1, -693, 49, 1, 0, 0, 0
L -687, 48, 1, -693, 48, 1, 0, 0, 0
L -686, 47, 1, -687, 48, 1, 0, 0, 0
L -677, 38, 3, -686, 47, 1, 0, 0, 0
L -676, 37, 4, -677, 38, 3, 0, 0, 0
L -675, 31, 4, -676, 37, 4, 0, 0, 0
L -675, 29, 4, -675, 31, 4, 0, 0, 0
L -661, 29, 1, -675, 29, 4, 0, 0, 0
L -658, 29, 1, -661, 29, 1, 0, 0, 0
L -655, 30, 1, -658, 29, 1, 0, 0, 0
L -650, 30, 1, -655, 30, 1, 0, 0, 0
L -639, 31, 1, -650, 30, 1, 0, 0, 0
L -637, 30, 1, -639, 31, 1, 0, 0, 0
L -636, 29, 1, -637, 30, 1, 0, 0, 0
L -614, 29, 7, -636, 29, 1, 0, 0, 0
L -612, 29, 7, -614, 29, 7, 0, 0, 0
L -612, 43, 1, -612, 29, 7, 0, 0, 0
L -612, 47, 1, -612, 43, 1, 0, 0, 0
L -613, 55, 1, -612, 47, 1, 0, 0, 0
L -613, 56, 1, -613, 55, 1, 0, 0, 0
L -612, 58, 1, -613, 56, 1, 0, 0, 0
L -610, 59, 1, -612, 58, 1, 0, 0, 0
L -605, 59, 1, -610, 59, 1, 0, 0, 0
L -604, 60, 1, -605, 59, 1, 0, 0, 0
L -602, 59, 1, -604, 60, 1, 0, 0, 0
L -600, 57, 1, -602, 59, 1, 0, 0, 0
L -600, 55, 1, -600, 57, 1, 0, 0, 0
L -601, 53, 1, -600, 55, 1, 0, 0, 0
L -571, 53, 1, -601, 53, 1, 0, 0, 0
L -570, 52, 1, -571, 53, 1, 0, 0, 0
L -569, 47, 1, -570, 52, 1, 0, 0, 0
L -569, 45, 1, -569, 47, 1, 0, 0, 0
L -568, 43, 1, -569, 45, 1, 0, 0, 0
L -567, 26, 1, -568, 43, 1, 0, 0, 0
L -569, 24, 1, -567, 26, 1, 0, 0, 0
L -569, 18, 1, -569, 24, 1, 0, 0, 0
L -570, 16, 1, -569, 18, 1, 0, 0, 0
L -572, 15, 1, -570, 16, 1, 0, 0, 0
L -599, 15, 1, -572, 15, 1, 0, 0, 0
L -600, -1, 1, -599, 15, 1, 0, 0, 0
L -600, -3, 1, -600, -1, 1, 0, 0, 0
L -521, -3, 3, -600, -3, 1, 0, 0, 0
L -520, -3, 2, -521, -3, 3, 0, 0, 0
L -518, -2, 1, -520, -3, 2, 0, 0, 0
L -517, -1, 1, -518, -2, 1, 0, 0, 0
L -493, 0, 1, -517, -1, 1, 0, 0, 0
L -490, -3, 1, -493, 0, 1, 0, 0, 0
L -488, -3, 1, -490, -3, 1, 0, 0, 0
L -488, 24, 1, -488, -3, 1, 0, 0, 0
L -492, 26, 1, -488, 24, 1, 0, 0, 0
L -493, 27, 1, -492, 26, 1, 0, 0, 0
L -494, 29, 1, -493, 27, 1, 0, 0, 0
L -493, 31, 1, -494, 29, 1, 0, 0, 0
L -492, 32, 1, -493, 31, 1, 0, 0, 0
L -478, 32, 1, -492, 32, 1, 0, 0, 0
L -477, 30, 1, -478, 32, 1, 0, 0, 0
L -476, 29, 1, -477, 30, 1, 0, 0, 0
L -477, 27, 1, -476, 29, 1, 0, 0, 0
L -477, 25, 1, -477, 27, 1, 0, 0, 0
L -411, 25, 1, -477, 25, 1, 0, 0, 0
L -407, 26, 1, -411, 25, 1, 0, 0, 0
L -405, 26, 1, -407, 26, 1, 0, 0, 0
L -403, 24, 1, -405, 26, 1, 0, 0, 0
L -402, 16, 1, -403, 24, 1, 0, 0, 0
L -402, 14, 1, -402, 16, 1, 0, 0, 0
L -407, 14, 1, -402, 14, 1, 0, 0, 0
L -409, 15, 1, -407, 14, 1, 0, 0, 0
L -409, -107, 1, -409, 15, 1, 0, 0, 0
L -405, -107, 1, -409, -107, 1, 0, 0, 0
L -403, -107, 2, -405, -107, 1, 0, 0, 0
L -401, -107, 2, -403, -107, 2, 0, 0, 0
L -397, -107, 4, -401, -107, 2, 0, 0, 0
L -396, -107, 6, -397, -107, 4, 0, 0, 0
L -392, -107, 6, -396, -107, 6, 0, 0, 0
L -392, 14, 3, -392, -107, 6, 0, 0, 0
L -392, 12, 2, -392, 14, 3, 0, 0, 0
L -393, 10, 1, -392, 12, 2, 0, 0, 0
L -394, 8, 1, -393, 10, 1, 0, 0, 0
L -395, 7, 1, -394, 8, 1, 0, 0, 0
L -398, 10, 1, -395, 7, 1, 0, 0, 0
L -399, 22, 1, -398, 10, 1, 0, 0, 0
L -398, 24, 1, -399, 22, 1, 0, 0, 0
L -398, 25, 1, -398, 24, 1, 0, 0, 0
L -396, 26, 1, -398, 25, 1, 0, 0, 0
L -394, 26, 1, -396, 26, 1, 0, 0, 0
L -392, 25, 1, -394, 26, 1, 0, 0, 0
L -332, 25, 4, -392, 25, 1, 0, 0, 0
L -622, 419, -19, -622, 423, -19, 0, 0, 0
L -613, 414, -19, -622, 419, -19, 0, 0, 0
L -616, 410, -19, -613, 414, -19, 0, 0, 0
L -617, 409, -19, -616, 410, -19, 0, 0, 0
L -626, 408, -19, -617, 409, -19, 0, 0, 0
L -631, 409, -19, -626, 408, -19, 0, 0, 0
L -632, 409, -19, -631, 409, -19, 0, 0, 0
L -634, 413, -19, -632, 409, -19, 0, 0, 0
L -635, 414, -19, -634, 413, -19, 0, 0, 0
L -633, 421, -17, -635, 414, -19, 0, 0, 0
L -633, 423, -17, -633, 421, -17, 0, 0, 0
L -632, 455, -19, -633, 423, -17, 0, 0, 0
L -632, 456, -19, -632, 455, -19, 0, 0, 0
L -634, 458, -19, -632, 456, -19, 0, 0, 0
L -648, 460, -19, -634, 458, -19, 0, 0, 0
L -649, 460, -19, -648, 460, -19, 0, 0, 0
L -651, 461, -19, -649, 460, -19, 0, 0, 0
L -653, 462, -18, -651, 461, -19, 0, 0, 0
L -654, 463, -18, -653, 462, -18, 0, 0, 0
L -664, 464, -19, -654, 463, -18, 0, 0, 0
L -685, 463, -19, -664, 464, -19, 0, 0, 0
L -688, 464, -19, -685, 463, -19, 0, 0, 0
L -690, 464, -19, -688, 464, -19, 0, 0, 0
L -692, 465, -19, -690, 464, -19, 0, 0, 0
L -699, 468, -19, -692, 465, -19, 0, 0, 0
L -706, 472, -16, -699, 468, -19, 0, 0, 0
L -708, 472, -16, -706, 472, -16, 0, 0, 0
L -709, 474, -14, -708, 472, -16, 0, 0, 0
L -713, 473, -13, -709, 474, -14, 0, 0, 0
L -715, 473, -13, -713, 473, -13, 0, 0, 0
L -716, 472, -13, -715, 473, -13, 0, 0, 0
L -718, 471, -13, -716, 472, -13, 0, 0, 0
L -719, 470, -14, -718, 471, -13, 0, 0, 0
L -721, 469, -16, -719, 470, -14, 0, 0, 0
L -728, 462, -19, -721, 469, -16, 0, 0, 0
L -729, 461, -19, -728, 462, -19, 0, 0, 0
L -731, 460, -19, -729, 461, -19, 0, 0, 0
L -732, 458, -19, -731, 460, -19, 0, 0, 0
L -734, 456, -19, -732, 458, -19, 0, 0, 0
L -735, 454, -19, -734, 456, -19, 0, 0, 0
L -739, 443, -19, -735, 454, -19, 0, 0, 0
L -740, 441, -19, -739, 443, -19, 0, 0, 0
L -740, 431, -19, -740, 441, -19, 0, 0, 0
L -741, 430, -19, -740, 431, -19, 0, 0, 0
L -742, 428, -18, -741, 430, -19, 0, 0, 0
L -742, 426, -18, -742, 428, -18, 0, 0, 0
L -743, 419, -17, -742, 426, -18, 0, 0, 0
L -743, 417, -18, -743, 419, -17, 0, 0, 0
L -744, 416, -19, -743, 417, -18, 0, 0, 0
L -748, 415, -19, -744, 416, -19, 0, 0, 0
L -758, 416, -18, -748, 415, -19, 0, 0, 0
L -771, 415, -16, -758, 416, -18, 0, 0, 0
L -785, 416, -16, -771, 415, -16, 0, 0, 0
L -790, 416, -15, -785, 416, -16, 0, 0, 0
L -799, 417, -17, -790, 416, -15, 0, 0, 0
L -809, 419, -17, -799, 417, -17, 0, 0, 0
L -829, 420, -19, -809, 419, -17, 0, 0, 0
L -831, 420, -19, -829, 420, -19, 0, 0, 0
L -832, 421, -19, -831, 420, -19, 0, 0, 0
L -835, 423, -18, -832, 421, -19, 0, 0, 0
L -842, 429, -19, -835, 423, -18, 0, 0, 0
L -843, 430, -19, -842, 429, -19, 0, 0, 0
L -852, 439, -17, -843, 430, -19, 0, 0, 0
L -854, 440, -17, -852, 439, -17, 0, 0, 0
L -861, 446, -18, -854, 440, -17, 0, 0, 0
L -863, 447, -18, -861, 446, -18, 0, 0, 0
L -864, 448, -18, -863, 447, -18, 0, 0, 0
L -865, 448, -19, -864, 448, -18, 0, 0, 0
L -867, 449, -20, -865, 448, -19, 0, 0, 0
L -876, 451, -23, -867, 449, -20, 0, 0, 0
L -878, 451, -23, -876, 451, -23, 0, 0, 0
L -883, 452, -25, -878, 451, -23, 0, 0, 0
L -888, 452, -26, -883, 452, -25, 0, 0, 0
L -893, 452, -26, -888, 452, -26, 0, 0, 0
L -902, 452, -27, -893, 452, -26, 0, 0, 0
L -904, 451, -27, -902, 452, -27, 0, 0, 0
L -918, 449, -28, -904, 451, -27, 0, 0, 0
L -928, 447, -32, -918, 449, -28, 0, 0, 0
L -929, 447, -32, -928, 447, -32, 0, 0, 0
L -931, 447, -31, -929, 447, -32, 0, 0, 0
L -934, 447, -31, -931, 447, -31, 0, 0, 0
L -936, 447, -30, -934, 447, -31, 0, 0, 0
L -943, 449, -29, -936, 447, -30, 0, 0, 0
L -944, 449, -29, -943, 449, -29, 0, 0, 0
L -946, 450, -29, -944, 449, -29, 0, 0, 0
L -947, 450, -29, -946, 450, -29, 0, 0, 0
L -958, 451, -29, -947, 450, -29, 0, 0, 0
L -960, 452, -29, -958, 451, -29, 0, 0, 0
L -967, 452, -33, -960, 452, -29, 0, 0, 0
L -969, 452, -33, -967, 452, -33, 0, 0, 0
L -982, 452, -32, -969, 452, -33, 0, 0, 0
L -984, 452, -32, -982, 452, -32, 0, 0, 0
L -993, 451, -30, -984, 452, -32, 0, 0, 0
L -995, 451, -30, -993, 451, -30, 0, 0, 0
L -1004, 449, -29, -995, 451, -30, 0, 0, 0
L -1006, 449, -29, -1004, 449, -29, 0, 0, 0
L -1017, 445, -33, -1006, 449, -29, 0, 0, 0
L -1018, 448, -30, -1012, 448, -29, 0, 0, 0
L -1019, 448, -31, -1018, 448, -30, 0, 0, 0
L -1027, 457, -33, -1019, 448, -31, 0, 0, 0
L -1028, 458, -34, -1027, 457, -33, 0, 0, 0
L -1033, 472, -34, -1028, 458, -34, 0, 0, 0
L -1033, 474, -32, -1033, 472, -34, 0, 0, 0
L -1037, 481, -30, -1033, 474, -32, 0, 0, 0
L -1038, 483, -30, -1037, 481, -30, 0, 0, 0
L -1039, 484, -29, -1038, 483, -30, 0, 0, 0
L -1046, 491, -29, -1039, 484, -29, 0, 0, 0
L -1055, 495, -32, -1046, 491, -29, 0, 0, 0
L -1059, 497, -30, -1055, 495, -32, 0, 0, 0
L -1062, 497, -30, -1059, 497, -30, 0, 0, 0
L -1070, 498, -32, -1062, 497, -30, 0, 0, 0
L -1080, 498, -33, -1070, 498, -32, 0, 0, 0
L -1092, 498, -31, -1080, 498, -33, 0, 0, 0
L -1101, 497, -30, -1092, 498, -31, 0, 0, 0
L -1110, 497, -31, -1101, 497, -30, 0, 0, 0
L -1122, 499, -34, -1110, 497, -31, 0, 0, 0
L -1124, 499, -34, -1122, 499, -34, 0, 0, 0
L -1135, 497, -30, -1124, 499, -34, 0, 0, 0
L -1136, 497, -30, -1135, 497, -30, 0, 0, 0
L -1138, 495, -31, -1136, 497, -30, 0, 0, 0
L -1145, 487, -27, -1138, 495, -31, 0, 0, 0
L -1150, 480, -26, -1145, 487, -27, 0, 0, 0
L -1151, 479, -26, -1150, 480, -26, 0, 0, 0
L -1152, 477, -28, -1151, 479, -26, 0, 0, 0
L -1155, 472, -31, -1152, 477, -28, 0, 0, 0
L -1160, 464, -34, -1155, 472, -31, 0, 0, 0
L -1162, 461, -34, -1160, 464, -34, 0, 0, 0
L -1162, 459, -34, -1162, 461, -34, 0, 0, 0
L -1163, 455, -34, -1162, 459, -34, 0, 0, 0
L -1164, 452, -34, -1163, 455, -34, 0, 0, 0
L -1164, 450, -34, -1164, 452, -34, 0, 0, 0
L -1164, 446, -31, -1164, 450, -34, 0, 0, 0
L -1164, 444, -31, -1164, 446, -31, 0, 0, 0
L -1165, 439, -30, -1164, 444, -31, 0, 0, 0
L -1165, 437, -29, -1165, 439, -30, 0, 0, 0
L -1164, 429, -29, -1165, 437, -29, 0, 0, 0
L -1164, 419, -31, -1164, 429, -29, 0, 0, 0
L -1164, 417, -31, -1164, 419, -31, 0, 0, 0
L -1163, 397, -33, -1164, 417, -31, 0, 0, 0
L -1163, 395, -33, -1163, 397, -33, 0, 0, 0
L -1162, 393, -32, -1163, 395, -33, 0, 0, 0
L -1162, 391, -32, -1162, 393, -32, 0, 0, 0
L -1157, 382, -32, -1162, 391, -32, 0, 0, 0
L -1156, 381, -31, -1157, 382, -32, 0, 0, 0
L -1155, 379, -30, -1156, 381, -31, 0, 0, 0
L -1154, 378, -30, -1155, 379, -30, 0, 0, 0
L -1153, 376, -30, -1154, 378, -30, 0, 0, 0
L -1148, 372, -31, -1153, 376, -30, 0, 0, 0
L -1147, 371, -31, -1148, 372, -31, 0, 0, 0
L -1145, 370, -31, -1147, 371, -31, 0, 0, 0
L -1143, 368, -32, -1145, 370, -31, 0, 0, 0
L -1134, 364, -33, -1143, 368, -32, 0, 0, 0
L -1133, 363, -33, -1134, 364, -33, 0, 0, 0
L -1131, 362, -33, -1133, 363, -33, 0, 0, 0
L -1123, 360, -34, -1131, 362, -33, 0, 0, 0
L -1122, 360, -33, -1123, 360, -34, 0, 0, 0
L -1120, 359, -33, -1122, 360, -33, 0, 0, 0
L -1090, 362, -27, -1120, 359, -33, 0, 0, 0
L -1083, 361, -30, -1090, 362, -27, 0, 0, 0
L -1081, 361, -30, -1083, 361, -30, 0, 0, 0
L -1069, 360, -34, -1081, 361, -30, 0, 0, 0
L -1067, 360, -35, -1069, 360, -34, 0, 0, 0
L -1066, 361, -35, -1067, 360, -35, 0, 0, 0
L -1054, 363, -33, -1066, 361, -35, 0, 0, 0
L -1051, 366, -32, -1054, 363, -33, 0, 0, 0
L -1049, 367, -32, -1051, 366, -32, 0, 0, 0
L -1048, 368, -31, -1049, 367, -32, 0, 0, 0
L -1043, 374, -33, -1048, 368, -31, 0, 0, 0
L -1038, 379, -33, -1043, 374, -33, 0, 0, 0
L -1037, 380, -34, -1038, 379, -33, 0, 0, 0
L -1036, 382, -34, -1037, 380, -34, 0, 0, 0
L -1034, 385, -34, -1036, 382, -34, 0, 0, 0
L -1031, 391, -34, -1034, 385, -34, 0, 0, 0
L -1030, 392, -34, -1031, 391, -34, 0, 0, 0
L -1029, 396, -34, -1030, 392, -34, 0, 0, 0
L -1026, 405, -33, -1029, 396, -34, 0, 0, 0
L -1025, 406, -33, -1026, 405, -33, 0, 0, 0
L -1021, 408, -29, -1025, 406, -33, 0, 0, 0
L -1020, 409, -29, -1021, 408, -29, 0, 0, 0
L -1018, 409, -29, -1020, 409, -29, 0, 0, 0
L -1017, 409, -28, -1018, 409, -29, 0, 0, 0
L -1015, 409, -29, -1017, 409, -28, 0, 0, 0
L -1011, 411, -31, -1015, 409, -29, 0, 0, 0
L -1009, 411, -31, -1011, 411, -31, 0, 0, 0
L -1001, 416, -34, -1009, 411, -31, 0, 0, 0
L -999, 416, -34, -1001, 416, -34, 0, 0, 0
L -997, 417, -33, -999, 416, -34, 0, 0, 0
L -984, 418, -32, -997, 417, -33, 0, 0, 0
L -983, 418, -33, -984, 418, -32, 0, 0, 0
L -981, 418, -33, -983, 418, -33, 0, 0, 0
L -972, 417, -29, -981, 418, -33, 0, 0, 0
L -971, 417, -29, -972, 417, -29, 0, 0, 0
L -967, 415, -29, -971, 417, -29, 0, 0, 0
L -957, 416, -31, -967, 415, -29, 0, 0, 0
L -955, 416, -32, -957, 416, -31, 0, 0, 0
L -941, 414, -35, -955, 416, -32, 0, 0, 0
L -939, 414, -35, -941, 414, -35, 0, 0, 0
L -925, 414, -28, -939, 414, -35, 0, 0, 0
L -914, 417, -27, -925, 414, -28, 0, 0, 0
L -905, 419, -29, -914, 417, -27, 0, 0, 0
L -903, 420, -29, -905, 419, -29, 0, 0, 0
L -898, 420, -29, -903, 420, -29, 0, 0, 0
L -883, 419, -25, -898, 420, -29, 0, 0, 0
L -882, 419, -25, -883, 419, -25, 0, 0, 0
L -877, 420, -24, -882, 419, -25, 0, 0, 0
L -875, 420, -24, -877, 420, -24, 0, 0, 0
L -873, 419, -23, -875, 420, -24, 0, 0, 0
L -872, 418, -23, -873, 419, -23, 0, 0, 0
L -871, 418, -23, -872, 418, -23, 0, 0, 0
L -870, 416, -23, -871, 418, -23, 0, 0, 0
L -866, 412, -19, -870, 416, -23, 0, 0, 0
L -865, 411, -19, -866, 412, -19, 0, 0, 0
L -865, 409, -18, -865, 411, -19, 0, 0, 0
L -863, 408, -18, -865, 409, -18, 0, 0, 0
L -861, 408, -18, -863, 408, -18, 0, 0, 0
L -860, 407, -19, -861, 408, -18, 0, 0, 0
L -851, 403, -18, -860, 407, -19, 0, 0, 0
L -850, 402, -19, -851, 403, -18, 0, 0, 0
L -843, 396, -19, -850, 402, -19, 0, 0, 0
L -841, 395, -19, -843, 396, -19, 0, 0, 0
L -840, 394, -19, -841, 395, -19, 0, 0, 0
L -821, 388, -15, -840, 394, -19, 0, 0, 0
L -812, 386, -15, -821, 388, -15, 0, 0, 0
L -806, 384, -13, -812, 386, -15, 0, 0, 0
L -805, 384, -13, -806, 384, -13, 0, 0, 0
L -804, 383, -13, -805, 384, -13, 0, 0, 0
L -802, 382, -13, -804, 383, -13, 0, 0, 0
L -801, 381, -13, -802, 382, -13, 0, 0, 0
L -799, 381, -13, -801, 381, -13, 0, 0, 0
L -797, 380, -13, -799, 381, -13, 0, 0, 0
L -789, 379, -13, -797, 380, -13, 0, 0, 0
L -782, 380, -13, -789, 379, -13, 0, 0, 0
L -780, 380, -13, -782, 380, -13, 0, 0, 0
L -778, 381, -13, -780, 380, -13, 0, 0, 0
L -777, 381, -13, -778, 381, -13, 0, 0, 0
L -775, 382, -13, -777, 381, -13, 0, 0, 0
L -774, 383, -14, -775, 382, -13, 0, 0, 0
L -760, 396, -18, -774, 383, -14, 0, 0, 0
L -759, 397, -19, -760, 396, -18, 0, 0, 0
L -749, 398, -19, -759, 397, -19, 0, 0, 0
L -746, 398, -19, -749, 398, -19, 0, 0, 0
L -744, 397, -18, -746, 398, -19, 0, 0, 0
L -743, 396, -18, -744, 397, -18, 0, 0, 0
L -743, 394, -17, -743, 396, -18, 0, 0, 0
L -744, 392, -16, -743, 394, -17, 0, 0, 0
L -744, 390, -15, -744, 392, -16, 0, 0, 0
L -745, 386, -13, -744, 390, -15, 0, 0, 0
L -745, 385, -13, -745, 386, -13, 0, 0, 0
L -740, 372, -19, -745, 385, -13, 0, 0, 0
L -737, 361, -19, -740, 372, -19, 0, 0, 0
L -736, 360, -19, -737, 361, -19, 0, 0, 0
L -734, 356, -19, -736, 360, -19, 0, 0, 0
L -733, 355, -19, -734, 356, -19, 0, 0, 0
L -730, 353, -19, -733, 355, -19, 0, 0, 0
L -727, 350, -19, -730, 353, -19, 0, 0, 0
L -727, 348, -19, -727, 350, -19, 0, 0, 0
L -725, 347, -18, -727, 348, -19, 0, 0, 0
L -724, 346, -18, -725, 347, -18, 0, 0, 0
L -723, 344, -13, -724, 346, -18, 0, 0, 0
L -722, 343, -13, -723, 344, -13, 0, 0, 0
L -720, 342, -13, -722, 343, -13, 0, 0, 0
L -715, 343, -18, -720, 342, -13, 0, 0, 0
L -713, 343, -19, -715, 343, -18, 0, 0, 0
L -699, 347, -19, -713, 343, -19, 0, 0, 0
L -688, 349, -19, -699, 347, -19, 0, 0, 0
L -681, 350, -19, -688, 349, -19, 0, 0, 0
L -676, 348, -19, -681, 350, -19, 0, 0, 0
L -675, 347, -16, -676, 348, -19, 0, 0, 0
L -673, 345, -15, -675, 347, -16, 0, 0, 0
L -672, 344, -14, -673, 345, -15, 0, 0, 0
L -670, 344, -14, -672, 344, -14, 0, 0, 0
L -668, 343, -14, -670, 344, -14, 0, 0, 0
L -666, 343, -13, -668, 343, -14, 0, 0, 0
L -664, 344, -13, -666, 343, -13, 0, 0, 0
L -662, 344, -14, -664, 344, -13, 0, 0, 0
L -661, 345, -14, -662, 344, -14, 0, 0, 0
L -659, 346, -15, -661, 345, -14, 0, 0, 0
L -655, 349, -18, -659, 346, -15, 0, 0, 0
L -652, 352, -19, -655, 349, -18, 0, 0, 0
L -650, 353, -19, -652, 352, -19, 0, 0, 0
L -646, 353, -19, -650, 353, -19, 0, 0, 0
L -639, 354, -19, -646, 353, -19, 0, 0, 0
L -635, 355, -19, -639, 354, -19, 0, 0, 0
L -633, 356, -19, -635, 355, -19, 0, 0, 0
L -632, 392, -17, -633, 356, -19, 0, 0, 0
L -632, 394, -17, -632, 392, -17, 0, 0, 0
L -633, 397, -19, -632, 394, -17, 0, 0, 0
L -633, 400, -19, -633, 397, -19, 0, 0, 0
L -634, 402, -19, -633, 400, -19, 0, 0, 0
L -633, 403, -19, -634, 402, -19, 0, 0, 0
L -631, 404, -19, -633, 403, -19, 0, 0, 0
L -623, 405, -19, -631, 404, -19, 0, 0, 0
L -618, 404, -19, -623, 405, -19, 0, 0, 0
L -568, 762, -4, -568, 730, -15, 0, 0, 0
L -568, 763, -4, -568, 762, -4, 0, 0, 0
L -569, 765, -4, -568, 763, -4, 0, 0, 0
L -570, 765, -4, -569, 765, -4, 0, 0, 0
L -572, 764, -4, -570, 765, -4, 0, 0, 0
L -574, 765, -4, -572, 764, -4, 0, 0, 0
L -575, 766, -4, -574, 765, -4, 0, 0, 0
L -575, 778, -4, -575, 766, -4, 0, 0, 0
L -574, 780, -4, -575, 778, -4, 0, 0, 0
L -574, 778, -4, -574, 780, -4, 0, 0, 0
L -572, 777, -4, -574, 778, -4, 0, 0, 0
L -570, 777, -4, -572, 777, -4, 0, 0, 0
L -569, 776, -4, -570, 777, -4, 0, 0, 0
L -546, 776, 2, -569, 776, -4, 0, 0, 0
L -545, 776, 2, -546, 776, 2, 0, 0, 0
L -545, 797, -4, -545, 776, 2, 0, 0, 0
L -545, 800, -4, -545, 797, -4, 0, 0, 0
L -546, 802, -4, -545, 800, -4, 0, 0, 0
L -546, 820, -4, -546, 802, -4, 0, 0, 0
L -545, 821, -4, -546, 820, -4, 0, 0, 0
L -545, 827, -4, -545, 821, -4, 0, 0, 0
L -574, 856, -2, -545, 827, -4, 0, 0, 0
L -575, 857, -3, -574, 856, -2, 0, 0, 0
L -640, 857, 1, -575, 857, -3, 0, 0, 0
L -642, 857, 1, -640, 857, 1, 0, 0, 0
L -643, 856, 2, -642, 857, 1, 0, 0, 0
L -643, 854, 2, -643, 856, 2, 0, 0, 0
L -613, 825, 2, -643, 854, 2, 0, 0, 0
L -612, 823, 1, -613, 825, 2, 0, 0, 0
L -611, 822, -1, -612, 823, 1, 0, 0, 0
L -610, 815, -1, -611, 822, -1, 0, 0, 0
L -610, 813, -4, -610, 815, -1, 0, 0, 0
L -609, 812, -4, -610, 813, -4, 0, 0, 0
L -609, 793, -4, -609, 812, -4, 0, 0, 0
L -610, 792, -4, -609, 793, -4, 0, 0, 0
L -610, 778, 2, -610, 792, -4, 0, 0, 0
L -610, 776, 2, -610, 778, 2, 0, 0, 0
L -598, 776, -4, -610, 776, 2, 0, 0, 0
L -586, 776, -4, -598, 776, -4, 0, 0, 0
L -585, 780, -4, -586, 776, -4, 0, 0, 0
L -584, 781, -4, -585, 780, -4, 0, 0, 0
L -582, 782, -4, -584, 781, -4, 0, 0, 0
L -580, 781, -4, -582, 782, -4, 0, 0, 0
L -579, 780, -4, -580, 781, -4, 0, 0, 0
L -579, 766, -4, -579, 780, -4, 0, 0, 0
L -580, 765, -4, -579, 766, -4, 0, 0, 0
L -582, 764, -4, -580, 765, -4, 0, 0, 0
L -584, 765, -4, -582, 764, -4, 0, 0, 0
L -586, 765, -4, -584, 765, -4, 0, 0, 0
L -586, 722, -19, -586, 765, -4, 0, 0, 0
L -586, 721, -19, -586, 722, -19, 0, 0, 0
L -588, 720, -19, -586, 721, -19, 0, 0, 0
L -593, 719, -18, -588, 720, -19, 0, 0, 0
L -271, 647, -19, -271, 641, -19, 0, 0, 0
L -270, 649, -19, -271, 647, -19, 0, 0, 0
L -269, 650, -19, -270, 649, -19, 0, 0, 0
L -269, 648, -19, -269, 650, -19, 0, 0, 0
L -268, 646, -19, -269, 648, -19, 0, 0, 0
L -266, 646, -19, -268, 646, -19, 0, 0, 0
L -264, 645, -19, -266, 646, -19, 0, 0, 0
L -240, 645, -19, -264, 645, -19, 0, 0, 0
L -239, 690, -19, -240, 645, -19, 0, 0, 0
L -238, 692, -19, -239, 690, -19, 0, 0, 0
L -208, 722, -17, -238, 692, -19, 0, 0, 0
L -207, 723, -15, -208, 722, -17, 0, 0, 0
L -208, 726, -14, -207, 723, -15, 0, 0, 0
L -209, 727, -14, -208, 726, -14, 0, 0, 0
L -235, 727, -19, -209, 727, -14, 0, 0, 0
L -237, 727, -19, -235, 727, -19, 0, 0, 0
L -238, 726, -19, -237, 727, -19, 0, 0, 0
L -240, 725, -19, -238, 726, -19, 0, 0, 0
L -258, 725, -19, -240, 725, -19, 0, 0, 0
L -259, 727, -18, -258, 725, -19, 0, 0, 0
L -272, 727, -17, -259, 727, -18, 0, 0, 0
L -274, 727, -16, -272, 727, -17, 0, 0, 0
L -303, 698, -15, -274, 727, -16, 0, 0, 0
L -305, 697, -15, -303, 698, -15, 0, 0, 0
L -305, 694, -16, -305, 697, -15, 0, 0, 0
L -305, 692, -17, -305, 694, -16, 0, 0, 0
L -304, 690, -18, -305, 692, -17, 0, 0, 0
L -303, 689, -19, -304, 690, -18, 0, 0, 0
L -303, 671, -19, -303, 689, -19, 0, 0, 0
L -304, 670, -19, -303, 671, -19, 0, 0, 0
L -305, 647, -17, -304, 670, -19, 0, 0, 0
L -305, 645, -18, -305, 647, -17, 0, 0, 0
L -281, 645, -19, -305, 645, -18, 0, 0, 0
L -280, 649, -19, -281, 645, -19, 0, 0, 0
L -278, 652, -19, -280, 649, -19, 0, 0, 0
L -276, 651, -19, -278, 652, -19, 0, 0, 0
L -275, 650, -19, -276, 651, -19, 0, 0, 0
L -274, 637, -19, -275, 650, -19, 0, 0, 0
L -275, 635, -19, -274, 637, -19, 0, 0, 0
L -277, 634, -19, -275, 635, -19, 0, 0, 0
L -76, 165, -15, -211, 165, -12, 0, 0, 0
L -74, 165, -14, -76, 165, -15, 0, 0, 0
L -71, 167, -14, -74, 165, -14, 0, 0, 0
L -66, 171, -15, -71, 167, -14, 0, 0, 0
L -65, 172, -15, -66, 171, -15, 0, 0, 0
L -52, 172, -15, -65, 172, -15, 0, 0, 0
L -52, 170, -15, -52, 172, -15, 0, 0, 0
L -54, 170, -15, -52, 170, -15, 0, 0, 0
L -54, 168, -15, -54, 170, -15, 0, 0, 0
L -55, 166, -15, -54, 168, -15, 0, 0, 0
L -55, 148, -15, -55, 166, -15, 0, 0, 0
L -54, 145, -15, -55, 148, -15, 0, 0, 0
L -53, 125, -15, -54, 145, -15, 0, 0, 0
L -54, 123, -15, -53, 125, -15, 0, 0, 0
L -55, 122, -15, -54, 123, -15, 0, 0, 0
L -55, 115, -12, -55, 122, -15, 0, 0, 0
L -55, 113, -12, -55, 115, -12, 0, 0, 0
L -52, 113, -14, -55, 113, -12, 0, 0, 0
L -50, 113, -15, -52, 113, -14, 0, 0, 0
L -48, 114, -15, -50, 113, -15, 0, 0, 0
L -47, 115, -15, -48, 114, -15, 0, 0, 0
L -30, 115, -15, -47, 115, -15, 0, 0, 0
L -28, 113, -15, -30, 115, -15, 0, 0, 0
L -18, 113, -15, -28, 113, -15, 0, 0, 0
L -15, 115, -15, -18, 113, -15, 0, 0, 0
L 10, 115, -15, -15, 115, -15, 0, 0, 0
L 11, 114, -15, 10, 115, -15, 0, 0, 0
L 20, 113, -15, 11, 114, -15, 0, 0, 0
L 23, 113, -15, 20, 113, -15, 0, 0, 0
L 25, 111, -15, 23, 113, -15, 0, 0, 0
L 25, 74, 0, 25, 111, -15, 0, 0, 0
L 25, 76, 0, 25, 74, 0, 0, 0, 0
L 28, 74, 4, 25, 76, 0, 0, 0, 0
L 30, 73, 5, 28, 74, 4, 0, 0, 0
L 32, 72, 5, 30, 73, 5, 0, 0, 0
L 32, 70, 5, 32, 72, 5, 0, 0, 0
L 32, 69, 0, 32, 70, 5, 0, 0, 0
L 32, 58, 0, 32, 69, 0, 0, 0, 0
L 31, 57, 0, 32, 58, 0, 0, 0, 0
L 29, 56, 0, 31, 57, 0, 0, 0, 0
L 27, 56, 0, 29, 56, 0, 0, 0, 0
L 26, 57, 0, 27, 56, 0, 0, 0, 0
L 21, 57, 0, 26, 57, 0, 0, 0, 0
L 21, 28, 4, 21, 57, 0, 0, 0, 0
L 21, 26, 4, 21, 28, 4, 0, 0, 0
L 26, 20, 0, 21, 26, 4, 0, 0, 0
L 29, 18, 0, 26, 20, 0, 0, 0, 0
L 29, 10, 0, 29, 18, 0, 0, 0, 0
L 27, 9, 0, 29, 10, 0, 0, 0, 0
L 6, 9, 0, 27, 9, 0, 0, 0, 0
L 9, 8, 0, 6, 9, 0, 0, 0, 0
L 11, 6, 0, 9, 8, 0, 0, 0, 0
L 11, 4, 0, 11, 6, 0, 0, 0, 0
L 9, 2, 0, 11, 4, 0, 0, 0, 0
L -5, 2, 0, 9, 2, 0, 0, 0, 0
L -6, 3, 0, -5, 2, 0, 0, 0, 0
L -6, 5, 0, -6, 3, 0, 0, 0, 0
L -6, 7, 1, -6, 5, 0, 0, 0, 0
L -5, 9, 1, -6, 7, 1, 0, 0, 0
L -60, 9, -16, -5, 9, 1, 0, 0, 0
L -58, 9, -16, -60, 9, -16, 0, 0, 0
L -57, 8, -16, -58, 9, -16, 0, 0, 0
L -56, 6, -16, -57, 8, -16, 0, 0, 0
L -55, 5, -16, -56, 6, -16, 0, 0, 0
L -56, 3, -16, -55, 5, -16, 0, 0, 0
L -57, 2, -16, -56, 3, -16, 0, 0, 0
L -71, 2, -16, -57, 2, -16, 0, 0, 0
L -72, 4, -16, -71, 2, -16, 0, 0, 0
L -72, 8, -16, -72, 4, -16, 0, 0, 0
L -71, 32, -18, -72, 8, -16, 0, 0, 0
L -71, 34, -19, -71, 32, -18, 0, 0, 0
L -90, 53, -20, -71, 34, -19, 0, 0, 0
L -158, 53, -20, -90, 53, -20, 0, 0, 0
L -163, 51, -20, -158, 53, -20, 0, 0, 0
L -181, 51, -20, -163, 51, -20, 0, 0, 0
L -182, 53, -20, -181, 51, -20, 0, 0, 0
L -184, 53, -20, -182, 53, -20, 0, 0, 0
L -185, -51, -20, -184, 53, -20, 0, 0, 0
L -184, -53, -20, -185, -51, -20, 0, 0, 0
L -182, -52, -20, -184, -53, -20, 0, 0, 0
L -181, -51, -20, -182, -52, -20, 0, 0, 0
L -163, -51, -20, -181, -51, -20, 0, 0, 0
L -162, -53, -20, -163, -51, -20, 0, 0, 0
L -92, -53, -14, -162, -53, -20, 0, 0, 0
L -90, -53, -14, -92, -53, -14, 0, 0, 0
L -73, -36, -19, -90, -53, -14, 0, 0, 0
L -72, -34, -18, -73, -36, -19, 0, 0, 0
L -71, -12, -16, -72, -34, -18, 0, 0, 0
L -71, -10, -16, -71, -12, -16, 0, 0, 0
L -72, -6, -16, -71, -10, -16, 0, 0, 0
L -72, -4, -16, -72, -6, -16, 0, 0, 0
L -71, -3, -16, -72, -4, -16, 0, 0, 0
L -59, -2, -16, -71, -3, -16, 0, 0, 0
L -60, -6, -16, -59, -2, -16, 0, 0, 0
L -60, -7, -16, -60, -6, -16, 0, 0, 0
L -61, -9, -15, -60, -7, -16, 0, 0, 0
L -9, -9, 0, -61, -9, -15, 0, 0, 0
L -7, -9, 0, -9, -9, 0, 0, 0, 0
L -6, -8, 0, -7, -9, 0, 0, 0, 0
L -6, -3, 0, -6, -8, 0, 0, 0, 0
L -4, -2, 0, -6, -3, 0, 0, 0, 0
L 4, -2, 0, -4, -2, 0, 0, 0, 0
L 6, 0, 0, 4, -2, 0, 0, 0, 0
L 6, -7, 0, 6, 0, 0, 0, 0, 0
L 5, -9, 0, 6, -7, 0, 0, 0, 0
L 27, -9, 0, 5, -9, 0, 0, 0, 0
L 29, -10, 0, 27, -9, 0, 0, 0, 0
L 29, -17, 0, 29, -10, 0, 0, 0, 0
L 23, -23, 4, 29, -17, 0, 0, 0, 0
L 22, -25, 4, 23, -23, 4, 0, 0, 0
L 21, -55, 0, 22, -25, 4, 0, 0, 0
L 21, -57, 0, 21, -55, 0, 0, 0, 0
L 25, -57, 0, 21, -57, 0, 0, 0, 0
L 29, -55, 0, 25, -57, 0, 0, 0, 0
L 30, -54, 0, 29, -55, 0, 0, 0, 0
L 32, -58, 0, 30, -54, 0, 0, 0, 0
L 32, -69, 0, 32, -58, 0, 0, 0, 0
L 31, -70, 0, 32, -69, 0, 0, 0, 0
L 30, -68, 0, 31, -70, 0, 0, 0, 0
L 20, -68, 2, 30, -68, 0, 0, 0, 0
L 19, -68, 2, 20, -68, 2, 0, 0, 0
L 17, -67, 1, 19, -68, 2, 0, 0, 0
L -16, -67, 0, 17, -67, 1, 0, 0, 0
L -17, -69, 0, -16, -67, 0, 0, 0, 0
L -19, -74, 0, -17, -69, 0, 0, 0, 0
L -19, -83, 0, -19, -74, 0, 0, 0, 0
L -20, -85, 0, -19, -83, 0, 0, 0, 0
L -20, -86, 1, -20, -85, 0, 0, 0, 0
L -22, -87, 2, -20, -86, 1, 0, 0, 0
L -23, -89, 2, -22, -87, 2, 0, 0, 0
L -24, -90, 3, -23, -89, 2, 0, 0, 0
L -25, -91, 3, -24, -90, 3, 0, 0, 0
L -25, -104, 0, -25, -91, 3, 0, 0, 0
L -24, -108, 0, -25, -104, 0, 0, 0, 0
L -24, -112, 0, -24, -108, 0, 0, 0, 0
L -23, -113, 0, -24, -112, 0, 0, 0, 0
L -23, -123, 0, -23, -113, 0, 0, 0, 0
L -24, -125, 0, -23, -123, 0, 0, 0, 0
L -25, -128, 0, -24, -125, 0, 0, 0, 0
L -29, -137, 0, -25, -128, 0, 0, 0, 0
L -30, -140, 0, -29, -137, 0, 0, 0, 0
L -30, -142, 0, -30, -140, 0, 0, 0, 0
L -31, -143, 1, -30, -142, 0, 0, 0, 0
L -31, -147, 1, -31, -143, 1, 0, 0, 0
L -30, -149, 1, -31, -147, 1, 0, 0, 0
L -29, -153, 1, -30, -149, 1, 0, 0, 0
L -28, -154, 1, -29, -153, 1, 0, 0, 0
L -28, -155, 1, -28, -154, 1, 0, 0, 0
L -27, -157, 0, -28, -155, 1, 0, 0, 0
L -22, -162, 0, -27, -157, 0, 0, 0, 0
L -21, -164, 0, -22, -162, 0, 0, 0, 0
L -19, -165, 0, -21, -164, 0, 0, 0, 0
L -19, -166, 0, -19, -165, 0, 0, 0, 0
L -18, -168, 0, -19, -166, 0, 0, 0, 0
L -16, -169, 0, -18, -168, 0, 0, 0, 0
L -10, -171, 0, -16, -169, 0, 0, 0, 0
L -8, -172, 0, -10, -171, 0, 0, 0, 0
L 6, -175, 0, -8, -172, 0, 0, 0, 0
L 9, -175, 0, 6, -175, 0, 0, 0, 0
L 11, -176, 0, 9, -175, 0, 0, 0, 0
L 14, -177, 1, 11, -176, 0, 0, 0, 0
L 21, -175, 2, 14, -177, 1, 0, 0, 0
L 23, -175, 1, 21, -175, 2, 0, 0, 0
L 24, -178, 0, 23, -175, 1, 0, 0, 0
L 25, -179, 0, 24, -178, 0, 0, 0, 0
L 25, -188, 0, 25, -179, 0, 0, 0, 0
L 26, -191, 0, 25, -188, 0, 0, 0, 0
L 26, -194, 1, 26, -191, 0, 0, 0, 0
L 26, -195, 1, 26, -194, 1, 0, 0, 0
L 27, -213, 2, 26, -195, 1, 0, 0, 0
L 26, -218, 1, 27, -213, 2, 0, 0, 0
L 26, -219, 2, 26, -218, 1, 0, 0, 0
L 25, -222, 2, 26, -219, 2, 0, 0, 0
L 25, -223, 3, 25, -222, 2, 0, 0, 0
L 25, -225, 3, 25, -223, 3, 0, 0, 0
L 24, -229, 2, 25, -225, 3, 0, 0, 0
L 24, -231, 2, 24, -229, 2, 0, 0, 0
L 23, -235, 3, 24, -231, 2, 0, 0, 0
L 23, -239, 3, 23, -235, 3, 0, 0, 0
L 22, -242, 2, 23, -239, 3, 0, 0, 0
L 21, -265, 2, 22, -242, 2, 0, 0, 0
L 22, -267, 2, 21, -265, 2, 0, 0, 0
L 22, -271, 3, 22, -267, 2, 0, 0, 0
L 23, -277, 7, 22, -271, 3, 0, 0, 0
L 23, -283, 7, 23, -277, 7, 0, 0, 0
L 24, -289, 7, 23, -283, 7, 0, 0, 0
L 24, -290, 7, 24, -289, 7, 0, 0, 0
L 25, -296, 7, 24, -290, 7, 0, 0, 0
L 25, -297, 7, 25, -296, 7, 0, 0, 0
L 25, -308, 10, 25, -297, 7, 0, 0, 0
L 25, -309, 11, 25, -308, 10, 0, 0, 0
L 25, -312, 12, 25, -309, 11, 0, 0, 0
L 22, -321, 12, 25, -312, 12, 0, 0, 0
L 22, -324, 12, 22, -321, 12, 0, 0, 0
L 21, -325, 12, 22, -324, 12, 0, 0, 0
L 21, -329, 12, 21, -325, 12, 0, 0, 0
L 20, -332, 13, 21, -329, 12, 0, 0, 0
L 19, -335, 13, 20, -332, 13, 0, 0, 0
L 15, -345, 13, 19, -335, 13, 0, 0, 0
L 5, -373, 18, 15, -345, 13, 0, 0, 0
L 2, -382, 16, 5, -373, 18, 0, 0, 0
L 1, -384, 16, 2, -382, 16, 0, 0, 0
L 0, -387, 16, 1, -384, 16, 0, 0, 0
L -1, -404, 18, 0, -387, 16, 0, 0, 0
L 0, -408, 18, -1, -404, 18, 0, 0, 0
L 1, -412, 19, 0, -408, 18, 0, 0, 0
L 1, -414, 19, 1, -412, 19, 0, 0, 0
L 2, -418, 19, 1, -414, 19, 0, 0, 0
L 3, -423, 18, 2, -418, 19, 0, 0, 0
L 3, -438, 25, 3, -423, 18, 0, 0, 0
L 3, -439, 27, 3, -438, 25, 0, 0, 0
L 3, -447, 29, 3, -439, 27, 0, 0, 0
L 2, -449, 29, 3, -447, 29, 0, 0, 0
L -1, -461, 23, 2, -449, 29, 0, 0, 0
L -1, -474, 19, -1, -461, 23, 0, 0, 0
L -1, -507, 18, -1, -474, 19, 0, 0, 0
L 0, -514, 18, -1, -507, 18, 0, 0, 0
L 0, -516, 18, 0, -514, 18, 0, 0, 0
L -7, -522, 17, 0, -516, 18, 0, 0, 0
L -9, -522, 17, -7, -522, 17, 0, 0, 0
L -11, -522, 18, -9, -522, 17, 0, 0, 0
L -20, -519, 21, -11, -522, 18, 0, 0, 0
L -22, -518, 21, -20, -519, 21, 0, 0, 0
L -23, -517, 22, -22, -518, 21, 0, 0, 0
L -25, -517, 22, -23, -517, 22, 0, 0, 0
L -48, -518, 20, -25, -517, 22, 0, 0, 0
L -58, -518, 18, -48, -518, 20, 0, 0, 0
L -73, -518, 19, -58, -518, 18, 0, 0, 0
L -82, -517, 17, -73, -518, 19, 0, 0, 0
L -92, -517, 21, -82, -517, 17, 0, 0, 0
L -95, -517, 21, -92, -517, 21, 0, 0, 0
L -97, -517, 22, -95, -517, 21, 0, 0, 0
L -112, -520, 20, -97, -517, 22, 0, 0, 0
L -206, -530, 16, -200, -548, 16, 0, 0, 0
L -206, -528, 15, -206, -530, 16, 0, 0, 0
L -207, -522, 14, -206, -528, 15, 0, 0, 0
L -206, -521, 14, -207, -522, 14, 0, 0, 0
L -206, -518, 13, -206, -521, 14, 0, 0, 0
L -205, -516, 14, -206, -518, 13, 0, 0, 0
L -205, -513, 14, -205, -516, 14, 0, 0, 0
L -206, -509, 16, -205, -513, 14, 0, 0, 0
L -206, -507, 16, -206, -509, 16, 0, 0, 0
L -207, -501, 16, -206, -507, 16, 0, 0, 0
L -207, -500, 17, -207, -501, 16, 0, 0, 0
L -206, -494, 15, -207, -500, 17, 0, 0, 0
L -205, -487, 15, -206, -494, 15, 0, 0, 0
L -205, -480, 14, -205, -487, 15, 0, 0, 0
L -205, -478, 14, -205, -480, 14, 0, 0, 0
L -206, -477, 13, -205, -478, 14, 0, 0, 0
L -207, -473, 13, -206, -477, 13, 0, 0, 0
L -210, -467, 15, -207, -473, 13, 0, 0, 0
L -211, -465, 15, -210, -467, 15, 0, 0, 0
L -212, -464, 15, -211, -465, 15, 0, 0, 0
L -213, -462, 15, -212, -464, 15, 0, 0, 0
L -215, -461, 15, -213, -462, 15, 0, 0, 0
L -216, -460, 15, -215, -461, 15, 0, 0, 0
L -226, -454, 13, -216, -460, 15, 0, 0, 0
L -228, -453, 13, -226, -454, 13, 0, 0, 0
L -229, -452, 13, -228, -453, 13, 0, 0, 0
L -231, -452, 14, -229, -452, 13, 0, 0, 0
L -233, -452, 14, -231, -452, 14, 0, 0, 0
L -243, -453, 14, -233, -452, 14, 0, 0, 0
L -253, -454, 15, -243, -453, 14, 0, 0, 0
L -255, -454, 15, -253, -454, 15, 0, 0, 0
L -269, -453, 15, -255, -454, 15, 0, 0, 0
L -300, -453, 12, -269, -453, 15, 0, 0, 0
L -302, -453, 12, -300, -453, 12, 0, 0, 0
L -303, -453, 13, -302, -453, 12, 0, 0, 0
L -305, -453, 14, -303, -453, 13, 0, 0, 0
L -307, -454, 14, -305, -453, 14, 0, 0, 0
L -309, -456, 14, -307, -454, 14, 0, 0, 0
L -311, -457, 14, -309, -456, 14, 0, 0, 0
L -312, -458, 14, -311, -457, 14, 0, 0, 0
L -316, -463, 14, -312, -458, 14, 0, 0, 0
L -321, -471, 12, -316, -463, 14, 0, 0, 0
L -322, -472, 11, -321, -471, 12, 0, 0, 0
L -323, -474, 12, -322, -472, 11, 0, 0, 0
L -324, -475, 13, -323, -474, 12, 0, 0, 0
L -325, -476, 13, -324, -475, 13, 0, 0, 0
L -325, -478, 14, -325, -476, 13, 0, 0, 0
L -326, -483, 14, -325, -478, 14, 0, 0, 0
L -325, -488, 14, -326, -483, 14, 0, 0, 0
L -324, -492, 14, -325, -488, 14, 0, 0, 0
L -324, -497, 14, -324, -492, 14, 0, 0, 0
L -323, -513, 15, -324, -497, 14, 0, 0, 0
L -323, -515, 15, -323, -513, 15, 0, 0, 0
L -324, -516, 15, -323, -515, 15, 0, 0, 0
L -329, -533, 14, -324, -516, 15, 0, 0, 0
L -330, -537, 14, -329, -533, 14, 0, 0, 0
L -331, -538, 14, -330, -537, 14, 0, 0, 0
L -331, -540, 13, -331, -538, 14, 0, 0, 0
L -331, -549, 15, -331, -540, 13, 0, 0, 0
L -331, -550, 16, -331, -549, 15, 0, 0, 0
L -331, -552, 16, -331, -550, 16, 0, 0, 0
L -330, -554, 16, -331, -552, 16, 0, 0, 0
L -329, -555, 16, -330, -554, 16, 0, 0, 0
L -319, -572, 16, -329, -555, 16, 0, 0, 0
L -318, -573, 16, -319, -572, 16, 0, 0, 0
L -318, -575, 15, -318, -573, 16, 0, 0, 0
L -317, -576, 15, -318, -575, 15, 0, 0, 0
L -316, -578, 15, -317, -576, 15, 0, 0, 0
L -316, -580, 14, -316, -578, 15, 0, 0, 0
L -315, -586, 14, -316, -580, 14, 0, 0, 0
L -315, -593, 13, -315, -586, 14, 0, 0, 0
L -314, -597, 14, -315, -593, 13, 0, 0, 0
L -313, -600, 14, -314, -597, 14, 0, 0, 0
L -313, -603, 15, -313, -600, 14, 0, 0, 0
L -312, -606, 15, -313, -603, 15, 0, 0, 0
L -311, -607, 15, -312, -606, 15, 0, 0, 0
L -311, -609, 15, -311, -607, 15, 0, 0, 0
L -309, -611, 15, -311, -609, 15, 0, 0, 0
L -304, -618, 15, -309, -611, 15, 0, 0, 0
L -301, -621, 15, -304, -618, 15, 0, 0, 0
L -294, -629, 15, -301, -621, 15, 0, 0, 0
L -286, -635, 14, -294, -629, 15, 0, 0, 0
L -285, -636, 14, -286, -635, 14, 0, 0, 0
L -283, -637, 14, -285, -636, 14, 0, 0, 0
L -275, -642, 13, -283, -637, 14, 0, 0, 0
L -270, -645, 14, -275, -642, 13, 0, 0, 0
L -266, -647, 14, -270, -645, 14, 0, 0, 0
L -265, -647, 15, -266, -647, 14, 0, 0, 0
L -261, -647, 15, -265, -647, 15, 0, 0, 0
L -242, -644, 14, -261, -647, 15, 0, 0, 0
L -231, -642, 14, -242, -644, 14, 0, 0, 0
L -230, -641, 14, -231, -642, 14, 0, 0, 0
L -228, -641, 14, -230, -641, 14, 0, 0, 0
L -226, -640, 14, -228, -641, 14, 0, 0, 0
L -220, -635, 15, -226, -640, 14, 0, 0, 0
L -218, -633, 15, -220, -635, 15, 0, 0, 0
L -208, -622, 14, -218, -633, 15, 0, 0, 0
L -206, -619, 14, -208, -622, 14, 0, 0, 0
L -205, -617, 13, -206, -619, 14, 0, 0, 0
L -205, -616, 14, -205, -617, 13, 0, 0, 0
L -204, -590, 15, -205, -616, 14, 0, 0, 0
L -204, -588, 14, -204, -590, 15, 0, 0, 0
L -204, -568, 16, -204, -588, 14, 0, 0, 0
L -203, -554, 15, -204, -568, 16, 0, 0, 0
L -203, -553, 15, -203, -554, 15, 0, 0, 0
L -197, -534, 16, -203, -553, 15, 0, 0, 0
L -116, -523, 18, -107, -520, 21, 0, 0, 0
L -118, -523, 17, -116, -523, 18, 0, 0, 0
L -123, -520, 22, -118, -523, 17, 0, 0, 0
L -125, -519, 22, -123, -520, 22, 0, 0, 0
L -130, -514, 22, -125, -519, 22, 0, 0, 0
L -136, -510, 20, -130, -514, 22, 0, 0, 0
L -144, -504, 16, -136, -510, 20, 0, 0, 0
L -166, -491, 18, -144, -504, 16, 0, 0, 0
L -167, -486, 22, -166, -491, 18, 0, 0, 0
L -168, -484, 22, -167, -486, 22, 0, 0, 0
L -168, -480, 22, -168, -484, 22, 0, 0, 0
L -171, -469, 21, -168, -480, 22, 0, 0, 0
L -172, -465, 20, -171, -469, 21, 0, 0, 0
L -174, -456, 19, -172, -465, 20, 0, 0, 0
L -175, -455, 20, -174, -456, 19, 0, 0, 0
L -176, -453, 21, -175, -455, 20, 0, 0, 0
L -176, -452, 21, -176, -453, 21, 0, 0, 0
L -183, -439, 21, -176, -452, 21, 0, 0, 0
L -184, -438, 21, -183, -439, 21, 0, 0, 0
L -185, -436, 21, -184, -438, 21, 0, 0, 0
L -186, -435, 21, -185, -436, 21, 0, 0, 0
L -187, -434, 20, -186, -435, 21, 0, 0, 0
L -189, -433, 20, -187, -434, 20, 0, 0, 0
L -190, -433, 19, -189, -433, 20, 0, 0, 0
L -195, -431, 21, -190, -433, 19, 0, 0, 0
L -205, -428, 22, -195, -431, 21, 0, 0, 0
L -207, -428, 22, -205, -428, 22, 0, 0, 0
L -218, -426, 18, -207, -428, 22, 0, 0, 0
L -233, -422, 22, -218, -426, 18, 0, 0, 0
L -234, -422, 22, -233, -422, 22, 0, 0, 0
L -245, -420, 21, -234, -422, 22, 0, 0, 0
L -255, -419, 18, -245, -420, 21, 0, 0, 0
L -262, -419, 18, -255, -419, 18, 0, 0, 0
L -269, -421, 17, -262, -419, 18, 0, 0, 0
L -278, -425, 17, -269, -421, 17, 0, 0, 0
L -280, -425, 18, -278, -425, 17, 0, 0, 0
L -287, -425, 23, -280, -425, 18, 0, 0, 0
L -289, -425, 23, -287, -425, 23, 0, 0, 0
L -291, -424, 23, -289, -425, 23, 0, 0, 0
L -292, -424, 23, -291, -424, 23, 0, 0, 0
L -297, -421, 22, -292, -424, 23, 0, 0, 0
L -306, -418, 20, -297, -421, 22, 0, 0, 0
L -308, -417, 20, -306, -418, 20, 0, 0, 0
L -309, -417, 19, -308, -417, 20, 0, 0, 0
L -311, -416, 19, -309, -417, 19, 0, 0, 0
L -312, -416, 18, -311, -416, 19, 0, 0, 0
L -314, -417, 19, -312, -416, 18, 0, 0, 0
L -316, -417, 19, -314, -417, 19, 0, 0, 0
L -323, -420, 20, -316, -417, 19, 0, 0, 0
L -325, -421, 21, -323, -420, 20, 0, 0, 0
L -326, -422, 20, -325, -421, 21, 0, 0, 0
L -328, -423, 20, -326, -422, 20, 0, 0, 0
L -339, -434, 18, -328, -423, 20, 0, 0, 0
L -341, -435, 17, -339, -434, 18, 0, 0, 0
L -342, -437, 17, -341, -435, 17, 0, 0, 0
L -344, -438, 18, -342, -437, 17, 0, 0, 0
L -345, -438, 19, -344, -438, 18, 0, 0, 0
L -350, -441, 22, -345, -438, 19, 0, 0, 0
L -352, -441, 22, -350, -441, 22, 0, 0, 0
L -356, -442, 22, -352, -441, 22, 0, 0, 0
L -358, -442, 22, -356, -442, 22, 0, 0, 0
L -360, -443, 22, -358, -442, 22, 0, 0, 0
L -362, -444, 21, -360, -443, 22, 0, 0, 0
L -364, -444, 21, -362, -444, 21, 0, 0, 0
L -365, -445, 20, -364, -444, 21, 0, 0, 0
L -367, -446, 20, -365, -445, 20, 0, 0, 0
L -373, -450, 20, -367, -446, 20, 0, 0, 0
L -374, -451, 20, -373, -450, 20, 0, 0, 0
L -389, -464, 22, -374, -451, 20, 0, 0, 0
L -391, -465, 22, -389, -464, 22, 0, 0, 0
L -393, -467, 22, -391, -465, 22, 0, 0, 0
L -396, -473, 22, -393, -467, 22, 0, 0, 0
L -396, -479, 19, -396, -473, 22, 0, 0, 0
L -396, -484, 18, -396, -479, 19, 0, 0, 0
L -396, -486, 18, -396, -484, 18, 0, 0, 0
L -395, -490, 20, -396, -486, 18, 0, 0, 0
L -395, -492, 21, -395, -490, 20, 0, 0, 0
L -395, -497, 22, -395, -492, 21, 0, 0, 0
L -394, -499, 22, -395, -497, 22, 0, 0, 0
L -394, -505, 21, -394, -499, 22, 0, 0, 0
L -393, -508, 21, -394, -505, 21, 0, 0, 0
L -393, -510, 21, -393, -508, 21, 0, 0, 0
L -391, -515, 21, -393, -510, 21, 0, 0, 0
L -391, -519, 21, -391, -515, 21, 0, 0, 0
L -390, -527, 28, -391, -519, 21, 0, 0, 0
L -390, -529, 29, -390, -527, 28, 0, 0, 0
L -390, -532, 31, -390, -529, 29, 0, 0, 0
L -389, -533, 31, -390, -532, 31, 0, 0, 0
L -386, -544, 27, -389, -533, 31, 0, 0, 0
L -386, -546, 26, -386, -544, 27, 0, 0, 0
L -389, -550, 25, -386, -546, 26, 0, 0, 0
L -389, -552, 25, -389, -550, 25, 0, 0, 0
L -388, -553, 24, -389, -552, 25, 0, 0, 0
L -388, -555, 23, -388, -553, 24, 0, 0, 0
L -387, -556, 22, -388, -555, 23, 0, 0, 0
L -383, -561, 20, -387, -556, 22, 0, 0, 0
L -381, -564, 20, -383, -561, 20, 0, 0, 0
L -379, -566, 20, -381, -564, 20, 0, 0, 0
L -377, -567, 20, -379, -566, 20, 0, 0, 0
L -356, -579, 17, -377, -567, 20, 0, 0, 0
L -354, -580, 17, -356, -579, 17, 0, 0, 0
L -353, -582, 17, -354, -580, 17, 0, 0, 0
L -353, -583, 17, -353, -582, 17, 0, 0, 0
L -352, -586, 19, -353, -583, 17, 0, 0, 0
L -352, -588, 20, -352, -586, 19, 0, 0, 0
L -352, -591, 20, -352, -588, 20, 0, 0, 0
L -351, -596, 20, -352, -591, 20, 0, 0, 0
L -351, -598, 20, -351, -596, 20, 0, 0, 0
L -350, -613, 21, -351, -598, 20, 0, 0, 0
L -350, -623, 19, -350, -613, 21, 0, 0, 0
L -350, -624, 18, -350, -623, 19, 0, 0, 0
L -349, -630, 18, -350, -624, 18, 0, 0, 0
L -348, -639, 20, -349, -630, 18, 0, 0, 0
L -348, -645, 22, -348, -639, 20, 0, 0, 0
L -348, -647, 23, -348, -645, 22, 0, 0, 0
L -348, -660, 23, -348, -647, 23, 0, 0, 0
L -348, -662, 22, -348, -660, 23, 0, 0, 0
L -341, -675, 22, -348, -662, 22, 0, 0, 0
L -330, -675, 20, -341, -675, 22, 0, 0, 0
L -328, -675, 19, -330, -675, 20, 0, 0, 0
L -314, -673, 20, -328, -675, 19, 0, 0, 0
L -312, -672, 20, -314, -673, 20, 0, 0, 0
L -304, -671, 22, -312, -672, 20, 0, 0, 0
L -302, -671, 22, -304, -671, 22, 0, 0, 0
L -299, -671, 20, -302, -671, 22, 0, 0, 0
L -290, -671, 16, -299, -671, 20, 0, 0, 0
L -280, -670, 16, -290, -671, 16, 0, 0, 0
L -270, -669, 17, -280, -670, 16, 0, 0, 0
L -260, -669, 21, -270, -669, 17, 0, 0, 0
L -259, -669, 20, -260, -669, 21, 0, 0, 0
L -257, -669, 20, -259, -669, 20, 0, 0, 0
L -248, -672, 18, -257, -669, 20, 0, 0, 0
L -240, -676, 17, -248, -672, 18, 0, 0, 0
L -238, -677, 17, -240, -676, 17, 0, 0, 0
L -236, -677, 17, -238, -677, 17, 0, 0, 0
L -234, -677, 18, -236, -677, 17, 0, 0, 0
L -233, -677, 19, -234, -677, 18, 0, 0, 0
L -228, -677, 19, -233, -677, 19, 0, 0, 0
L -218, -675, 20, -228, -677, 19, 0, 0, 0
L -208, -671, 20, -218, -675, 20, 0, 0, 0
L -199, -668, 23, -208, -671, 20, 0, 0, 0
L -197, -667, 24, -199, -668, 23, 0, 0, 0
L -190, -663, 28, -197, -667, 24, 0, 0, 0
L -188, -662, 27, -190, -663, 28, 0, 0, 0
L -187, -661, 26, -188, -662, 27, 0, 0, 0
L -181, -654, 21, -187, -661, 26, 0, 0, 0
L -179, -651, 19, -181, -654, 21, 0, 0, 0
L -179, -649, 18, -179, -651, 19, 0, 0, 0
L -177, -646, 18, -179, -649, 18, 0, 0, 0
L -172, -626, 19, -177, -646, 18, 0, 0, 0
L -172, -624, 19, -172, -626, 19, 0, 0, 0
L -171, -620, 20, -172, -624, 19, 0, 0, 0
L -170, -615, 21, -171, -620, 20, 0, 0, 0
L -170, -613, 22, -170, -615, 21, 0, 0, 0
L -170, -607, 22, -170, -613, 22, 0, 0, 0
L -168, -595, 22, -170, -607, 22, 0, 0, 0
L -168, -590, 22, -168, -595, 22, 0, 0, 0
L -167, -589, 21, -168, -590, 22, 0, 0, 0
L -160, -581, 19, -167, -589, 21, 0, 0, 0
L -148, -572, 16, -160, -581, 19, 0, 0, 0
L -146, -571, 15, -148, -572, 16, 0, 0, 0
L -142, -568, 16, -146, -571, 15, 0, 0, 0
L -135, -562, 15, -142, -568, 16, 0, 0, 0
L -134, -561, 15, -135, -562, 15, 0, 0, 0
L -117, -555, 18, -134, -561, 15, 0, 0, 0
L -116, -554, 17, -117, -555, 18, 0, 0, 0
L -103, -553, 19, -116, -554, 17, 0, 0, 0
L -96, -552, 20, -103, -553, 19, 0, 0, 0
L -76, -551, 22, -96, -552, 20, 0, 0, 0
L -69, -550, 20, -76, -551, 22, 0, 0, 0
L -30, -554, 19, -69, -550, 20, 0, 0, 0
L -28, -555, 19, -30, -554, 19, 0, 0, 0
L -24, -555, 19, -28, -555, 19, 0, 0, 0
L -14, -554, 18, -24, -555, 19, 0, 0, 0
L -12, -554, 18, -14, -554, 18, 0, 0, 0
L -4, -551, 22, -12, -554, 18, 0, 0, 0
L -2, -551, 22, -4, -551, 22, 0, 0, 0
L 22, -539, 22, -2, -551, 22, 0, 0, 0
L 24, -539, 22, 22, -539, 22, 0, 0, 0
L 25, -538, 22, 24, -539, 22, 0, 0, 0
L 27, -534, 22, 25, -538, 22, 0, 0, 0
L 27, -533, 21, 27, -534, 22, 0, 0, 0
L 27, -529, 20, 27, -533, 21, 0, 0, 0
L 29, -516, 20, 27, -529, 20, 0, 0, 0
L 29, -515, 20, 29, -516, 20, 0, 0, 0
L 30, -505, 19, 29, -515, 20, 0, 0, 0
L 30, -497, 18, 30, -505, 19, 0, 0, 0
L 30, -495, 18, 30, -497, 18, 0, 0, 0
L 31, -489, 19, 30, -495, 18, 0, 0, 0
L 31, -485, 20, 31, -489, 19, 0, 0, 0
L 32, -484, 20, 31, -485, 20, 0, 0, 0
L 32, -481, 21, 32, -484, 20, 0, 0, 0
L 34, -471, 19, 32, -481, 21, 0, 0, 0
L 34, -469, 19, 34, -471, 19, 0, 0, 0
L 35, -465, 19, 34, -469, 19, 0, 0, 0
L 36, -460, 20, 35, -465, 19, 0, 0, 0
L 36, -457, 20, 36, -460, 20, 0, 0, 0
L 36, -449, 18, 36, -457, 20, 0, 0, 0
L 35, -447, 18, 36, -449, 18, 0, 0, 0
L 35, -440, 18, 35, -447, 18, 0, 0, 0
L 32, -431, 19, 35, -440, 18, 0, 0, 0
L 31, -429, 18, 32, -431, 19, 0, 0, 0
L 31, -428, 19, 31, -429, 18, 0, 0, 0
L 32, -424, 23, 31, -428, 19, 0, 0, 0
L 32, -423, 24, 32, -424, 23, 0, 0, 0
L 32, -419, 24, 32, -423, 24, 0, 0, 0
L 33, -417, 26, 32, -419, 24, 0, 0, 0
L 33, -408, 24, 33, -417, 26, 0, 0, 0
L 33, -406, 23, 33, -408, 24, 0, 0, 0
L 32, -405, 21, 33, -406, 23, 0, 0, 0
L 32, -403, 20, 32, -405, 21, 0, 0, 0
L 32, -401, 20, 32, -403, 20, 0, 0, 0
L 31, -392, 21, 32, -401, 20, 0, 0, 0
L 31, -385, 21, 31, -392, 21, 0, 0, 0
L 30, -375, 21, 31, -385, 21, 0, 0, 0
L 30, -373, 21, 30, -375, 21, 0, 0, 0
L 31, -371, 21, 30, -373, 21, 0, 0, 0
L 31, -369, 20, 31, -371, 21, 0, 0, 0
L 31, -367, 20, 31, -369, 20, 0, 0, 0
L 32, -366, 20, 31, -367, 20, 0, 0, 0
L 34, -361, 20, 32, -366, 20, 0, 0, 0
L 35, -359, 20, 34, -361, 20, 0, 0, 0
L 36, -358, 20, 35, -359, 20, 0, 0, 0
L 36, -357, 19, 36, -358, 20, 0, 0, 0
L 37, -355, 19, 36, -357, 19, 0, 0, 0
L 38, -352, 17, 37, -355, 19, 0, 0, 0
L 40, -348, 16, 38, -352, 17, 0, 0, 0
L 41, -347, 17, 40, -348, 16, 0, 0, 0
L 42, -346, 19, 41, -347, 17, 0, 0, 0
L 49, -339, 21, 42, -346, 19, 0, 0, 0
L 51, -336, 21, 49, -339, 21, 0, 0, 0
L 52, -335, 20, 51, -336, 21, 0, 0, 0
L 54, -332, 19, 52, -335, 20, 0, 0, 0
L 55, -330, 18, 54, -332, 19, 0, 0, 0
L 56, -326, 15, 55, -330, 18, 0, 0, 0
L 57, -322, 13, 56, -326, 15, 0, 0, 0
L 57, -313, 9, 57, -322, 13, 0, 0, 0
L 58, -301, 9, 57, -313, 9, 0, 0, 0
L 59, -289, 10, 58, -301, 9, 0, 0, 0
L 58, -287, 10, 59, -289, 10, 0, 0, 0
L 58, -283, 10, 58, -287, 10, 0, 0, 0
L 57, -281, 9, 58, -283, 10, 0, 0, 0
L 56, -277, 8, 57, -281, 9, 0, 0, 0
L 56, -275, 7, 56, -277, 8, 0, 0, 0
L 55, -273, 7, 56, -275, 7, 0, 0, 0
L 55, -272, 6, 55, -273, 7, 0, 0, 0
L 55, -269, 6, 55, -272, 6, 0, 0, 0
L 54, -268, 6, 55, -269, 6, 0, 0, 0
L 54, -255, 6, 54, -268, 6, 0, 0, 0
L 55, -251, 6, 54, -255, 6, 0, 0, 0
L 55, -249, 7, 55, -251, 6, 0, 0, 0
L 55, -245, 8, 55, -249, 7, 0, 0, 0
L 55, -243, 8, 55, -245, 8, 0, 0, 0
L 56, -227, 1, 55, -243, 8, 0, 0, 0
L 56, -225, 1, 56, -227, 1, 0, 0, 0
L 55, -204, 4, 56, -225, 1, 0, 0, 0
L 55, -203, 4, 55, -204, 4, 0, 0, 0
L 54, -201, 3, 55, -203, 4, 0, 0, 0
L 45, -195, 1, 54, -201, 3, 0, 0, 0
L 43, -194, 1, 45, -195, 1, 0, 0, 0
L 43, -183, 0, 43, -194, 1, 0, 0, 0
L 43, -181, 0, 43, -183, 0, 0, 0, 0
L 44, -179, 2, 43, -181, 0, 0, 0, 0
L 45, -178, 2, 44, -179, 2, 0, 0, 0
L 48, -179, 2, 45, -178, 2, 0, 0, 0
L 58, -177, 2, 48, -179, 2, 0, 0, 0
L 68, -175, 0, 58, -177, 2, 0, 0, 0
L 69, -175, 0, 68, -175, 0, 0, 0, 0
L 81, -171, 0, 69, -175, 0, 0, 0, 0
L 83, -170, 0, 81, -171, 0, 0, 0, 0
L 84, -169, 0, 83, -170, 0, 0, 0, 0
L 87, -165, 0, 84, -169, 0, 0, 0, 0
L 89, -164, 0, 87, -165, 0, 0, 0, 0
L 90, -163, 0, 89, -164, 0, 0, 0, 0
L 92, -162, 1, 90, -163, 0, 0, 0, 0
L 93, -161, 3, 92, -162, 1, 0, 0, 0
L 95, -160, 5, 93, -161, 3, 0, 0, 0
L 96, -158, 6, 95, -160, 5, 0, 0, 0
L 98, -156, 8, 96, -158, 6, 0, 0, 0
L 99, -154, 8, 98, -156, 8, 0, 0, 0
L 100, -151, 6, 99, -154, 8, 0, 0, 0
L 99, -150, 4, 100, -151, 6, 0, 0, 0
L 99, -145, 0, 99, -150, 4, 0, 0, 0
L 99, -143, 0, 99, -145, 0, 0, 0, 0
L 95, -133, 0, 99, -143, 0, 0, 0, 0
L 92, -127, 0, 95, -133, 0, 0, 0, 0
L 92, -125, 0, 92, -127, 0, 0, 0, 0
L 91, -123, 0, 92, -125, 0, 0, 0, 0
L 91, -116, 0, 91, -123, 0, 0, 0, 0
L 92, -112, 0, 91, -116, 0, 0, 0, 0
L 93, -111, 0, 92, -112, 0, 0, 0, 0
L 93, -109, 0, 93, -111, 0, 0, 0, 0
L 97, -105, 4, 93, -109, 0, 0, 0, 0
L 97, -101, 5, 97, -105, 4, 0, 0, 0
L 97, -99, 5, 97, -101, 5, 0, 0, 0
L 94, -95, 3, 97, -99, 5, 0, 0, 0
L 93, -93, 2, 94, -95, 3, 0, 0, 0
L 89, -87, 0, 93, -93, 2, 0, 0, 0
L 88, -86, 0, 89, -87, 0, 0, 0, 0
L 88, -84, 0, 88, -86, 0, 0, 0, 0
L 87, -82, 0, 88, -84, 0, 0, 0, 0
L 87, -74, 0, 87, -82, 0, 0, 0, 0
L 86, -71, 0, 87, -74, 0, 0, 0, 0
L 84, -67, 0, 86, -71, 0, 0, 0, 0
L 63, -67, 0, 84, -67, 0, 0, 0, 0
L 53, -67, 1, 63, -67, 0, 0, 0, 0
L 52, -67, 2, 53, -67, 1, 0, 0, 0
L 50, -68, 2, 52, -67, 2, 0, 0, 0
L 48, -67, 2, 50, -68, 2, 0, 0, 0
L 46, -67, 2, 48, -67, 2, 0, 0, 0
L 44, -68, 0, 46, -67, 2, 0, 0, 0
L 43, -68, 0, 44, -68, 0, 0, 0, 0
L 42, -70, 0, 43, -68, 0, 0, 0, 0
L 42, -71, 0, 42, -70, 0, 0, 0, 0
L 40, -73, 0, 42, -71, 0, 0, 0, 0
L 40, -75, 0, 40, -73, 0, 0, 0, 0
L 36, -72, 0, 40, -75, 0, 0, 0, 0
L 36, -59, 0, 36, -72, 0, 0, 0, 0
L 37, -57, 0, 36, -59, 0, 0, 0, 0
L 38, -56, 0, 37, -57, 0, 0, 0, 0
L 42, -56, 0, 38, -56, 0, 0, 0, 0
L 43, -57, 2, 42, -56, 0, 0, 0, 0
L 45, -57, 2, 43, -57, 2, 0, 0, 0
L 47, -56, 3, 45, -57, 2, 0, 0, 0
L 49, -56, 2, 47, -56, 3, 0, 0, 0
L 56, -48, 0, 49, -56, 2, 0, 0, 0
L 59, -45, 0, 56, -48, 0, 0, 0, 0
L 61, -44, 0, 59, -45, 0, 0, 0, 0
L 73, -33, 0, 61, -44, 0, 0, 0, 0
L 105, -33, 3, 73, -33, 0, 0, 0, 0
L 125, -9, 0, 105, -33, 3, 0, 0, 0
L 127, -7, 0, 125, -9, 0, 0, 0, 0
L 127, 5, 0, 127, -7, 0, 0, 0, 0
L 127, 7, 1, 127, 5, 0, 0, 0, 0
L 105, 33, 0, 127, 7, 1, 0, 0, 0
L 85, 33, 2, 105, 33, 0, 0, 0, 0
L 76, 33, 4, 85, 33, 2, 0, 0, 0
L 72, 33, 4, 76, 33, 4, 0, 0, 0
L 63, 42, 0, 72, 33, 4, 0, 0, 0
L 61, 44, 0, 63, 42, 0, 0, 0, 0
L 58, 46, 0, 61, 44, 0, 0, 0, 0
L 58, 47, 0, 58, 46, 0, 0, 0, 0
L 50, 55, 3, 58, 47, 0, 0, 0, 0
L 48, 56, 3, 50, 55, 3, 0, 0, 0
L 47, 57, 3, 48, 56, 3, 0, 0, 0
L 45, 57, 3, 47, 57, 3, 0, 0, 0
L 43, 56, 1, 45, 57, 3, 0, 0, 0
L 42, 56, 0, 43, 56, 1, 0, 0, 0
L 38, 56, 0, 42, 56, 0, 0, 0, 0
L 35, 59, 0, 38, 56, 0, 0, 0, 0
L 36, 67, 0, 35, 59, 0, 0, 0, 0
L 36, 68, 0, 36, 67, 0, 0, 0, 0
L 41, 68, 0, 36, 68, 0, 0, 0, 0
L 43, 67, 0, 41, 68, 0, 0, 0, 0
L 43, 107, -13, 43, 67, 0, 0, 0, 0
L 43, 109, -14, 43, 107, -13, 0, 0, 0
L 42, 110, -15, 43, 109, -14, 0, 0, 0
L 43, 112, -14, 42, 110, -15, 0, 0, 0
L 45, 113, -14, 43, 112, -14, 0, 0, 0
L 48, 113, -12, 45, 113, -14, 0, 0, 0
L 50, 113, -11, 48, 113, -12, 0, 0, 0
L 50, 227, -15, 50, 113, -11, 0, 0, 0
L 35, 227, -15, 50, 227, -15, 0, 0, 0
L 33, 227, -14, 35, 227, -15, 0, 0, 0
L 32, 226, -13, 33, 227, -14, 0, 0, 0
L 30, 226, -12, 32, 226, -13, 0, 0, 0
L 28, 226, -12, 30, 226, -12, 0, 0, 0
L 26, 227, -11, 28, 226, -12, 0, 0, 0
L 24, 227, -10, 26, 227, -11, 0, 0, 0
L 4, 227, -15, 24, 227, -10, 0, 0, 0
L -55, 227, -15, 4, 227, -15, 0, 0, 0
L -55, 184, -14, -55, 227, -15, 0, 0, 0
L -55, 182, -15, -55, 184, -14, 0, 0, 0
L -52, 180, -15, -55, 182, -15, 0, 0, 0
L -50, 179, -15, -52, 180, -15, 0, 0, 0
L -50, 177, -15, -50, 179, -15, 0, 0, 0
L -51, 176, -15, -50, 177, -15, 0, 0, 0
L -65, 176, -15, -51, 176, -15, 0, 0, 0
L -66, 177, -15, -65, 176, -15, 0, 0, 0
L -67, 180, -15, -66, 177, -15, 0, 0, 0
L -583, 358, -19, -612, 358, -19, 0, 0, 0
L -580, 359, -19, -583, 358, -19, 0, 0, 0
L -578, 359, -19, -580, 359, -19, 0, 0, 0
L -576, 358, -19, -578, 359, -19, 0, 0, 0
L -575, 357, -19, -576, 358, -19, 0, 0, 0
L -575, 344, -19, -575, 357, -19, 0, 0, 0
L -574, 342, -19, -575, 344, -19, 0, 0, 0
L -580, 342, -19, -574, 342, -19, 0, 0, 0
L -582, 343, -19, -580, 342, -19, 0, 0, 0
L -582, 346, -19, -582, 343, -19, 0, 0, 0
L -581, 347, -19, -582, 346, -19, 0, 0, 0
L -582, 219, -17, -581, 347, -19, 0, 0, 0
L -582, 218, -18, -582, 219, -17, 0, 0, 0
L -566, 218, -19, -582, 218, -18, 0, 0, 0
L -564, 218, -19, -566, 218, -19, 0, 0, 0
L -564, 271, -19, -564, 218, -19, 0, 0, 0
L -563, 273, -19, -564, 271, -19, 0, 0, 0
L -562, 274, -19, -563, 273, -19, 0, 0, 0
L -517, 274, -19, -562, 274, -19, 0, 0, 0
L -516, 290, -17, -517, 274, -19, 0, 0, 0
L -516, 291, -17, -516, 290, -17, 0, 0, 0
L -559, 291, -18, -516, 291, -17, 0, 0, 0
L -560, 291, -19, -559, 291, -18, 0, 0, 0
L -562, 291, -19, -560, 291, -19, 0, 0, 0
L -564, 292, -19, -562, 291, -19, 0, 0, 0
L -564, 344, -19, -564, 292, -19, 0, 0, 0
L -564, 343, -19, -564, 344, -19, 0, 0, 0
L -565, 341, -19, -564, 343, -19, 0, 0, 0
L -567, 340, -19, -565, 341, -19, 0, 0, 0
L -569, 340, -19, -567, 340, -19, 0, 0, 0
L -570, 341, -19, -569, 340, -19, 0, 0, 0
L -571, 343, -19, -570, 341, -19, 0, 0, 0
L -571, 357, -19, -571, 343, -19, 0, 0, 0
L -570, 358, -19, -571, 357, -19, 0, 0, 0
L -568, 359, -19, -570, 358, -19, 0, 0, 0
L -566, 358, -19, -568, 359, -19, 0, 0, 0
L -524, 358, -19, -566, 358, -19, 0, 0, 0
L -524, 423, -16, -524, 358, -19, 0, 0, 0
L -551, 423, -19, -524, 423, -16, 0, 0, 0
L -553, 423, -19, -551, 423, -19, 0, 0, 0
L -554, 424, -19, -553, 423, -19, 0, 0, 0
L -556, 425, -19, -554, 424, -19, 0, 0, 0
L -556, 453, -17, -556, 425, -19, 0, 0, 0
L -556, 455, -17, -556, 453, -17, 0, 0, 0
L -561, 455, -17, -556, 455, -17, 0, 0, 0
L -563, 455, -18, -561, 455, -17, 0, 0, 0
L -564, 453, -19, -563, 455, -18, 0, 0, 0
L -565, 452, -19, -564, 453, -19, 0, 0, 0
L -566, 450, -19, -565, 452, -19, 0, 0, 0
L -568, 449, -19, -566, 450, -19, 0, 0, 0
L -569, 450, -19, -568, 449, -19, 0, 0, 0
L -571, 451, -19, -569, 450, -19, 0, 0, 0
L -571, 464, -19, -571, 451, -19, 0, 0, 0
L -570, 466, -19, -571, 464, -19, 0, 0, 0
L -568, 467, -19, -570, 466, -19, 0, 0, 0
L -567, 467, -19, -568, 467, -19, 0, 0, 0
L -565, 466, -19, -567, 467, -19, 0, 0, 0
L -543, 466, -12, -565, 466, -19, 0, 0, 0
L -541, 466, -12, -543, 466, -12, 0, 0, 0
L -541, 509, -15, -541, 466, -12, 0, 0, 0
L -541, 511, -15, -541, 509, -15, 0, 0, 0
L -540, 513, -16, -541, 511, -15, 0, 0, 0
L -538, 513, -16, -540, 513, -16, 0, 0, 0
L -510, 514, -15, -538, 513, -16, 0, 0, 0
L -508, 514, -14, -510, 514, -15, 0, 0, 0
L -508, 546, -19, -508, 514, -14, 0, 0, 0
L -508, 548, -19, -508, 546, -19, 0, 0, 0
L -510, 551, -19, -508, 548, -19, 0, 0, 0
L -510, 570, -19, -510, 551, -19, 0, 0, 0
L -508, 571, -19, -510, 570, -19, 0, 0, 0
L -508, 594, -17, -508, 571, -19, 0, 0, 0
L -508, 595, -18, -508, 594, -17, 0, 0, 0
L -532, 595, -19, -508, 595, -18, 0, 0, 0
L -534, 594, -19, -532, 595, -19, 0, 0, 0
L -535, 594, -19, -534, 594, -19, 0, 0, 0
L -537, 595, -19, -535, 594, -19, 0, 0, 0
L -538, 596, -19, -537, 595, -19, 0, 0, 0
L -538, 607, -19, -538, 596, -19, 0, 0, 0
L -537, 608, -19, -538, 607, -19, 0, 0, 0
L -536, 607, -19, -537, 608, -19, 0, 0, 0
L -534, 606, -19, -536, 607, -19, 0, 0, 0
L -488, 606, -19, -534, 606, -19, 0, 0, 0
L -488, 638, -15, -488, 606, -19, 0, 0, 0
L -488, 639, -15, -488, 638, -15, 0, 0, 0
L -494, 650, -19, -488, 639, -15, 0, 0, 0
L -494, 653, -19, -494, 650, -19, 0, 0, 0
L -493, 655, -19, -494, 653, -19, 0, 0, 0
L -491, 657, -19, -493, 655, -19, 0, 0, 0
L -479, 657, -19, -491, 657, -19, 0, 0, 0
L -478, 656, -19, -479, 657, -19, 0, 0, 0
L -476, 652, -19, -478, 656, -19, 0, 0, 0
L -477, 651, -19, -476, 652, -19, 0, 0, 0
L -477, 628, -12, -477, 651, -19, 0, 0, 0
L -477, 626, -12, -477, 628, -12, 0, 0, 0
L -464, 626, -19, -477, 626, -12, 0, 0, 0
L -432, 626, -19, -464, 626, -19, 0, 0, 0
L -430, 625, -18, -432, 626, -19, 0, 0, 0
L -401, 595, -17, -430, 625, -18, 0, 0, 0
L -399, 594, -18, -401, 595, -17, 0, 0, 0
L -388, 594, -19, -399, 594, -18, 0, 0, 0
L -386, 594, -19, -388, 594, -19, 0, 0, 0
L -382, 595, -19, -386, 594, -19, 0, 0, 0
L -377, 596, -19, -382, 595, -19, 0, 0, 0
L -365, 596, -19, -377, 596, -19, 0, 0, 0
L -363, 594, -19, -365, 596, -19, 0, 0, 0
L -350, 594, -14, -363, 594, -19, 0, 0, 0
L -348, 594, -13, -350, 594, -14, 0, 0, 0
L -348, 610, -19, -348, 594, -13, 0, 0, 0
L -348, 611, -19, -348, 610, -19, 0, 0, 0
L -352, 617, -19, -348, 611, -19, 0, 0, 0
L -353, 619, -19, -352, 617, -19, 0, 0, 0
L -353, 624, -19, -353, 619, -19, 0, 0, 0
L -346, 624, -19, -353, 624, -19, 0, 0, 0
L -339, 626, -19, -346, 624, -19, 0, 0, 0
L -338, 625, -19, -339, 626, -19, 0, 0, 0
L -337, 623, -19, -338, 625, -19, 0, 0, 0
L -336, 620, -19, -337, 623, -19, 0, 0, 0
L -337, 619, -19, -336, 620, -19, 0, 0, 0
L -337, 617, -19, -337, 619, -19, 0, 0, 0
L -283, 617, -19, -337, 617, -19, 0, 0, 0
L -282, 615, -19, -283, 617, -19, 0, 0, 0
L -281, 571, -19, -282, 615, -19, 0, 0, 0
L -281, 572, -19, -281, 571, -19, 0, 0, 0
L -280, 574, -19, -281, 572, -19, 0, 0, 0
L -278, 575, -19, -280, 574, -19, 0, 0, 0
L -276, 575, -19, -278, 575, -19, 0, 0, 0
L -275, 574, -19, -276, 575, -19, 0, 0, 0
L -274, 562, -19, -275, 574, -19, 0, 0, 0
L -274, 560, -19, -274, 562, -19, 0, 0, 0
L -275, 559, -19, -274, 560, -19, 0, 0, 0
L -277, 558, -19, -275, 559, -19, 0, 0, 0
L -279, 558, -19, -277, 558, -19, 0, 0, 0
L -280, 559, -19, -279, 558, -19, 0, 0, 0
L -282, 558, -19, -280, 559, -19, 0, 0, 0
L -281, 557, -19, -282, 558, -19, 0, 0, 0
L -281, 538, -19, -281, 557, -19, 0, 0, 0
L -282, 537, -19, -281, 538, -19, 0, 0, 0
L -282, 466, -13, -282, 537, -19, 0, 0, 0
L -282, 464, -12, -282, 466, -13, 0, 0, 0
L -265, 447, -18, -282, 464, -12, 0, 0, 0
L -263, 445, -16, -265, 447, -18, 0, 0, 0
L -258, 445, -15, -263, 445, -16, 0, 0, 0
L -255, 445, -15, -258, 445, -15, 0, 0, 0
L -253, 446, -15, -255, 445, -15, 0, 0, 0
L -250, 446, -15, -253, 446, -15, 0, 0, 0
L -248, 445, -15, -250, 446, -15, 0, 0, 0
L -246, 445, -15, -248, 445, -15, 0, 0, 0
L -235, 448, -15, -246, 445, -15, 0, 0, 0
L -233, 447, -15, -235, 448, -15, 0, 0, 0
L -232, 444, -15, -233, 447, -15, 0, 0, 0
L -231, 436, -15, -232, 444, -15, 0, 0, 0
L -231, 432, -15, -231, 436, -15, 0, 0, 0
L -232, 434, -15, -231, 432, -15, 0, 0, 0
L -235, 434, -15, -232, 434, -15, 0, 0, 0
L -239, 435, -15, -235, 434, -15, 0, 0, 0
L -239, 358, -11, -239, 435, -15, 0, 0, 0
L -239, 356, -12, -239, 358, -11, 0, 0, 0
L -238, 352, -14, -239, 356, -12, 0, 0, 0
L -237, 350, -15, -238, 352, -14, 0, 0, 0
L -237, 326, -15, -237, 350, -15, 0, 0, 0
L -238, 325, -15, -237, 326, -15, 0, 0, 0
L -239, 323, -15, -238, 325, -15, 0, 0, 0
L -239, 321, -15, -239, 323, -15, 0, 0, 0
L -225, 321, -14, -239, 321, -15, 0, 0, 0
L -223, 321, -15, -225, 321, -14, 0, 0, 0
L -212, 321, -15, -223, 321, -15, 0, 0, 0
L -208, 323, -15, -212, 321, -15, 0, 0, 0
L -206, 322, -15, -208, 323, -15, 0, 0, 0
L -205, 321, -15, -206, 322, -15, 0, 0, 0
L -204, 308, -15, -205, 321, -15, 0, 0, 0
L -205, 310, -15, -204, 308, -15, 0, 0, 0
L -210, 310, -15, -205, 310, -15, 0, 0, 0
L -211, 311, -15, -210, 310, -15, 0, 0, 0
L -211, 242, -15, -211, 311, -15, 0, 0, 0
L -210, 240, -15, -211, 242, -15, 0, 0, 0
L -210, 238, -15, -210, 240, -15, 0, 0, 0
L -212, 237, -15, -210, 238, -15, 0, 0, 0
L -222, 236, -15, -212, 237, -15, 0, 0, 0
L -223, 239, -15, -222, 236, -15, 0, 0, 0
L -222, 241, -15, -223, 239, -15, 0, 0, 0
L -222, 243, -14, -222, 241, -15, 0, 0, 0
L -274, 243, 1, -222, 243, -14, 0, 0, 0
L -277, 243, 1, -274, 243, 1, 0, 0, 0
L -277, 241, 1, -277, 243, 1, 0, 0, 0
L -276, 239, 1, -277, 241, 1, 0, 0, 0
L -277, 237, 1, -276, 239, 1, 0, 0, 0
L -278, 236, 1, -277, 237, 1, 0, 0, 0
L -292, 236, 1, -278, 236, 1, 0, 0, 0
L -293, 237, 1, -292, 236, 1, 0, 0, 0
L -293, 239, 1, -293, 237, 1, 0, 0, 0
L -291, 239, 1, -293, 239, 1, 0, 0, 0
L -289, 238, 1, -291, 239, 1, 0, 0, 0
L -289, 240, 1, -289, 238, 1, 0, 0, 0
L -288, 242, 1, -289, 240, 1, 0, 0, 0
L -288, 260, 1, -288, 242, 1, 0, 0, 0
L -289, 263, 1, -288, 260, 1, 0, 0, 0
L -289, 265, 1, -289, 263, 1, 0, 0, 0
L -290, 284, 1, -289, 265, 1, 0, 0, 0
L -290, 286, 1, -290, 284, 1, 0, 0, 0
L -289, 288, 1, -290, 286, 1, 0, 0, 0
L -288, 289, 2, -289, 288, 1, 0, 0, 0
L -288, 292, 4, -288, 289, 2, 0, 0, 0
L -288, 294, 4, -288, 292, 4, 0, 0, 0
L -289, 295, 4, -288, 294, 4, 0, 0, 0
L -291, 295, 3, -289, 295, 4, 0, 0, 0
L -294, 294, 1, -291, 295, 3, 0, 0, 0
L -296, 293, 1, -294, 294, 1, 0, 0, 0
L -313, 293, 1, -296, 293, 1, 0, 0, 0
L -315, 295, 1, -313, 293, 1, 0, 0, 0
L -325, 295, 1, -315, 295, 1, 0, 0, 0
L -328, 292, 1, -325, 295, 1, 0, 0, 0
L -351, 292, 1, -328, 292, 1, 0, 0, 0
L -354, 295, 1, -351, 292, 1, 0, 0, 0
L -366, 295, 1, -354, 295, 1, 0, 0, 0
L -368, 296, 1, -366, 295, 1, 0, 0, 0
L -368, 339, 16, -368, 296, 1, 0, 0, 0
L -368, 341, 16, -368, 339, 16, 0, 0, 0
L -369, 339, 16, -368, 341, 16, 0, 0, 0
L -369, 337, 16, -369, 339, 16, 0, 0, 0
L -371, 335, 16, -369, 337, 16, 0, 0, 0
L -373, 335, 16, -371, 335, 16, 0, 0, 0
L -375, 336, 16, -373, 335, 16, 0, 0, 0
L -375, 350, 16, -375, 336, 16, 0, 0, 0
L -373, 352, 16, -375, 350, 16, 0, 0, 0
L -372, 352, 17, -373, 352, 16, 0, 0, 0
L -370, 352, 17, -372, 352, 17, 0, 0, 0
L -368, 351, 18, -370, 352, 17, 0, 0, 0
L -368, 396, 16, -368, 351, 18, 0, 0, 0
L -367, 398, 16, -368, 396, 16, 0, 0, 0
L -366, 399, 16, -367, 398, 16, 0, 0, 0
L -313, 399, 16, -366, 399, 16, 0, 0, 0
L -312, 415, 22, -313, 399, 16, 0, 0, 0
L -312, 417, 22, -312, 415, 22, 0, 0, 0
L -439, 417, 20, -312, 417, 22, 0, 0, 0
L -441, 417, 21, -439, 417, 20, 0, 0, 0
L -439, 416, 22, -441, 417, 21, 0, 0, 0
L -439, 415, 22, -439, 416, 22, 0, 0, 0
L -438, 413, 22, -439, 415, 22, 0, 0, 0
L -438, 411, 24, -438, 413, 22, 0, 0, 0
L -439, 410, 25, -438, 411, 24, 0, 0, 0
L -439, 408, 25, -439, 410, 25, 0, 0, 0
L -438, 406, 23, -439, 408, 25, 0, 0, 0
L -438, 405, 22, -438, 406, 23, 0, 0, 0
L -438, 403, 21, -438, 405, 22, 0, 0, 0
L -439, 401, 20, -438, 403, 21, 0, 0, 0
L -442, 399, 20, -439, 401, 20, 0, 0, 0
L -442, 399, 20, -388, 399, 16, 0, 0, 0
L -388, 399, 16, -387, 398, 16, 0, 0, 0
L -387, 398, 16, -386, 396, 16, 0, 0, 0
L -386, 396, 16, -386, 351, 16, 0, 0, 0
L -386, 351, 16, -384, 352, 16, 0, 0, 0
L -384, 352, 16, -380, 352, 16, 0, 0, 0
L -380, 352, 16, -379, 350, 16, 0, 0, 0
L -379, 350, 16, -379, 337, 16, 0, 0, 0
L -379, 337, 16, -380, 336, 16, 0, 0, 0
L -380, 336, 16, -382, 335, 16, 0, 0, 0
L -382, 335, 16, -384, 336, 16, 0, 0, 0
L -384, 336, 16, -386, 338, 16, 0, 0, 0
L -386, 338, 16, -386, 340, 16, 0, 0, 0
L -386, 340, 16, -386, 296, 2, 0, 0, 0
L -386, 296, 2, -388, 295, 2, 0, 0, 0
L -388, 295, 2, -389, 295, 3, 0, 0, 0
L -389, 295, 3, -391, 295, 4, 0, 0, 0
L -391, 295, 4, -393, 295, 6, 0, 0, 0
L -393, 295, 6, -393, 293, 5, 0, 0, 0
L -393, 293, 5, -393, 227, 3, 0, 0, 0
L -393, 227, 3, -393, 225, 2, 0, 0, 0
L -393, 225, 2, -393, 215, 1, 0, 0, 0
L -393, 215, 1, -393, 181, 1, 0, 0, 0
L -393, 181, 1, -391, 181, 1, 0, 0, 0
L -391, 181, 1, -372, 181, 4, 0, 0, 0
L -372, 181, 4, -362, 182, 7, 0, 0, 0
L -362, 182, 7, -349, 182, 1, 0, 0, 0
L -349, 182, 1, -344, 182, 1, 0, 0, 0
L -344, 182, 1, -343, 180, 1, 0, 0, 0
L -343, 180, 1, -342, 179, 1, 0, 0, 0
L -342, 179, 1, -343, 167, 1, 0, 0, 0
L -343, 167, 1, -344, 166, 1, 0, 0, 0
L -344, 166, 1, -346, 165, 1, 0, 0, 0
L -346, 165, 1, -348, 166, 1, 0, 0, 0
L -348, 166, 1, -349, 166, 1, 0, 0, 0
L -349, 166, 1, -349, 168, 1, 0, 0, 0
L -349, 168, 1, -350, 44, 1, 0, 0, 0
L -350, 44, 1, -351, 43, 1, 0, 0, 0
L -351, 43, 1, -409, 43, 1, 0, 0, 0
L -383, 25, 1, -332, 25, 4, 0, 0, 0
L -332, 25, 4, -332, 171, 2, 0, 0, 0
L -332, 171, 2, -334, 170, 1, 0, 0, 0
L -334, 170, 1, -335, 170, 1, 0, 0, 0
L -335, 170, 1, -337, 169, 1, 0, 0, 0
L -337, 169, 1, -337, 167, 1, 0, 0, 0
L -337, 167, 1, -339, 168, 1, 0, 0, 0
L -339, 168, 1, -340, 171, 1, 0, 0, 0
L -340, 171, 1, -340, 175, 1, 0, 0, 0
L -340, 175, 1, -339, 178, 1, 0, 0, 0
L -339, 178, 1, -339, 179, 1, 0, 0, 0
L -339, 179, 1, -338, 181, 1, 0, 0, 0
L -338, 181, 1, -333, 183, 1, 0, 0, 0
L -333, 183, 1, -329, 181, 1, 0, 0, 0
L -329, 181, 1, -288, 181, 1, 0, 0, 0
L -288, 181, 1, -288, 226, 1, 0, 0, 0
L -288, 226, 1, -289, 227, 1, 0, 0, 0
L -289, 227, 1, -289, 229, 1, 0, 0, 0
L -289, 229, 1, -288, 233, 1, 0, 0, 0
L -288, 233, 1, -284, 234, 1, 0, 0, 0
L -284, 234, 1, -283, 232, 1, 0, 0, 0
L -283, 232, 1, -278, 232, 1, 0, 0, 0
L -278, 232, 1, -277, 231, 1, 0, 0, 0
L -277, 231, 1, -276, 229, 1, 0, 0, 0
L -276, 229, 1, -276, 228, 1, 0, 0, 0
L -276, 228, 1, -275, 225, 3, 0, 0, 0
L -275, 225, 3, -271, 225, 1, 0, 0, 0
L -271, 225, 1, -222, 225, -15, 0, 0, 0
L -222, 225, -15, -222, 227, -15, 0, 0, 0
L -222, 227, -15, -223, 229, -15, 0, 0, 0
L -223, 229, -15, -222, 234, -15, 0, 0, 0
L -222, 234, -15, -214, 232, -15, 0, 0, 0
L -214, 232, -15, -212, 232, -15, 0, 0, 0
L -212, 232, -15, -211, 230, -15, 0, 0, 0
L -211, 230, -15, -210, 229, -15, 0, 0, 0
L -210, 229, -15, -211, 222, -15, 0, 0, 0
L -211, 222, -15, -211, 165, -12, 0, 0, 0
L -211, 165, -12, -66, 165, -15, 0, 0, 0
L -66, 165, -15, -66, 167, -15, 0, 0, 0
L -66, 167, -15, -67, 168, -15, 0, 0, 0
L -66, 182, -15, -68, 183, -15, 0, 0, 0
L -68, 183, -15, -191, 183, -15, 0, 0, 0
L -191, 183, -15, -193, 184, -15, 0, 0, 0
L -193, 184, -15, -193, 185, -15, 0, 0, 0
L -193, 185, -15, -194, 187, -15, 0, 0, 0
L -194, 187, -15, -194, 311, -15, 0, 0, 0
L -194, 311, -15, -196, 310, -15, 0, 0, 0
L -196, 310, -15, -201, 310, -15, 0, 0, 0
L -201, 310, -15, -201, 312, -15, 0, 0, 0
L -201, 312, -15, -200, 320, -15, 0, 0, 0
L -200, 320, -15, -199, 322, -15, 0, 0, 0
L -199, 322, -15, -196, 322, -15, 0, 0, 0
L -196, 322, -15, -193, 321, -15, 0, 0, 0
L -193, 321, -15, -175, 321, -15, 0, 0, 0
L -175, 321, -15, -166, 322, -15, 0, 0, 0
L -166, 322, -15, -166, 433, -15, 0, 0, 0
L -166, 433, -15, -179, 433, -15, 0, 0, 0
L -179, 433, -15, -183, 432, -15, 0, 0, 0
L -183, 432, -15, -184, 404, -15, 0, 0, 0
L -184, 404, -15, -185, 403, -15, 0, 0, 0
L -185, 403, -15, -192, 403, -15, 0, 0, 0
L -192, 403, -15, -193, 401, -15, 0, 0, 0
L -193, 401, -15, -211, 401, -15, 0, 0, 0
L -211, 401, -15, -215, 403, -15, 0, 0, 0
L -215, 403, -15, -219, 403, -15, 0, 0, 0
L -219, 403, -15, -221, 404, -15, 0, 0, 0
L -221, 404, -15, -222, 406, -15, 0, 0, 0
L -222, 406, -15, -222, 434, -15, 0, 0, 0
L -222, 434, -15, -228, 434, -15, 0, 0, 0
L -228, 434, -15, -228, 443, -15, 0, 0, 0
L -228, 443, -15, -227, 445, -15, 0, 0, 0
L -227, 445, -15, -226, 446, -15, 0, 0, 0
L -226, 446, -15, -222, 446, -15, 0, 0, 0
L -222, 446, -15, -221, 445, -15, 0, 0, 0
L -221, 445, -15, -196, 445, -16, 0, 0, 0
L -196, 445, -16, -194, 446, -18, 0, 0, 0
L -194, 446, -18, -177, 464, -19, 0, 0, 0
L -177, 464, -19, -177, 535, -16, 0, 0, 0
L -177, 535, -16, -178, 537, -18, 0, 0, 0
L -178, 537, -18, -178, 554, -19, 0, 0, 0
L -178, 554, -19, -177, 557, -19, 0, 0, 0
L -177, 557, -19, -177, 559, -19, 0, 0, 0
L -177, 559, -19, -187, 559, -19, 0, 0, 0
L -187, 559, -19, -189, 558, -19, 0, 0, 0
L -189, 558, -19, -203, 559, -19, 0, 0, 0
L -203, 559, -19, -212, 559, -13, 0, 0, 0
L -212, 559, -13, -264, 559, -19, 0, 0, 0
L -264, 559, -19, -266, 558, -19, 0, 0, 0
L -266, 558, -19, -269, 558, -19, 0, 0, 0
L -269, 558, -19, -271, 562, -19, 0, 0, 0
L -271, 562, -19, -270, 573, -19, 0, 0, 0
L -270, 573, -19, -270, 575, -19, 0, 0, 0
L -270, 575, -19, -268, 575, -19, 0, 0, 0
L -268, 575, -19, -266, 574, -18, 0, 0, 0
L -266, 574, -18, -264, 574, -17, 0, 0, 0
L -264, 574, -17, -264, 572, -17, 0, 0, 0
L -264, 572, -17, -263, 616, -19, 0, 0, 0
L -263, 616, -19, -262, 617, -19, 0, 0, 0
L -262, 617, -19, -208, 617, -19, 0, 0, 0
L -208, 617, -19, -208, 619, -19, 0, 0, 0
L -208, 619, -19, -208, 635, -13, 0, 0, 0
L -208, 635, -13, -209, 635, -13, 0, 0, 0
L -209, 635, -13, -264, 635, -19, 0, 0, 0
L -264, 635, -19, -266, 634, -19, 0, 0, 0
L -266, 634, -19, -268, 634, -19, 0, 0, 0
L -268, 634, -19, -270, 636, -19, 0, 0, 0
L -270, 636, -19, -271, 640, -19, 0, 0, 0
L -274, 638, -19, -275, 635, -19, 0, 0, 0
L -275, 635, -19, -276, 634, -19, 0, 0, 0
L -276, 634, -19, -280, 634, -19, 0, 0, 0
L -280, 634, -19, -283, 635, -19, 0, 0, 0
L -283, 635, -19, -337, 635, -18, 0, 0, 0
L -337, 635, -18, -337, 633, -18, 0, 0, 0
L -337, 633, -18, -336, 631, -19, 0, 0, 0
L -336, 631, -19, -337, 630, -19, 0, 0, 0
L -337, 630, -19, -338, 628, -19, 0, 0, 0
L -338, 628, -19, -351, 628, -19, 0, 0, 0
L -351, 628, -19, -353, 629, -19, 0, 0, 0
L -353, 629, -19, -353, 633, -19, 0, 0, 0
L -353, 633, -19, -348, 638, -19, 0, 0, 0
L -348, 638, -19, -348, 640, -19, 0, 0, 0
L -348, 640, -19, -348, 659, -14, 0, 0, 0
L -348, 659, -14, -349, 659, -14, 0, 0, 0
L -349, 659, -14, -393, 659, -19, 0, 0, 0
L -393, 659, -19, -395, 660, -19, 0, 0, 0
L -395, 660, -19, -395, 662, -19, 0, 0, 0
L -395, 662, -19, -396, 663, -19, 0, 0, 0
L -396, 663, -19, -396, 692, -19, 0, 0, 0
L -396, 692, -19, -417, 692, -19, 0, 0, 0
L -417, 692, -19, -418, 690, -19, 0, 0, 0
L -418, 690, -19, -436, 690, -19, 0, 0, 0
L -436, 690, -19, -441, 692, -19, 0, 0, 0
L -441, 692, -19, -442, 692, -19, 0, 0, 0
L -442, 692, -19, -477, 692, -16, 0, 0, 0
L -477, 692, -16, -477, 690, -17, 0, 0, 0
L -477, 690, -17, -477, 666, -19, 0, 0, 0
L -477, 666, -19, -476, 665, -19, 0, 0, 0
L -476, 665, -19, -476, 663, -19, 0, 0, 0
L -476, 663, -19, -477, 661, -19, 0, 0, 0
L -477, 661, -19, -479, 660, -19, 0, 0, 0
L -479, 660, -19, -491, 661, -19, 0, 0, 0
L -491, 661, -19, -493, 663, -19, 0, 0, 0
L -493, 663, -19, -493, 665, -19, 0, 0, 0
L -493, 665, -19, -492, 666, -19, 0, 0, 0
L -492, 666, -19, -490, 667, -19, 0, 0, 0
L -490, 667, -19, -488, 667, -19, 0, 0, 0
L -488, 667, -19, -488, 687, -19, 0, 0, 0
L -488, 687, -19, -490, 689, -19, 0, 0, 0
L -490, 689, -19, -489, 716, -18, 0, 0, 0
L -489, 716, -18, -489, 718, -17, 0, 0, 0
L -489, 718, -17, -488, 719, -16, 0, 0, 0
L -488, 719, -16, -490, 719, -16, 0, 0, 0
L -490, 719, -16, -494, 719, -18, 0, 0, 0
L -494, 719, -18, -495, 718, -19, 0, 0, 0
L -495, 718, -19, -497, 717, -19, 0, 0, 0
L -497, 717, -19, -508, 718, -19, 0, 0, 0
L -508, 718, -19, -513, 718, -19, 0, 0, 0
L -513, 718, -19, -520, 719, -19, 0, 0, 0
L -520, 719, -19, -527, 719, -19, 0, 0, 0
L -527, 719, -19, -527, 718, -19, 0, 0, 0
L -527, 718, -19, -529, 717, -19, 0, 0, 0
L -529, 717, -19, -551, 717, -19, 0, 0, 0
L -551, 717, -19, -553, 718, -19, 0, 0, 0
L -553, 718, -19, -554, 719, -19, 0, 0, 0
L -554, 719, -19, -556, 719, -19, 0, 0, 0
L -556, 719, -19, -567, 720, -19, 0, 0, 0
L -567, 720, -19, -569, 721, -19, 0, 0, 0
L -569, 721, -19, -568, 722, -19, 0, 0, 0
L -568, 722, -19, -568, 736, -12, 0, 0, 0
L -586, 728, -17, -586, 721, -19, 0, 0, 0
L -586, 721, -19, -588, 720, -19, 0, 0, 0
L -588, 720, -19, -589, 719, -19, 0, 0, 0
L -589, 719, -19, -591, 719, -19, 0, 0, 0
L -591, 719, -19, -593, 719, -18, 0, 0, 0
L -593, 719, -18, -593, 718, -17, 0, 0, 0
L -593, 718, -17, -593, 655, -16, 0, 0, 0
L -593, 655, -16, -592, 652, -16, 0, 0, 0
L -592, 652, -16, -592, 651, -16, 0, 0, 0
L -592, 651, -16, -591, 648, -17, 0, 0, 0
L -591, 648, -17, -593, 647, -19, 0, 0, 0
L -593, 647, -19, -593, 606, -19, 0, 0, 0
L -593, 606, -19, -574, 606, -19, 0, 0, 0
L -574, 606, -19, -572, 606, -17, 0, 0, 0
L -572, 606, -17, -570, 606, -16, 0, 0, 0
L -570, 606, -16, -565, 606, -15, 0, 0, 0
L -565, 606, -15, -563, 606, -14, 0, 0, 0
L -563, 606, -14, -560, 607, -14, 0, 0, 0
L -560, 607, -14, -558, 607, -14, 0, 0, 0
L -558, 607, -14, -548, 607, -19, 0, 0, 0
L -548, 607, -19, -542, 606, -19, 0, 0, 0
L -542, 606, -19, -542, 601, -19, 0, 0, 0
L -542, 601, -19, -543, 596, -19, 0, 0, 0
L -543, 596, -19, -544, 595, -19, 0, 0, 0
L -544, 595, -19, -546, 594, -19, 0, 0, 0
L -546, 594, -19, -548, 595, -19, 0, 0, 0
L -548, 595, -19, -561, 595, -19, 0, 0, 0
L -561, 595, -19, -574, 595, -18, 0, 0, 0
L -574, 595, -18, -574, 594, -17, 0, 0, 0
L -574, 594, -17, -574, 549, -19, 0, 0, 0
L -574, 549, -19, -575, 548, -19, 0, 0, 0
L -575, 548, -19, -577, 547, -15, 0, 0, 0
L -577, 547, -15, -585, 547, -15, 0, 0, 0
L -585, 547, -15, -587, 547, -19, 0, 0, 0
L -587, 547, -19, -587, 546, -19, 0, 0, 0
L -587, 546, -19, -588, 540, -19, 0, 0, 0
L -588, 540, -19, -590, 537, -19, 0, 0, 0
L -590, 537, -19, -598, 530, -19, 0, 0, 0
L -598, 530, -19, -606, 526, -19, 0, 0, 0
L -606, 526, -19, -606, 517, -19, 0, 0, 0
L -606, 517, -19, -605, 516, -19, 0, 0, 0
L -605, 516, -19, -604, 514, -19, 0, 0, 0
L -604, 514, -19, -605, 498, -19, 0, 0, 0
L -605, 498, -19, -606, 495, -19, 0, 0, 0
L -606, 495, -19, -606, 493, -19, 0, 0, 0
L -606, 493, -19, -606, 466, -14, 0, 0, 0
L -606, 466, -14, -581, 466, -19, 0, 0, 0
L -581, 466, -19, -580, 467, -19, 0, 0, 0
L -580, 467, -19, -578, 467, -19, 0, 0, 0
L -578, 467, -19, -576, 466, -19, 0, 0, 0
L -576, 466, -19, -575, 464, -19, 0, 0, 0
L -575, 464, -19, -575, 451, -19, 0, 0, 0
L -575, 451, -19, -577, 450, -19, 0, 0, 0
L -577, 450, -19, -581, 450, -19, 0, 0, 0
L -581, 450, -19, -582, 452, -19, 0, 0, 0
L -582, 452, -19, -585, 455, -19, 0, 0, 0
L -585, 455, -19, -590, 455, -19, 0, 0, 0
L -590, 455, -19, -589, 452, -19, 0, 0, 0
L -589, 452, -19, -589, 443, -19, 0, 0, 0
L -589, 443, -19, -590, 441, -19, 0, 0, 0
L -590, 441, -19, -590, 426, -19, 0, 0, 0
L -590, 426, -19, -591, 424, -19, 0, 0, 0
L -591, 424, -19, -592, 423, -19, 0, 0, 0
L -592, 423, -19, -622, 423, -19, 0, 0, 0
L -622, 423, -19, -622, 415, -19, 0, 0, 0
L -622, 398, -19, -621, 367, -19, 0, 0, 0
L -621, 367, -19, -620, 368, -19, 0, 0, 0
L -620, 368, -19, -618, 368, -17, 0, 0, 0
L -618, 368, -17, -616, 368, -17, 0, 0, 0
L -616, 368, -17, -614, 366, -19, 0, 0, 0
L -614, 366, -19, -612, 364, -19, 0, 0, 0
L -612, 364, -19, -611, 361, -19, 0, 0, 0
L -611, 361, -19, -612, 359, -19, 0, 0, 0
L -612, 359, -19, -610, 358, -19, 0, 0, 0
L -610, 358, -19, -581, 358, -19, 0, 0, 0
L -581, 358, -19, -580, 359, -19, 0, 0, 0
L -580, 359, -19, -578, 359, -19, 0, 0, 0
P -782, -316, 6, 0, 0, 0, 1, Flavor
P -787, -265, 5, 240, 0, 0, 1, Trap
P -603, 60, 1, 240, 0, 0, 1, Trap
P -343, 59, 1, 240, 0, 0, 1, Trap
P -849, 402, -19, 240, 0, 0, 1, Trap
P -242, -543, 5, 0, 0, 0, 1, Taarna_Statue
P -386, -546, 26, 0, 0, 240, 1, Rescuee
P -75, -551, 22, 0, 0, 0, 1, Flavor
P 41, 55, 0, 240, 0, 0, 1, Trap
P -188, 177, -15, 240, 0, 0, 1, Trap
P -411, 415, 16, 0, 0, 240, 2, ZI
