L 1600, 0, 0, -2026, 0, 0, 140, 140, 140
L  0,1713, 0, 0, -1441, 0, 140, 140, 140
L 500, 1713, 0, 500, -1441, 0, 220, 220, 220
L 1000, 1713, 0, 1000, -1441, 0, 220, 220, 220
L 1500, 1713, 0, 1500, -1441, 0, 220, 220, 220
L -500, 1713, 0, -500, -1441, 0, 220, 220, 220
L -1000, 1713, 0, -1000, -1441, 0, 220, 220, 220
L -1500, 1713, 0, -1500, -1441, 0, 220, 220, 220
L -2000, 1713, 0, -2000, -1441, 0, 220, 220, 220
L 1600, 500, 0, -2026, 500, 0, 220, 220, 220
L 1600, 1000, 0, -2026, 1000, 0, 220, 220, 220
L 1600, 1500, 0, -2026, 1500, 0, 220, 220, 220
L 1600, -500, 0, -2026, -500, 0, 220, 220, 220
L 1600, -1000, 0, -2026, -1000, 0, 220, 220, 220
P 1610, 5, 0, 0, 0, 0, 3, 0
P 5,1723, 0, 0, 0, 0, 3, 0
P 505,1723, 0, 0, 0, 0, 3, 500
P 1005,1723, 0, 0, 0, 0, 3, 1000
P 1505,1723, 0, 0, 0, 0, 3, 1500
P -495,1723, 0, 0, 0, 0, 3, -500
P -995,1723, 0, 0, 0, 0, 3, -1000
P -1495,1723, 0, 0, 0, 0, 3, -1500
P -1995,1723, 0, 0, 0, 0, 3, -2000
P 1610, 505, 0, 0, 0, 0, 3, 500
P 1610, 1005, 0, 0, 0, 0, 3, 1000
P 1610, 1505, 0, 0, 0, 0, 3, 1500
P 1610, -495, 0, 0, 0, 0, 3, -500
P 1610, -995, 0, 0, 0, 0, 3, -1000
