L 4613, 268, 1570, 3810, 389, 96, 153, 153, 153
L 3810, 389, 96, 3730, 165, 34, 153, 153, 153
L 3730, 165, 34, 3733, -3313, 625, 153, 153, 153
L 3733, -3313, 625, 3652, -3760, 763, 153, 153, 153
L 3652, -3760, 763, 3163, -3760, 385, 153, 153, 153
L 3163, -3760, 385, 3022, -3760, 406, 153, 153, 153
L 3022, -3760, 406, 2949, -3758, 425, 153, 153, 153
L 2949, -3758, 425, 983, -3713, 278, 153, 153, 153
L 983, -3713, 278, -829, -3845, 538, 153, 153, 153
L -829, -3845, 538, -1045, -3854, 497, 153, 153, 153
L -1045, -3854, 497, -1199, -4141, 507, 153, 153, 153
L -1199, -4141, 507, -1171, -5073, 505, 153, 153, 153
L -1171, -5073, 505, -1171, -5078, 505, 153, 153, 153
L -1171, -5078, 505, -1188, -5748, 538, 153, 153, 153
L -1188, -5748, 538, -1230, -5935, 461, 153, 153, 153
L -1230, -5935, 461, -1238, -5972, 443, 153, 153, 153
L -3738, 2667, 0, -3739, 2681, 0, 153, 153, 153
L -3739, 2681, 0, -3737, 2772, 0, 153, 153, 153
L -3737, 2772, 0, -3744, 2835, 0, 153, 153, 153
L -3744, 2835, 0, -3744, 2869, 0, 153, 153, 153
L -3744, 2869, 0, -3745, 2917, 0, 153, 153, 153
L -3745, 2917, 0, -3741, 3015, 0, 153, 153, 153
L -3741, 3015, 0, -3720, 3050, 0, 153, 153, 153
L -3720, 3050, 0, -3658, 3129, 0, 153, 153, 153
L -3658, 3129, 0, -3638, 3156, 0, 153, 153, 153
L -3638, 3156, 0, -3615, 3224, 0, 153, 153, 153
L -3615, 3224, 0, -3619, 3383, 0, 153, 153, 153
L -3619, 3383, 0, -3607, 3418, 0, 153, 153, 153
L -3607, 3418, 0, -3553, 3523, 0, 153, 153, 153
L -3553, 3523, 0, -3515, 3556, 0, 153, 153, 153
L -3515, 3556, 0, -3434, 3598, 0, 153, 153, 153
L -3434, 3598, 0, -3309, 3630, 0, 153, 153, 153
L -3309, 3630, 0, -3180, 3636, 0, 153, 153, 153
L -3180, 3636, 0, -3054, 3599, 0, 153, 153, 153
L -3054, 3599, 0, -2938, 3643, 0, 153, 153, 153
L -2938, 3643, 0, -2903, 3646, 0, 153, 153, 153
L -2903, 3646, 0, -2830, 3741, 0, 153, 153, 153
L -2830, 3741, 0, -2793, 3757, 0, 153, 153, 153
L -2793, 3757, 0, -2706, 3764, 0, 153, 153, 153
L -2706, 3764, 0, -1432, 3764, 0, 153, 153, 153
L -2253, 3764, 0, -2253, 3764, 0, 153, 153, 153
L -2174, 3764, 0, -2174, 3764, 0, 153, 153, 153
L -1572, 3764, 0, -1572, 3764, 0, 153, 153, 153
L -1432, 3764, 0, -1384, 3763, 0, 153, 153, 153
L -1384, 3763, 0, -1299, 3763, 0, 153, 153, 153
L -1337, 3763, 0, -1337, 3763, 0, 153, 153, 153
L -1299, 3763, 0, -1254, 3764, 0, 153, 153, 153
L -1254, 3764, 0, -1202, 3764, 0, 153, 153, 153
L -1202, 3764, 0, -1137, 3757, 0, 153, 153, 153
L -1137, 3757, 0, -1122, 3752, 0, 153, 153, 153
L -1122, 3752, 0, -1107, 3743, 0, 153, 153, 153
L -1107, 3743, 0, -1096, 3732, 0, 153, 153, 153
L -1096, 3732, 0, -1090, 3718, 0, 153, 153, 153
L -1090, 3718, 0, -1087, 3703, 0, 153, 153, 153
L -1087, 3703, 0, -1088, 3688, 0, 153, 153, 153
L -1088, 3688, 0, -1091, 3666, 0, 153, 153, 153
L -1091, 3666, 0, -1092, 3650, 0, 153, 153, 153
L -1092, 3650, 0, -1091, 3640, 0, 153, 153, 153
L -1091, 3640, 0, -1077, 3599, 0, 153, 153, 153
L -1077, 3599, 0, -1068, 3585, 0, 153, 153, 153
L -1068, 3585, 0, -1057, 3571, 0, 153, 153, 153
L -1057, 3571, 0, -859, 3658, 0, 153, 153, 153
L -859, 3658, 0, -830, 3669, 0, 153, 153, 153
L -830, 3669, 0, -786, 3684, 0, 153, 153, 153
L -786, 3684, 0, -740, 3696, 0, 153, 153, 153
L -740, 3696, 0, -717, 3703, 0, 153, 153, 153
L -717, 3703, 0, -658, 3723, 0, 153, 153, 153
L -658, 3723, 0, -642, 3727, 0, 153, 153, 153
L -642, 3727, 0, -624, 3728, 0, 153, 153, 153
L -624, 3728, 0, -602, 3726, 0, 153, 153, 153
L -602, 3726, 0, -586, 3724, 0, 153, 153, 153
L -586, 3724, 0, -564, 3722, 0, 153, 153, 153
L -564, 3722, 0, -521, 3714, 0, 153, 153, 153
L -521, 3714, 0, -484, 3699, 0, 153, 153, 153
L -484, 3699, 0, -469, 3697, 0, 153, 153, 153
L -469, 3697, 0, -415, 3692, 0, 153, 153, 153
L -415, 3692, 0, -400, 3696, 0, 153, 153, 153
L -400, 3696, 0, -386, 3702, 0, 153, 153, 153
L -386, 3702, 0, -293, 3732, 0, 153, 153, 153
L -370, 3707, 0, -370, 3707, 0, 153, 153, 153
L -339, 3717, 0, -339, 3717, 0, 153, 153, 153
L -293, 3732, 0, -247, 3748, 0, 153, 153, 153
L -247, 3748, 0, -200, 3763, 0, 153, 153, 153
L -200, 3763, 0, -156, 3764, 0, 153, 153, 153
L -156, 3764, 0, 208, 3764, 0, 153, 153, 153
L -14, 3764, 0, -14, 3764, 0, 153, 153, 153
L 26, 3764, 0, 26, 3764, 0, 153, 153, 153
L 72, 3764, 0, 72, 3764, 0, 153, 153, 153
L 120, 3764, 0, 120, 3764, 0, 153, 153, 153
L 208, 3764, 0, 222, 3763, 0, 153, 153, 153
L 222, 3763, 0, 261, 3763, 0, 153, 153, 153
L 261, 3763, 0, 354, 3761, 0, 153, 153, 153
L 354, 3761, 0, 404, 3761, 0, 153, 153, 153
L 404, 3761, 0, 496, 3759, 0, 153, 153, 153
L 450, 3760, 0, 450, 3760, 0, 153, 153, 153
L 496, 3759, 0, 536, 3759, 0, 153, 153, 153
L 536, 3759, 0, 616, 3757, 0, 153, 153, 153
L 616, 3757, 0, 649, 3757, 0, 153, 153, 153
L 649, 3757, 0, 665, 3756, 0, 153, 153, 153
L 665, 3756, 0, 677, 3752, 0, 153, 153, 153
L 677, 3752, 0, 702, 3740, 0, 153, 153, 153
L 702, 3740, 0, 743, 3719, 0, 153, 153, 153
L 743, 3719, 0, 759, 3716, 0, 153, 153, 153
L 759, 3716, 0, 776, 3715, 0, 153, 153, 153
L 776, 3715, 0, 792, 3717, 0, 153, 153, 153
L 792, 3717, 0, 807, 3721, 0, 153, 153, 153
L 807, 3721, 0, 826, 3727, 0, 153, 153, 153
L 826, 3727, 0, 876, 3740, 0, 153, 153, 153
L 876, 3740, 0, 920, 3753, 0, 153, 153, 153
L 920, 3753, 0, 948, 3752, 0, 153, 153, 153
L 948, 3752, 0, 976, 3752, 0, 153, 153, 153
L 976, 3752, 0, 1013, 3751, 0, 153, 153, 153
L 1013, 3751, 0, 1061, 3751, 0, 153, 153, 153
L 1061, 3751, 0, 1151, 3749, 0, 153, 153, 153
L 1151, 3749, 0, 1200, 3749, 0, 153, 153, 153
L 1200, 3749, 0, 1292, 3747, 0, 153, 153, 153
L 1246, 3748, 0, 1246, 3748, 0, 153, 153, 153
L 1292, 3747, 0, 1313, 3747, 0, 153, 153, 153
L 1532, 3737, 0, 1544, 3738, 0, 153, 153, 153
L 1544, 3738, 0, 1581, 3737, 0, 153, 153, 153
L 1581, 3737, 0, 1617, 3741, 0, 153, 153, 153
L 1617, 3741, 0, 1660, 3742, 0, 153, 153, 153
L 1660, 3742, 0, 1684, 3741, 0, 153, 153, 153
L 1684, 3741, 0, 1716, 3741, 0, 153, 153, 153
L 1716, 3741, 0, 2091, 3735, 0, 153, 153, 153
L 2091, 3735, 0, 2306, 3733, 0, 153, 153, 153
L 2306, 3733, 0, 2375, 3733, 0, 153, 153, 153
L 2375, 3733, 0, 2423, 3732, 0, 153, 153, 153
L 2423, 3732, 0, 2471, 3732, 0, 153, 153, 153
L 2471, 3732, 0, 2519, 3731, 0, 153, 153, 153
L 2519, 3731, 0, 2669, 3730, 0, 153, 153, 153
L 2669, 3730, 0, 2721, 3727, 0, 153, 153, 153
L 2721, 3727, 0, 2768, 3709, 0, 153, 153, 153
L 2768, 3709, 0, 2808, 3683, 0, 153, 153, 153
L 2808, 3683, 0, 2823, 3656, 0, 153, 153, 153
L 2823, 3656, 0, 2841, 3499, 0, 153, 153, 153
L 2841, 3499, 0, 2892, 3442, 0, 153, 153, 153
L 2892, 3442, 0, 2924, 3441, 0, 153, 153, 153
L 2924, 3441, 0, 2940, 3441, 0, 153, 153, 153
L 2940, 3441, 0, 3007, 3454, 0, 153, 153, 153
L 3007, 3454, 0, 3007, 3482, 0, 153, 153, 153
L 3007, 3482, 0, 3017, 3509, 0, 153, 153, 153
L 3017, 3509, 0, 3033, 3547, 0, 153, 153, 153
L 3033, 3547, 0, 3033, 3604, 0, 153, 153, 153
L 3033, 3604, 0, 3037, 3634, 0, 153, 153, 153
L 3037, 3634, 0, 3067, 3677, 0, 153, 153, 153
L 3067, 3677, 0, 3102, 3716, 0, 153, 153, 153
L 3102, 3716, 0, 3122, 3726, 0, 153, 153, 153
L 3122, 3726, 0, 3151, 3725, 0, 153, 153, 153
L 3151, 3725, 0, 3178, 3725, 0, 153, 153, 153
L 3178, 3725, 0, 3349, 3710, 0, 153, 153, 153
L 3349, 3710, 0, 3443, 3670, 0, 153, 153, 153
L 3443, 3670, 0, 3455, 3663, 0, 153, 153, 153
L 3455, 3663, 0, 3507, 3573, 0, 153, 153, 153
L 3507, 3573, 0, 3516, 3559, 0, 153, 153, 153
L 3516, 3559, 0, 3525, 3546, 0, 153, 153, 153
L 3525, 3546, 0, 3548, 3511, 0, 153, 153, 153
L 3548, 3511, 0, 3605, 3445, 0, 153, 153, 153
L 3605, 3445, 0, 3641, 3400, 0, 153, 153, 153
L 3641, 3400, 0, 3685, 3297, 0, 153, 153, 153
L 3685, 3297, 0, 3688, 3202, 0, 153, 153, 153
L 3688, 3202, 0, 3695, 2900, 0, 153, 153, 153
L 3695, 2900, 0, 3692, 2863, 0, 153, 153, 153
L 3692, 2863, 0, 3698, 2787, 0, 153, 153, 153
L 3698, 2787, 0, 3688, 2529, 0, 153, 153, 153
L 3688, 2529, 0, 3688, 2210, 0, 153, 153, 153
L 3688, 2210, 0, 3714, 2023, 0, 153, 153, 153
L 3714, 2023, 0, 3714, 1981, 0, 153, 153, 153
L 3714, 1981, 0, 3722, 1823, 0, 153, 153, 153
L 3722, 1823, 0, 3734, 1337, 0, 153, 153, 153
L 3734, 1337, 0, 3734, 1248, 0, 153, 153, 153
L 3734, 1248, 0, 3726, 846, 0, 153, 153, 153
L 3726, 846, 0, 3768, 779, 0, 153, 153, 153
L 3768, 779, 0, 3836, 746, 0, 153, 153, 153
L 3836, 746, 0, 3870, 750, 0, 153, 153, 153
L 3870, 750, 0, 3976, 744, 0, 153, 153, 153
L 3976, 744, 0, 4064, 707, 0, 153, 153, 153
L 4064, 707, 0, 4165, 666, 0, 153, 153, 153
L 4165, 666, 0, 4273, 609, 0, 153, 153, 153
L 4273, 609, 0, 4522, 473, 0, 153, 153, 153
L -4321, 2313, 0, -4353, 2285, 0, 153, 153, 153
L -4331, 2304, 0, -4331, 2304, 0, 153, 153, 153
L -4353, 2285, 0, -4362, 2273, 0, 153, 153, 153
L -4362, 2273, 0, -4369, 2259, 0, 153, 153, 153
L -4369, 2259, 0, -4370, 2243, 0, 153, 153, 153
L -4370, 2243, 0, -4349, 2188, 0, 153, 153, 153
L -4349, 2188, 0, -4333, 2179, 0, 153, 153, 153
L -4333, 2179, 0, -4303, 2183, 0, 153, 153, 153
L -4303, 2183, 0, -4268, 2191, 0, 153, 153, 153
L -4268, 2191, 0, -4241, 2196, 0, 153, 153, 153
L -4241, 2196, 0, -4233, 2194, 0, 153, 153, 153
L -4233, 2194, 0, -4209, 2193, 0, 153, 153, 153
L -4209, 2193, 0, -4195, 2191, 0, 153, 153, 153
L -4195, 2191, 0, -4161, 2187, 0, 153, 153, 153
L -4161, 2187, 0, -4135, 2188, 0, 153, 153, 153
L -4135, 2188, 0, -4123, 2196, 0, 153, 153, 153
L -4123, 2196, 0, -4091, 2239, 0, 153, 153, 153
L -4091, 2239, 0, -4088, 2252, 0, 153, 153, 153
L -4088, 2252, 0, -4089, 2264, 0, 153, 153, 153
L -4089, 2264, 0, -4116, 2289, 0, 153, 153, 153
L -4116, 2289, 0, -4146, 2304, 0, 153, 153, 153
L -4146, 2304, 0, -4157, 2319, 0, 153, 153, 153
L -4157, 2319, 0, -4179, 2333, 0, 153, 153, 153
L -4179, 2333, 0, -4187, 2346, 0, 153, 153, 153
L -4187, 2346, 0, -4170, 2373, 0, 153, 153, 153
L -4170, 2373, 0, -4163, 2380, 0, 153, 153, 153
L -4163, 2380, 0, -4153, 2387, 0, 153, 153, 153
L -4153, 2387, 0, -4119, 2385, 0, 153, 153, 153
L -4119, 2385, 0, -4088, 2378, 0, 153, 153, 153
L -4088, 2378, 0, -4066, 2387, 0, 153, 153, 153
L -4066, 2387, 0, -4038, 2390, 0, 153, 153, 153
L -4038, 2390, 0, -4005, 2383, 0, 153, 153, 153
L -4005, 2383, 0, -3961, 2400, 0, 153, 153, 153
L -3961, 2400, 0, -3946, 2420, 0, 153, 153, 153
L -3946, 2420, 0, -3936, 2429, 0, 153, 153, 153
L -3936, 2429, 0, -3932, 2441, 0, 153, 153, 153
L -3932, 2441, 0, -3932, 2462, 0, 153, 153, 153
L -3932, 2462, 0, -3954, 2480, 0, 153, 153, 153
L -3954, 2480, 0, -3962, 2490, 0, 153, 153, 153
L -3962, 2490, 0, -3972, 2499, 0, 153, 153, 153
L -3972, 2499, 0, -3982, 2506, 0, 153, 153, 153
L -3982, 2506, 0, -4006, 2521, 0, 153, 153, 153
L -4006, 2521, 0, -4016, 2528, 0, 153, 153, 153
L -4016, 2528, 0, -4032, 2549, 0, 153, 153, 153
L -4032, 2549, 0, -4020, 2571, 0, 153, 153, 153
L -4020, 2571, 0, -3977, 2585, 0, 153, 153, 153
L -3977, 2585, 0, -3926, 2574, 0, 153, 153, 153
L -3926, 2574, 0, -3910, 2575, 0, 153, 153, 153
L -3910, 2575, 0, -3890, 2573, 0, 153, 153, 153
L -3890, 2573, 0, -3843, 2577, 0, 153, 153, 153
L -3843, 2577, 0, -3760, 2567, 0, 153, 153, 153
L -3738, 2559, 0, -3664, 2513, 0, 153, 153, 153
L -3664, 2513, 0, -3723, 2370, 0, 153, 153, 153
L -3723, 2370, 0, -3729, 2291, 0, 153, 153, 153
L -3729, 2291, 0, -3746, 2218, 0, 153, 153, 153
L -3746, 2218, 0, -3767, 1876, 0, 153, 153, 153
L -3767, 1876, 0, -3784, 1738, 0, 153, 153, 153
L -3784, 1738, 0, -3772, 1690, 0, 153, 153, 153
L -3772, 1690, 0, -3756, 1593, 0, 153, 153, 153
L -3756, 1593, 0, -3729, 1490, 0, 153, 153, 153
L -3729, 1490, 0, -3690, 1441, 0, 153, 153, 153
L -3690, 1441, 0, -3664, 1395, 0, 153, 153, 153
L -3664, 1395, 0, -3669, 1214, 0, 153, 153, 153
L -3669, 1214, 0, -3704, 1165, 0, 153, 153, 153
L -3704, 1165, 0, -3757, 1077, 0, 153, 153, 153
L -3757, 1077, 0, -3794, 1007, 0, 153, 153, 153
L -3794, 1007, 0, -3822, 926, 0, 153, 153, 153
L -3822, 926, 0, -3794, 851, 0, 153, 153, 153
L -3794, 851, 0, -3755, 797, 0, 153, 153, 153
L -3755, 797, 0, -3720, 757, 0, 153, 153, 153
L -3720, 757, 0, -3628, 705, 0, 153, 153, 153
L -3628, 705, 0, -3622, 638, 0, 153, 153, 153
L -3622, 638, 0, -3626, 546, 0, 153, 153, 153
L -3626, 546, 0, -3643, 482, 0, 153, 153, 153
L -3643, 482, 0, -3657, 443, 0, 153, 153, 153
L -3657, 443, 0, -3673, 412, 0, 153, 153, 153
L -3673, 412, 0, -3700, 367, 0, 153, 153, 153
L -3700, 367, 0, -3739, 334, 0, 153, 153, 153
L -3739, 334, 0, -3777, 272, 0, 153, 153, 153
L -3777, 272, 0, -3809, 225, 0, 153, 153, 153
L -3809, 225, 0, -3844, 172, 0, 153, 153, 153
L -3844, 172, 0, -3854, 142, 0, 153, 153, 153
L -3854, 142, 0, -3867, 49, 0, 153, 153, 153
L -3867, 49, 0, -3877, -44, 0, 153, 153, 153
L -3877, -44, 0, -3878, -108, 0, 153, 153, 153
L -3878, -108, 0, -3886, -193, 0, 153, 153, 153
L -3886, -193, 0, -3885, -292, 0, 153, 153, 153
L -3885, -292, 0, -3883, -339, 0, 153, 153, 153
L -3883, -339, 0, -3869, -371, 0, 153, 153, 153
L -3869, -371, 0, -3839, -427, 0, 153, 153, 153
L -3839, -427, 0, -3820, -466, 0, 153, 153, 153
L -3820, -466, 0, -3795, -549, 0, 153, 153, 153
L -3795, -549, 0, -3807, -595, 0, 153, 153, 153
L -3807, -595, 0, -3810, -635, 0, 153, 153, 153
L -3810, -635, 0, -3814, -667, 0, 153, 153, 153
L -3814, -667, 0, -3821, -682, 0, 153, 153, 153
L -3821, -682, 0, -3836, -711, 0, 153, 153, 153
L -3836, -711, 0, -3850, -814, 0, 153, 153, 153
L -3850, -814, 0, -3854, -876, 0, 153, 153, 153
L -3854, -876, 0, -3862, -934, 0, 153, 153, 153
L -3862, -934, 0, -3880, -1039, 0, 153, 153, 153
L -3880, -1039, 0, -3870, -1123, 0, 153, 153, 153
L -3870, -1123, 0, -3864, -1152, 0, 153, 153, 153
L -3864, -1152, 0, -3847, -1218, 0, 153, 153, 153
L -3847, -1218, 0, -3840, -1277, 0, 153, 153, 153
L -3840, -1277, 0, -3827, -1322, 0, 153, 153, 153
L -3827, -1322, 0, -3809, -1379, 0, 153, 153, 153
L -3809, -1379, 0, -3800, -1431, 0, 153, 153, 153
L -3800, -1431, 0, -3798, -1499, 0, 153, 153, 153
L -3798, -1499, 0, -3794, -1543, 0, 153, 153, 153
L -3794, -1543, 0, -3753, -1596, 0, 153, 153, 153
L -3753, -1596, 0, -3732, -1626, 0, 153, 153, 153
L -3732, -1626, 0, -3709, -1663, 0, 153, 153, 153
L -3709, -1663, 0, -3624, -1804, 0, 153, 153, 153
L -3624, -1804, 0, -3605, -1850, 0, 153, 153, 153
L -3605, -1850, 0, -3591, -1913, 0, 153, 153, 153
L -3591, -1913, 0, -3584, -1965, 0, 153, 153, 153
L -3584, -1965, 0, -3564, -2037, 0, 153, 153, 153
L -3564, -2037, 0, -3574, -2161, 0, 153, 153, 153
L -3574, -2161, 0, -3608, -2210, 0, 153, 153, 153
L -3608, -2210, 0, -3650, -2243, 0, 153, 153, 153
L -3650, -2243, 0, -3740, -2339, 0, 153, 153, 153
L -3740, -2339, 0, -3742, -2394, 0, 153, 153, 153
L -3742, -2394, 0, -3733, -2445, 0, 153, 153, 153
L -3733, -2445, 0, -3708, -2483, 0, 153, 153, 153
L -3708, -2483, 0, -3665, -2529, 0, 153, 153, 153
L -3665, -2529, 0, -3639, -2571, 0, 153, 153, 153
L -3639, -2571, 0, -3643, -2648, 0, 153, 153, 153
L -3643, -2648, 0, -3659, -2786, 0, 153, 153, 153
L -3659, -2786, 0, -3657, -2842, 0, 153, 153, 153
L -3657, -2842, 0, -3658, -2930, 0, 153, 153, 153
L -3658, -2930, 0, -3671, -2976, 0, 153, 153, 153
L -3671, -2976, 0, -3704, -3067, 0, 153, 153, 153
L -3704, -3067, 0, -3724, -3126, 0, 153, 153, 153
L -3724, -3126, 0, -3710, -3155, 0, 153, 153, 153
L -3710, -3155, 0, -3599, -3309, 0, 153, 153, 153
L -3599, -3309, 0, -3571, -3354, 0, 153, 153, 153
L -3571, -3354, 0, -3536, -3446, 0, 153, 153, 153
L -3536, -3446, 0, -3454, -3467, 0, 153, 153, 153
L -3454, -3467, 0, -3366, -3506, 0, 153, 153, 153
L -3366, -3506, 0, -3316, -3552, 0, 153, 153, 153
L -3316, -3552, 0, -3223, -3601, 0, 153, 153, 153
L -3223, -3601, 0, -3057, -3650, 0, 153, 153, 153
L -2878, -3324, 0, -2871, -3331, 0, 153, 153, 153
L -2871, -3331, 0, -2864, -3445, 0, 153, 153, 153
L -2893, -3439, 0, -2894, -3334, 0, 153, 153, 153
L -2894, -3334, 0, -2907, -3323, 0, 153, 153, 153
L -3057, -3662, 0, -2939, -3737, 0, 153, 153, 153
L -2939, -3737, 0, -2755, -3767, 0, 153, 153, 153
L -2755, -3767, 0, -2636, -3814, 0, 153, 153, 153
L -2636, -3814, 0, -2449, -3845, 0, 153, 153, 153
L -2449, -3845, 0, -2341, -3836, 0, 153, 153, 153
L -2341, -3836, 0, -2218, -3811, 0, 153, 153, 153
L -2218, -3811, 0, -2115, -3775, 0, 153, 153, 153
L -2115, -3775, 0, -2067, -3782, 0, 153, 153, 153
L -2067, -3782, 0, -2003, -3784, 0, 153, 153, 153
L -2003, -3784, 0, -1924, -3816, 0, 153, 153, 153
L -1924, -3816, 0, -1858, -3830, 0, 153, 153, 153
L -1858, -3830, 0, -1793, -3838, 0, 153, 153, 153
L -1793, -3838, 0, -1710, -3871, 0, 153, 153, 153
L -1710, -3871, 0, -1669, -3910, 0, 153, 153, 153
L -1669, -3910, 0, -1632, -3960, 0, 153, 153, 153
L -1632, -3960, 0, -1602, -3996, 0, 153, 153, 153
L -1602, -3996, 0, -1586, -4070, 0, 153, 153, 153
L -1586, -4070, 0, -1588, -4165, 0, 153, 153, 153
L -1588, -4165, 0, -1587, -4214, 0, 153, 153, 153
L -1587, -4214, 0, -1583, -4264, 0, 153, 153, 153
L -1583, -4264, 0, -1568, -4333, 0, 153, 153, 153
L -1568, -4333, 0, -1563, -4395, 0, 153, 153, 153
L -1563, -4395, 0, -1559, -4456, 0, 153, 153, 153
L -1559, -4456, 0, -1594, -4526, 0, 153, 153, 153
L -1594, -4526, 0, -1607, -4582, 0, 153, 153, 153
L -1607, -4582, 0, -1612, -4651, 0, 153, 153, 153
L -1612, -4651, 0, -1612, -4676, 0, 153, 153, 153
L -1612, -4676, 0, -1610, -4773, 0, 153, 153, 153
L -1610, -4773, 0, -1607, -4867, 0, 153, 153, 153
L -1607, -4867, 0, -1604, -5009, 0, 153, 153, 153
L -1604, -5009, 0, -1600, -5073, 0, 153, 153, 153
L -1600, -5073, 0, -1588, -5133, 0, 153, 153, 153
L -1588, -5133, 0, -1574, -5244, 0, 153, 153, 153
L -1574, -5244, 0, -1566, -5287, 0, 153, 153, 153
L -1566, -5287, 0, -1550, -5382, 0, 153, 153, 153
L -1550, -5382, 0, -1555, -5429, 0, 153, 153, 153
L -1555, -5429, 0, -1566, -5512, 0, 153, 153, 153
L -1566, -5512, 0, -1572, -5748, 0, 153, 153, 153
L -1572, -5748, 0, -1572, -5778, 0, 153, 153, 153
L -1572, -5778, 0, -1578, -5946, 0, 153, 153, 153
L 750, 788, -1152, 673, 666, 3, 153, 153, 153
L 673, 666, 3, 579, 455, 87, 153, 153, 153
L 579, 455, 87, 574, 271, 60, 153, 153, 153
L 574, 271, 60, 646, 76, 1, 153, 153, 153
L 646, 76, 1, 755, -108, -94, 153, 153, 153
L 755, -108, -94, 786, -105, -102, 153, 153, 153
L 786, -105, -102, 818, -141, -104, 153, 153, 153
L 818, -141, -104, 863, -139, -124, 153, 153, 153
L 863, -139, -124, 864, -114, -124, 153, 153, 153
L 864, -114, -124, 924, -105, -128, 153, 153, 153
L 924, -105, -128, 924, -142, -127, 153, 153, 153
L 924, -142, -127, 971, -139, -126, 153, 153, 153
L 971, -139, -126, 970, -106, -127, 153, 153, 153
L 970, -106, -127, 1107, -105, -125, 153, 153, 153
L 1107, -105, -125, 1107, -123, -124, 153, 153, 153
L 1107, -123, -124, 1152, -139, -123, 153, 153, 153
L 1152, -139, -123, 1153, -127, -123, 153, 153, 153
L 1153, -127, -123, 1254, -105, -126, 153, 153, 153
L 1254, -105, -126, 1272, -132, -126, 153, 153, 153
L 1272, -132, -126, 1302, -139, -126, 153, 153, 153
L 1302, -139, -126, 1321, -136, -126, 153, 153, 153
L 1321, -136, -126, 1477, -104, -128, 153, 153, 153
L 1477, -104, -128, 1474, -80, -127, 153, 153, 153
L 1474, -80, -127, 1509, -79, -127, 153, 153, 153
L 1509, -79, -127, 1507, -29, -127, 153, 153, 153
L 1507, -29, -127, 1475, -34, -127, 153, 153, 153
L 1475, -34, -127, 1473, -8, -127, 153, 153, 153
L 1473, -8, -127, 1438, -11, -127, 153, 153, 153
L 1442, 68, -1279, 1473, 68, -127, 153, 153, 153
L 1473, 68, -127, 1475, 94, -128, 153, 153, 153
L 1475, 94, -128, 1502, 98, -128, 153, 153, 153
L 1502, 98, -128, 1508, 139, -128, 153, 153, 153
L 1508, 139, -128, 1475, 144, -128, 153, 153, 153
L 1475, 144, -128, 1476, 280, -128, 153, 153, 153
L 1476, 280, -128, 1508, 281, -128, 153, 153, 153
L 1508, 281, -128, 1508, 307, -128, 153, 153, 153
L 1508, 307, -128, 1476, 326, -128, 153, 153, 153
L 1476, 326, -128, 1477, 437, -129, 153, 153, 153
L 1477, 437, -129, 1505, 443, -134, 153, 153, 153
L 1505, 443, -134, 1508, 487, -132, 153, 153, 153
L 1508, 487, -132, 1477, 489, -129, 153, 153, 153
L 1477, 489, -129, 1476, 564, -128, 153, 153, 153
L 1476, 564, -128, 1506, 604, -128, 153, 153, 153
L 1506, 604, -128, 1508, 645, -128, 153, 153, 153
L 1508, 645, -128, 1480, 650, -128, 153, 153, 153
L 1480, 650, -128, 1477, 762, -128, 153, 153, 153
L 1477, 762, -128, 1356, 793, -129, 153, 153, 153
L 1356, 793, -129, 1320, 824, -129, 153, 153, 153
L 1320, 824, -129, 1297, 825, -129, 153, 153, 153
L 1297, 825, -129, 1271, 795, -129, 153, 153, 153
L 1271, 795, -129, 1019, 793, -128, 153, 153, 153
L 1019, 793, -128, 983, 815, -128, 153, 153, 153
L 983, 815, -128, 943, 825, -128, 153, 153, 153
L 943, 825, -128, 937, 793, -128, 153, 153, 153
L 937, 793, -128, 863, 793, -127, 153, 153, 153
L 863, 793, -127, 863, 824, -128, 153, 153, 153
L 863, 824, -128, 818, 825, -127, 153, 153, 153
L 818, 825, -127, 817, 822, -127, 153, 153, 153
L 817, 822, -127, 756, 792, -118, 153, 153, 153
L 1456, -11, -1277, 1437, -59, -127, 153, 153, 153
L 1437, -59, -127, 790, -67, -117, 153, 153, 153
L 790, -67, -117, 689, 86, -33, 153, 153, 153
L 689, 86, -33, 621, 260, 18, 153, 153, 153
L 621, 260, 18, 622, 445, 32, 153, 153, 153
L 622, 445, 32, 692, 620, -10, 153, 153, 153
L 692, 620, -10, 771, 734, -122, 153, 153, 153
L 771, 734, -122, 1436, 762, -128, 153, 153, 153
L 1436, 762, -128, 1438, 70, -127, 153, 153, 153
L 723, 285, -1244, 631, 281, -124, 102, 99, 0
L 631, 281, -124, 416, 274, -125, 102, 99, 0
L 416, 274, -125, 226, 378, -154, 102, 99, 0
L 226, 378, -154, 156, 377, -167, 102, 99, 0
L 156, 377, -167, 61, 391, -186, 102, 99, 0
L 61, 391, -186, -74, 293, -211, 102, 99, 0
L -74, 293, -211, -125, 184, -223, 102, 99, 0
L -125, 184, -223, -167, 48, -234, 102, 99, 0
L -167, 48, -234, -188, -40, -242, 102, 99, 0
L -188, -40, -242, -182, -221, -284, 102, 99, 0
L -182, -221, -284, -180, -333, -310, 102, 99, 0
L -180, -333, -310, -180, -436, -312, 102, 99, 0
L -180, -436, -312, -202, -439, -312, 102, 99, 0
L -202, -439, -312, -254, -439, -312, 102, 99, 0
L -254, -439, -312, -343, -437, -312, 102, 99, 0
L -343, -437, -312, -473, -443, -312, 102, 99, 0
L -473, -443, -312, -518, -406, -312, 102, 99, 0
L -518, -406, -312, -519, -386, -312, 102, 99, 0
L -519, -386, -312, -495, -316, -312, 102, 99, 0
L -495, -316, -312, -422, -315, -312, 102, 99, 0
L -422, -315, -312, -389, -315, -312, 102, 99, 0
L -389, -315, -312, -317, -314, -312, 102, 99, 0
L -317, -314, -312, -317, -13, -240, 102, 99, 0
L -317, -13, -240, -258, 213, -225, 102, 99, 0
L -258, 213, -225, -241, 281, -220, 102, 99, 0
L -241, 281, -220, -229, 327, -217, 102, 99, 0
L -229, 327, -217, -192, 371, -212, 102, 99, 0
L -192, 371, -212, -95, 451, -201, 102, 99, 0
L -95, 451, -201, 0, 530, -189, 102, 99, 0
L 0, 530, -189, 51, 528, -182, 102, 99, 0
L 51, 528, -182, 141, 523, -170, 102, 99, 0
L 141, 523, -170, 264, 515, -153, 102, 99, 0
L 264, 515, -153, 285, 502, -149, 102, 99, 0
L 285, 502, -149, 393, 440, -130, 102, 99, 0
L 393, 440, -130, 514, 424, -125, 102, 99, 0
L 514, 424, -125, 588, 424, -124, 102, 99, 0
L 588, 424, -124, 653, 425, -124, 102, 99, 0
L 653, 425, -124, 721, 425, -124, 102, 99, 0
L -1222, -5898, 4785, -1222, -5898, 478, 153, 153, 153
L -1222, -5898, 478, -1206, -5828, 510, 153, 153, 153
L -1206, -5828, 510, -1185, -5705, 565, 153, 153, 153
L -1185, -5705, 565, -1176, -5607, 569, 153, 153, 153
L -1176, -5607, 569, -1168, -5526, 535, 153, 153, 153
L -1168, -5526, 535, -1161, -5445, 501, 153, 153, 153
L -1161, -5445, 501, -1164, -5328, 503, 153, 153, 153
L -1164, -5328, 503, -1167, -5205, 501, 153, 153, 153
L -1167, -5205, 501, -1170, -5116, 500, 153, 153, 153
L -1170, -5116, 500, -1173, -5012, 512, 153, 153, 153
L -1173, -5012, 512, -1177, -4901, 572, 153, 153, 153
L -1177, -4901, 572, -1180, -4791, 590, 153, 153, 153
L -1180, -4791, 590, -1183, -4681, 573, 153, 153, 153
L -1183, -4681, 573, -1186, -4569, 609, 153, 153, 153
L -1186, -4569, 609, -1189, -4495, 581, 153, 153, 153
L -1189, -4495, 581, -1191, -4420, 536, 153, 153, 153
L -1191, -4420, 536, -1193, -4339, 501, 153, 153, 153
L -1193, -4339, 501, -1195, -4265, 500, 153, 153, 153
L -1195, -4265, 500, -1199, -4142, 505, 153, 153, 153
L -1199, -4142, 505, -1163, -4071, 577, 153, 153, 153
L -1163, -4071, 577, -1133, -4016, 586, 153, 153, 153
L -1133, -4016, 586, -1125, -4000, 583, 153, 153, 153
L -1125, -4000, 583, -1112, -3977, 577, 153, 153, 153
L -1112, -3977, 577, -1097, -3948, 569, 153, 153, 153
L -1097, -3948, 569, -1076, -3910, 539, 153, 153, 153
L -1076, -3910, 539, -1056, -3874, 506, 153, 153, 153
L -1056, -3874, 506, -990, -3852, 521, 153, 153, 153
L -990, -3852, 521, -950, -3850, 530, 153, 153, 153
L -950, -3850, 530, -863, -3846, 537, 153, 153, 153
L -863, -3846, 537, -755, -3841, 501, 153, 153, 153
L -755, -3841, 501, -687, -3838, 451, 153, 153, 153
L -687, -3838, 451, -563, -3833, 344, 153, 153, 153
L -563, -3833, 344, -481, -3829, 311, 153, 153, 153
L -481, -3829, 311, -348, -3823, 308, 153, 153, 153
L -348, -3823, 308, -61, -3805, 400, 153, 153, 153
L -61, -3805, 400, 98, -3791, 413, 153, 153, 153
L 98, -3791, 413, 312, -3772, 404, 153, 153, 153
L 312, -3772, 404, 357, -3768, 392, 153, 153, 153
L 357, -3768, 392, 647, -3743, 330, 153, 153, 153
L 647, -3743, 330, 958, -3715, 282, 153, 153, 153
L 958, -3715, 282, 1175, -3717, 352, 153, 153, 153
L 1175, -3717, 352, 1353, -3712, 473, 153, 153, 153
L 1353, -3712, 473, 1453, -3723, 605, 153, 153, 153
L 1453, -3723, 605, 1654, -3728, 683, 153, 153, 153
L 1654, -3728, 683, 1721, -3730, 644, 153, 153, 153
L 1721, -3730, 644, 1806, -3732, 573, 153, 153, 153
L 1806, -3732, 573, 1942, -3735, 418, 153, 153, 153
L 1942, -3735, 418, 2115, -3739, 330, 153, 153, 153
L 2115, -3739, 330, 2410, -3746, 338, 153, 153, 153
L 2410, -3746, 338, 2812, -3755, 390, 153, 153, 153
L 2812, -3755, 390, 3425, -3760, 725, 153, 153, 153
L 3425, -3760, 725, 3656, -3734, 720, 153, 153, 153
L 3656, -3734, 720, 3661, -3706, 678, 153, 153, 153
L 3661, -3706, 678, 3691, -3543, 784, 153, 153, 153
L 3691, -3543, 784, 3718, -3397, 738, 153, 153, 153
L 3718, -3397, 738, 3734, -3292, 606, 153, 153, 153
L 3734, -3292, 606, 3742, -2916, 551, 153, 153, 153
L 3742, -2916, 551, 3747, -2691, 509, 153, 153, 153
L 3747, -2691, 509, 3754, -2379, 512, 153, 153, 153
L 3754, -2379, 512, 3720, -1459, 220, 153, 153, 153
L 3720, -1459, 220, 3701, -1179, 235, 153, 153, 153
L 3701, -1179, 235, 3685, -940, 106, 153, 153, 153
L 3685, -940, 106, 3684, -687, 143, 153, 153, 153
L 3684, -687, 143, 3694, -499, 69, 153, 153, 153
L 3694, -499, 69, 3708, -238, 87, 153, 153, 153
L 3708, -238, 87, 3722, 16, 110, 153, 153, 153
L 3722, 16, 110, 3737, 187, 34, 153, 153, 153
L 3737, 187, 34, 3788, 329, 97, 153, 153, 153
L 3788, 329, 97, 3802, 367, 110, 153, 153, 153
L 3802, 367, 110, 3856, 423, 159, 153, 153, 153
L 3856, 423, 159, 3963, 414, 259, 153, 153, 153
L 3963, 414, 259, 4061, 351, 346, 153, 153, 153
L 4061, 351, 346, 4154, 337, 361, 153, 153, 153
L 4154, 337, 361, 4254, 322, 323, 153, 153, 153
L 4254, 322, 323, 4354, 307, 269, 153, 153, 153
L 4354, 307, 269, 4456, 292, 233, 153, 153, 153
L 4456, 292, 233, 4557, 277, 180, 153, 153, 153
L 4557, 277, 180, 4625, 266, 152, 153, 153, 153
L -2892, -3447, 3407, -2893, -3337, 343, 102, 99, 0
L -2893, -3337, 343, -2910, -3320, 343, 102, 99, 0
L -2910, -3320, 343, -2956, -3320, 343, 102, 99, 0
L -2956, -3320, 343, -2973, -3303, 343, 102, 99, 0
L -2973, -3303, 343, -2973, -3280, 343, 102, 99, 0
L -4299, 2296, -4522, -4317, 2283, -458, 153, 153, 153
L -4317, 2283, -458, -4319, 2279, -458, 153, 153, 153
L -4319, 2279, -458, -4338, 2262, -462, 153, 153, 153
L -4338, 2262, -462, -4342, 2245, -467, 153, 153, 153
L -4342, 2245, -467, -4337, 2230, -468, 153, 153, 153
L -4337, 2230, -468, -4334, 2217, -469, 153, 153, 153
L -4334, 2217, -469, -4323, 2207, -469, 153, 153, 153
L -4323, 2207, -469, -4306, 2210, -467, 153, 153, 153
L -4306, 2210, -467, -4280, 2217, -460, 153, 153, 153
L -4280, 2217, -460, -4217, 2222, -462, 153, 153, 153
L -4217, 2222, -462, -4203, 2218, -465, 153, 153, 153
L -4203, 2218, -465, -4186, 2216, -467, 153, 153, 153
L -4186, 2216, -467, -4151, 2212, -474, 153, 153, 153
L -4151, 2212, -474, -4132, 2225, -469, 153, 153, 153
L -4132, 2225, -469, -4128, 2236, -469, 153, 153, 153
L -4128, 2236, -469, -4121, 2244, -469, 153, 153, 153
L -4121, 2244, -469, -4120, 2257, -469, 153, 153, 153
L -4120, 2257, -469, -4149, 2282, -469, 153, 153, 153
L -4149, 2282, -469, -4162, 2289, -469, 153, 153, 153
L -4162, 2289, -469, -4181, 2305, -469, 153, 153, 153
L -4181, 2305, -469, -4201, 2317, -469, 153, 153, 153
L -4201, 2317, -469, -4209, 2327, -469, 153, 153, 153
L -4209, 2327, -469, -4214, 2346, -469, 153, 153, 153
L -4214, 2346, -469, -4212, 2359, -469, 153, 153, 153
L -4212, 2359, -469, -4201, 2374, -469, 153, 153, 153
L -4201, 2374, -469, -4185, 2398, -469, 153, 153, 153
L -4185, 2398, -469, -4177, 2405, -468, 153, 153, 153
L -4177, 2405, -468, -4135, 2412, -460, 153, 153, 153
L -4135, 2412, -460, -4125, 2410, -459, 153, 153, 153
L -4125, 2410, -459, -4115, 2409, -457, 153, 153, 153
L -4115, 2409, -457, -4105, 2406, -455, 153, 153, 153
L -4105, 2406, -455, -4075, 2411, -451, 153, 153, 153
L -4075, 2411, -451, -4063, 2417, -449, 153, 153, 153
L -4063, 2417, -449, -4043, 2417, -452, 153, 153, 153
L -4043, 2417, -452, -4023, 2414, -457, 153, 153, 153
L -4023, 2414, -457, -4007, 2410, -459, 153, 153, 153
L -4007, 2410, -459, -3995, 2409, -462, 153, 153, 153
L -3995, 2409, -462, -3978, 2419, -467, 153, 153, 153
L -3978, 2419, -467, -3975, 2424, -468, 153, 153, 153
L -3975, 2424, -468, -3957, 2448, -469, 153, 153, 153
L -3957, 2448, -469, -3957, 2451, -469, 153, 153, 153
L -3957, 2451, -469, -3981, 2470, -469, 153, 153, 153
L -3981, 2470, -469, -4004, 2487, -469, 153, 153, 153
L -4004, 2487, -469, -4035, 2509, -469, 153, 153, 153
L -4035, 2509, -469, -4055, 2530, -469, 153, 153, 153
L -4055, 2530, -469, -4057, 2542, -469, 153, 153, 153
L -4057, 2542, -469, -4055, 2556, -469, 153, 153, 153
L -4055, 2556, -469, -4041, 2574, -469, 153, 153, 153
L -4041, 2574, -469, -4026, 2598, -469, 153, 153, 153
L -4026, 2598, -469, -4010, 2609, -469, 153, 153, 153
L -4010, 2609, -469, -3986, 2609, -472, 153, 153, 153
L -3986, 2609, -472, -3952, 2605, -468, 153, 153, 153
L -3952, 2605, -468, -3940, 2604, -467, 153, 153, 153
L -3940, 2604, -467, -3918, 2602, -461, 153, 153, 153
L -3918, 2602, -461, -3877, 2603, -456, 153, 153, 153
L -3877, 2603, -456, -3821, 2604, -445, 153, 153, 153
L -3821, 2604, -445, -3770, 2614, -451, 153, 153, 153
L -3770, 2614, -451, -3739, 2665, -470, 153, 153, 153
L -3761, 2567, -4511, -3737, 2556, -462, 153, 153, 153
L 1348, 3746, -3157, 1567, 3739, -139, 153, 153, 153
L 1387, 3746, -2751, 1298, 3747, -347, 153, 153, 153
L -2864, -3338, 3439, -2895, -3306, 343, 102, 99, 0
L -2895, -3306, 343, -2947, -3306, 343, 102, 99, 0
L -2947, -3306, 343, -2959, -3290, 343, 102, 99, 0
L -2959, -3290, 343, -2960, -3275, 343, 102, 99, 0
L 3314, 3680, -3279, 3314, 3714, -328, 102, 99, 0
L 3314, 3714, -328, 3308, 3726, -327, 102, 99, 0
L 3308, 3726, -327, 3307, 3739, -329, 102, 99, 0
L 3307, 3739, -329, 3311, 3751, -332, 102, 99, 0
L 3311, 3751, -332, 3314, 3768, -335, 102, 99, 0
L 3314, 3768, -335, 3315, 3782, -337, 102, 99, 0
L 3315, 3782, -337, 3310, 3802, -343, 102, 99, 0
L 3310, 3802, -343, 3294, 3814, -346, 102, 99, 0
L 3294, 3814, -346, 3284, 3822, -346, 102, 99, 0
L 3284, 3822, -346, 3269, 3823, -346, 102, 99, 0
L 3269, 3823, -346, 3252, 3807, -347, 102, 99, 0
L 3252, 3807, -347, 3252, 3799, -346, 102, 99, 0
L 3252, 3799, -346, 3245, 3794, -346, 102, 99, 0
L 641, 2820, -4835, 641, 2753, -495, 102, 99, 0
L 641, 2753, -495, 615, 2720, -497, 102, 99, 0
L 615, 2720, -497, 576, 2715, -497, 102, 99, 0
L 576, 2715, -497, 545, 2698, -497, 102, 99, 0
L 545, 2698, -497, 544, 2694, -497, 102, 99, 0
L 589, 2726, -4902, 589, 2726, -490, 153, 153, 153
L 531, 2693, -4965, 532, 2714, -497, 102, 99, 0
L 532, 2714, -497, 546, 2728, -497, 102, 99, 0
L 546, 2728, -497, 594, 2728, -497, 102, 99, 0
L 594, 2728, -497, 611, 2745, -496, 102, 99, 0
L 611, 2745, -496, 611, 2791, -486, 102, 99, 0
L 611, 2791, -486, 606, 2830, -480, 102, 99, 0
L 3222, 3808, -3453, 3232, 3817, -345, 102, 99, 0
L 3232, 3817, -345, 3244, 3837, -345, 102, 99, 0
L 3244, 3837, -345, 3254, 3845, -343, 102, 99, 0
L 3254, 3845, -343, 3278, 3854, -345, 102, 99, 0
L 3278, 3854, -345, 3295, 3849, -345, 102, 99, 0
L 3295, 3849, -345, 3307, 3836, -345, 102, 99, 0
L 3307, 3836, -345, 3325, 3826, -344, 102, 99, 0
L 3325, 3826, -344, 3330, 3821, -345, 102, 99, 0
L 3330, 3821, -345, 3340, 3808, -345, 102, 99, 0
L 3340, 3808, -345, 3342, 3798, -342, 102, 99, 0
L 3342, 3798, -342, 3341, 3778, -336, 102, 99, 0
L 3341, 3778, -336, 3337, 3760, -334, 102, 99, 0
L 3337, 3760, -334, 3336, 3748, -332, 102, 99, 0
L 3336, 3748, -332, 3334, 3741, -330, 102, 99, 0
L 3334, 3741, -330, 3336, 3735, -328, 102, 99, 0
L 3336, 3735, -328, 3339, 3717, -327, 102, 99, 0
L 3339, 3717, -327, 3340, 3711, -328, 102, 99, 0
L 3340, 3711, -328, 3340, 3674, -328, 102, 99, 0
L 1259, 2513, -4744, 1289, 2479, -471, 153, 153, 153
L 1289, 2479, -471, 1302, 2489, -472, 153, 153, 153
L 1302, 2489, -472, 1307, 2484, -471, 153, 153, 153
L 1307, 2484, -471, 1289, 2467, -469, 153, 153, 153
L 1289, 2467, -469, 1247, 2514, -474, 153, 153, 153
L 1247, 2514, -474, 1264, 2529, -475, 153, 153, 153
L 1264, 2529, -475, 1269, 2523, -475, 153, 153, 153
L 1269, 2523, -475, 1259, 2513, -474, 153, 153, 153
L 1324, 2509, -4740, 1315, 2521, -475, 153, 153, 153
L 1315, 2521, -475, 1319, 2526, -475, 153, 153, 153
L 1319, 2526, -475, 1335, 2510, -474, 153, 153, 153
L 1335, 2510, -474, 1319, 2493, -472, 153, 153, 153
L 1319, 2493, -472, 1313, 2499, -473, 153, 153, 153
L 1313, 2499, -473, 1324, 2509, -473, 153, 153, 153
L 1293, 2544, -4774, 1283, 2535, -476, 153, 153, 153
L 1283, 2535, -476, 1278, 2542, -477, 153, 153, 153
L 1278, 2542, -477, 1294, 2555, -478, 153, 153, 153
L 1294, 2555, -478, 1309, 2539, -476, 153, 153, 153
L 1309, 2539, -476, 1303, 2533, -476, 153, 153, 153
L 1303, 2533, -476, 1293, 2544, -477, 153, 153, 153
L 2110, 1735, 697, 2089, 1730, 71, 153, 153, 153
L 2089, 1730, 71, 2086, 1732, 71, 153, 153, 153
L 2086, 1732, 71, 2087, 1739, 71, 153, 153, 153
L 2087, 1739, 71, 2089, 1740, 70, 153, 153, 153
L 2089, 1740, 70, 2107, 1747, 69, 153, 153, 153
L 2107, 1747, 69, 2110, 1735, 69, 153, 153, 153
L 2168, 1759, 778, 2164, 1784, 80, 153, 153, 153
L 2164, 1784, 80, 2173, 1785, 79, 153, 153, 153
L 2173, 1785, 79, 2172, 1768, 78, 153, 153, 153
L 2172, 1768, 78, 2165, 1759, 78, 153, 153, 153
L 2191, 1798, 753, 2186, 1830, 75, 153, 153, 153
L 2186, 1830, 75, 2174, 1835, 71, 153, 153, 153
L 2174, 1835, 71, 2186, 1825, 75, 153, 153, 153
L 1096, 32, -1248, 1084, 33, -124, 153, 153, 153
L 1084, 33, -124, 1085, 40, -124, 153, 153, 153
L 1085, 40, -124, 1098, 41, -124, 153, 153, 153
L 1098, 41, -124, 1113, 28, -124, 153, 153, 153
L 1113, 28, -124, 1115, -2, -124, 153, 153, 153
L 1115, -2, -124, 1102, -17, -124, 153, 153, 153
L 1102, -17, -124, 1055, -20, -124, 153, 153, 153
L 1055, -20, -124, 1039, -5, -124, 153, 153, 153
L 1039, -5, -124, 1038, 24, -124, 153, 153, 153
L 1038, 24, -124, 1056, 40, -124, 153, 153, 153
L 1056, 40, -124, 1067, 40, -124, 153, 153, 153
L 1067, 40, -124, 1067, 31, -124, 153, 153, 153
L 1067, 31, -124, 1057, 31, -124, 153, 153, 153
L 1057, 31, -124, 1046, 21, -124, 153, 153, 153
L 1046, 21, -124, 1047, 0, -124, 153, 153, 153
L 1047, 0, -124, 1058, -11, -124, 153, 153, 153
L 1058, -11, -124, 1097, -10, -124, 153, 153, 153
L 1097, -10, -124, 1106, 0, -124, 153, 153, 153
L 1106, 0, -124, 1106, 23, -124, 153, 153, 153
L 1106, 23, -124, 1096, 32, -124, 153, 153, 153
L 853, 15, -1248, 851, -7, -124, 153, 153, 153
L 851, -7, -124, 860, -19, -124, 153, 153, 153
L 860, -19, -124, 900, -22, -124, 153, 153, 153
L 900, -22, -124, 910, -12, -124, 153, 153, 153
L 910, -12, -124, 912, 10, -124, 153, 153, 153
L 912, 10, -124, 904, 20, -124, 153, 153, 153
L 904, 20, -124, 890, 22, -124, 153, 153, 153
L 890, 22, -124, 892, 28, -124, 153, 153, 153
L 892, 28, -124, 907, 28, -124, 153, 153, 153
L 907, 28, -124, 920, 13, -124, 153, 153, 153
L 920, 13, -124, 918, -16, -124, 153, 153, 153
L 918, -16, -124, 903, -30, -124, 153, 153, 153
L 903, -30, -124, 856, -26, -124, 153, 153, 153
L 856, -26, -124, 842, -9, -124, 153, 153, 153
L 842, -9, -124, 846, 21, -124, 153, 153, 153
L 846, 21, -124, 862, 32, -124, 153, 153, 153
L 862, 32, -124, 876, 30, -124, 153, 153, 153
L 876, 30, -124, 875, 23, -124, 153, 153, 153
L 875, 23, -124, 864, 23, -124, 153, 153, 153
L 864, 23, -124, 853, 15, -124, 153, 153, 153
L 799, 173, -1259, 802, 180, -125, 153, 153, 153
L 802, 180, -125, 809, 176, -125, 153, 153, 153
L 809, 176, -125, 806, 171, -125, 153, 153, 153
L 806, 171, -125, 799, 174, -125, 153, 153, 153
L 813, 199, -1259, 899, 232, -125, 153, 153, 153
L 899, 232, -125, 944, 302, -126, 153, 153, 153
L 944, 302, -126, 940, 406, -125, 153, 153, 153
L 940, 406, -125, 895, 483, -125, 153, 153, 153
L 895, 483, -125, 892, 485, -125, 153, 153, 153
L 892, 485, -125, 892, 470, -125, 153, 153, 153
L 892, 470, -125, 848, 469, -125, 153, 153, 153
L 848, 469, -125, 847, 514, -125, 153, 153, 153
L 847, 514, -125, 892, 514, -126, 153, 153, 153
L 892, 514, -126, 892, 476, -125, 153, 153, 153
L 846, 512, -1259, 813, 527, -125, 102, 99, 0
L 813, 527, -125, 811, 199, -125, 102, 99, 0
L 879, 275, -1250, 881, 305, -125, 153, 153, 153
L 881, 305, -125, 906, 303, -125, 153, 153, 153
L 906, 303, -125, 903, 273, -125, 153, 153, 153
L 903, 273, -125, 878, 278, -125, 153, 153, 153
L 846, 238, -1250, 841, 231, -125, 153, 153, 153
L 841, 231, -125, 834, 235, -125, 153, 153, 153
L 834, 235, -125, 840, 243, -125, 153, 153, 153
L 840, 243, -125, 845, 238, -125, 153, 153, 153
L 775, 279, -1259, 776, 307, -125, 153, 153, 153
L 776, 307, -125, 749, 308, -122, 153, 153, 153
L 749, 308, -122, 749, 283, -122, 153, 153, 153
L 749, 283, -122, 775, 279, -125, 153, 153, 153
L 748, 424, -1229, 747, 400, -122, 153, 153, 153
L 747, 400, -122, 720, 402, -122, 153, 153, 153
L 720, 402, -122, 721, 424, -122, 153, 153, 153
L 721, 424, -122, 748, 424, -122, 153, 153, 153
L 850, 396, -1250, 852, 425, -125, 153, 153, 153
L 852, 425, -125, 877, 424, -125, 153, 153, 153
L 877, 424, -125, 876, 395, -125, 153, 153, 153
L 876, 395, -125, 850, 396, -125, 153, 153, 153
L 837, 458, -1250, 834, 466, -125, 153, 153, 153
L 834, 466, -125, 828, 463, -125, 153, 153, 153
L 828, 463, -125, 831, 456, -125, 153, 153, 153
L 831, 456, -125, 837, 457, -125, 153, 153, 153
L 806, 521, -1258, 804, 528, -125, 153, 153, 153
L 804, 528, -125, 811, 531, -125, 153, 153, 153
L 811, 531, -125, 814, 523, -125, 153, 153, 153
L 814, 523, -125, 807, 521, -125, 153, 153, 153
L 866, 521, -1259, 868, 531, -125, 153, 153, 153
L 868, 531, -125, 874, 523, -125, 153, 153, 153
L 874, 523, -125, 864, 522, -125, 153, 153, 153
L 839, 496, -1250, 840, 488, -125, 153, 153, 153
L 840, 488, -125, 829, 491, -125, 153, 153, 153
L 829, 491, -125, 839, 497, -125, 153, 153, 153
L 865, 461, -1250, 873, 463, -125, 153, 153, 153
L 873, 463, -125, 869, 452, -125, 153, 153, 153
L 869, 452, -125, 865, 460, -125, 153, 153, 153
L 901, 487, -1260, 901, 496, -126, 153, 153, 153
L 901, 496, -126, 908, 492, -125, 153, 153, 153
L 908, 492, -125, 900, 487, -126, 153, 153, 153
L 953, 423, -1260, 978, 422, -126, 153, 153, 153
L 978, 422, -126, 977, 392, -126, 153, 153, 153
L 977, 392, -126, 951, 394, -126, 153, 153, 153
L 951, 394, -126, 953, 422, -126, 153, 153, 153
L 974, 302, -1260, 1000, 300, -126, 153, 153, 153
L 1000, 300, -126, 999, 272, -126, 153, 153, 153
L 999, 272, -126, 972, 274, -126, 153, 153, 153
L 972, 274, -126, 975, 303, -126, 153, 153, 153
L 800, -47, -1253, 870, -48, -124, 153, 153, 153
L 870, -48, -124, 868, -68, -124, 153, 153, 153
L 868, -68, -124, 1267, -64, -124, 153, 153, 153
L 1267, -64, -124, 1268, 40, -126, 153, 153, 153
L 1268, 40, -126, 1199, 41, -125, 153, 153, 153
L 1199, 41, -125, 1152, 84, -126, 153, 153, 153
L 1152, 84, -126, 1049, 82, -126, 153, 153, 153
L 1049, 82, -126, 1008, 53, -124, 153, 153, 153
L 1008, 53, -124, 942, 56, -126, 153, 153, 153
L 942, 56, -126, 914, 82, -126, 153, 153, 153
L 914, 82, -126, 847, 81, -126, 153, 153, 153
L 847, 81, -126, 801, 31, -126, 153, 153, 153
L 801, 31, -126, 801, -48, -124, 153, 153, 153
L 959, 644, -1234, 965, 650, -123, 153, 153, 153
L 965, 650, -123, 961, 688, -123, 153, 153, 153
L 961, 688, -123, 953, 692, -123, 153, 153, 153
L 953, 692, -123, 833, 679, -123, 153, 153, 153
L 833, 679, -123, 827, 673, -123, 153, 153, 153
L 827, 673, -123, 832, 635, -123, 153, 153, 153
L 832, 635, -123, 840, 631, -123, 153, 153, 153
L 840, 631, -123, 887, 637, -123, 153, 153, 153
L 887, 637, -123, 889, 629, -123, 153, 153, 153
L 889, 629, -123, 837, 623, -123, 153, 153, 153
L 837, 623, -123, 826, 630, -123, 153, 153, 153
L 826, 630, -123, 820, 677, -123, 153, 153, 153
L 820, 677, -123, 829, 686, -123, 153, 153, 153
L 829, 686, -123, 954, 700, -123, 153, 153, 153
L 954, 700, -123, 968, 693, -123, 153, 153, 153
L 968, 693, -123, 973, 647, -123, 153, 153, 153
L 973, 647, -123, 962, 637, -123, 153, 153, 153
L 962, 637, -123, 908, 631, -123, 153, 153, 153
L 908, 631, -123, 908, 639, -123, 153, 153, 153
L 908, 639, -123, 959, 644, -123, 153, 153, 153
L 1127, 688, -1234, 1138, 698, -123, 153, 153, 153
L 1138, 698, -123, 1138, 720, -123, 153, 153, 153
L 1138, 720, -123, 1128, 731, -123, 153, 153, 153
L 1128, 731, -123, 1088, 732, -123, 153, 153, 153
L 1088, 732, -123, 1079, 721, -123, 153, 153, 153
L 1079, 721, -123, 1079, 698, -123, 153, 153, 153
L 1079, 698, -123, 1087, 689, -123, 153, 153, 153
L 1087, 689, -123, 1101, 687, -123, 153, 153, 153
L 1101, 687, -123, 1099, 680, -123, 153, 153, 153
L 1099, 680, -123, 1084, 681, -123, 153, 153, 153
L 1084, 681, -123, 1070, 695, -123, 153, 153, 153
L 1070, 695, -123, 1070, 724, -123, 153, 153, 153
L 1070, 724, -123, 1083, 739, -123, 153, 153, 153
L 1083, 739, -123, 1131, 740, -123, 153, 153, 153
L 1131, 740, -123, 1147, 724, -123, 153, 153, 153
L 1147, 724, -123, 1147, 695, -123, 153, 153, 153
L 1147, 695, -123, 1132, 681, -123, 153, 153, 153
L 1132, 681, -123, 1117, 680, -123, 153, 153, 153
L 1117, 680, -123, 1116, 687, -123, 153, 153, 153
L 1116, 687, -123, 1127, 688, -123, 153, 153, 153
L 1326, 690, -1234, 1372, 691, -123, 153, 153, 153
L 1372, 691, -123, 1389, 675, -123, 153, 153, 153
L 1389, 675, -123, 1389, 644, -123, 153, 153, 153
L 1389, 644, -123, 1373, 630, -123, 153, 153, 153
L 1373, 630, -123, 1359, 631, -123, 153, 153, 153
L 1359, 631, -123, 1360, 638, -123, 153, 153, 153
L 1360, 638, -123, 1371, 639, -123, 153, 153, 153
L 1371, 639, -123, 1381, 649, -123, 153, 153, 153
L 1381, 649, -123, 1381, 671, -123, 153, 153, 153
L 1381, 671, -123, 1370, 682, -123, 153, 153, 153
L 1370, 682, -123, 1330, 681, -123, 153, 153, 153
L 1330, 681, -123, 1321, 670, -123, 153, 153, 153
L 1321, 670, -123, 1322, 648, -123, 153, 153, 153
L 1322, 648, -123, 1331, 638, -123, 153, 153, 153
L 1331, 638, -123, 1344, 638, -123, 153, 153, 153
L 1344, 638, -123, 1344, 632, -123, 153, 153, 153
L 1344, 632, -123, 1328, 630, -123, 153, 153, 153
L 1328, 630, -123, 1314, 643, -123, 153, 153, 153
L 1314, 643, -123, 1313, 672, -123, 153, 153, 153
L 1313, 672, -123, 1327, 690, -123, 153, 153, 153
L 1419, 630, -1266, 1411, 757, -123, 153, 153, 153
L 1411, 757, -123, 789, 757, -123, 153, 153, 153
L 789, 757, -123, 786, 653, -124, 153, 153, 153
L 786, 653, -124, 876, 598, -125, 153, 153, 153
L 876, 598, -125, 938, 596, -126, 153, 153, 153
L 938, 596, -126, 967, 617, -123, 153, 153, 153
L 967, 617, -123, 1047, 622, -126, 153, 153, 153
L 1047, 622, -126, 1109, 592, -126, 153, 153, 153
L 1109, 592, -126, 1166, 593, -123, 153, 153, 153
L 1166, 593, -123, 1220, 609, -126, 153, 153, 153
L 1220, 609, -126, 1276, 609, -126, 153, 153, 153
L 1276, 609, -126, 1309, 583, -126, 153, 153, 153
L 1309, 583, -126, 1356, 582, -126, 153, 153, 153
L 1356, 582, -126, 1416, 630, -126, 153, 153, 153
L 1153, 516, -1261, 1046, 471, -126, 153, 153, 153
L 1046, 471, -126, 998, 354, -126, 153, 153, 153
L 998, 354, -126, 1045, 241, -126, 153, 153, 153
L 1045, 241, -126, 1159, 196, -124, 153, 153, 153
L 1159, 196, -124, 1277, 240, -126, 153, 153, 153
L 1277, 240, -126, 1321, 356, -126, 153, 153, 153
L 1321, 356, -126, 1274, 469, -126, 153, 153, 153
L 1274, 469, -126, 1159, 517, -126, 153, 153, 153
L -101, 3076, -5310, -131, 3053, -533, 153, 153, 153
L -131, 3053, -533, -135, 3022, -530, 153, 153, 153
L -135, 3022, -530, -136, 3016, -529, 153, 153, 153
L -136, 3016, -529, -113, 2986, -526, 153, 153, 153
L -113, 2986, -526, -95, 2983, -526, 153, 153, 153
L -95, 2983, -526, -96, 2975, -525, 153, 153, 153
L -96, 2975, -525, -116, 2978, -525, 153, 153, 153
L -116, 2978, -525, -145, 3014, -529, 153, 153, 153
L -145, 3014, -529, -135, 3061, -531, 153, 153, 153
L -135, 3061, -531, -101, 3085, -529, 153, 153, 153
L -101, 3085, -529, -82, 3081, -530, 153, 153, 153
L -82, 3081, -530, -82, 3075, -531, 153, 153, 153
L -82, 3075, -531, -101, 3076, -531, 153, 153, 153
L -29, 3001, -5282, -25, 3012, -529, 153, 153, 153
L -25, 3012, -529, -21, 3011, -529, 153, 153, 153
L -21, 3011, -529, -21, 2997, -527, 153, 153, 153
L -21, 2997, -527, -56, 2970, -525, 153, 153, 153
L -56, 2970, -525, -81, 2974, -525, 153, 153, 153
L -81, 2974, -525, -80, 2981, -526, 153, 153, 153
L -80, 2981, -526, -59, 2978, -526, 153, 153, 153
L -59, 2978, -526, -29, 3001, -528, 153, 153, 153
L -24, 3039, -5319, -46, 3069, -531, 153, 153, 153
L -46, 3069, -531, -67, 3074, -531, 153, 153, 153
L -67, 3074, -531, -66, 3079, -530, 153, 153, 153
L -66, 3079, -530, -40, 3075, -531, 153, 153, 153
L -40, 3075, -531, -15, 3040, -532, 153, 153, 153
L -15, 3040, -532, -18, 3026, -530, 153, 153, 153
L -18, 3026, -530, -24, 3028, -530, 153, 153, 153
L -24, 3028, -530, -24, 3039, -531, 153, 153, 153
L -24, 3039, -531, -46, 3069, -531, 153, 153, 153
L 22, 3071, -5330, 41, 3073, -533, 153, 153, 153
L 41, 3073, -533, 43, 3051, -533, 153, 153, 153
L 43, 3051, -533, 24, 3049, -532, 153, 153, 153
L 24, 3049, -532, 22, 3071, -533, 153, 153, 153
L 137, 3078, -5330, 138, 3098, -533, 153, 153, 153
L 138, 3098, -533, 158, 3098, -533, 153, 153, 153
L 158, 3098, -533, 158, 3077, -533, 153, 153, 153
L 158, 3077, -533, 137, 3078, -533, 153, 153, 153
L 182, 2949, -5185, 184, 2927, -517, 153, 153, 153
L 184, 2927, -517, 166, 2925, -515, 153, 153, 153
L 166, 2925, -515, 163, 2946, -518, 153, 153, 153
L 163, 2946, -518, 182, 2949, -518, 153, 153, 153
L 55, 2912, -5098, 37, 2911, -507, 153, 153, 153
L 37, 2911, -507, 34, 2931, -511, 153, 153, 153
L 34, 2931, -511, 53, 2934, -511, 153, 153, 153
L 53, 2934, -511, 55, 2913, -510, 153, 153, 153
L -1300, 2233, -4065, -1301, 2253, -406, 153, 153, 153
L -1301, 2253, -406, -1280, 2252, -404, 153, 153, 153
L -1280, 2252, -404, -1279, 2234, -404, 153, 153, 153
L -1279, 2234, -404, -1299, 2232, -406, 153, 153, 153
L -1274, 2195, -4060, -1264, 2178, -406, 153, 153, 153
L -1264, 2178, -406, -1284, 2167, -406, 153, 153, 153
L -1284, 2167, -406, -1292, 2185, -406, 153, 153, 153
L -1292, 2185, -406, -1273, 2195, -406, 153, 153, 153
L -1203, 2233, -4032, -1188, 2239, -402, 153, 153, 153
L -1188, 2239, -402, -1183, 2227, -404, 153, 153, 153
L -1183, 2227, -404, -1198, 2221, -405, 153, 153, 153
L -1198, 2221, -405, -1203, 2233, -403, 153, 153, 153
L -1222, 2266, -3997, -1223, 2280, -400, 153, 153, 153
L -1223, 2280, -400, -1206, 2279, -398, 153, 153, 153
L -1206, 2279, -398, -1206, 2267, -398, 153, 153, 153
L -1206, 2267, -398, -1223, 2266, -399, 153, 153, 153
L -1337, 2242, -4092, -1332, 2226, -409, 153, 153, 153
L -1332, 2226, -409, -1326, 2228, -409, 153, 153, 153
L -1326, 2228, -409, -1334, 2250, -409, 153, 153, 153
L -1334, 2250, -409, -1391, 2232, -409, 153, 153, 153
L -1391, 2232, -409, -1437, 2259, -411, 153, 153, 153
L -1437, 2259, -411, -1449, 2255, -411, 153, 153, 153
L -1449, 2255, -411, -1448, 2251, -411, 153, 153, 153
L -1448, 2251, -411, -1437, 2252, -410, 153, 153, 153
L -1437, 2252, -410, -1392, 2225, -409, 153, 153, 153
L -1392, 2225, -409, -1387, 2211, -409, 153, 153, 153
L -1387, 2211, -409, -1380, 2214, -409, 153, 153, 153
L -1380, 2214, -409, -1384, 2227, -409, 153, 153, 153
L -1384, 2227, -409, -1337, 2242, -409, 153, 153, 153
L -1322, 2192, -4084, -1326, 2208, -409, 153, 153, 153
L -1326, 2208, -409, -1321, 2210, -408, 153, 153, 153
L -1321, 2210, -408, -1315, 2190, -407, 153, 153, 153
L -1315, 2190, -407, -1373, 2171, -408, 153, 153, 153
L -1373, 2171, -408, -1395, 2122, -397, 153, 153, 153
L -1395, 2122, -397, -1436, 2110, -395, 153, 153, 153
L -1436, 2110, -395, -1444, 2114, -398, 153, 153, 153
L -1444, 2114, -398, -1442, 2120, -400, 153, 153, 153
L -1442, 2120, -400, -1435, 2116, -397, 153, 153, 153
L -1435, 2116, -397, -1399, 2127, -399, 153, 153, 153
L -1399, 2127, -399, -1377, 2176, -408, 153, 153, 153
L -1377, 2176, -408, -1381, 2194, -409, 153, 153, 153
L -1381, 2194, -409, -1374, 2194, -409, 153, 153, 153
L -1374, 2194, -409, -1369, 2178, -408, 153, 153, 153
L -1369, 2178, -408, -1322, 2192, -408, 153, 153, 153
L -1481, 2138, -4065, -1466, 2129, -405, 153, 153, 153
L -1466, 2129, -405, -1463, 2134, -405, 153, 153, 153
L -1463, 2134, -405, -1479, 2145, -407, 153, 153, 153
L -1479, 2145, -407, -1486, 2164, -408, 153, 153, 153
L -1486, 2164, -408, -1494, 2154, -408, 153, 153, 153
L -1494, 2154, -408, -1487, 2143, -407, 153, 153, 153
L -1487, 2143, -407, -1503, 2137, -403, 153, 153, 153
L -1503, 2137, -403, -1502, 2131, -405, 153, 153, 153
L -1502, 2131, -405, -1481, 2138, -406, 153, 153, 153
L -1535, 2129, -4043, -1521, 2132, -405, 153, 153, 153
L -1521, 2132, -405, -1522, 2126, -404, 153, 153, 153
L -1522, 2126, -404, -1539, 2121, -402, 153, 153, 153
L -1539, 2121, -402, -1546, 2143, -405, 153, 153, 153
L -1546, 2143, -405, -1541, 2145, -406, 153, 153, 153
L -1541, 2145, -406, -1535, 2129, -404, 153, 153, 153
L -1549, 2177, -4089, -1545, 2161, -407, 153, 153, 153
L -1545, 2161, -407, -1550, 2159, -407, 153, 153, 153
L -1550, 2159, -407, -1558, 2181, -408, 153, 153, 153
L -1558, 2181, -408, -1500, 2200, -410, 153, 153, 153
L -1500, 2200, -410, -1478, 2246, -413, 153, 153, 153
L -1478, 2246, -413, -1464, 2250, -412, 153, 153, 153
L -1464, 2250, -412, -1463, 2245, -411, 153, 153, 153
L -1463, 2245, -411, -1472, 2241, -412, 153, 153, 153
L -1472, 2241, -412, -1494, 2195, -409, 153, 153, 153
L -1494, 2195, -409, -1492, 2175, -408, 153, 153, 153
L -1492, 2175, -408, -1496, 2176, -408, 153, 153, 153
L -1496, 2176, -408, -1502, 2191, -409, 153, 153, 153
L -1502, 2191, -409, -1549, 2177, -408, 153, 153, 153
L -2165, 1866, -3814, -2165, 1879, -383, 153, 153, 153
L -2165, 1879, -383, -2151, 1879, -384, 153, 153, 153
L -2151, 1879, -384, -2153, 1866, -382, 153, 153, 153
L -2153, 1866, -382, -2164, 1866, -381, 153, 153, 153
L -2174, 1913, -3877, -2174, 1927, -389, 153, 153, 153
L -2174, 1927, -389, -2163, 1928, -390, 153, 153, 153
L -2163, 1928, -390, -2162, 1914, -388, 153, 153, 153
L -2162, 1914, -388, -2175, 1914, -387, 153, 153, 153
L -2137, 1915, -3915, -2137, 1927, -393, 153, 153, 153
L -2137, 1927, -393, -2126, 1929, -394, 153, 153, 153
L -2126, 1929, -394, -2124, 1915, -391, 153, 153, 153
L -2124, 1915, -391, -2136, 1914, -391, 153, 153, 153
L -2124, 1880, -3863, -2111, 1880, -380, 153, 153, 153
L -2111, 1880, -380, -2112, 1866, -378, 153, 153, 153
L -2112, 1866, -378, -2124, 1866, -384, 153, 153, 153
L -2124, 1866, -384, -2124, 1880, -386, 153, 153, 153
L -2109, 1882, -3834, -2081, 1883, -379, 102, 99, 0
L -2081, 1883, -379, -2064, 1883, -376, 102, 99, 0
L -2064, 1883, -376, -1981, 1890, -376, 102, 99, 0
L -1981, 1890, -376, -1949, 1898, -376, 102, 99, 0
L -1949, 1898, -376, -1924, 1846, -376, 102, 99, 0
L -1924, 1846, -376, -1920, 1785, -376, 102, 99, 0
L -1920, 1785, -376, -1929, 1711, -376, 102, 99, 0
L -1929, 1711, -376, -1963, 1666, -376, 102, 99, 0
L -1963, 1666, -376, -1985, 1630, -376, 102, 99, 0
L -1985, 1630, -376, -2058, 1575, -376, 102, 99, 0
L -2058, 1575, -376, -2034, 1523, -376, 102, 99, 0
L -2034, 1523, -376, -1959, 1531, -376, 102, 99, 0
L -1959, 1531, -376, -1929, 1603, -376, 102, 99, 0
L -1929, 1603, -376, -1943, 1664, -376, 102, 99, 0
L -1943, 1664, -376, -1916, 1707, -376, 102, 99, 0
L -1916, 1707, -376, -1903, 1780, -376, 102, 99, 0
L -1903, 1780, -376, -1908, 1851, -376, 102, 99, 0
L -1908, 1851, -376, -1935, 1905, -376, 102, 99, 0
L -1935, 1905, -376, -1930, 1951, -376, 102, 99, 0
L -1930, 1951, -376, -1893, 1968, -390, 102, 99, 0
L -1893, 1968, -390, -1801, 1967, -390, 102, 99, 0
L -1801, 1967, -390, -1788, 1914, -376, 102, 99, 0
L -1788, 1914, -376, -1809, 1871, -376, 102, 99, 0
L -1809, 1871, -376, -1806, 1816, -376, 102, 99, 0
L -1806, 1816, -376, -1756, 1766, -376, 102, 99, 0
L -1756, 1766, -376, -1693, 1775, -376, 102, 99, 0
L -1693, 1775, -376, -1664, 1882, -376, 102, 99, 0
L -1664, 1882, -376, -1721, 1917, -376, 102, 99, 0
L -1721, 1917, -376, -1778, 1923, -376, 102, 99, 0
L -1778, 1923, -376, -1790, 1973, -390, 102, 99, 0
L -1790, 1973, -390, -1730, 2020, -416, 102, 99, 0
L -1730, 2020, -416, -1705, 2058, -433, 102, 99, 0
L -1705, 2058, -433, -1661, 2076, -434, 102, 99, 0
L -1661, 2076, -434, -1646, 2088, -434, 102, 99, 0
L -1646, 2088, -434, -1624, 2120, -434, 102, 99, 0
L -1624, 2120, -434, -1627, 2163, -434, 102, 99, 0
L -1627, 2163, -434, -1654, 2202, -434, 102, 99, 0
L -1654, 2202, -434, -1700, 2216, -434, 102, 99, 0
L -1700, 2216, -434, -1733, 2201, -434, 102, 99, 0
L -1733, 2201, -434, -1749, 2136, -434, 102, 99, 0
L -1749, 2136, -434, -1725, 2093, -434, 102, 99, 0
L -1725, 2093, -434, -1739, 2029, -416, 102, 99, 0
L -1739, 2029, -416, -1794, 1993, -391, 102, 99, 0
L -1794, 1993, -391, -1845, 1976, -390, 102, 99, 0
L -1845, 1976, -390, -1887, 1982, -390, 102, 99, 0
L -1887, 1982, -390, -1938, 1972, -376, 102, 99, 0
L -1938, 1972, -376, -1953, 1934, -376, 102, 99, 0
L -1953, 1934, -376, -1980, 1911, -376, 102, 99, 0
L -1980, 1911, -376, -2088, 1910, -379, 102, 99, 0
L -2088, 1910, -379, -2113, 1909, -384, 102, 99, 0
L -1431, 285, 2965, -1438, 301, 293, 153, 153, 153
L -1438, 301, 293, -1421, 310, 289, 153, 153, 153
L -1421, 310, 289, -1414, 291, 293, 153, 153, 153
L -1414, 291, 293, -1432, 285, 296, 153, 153, 153
L -1401, 324, 2863, -1370, 335, 279, 153, 153, 153
L -1370, 335, 279, -1359, 308, 279, 153, 153, 153
L -1359, 308, 279, -1373, 301, 283, 153, 153, 153
L -1373, 301, 283, -1366, 285, 283, 153, 153, 153
L -1366, 285, 283, -1352, 290, 279, 153, 153, 153
L -1352, 290, 279, -1343, 266, 289, 153, 153, 153
L -1343, 266, 289, -1371, 256, 290, 153, 153, 153
L -1371, 256, 290, -1381, 277, 287, 153, 153, 153
L -1381, 277, 287, -1404, 267, 293, 153, 153, 153
L -1404, 267, 293, -1415, 288, 293, 153, 153, 153
L -1415, 288, 293, -1390, 299, 287, 153, 153, 153
L -1390, 299, 287, -1401, 323, 286, 153, 153, 153
L -1418, 255, 2963, -1402, 262, 293, 153, 153, 153
L -1402, 262, 293, -1395, 244, 292, 153, 153, 153
L -1395, 244, 292, -1412, 238, 293, 153, 153, 153
L -1412, 238, 293, -1418, 255, 296, 153, 153, 153
L -2865, -3339, 3454, -2865, -3444, 345, 102, 99, 0
L 1682, -2040, 1557, 1639, -2056, 159, 153, 153, 153
L 1639, -2056, 159, 1622, -2013, 154, 153, 153, 153
L 1622, -2013, 154, 1637, -2006, 152, 153, 153, 153
L 1637, -2006, 152, 1633, -2000, 151, 153, 153, 153
L 1633, -2000, 151, 1612, -2010, 154, 153, 153, 153
L 1612, -2010, 154, 1633, -2066, 161, 153, 153, 153
L 1633, -2066, 161, 1692, -2045, 156, 153, 153, 153
L 1692, -2045, 156, 1685, -2023, 153, 153, 153, 153
L 1685, -2023, 153, 1677, -2027, 153, 153, 153, 153
L 1677, -2027, 153, 1682, -2040, 155, 153, 153, 153
L 1665, -1997, 1498, 1652, -2001, 150, 153, 153, 153
L 1652, -2001, 150, 1649, -1994, 149, 153, 153, 153
L 1649, -1994, 149, 1672, -1987, 147, 153, 153, 153
L 1672, -1987, 147, 1678, -2007, 150, 153, 153, 153
L 1678, -2007, 150, 1670, -2008, 151, 153, 153, 153
L 1670, -2008, 151, 1665, -1997, 149, 153, 153, 153
L 2764, -785, 187, 2705, -785, 4, 102, 99, 0
L 2705, -785, 4, 2630, -774, -9, 102, 99, 0
L 2630, -774, -9, 2554, -740, -22, 102, 99, 0
L 2554, -740, -22, 2473, -669, -46, 102, 99, 0
L 2473, -669, -46, 2356, -654, -59, 102, 99, 0
L 2356, -654, -59, 2262, -576, -69, 102, 99, 0
L 2262, -576, -69, 2188, -474, -75, 102, 99, 0
L 2188, -474, -75, 2142, -384, -79, 102, 99, 0
L 2142, -384, -79, 2052, -377, -79, 102, 99, 0
L 2052, -377, -79, 2015, -450, -79, 102, 99, 0
L 2015, -450, -79, 2074, -537, -79, 102, 99, 0
L 2074, -537, -79, 2139, -528, -79, 102, 99, 0
L 2139, -528, -79, 2183, -549, -75, 102, 99, 0
L 2183, -549, -75, 2330, -669, -59, 102, 99, 0
L 2330, -669, -59, 2465, -702, -46, 102, 99, 0
L 2465, -702, -46, 2501, -766, -34, 102, 99, 0
L 2501, -766, -34, 2505, -821, -33, 102, 99, 0
L 2505, -821, -33, 2428, -875, -34, 102, 99, 0
L 2428, -875, -34, 2344, -895, -34, 102, 99, 0
L 2344, -895, -34, 2318, -879, -34, 102, 99, 0
L 2318, -879, -34, 2239, -810, -34, 102, 99, 0
L 2239, -810, -34, 2174, -854, -34, 102, 99, 0
L 2174, -854, -34, 2160, -896, -34, 102, 99, 0
L 2160, -896, -34, 2215, -972, -34, 102, 99, 0
L 2215, -972, -34, 2292, -976, -34, 102, 99, 0
L 2292, -976, -34, 2356, -936, -34, 102, 99, 0
L 2356, -936, -34, 2427, -915, -34, 102, 99, 0
L 2427, -915, -34, 2497, -876, -34, 102, 99, 0
L 2497, -876, -34, 2545, -834, -23, 102, 99, 0
L 2545, -834, -23, 2601, -813, -12, 102, 99, 0
L 2601, -813, -12, 2759, -814, 19, 102, 99, 0
L 2791, -814, 68, 2792, -827, 4, 153, 153, 153
L 2792, -827, 4, 2780, -829, 7, 153, 153, 153
L 2780, -829, 7, 2778, -816, 10, 153, 153, 153
L 2778, -816, 10, 2792, -816, 6, 153, 153, 153
L 2816, -814, 7, 2828, -812, -1, 153, 153, 153
L 2828, -812, -1, 2829, -826, -3, 153, 153, 153
L 2829, -826, -3, 2818, -827, 0, 153, 153, 153
L 2818, -827, 0, 2816, -815, 0, 153, 153, 153
L 2806, -780, 91, 2804, -768, 12, 153, 153, 153
L 2804, -768, 12, 2817, -765, 8, 153, 153, 153
L 2817, -765, 8, 2816, -780, 6, 153, 153, 153
L 2816, -780, 6, 2805, -780, 9, 153, 153, 153
L 2777, -781, 176, 2764, -778, 25, 153, 153, 153
L 2764, -778, 25, 2764, -767, 26, 153, 153, 153
L 2764, -767, 26, 2776, -767, 20, 153, 153, 153
L 2776, -767, 20, 2777, -781, 17, 153, 153, 153
P 3332, 3638, 0, 255, 255, 0, 2, Dreadlands
P 3675, 606, 0, 255, 255, 0, 2, Lake_of_Ill_Omen
P -1550, -5000, 0, 255, 255, 0, 2, The_Overthere
P -4300, 2300, 0, 255, 255, 0, 2, Burning_Wood
P 500, 2950, 0, 255, 255, 0, 2, Mines_of_Nurga
P -3050, -3400, 0, 255, 255, 0, 2, Temple_of_Droga
P 4262, 633, 0, 255, 255, 255, 2, Succor_Point
