L 1595.1285, 0, 0, -2691.0000, 0, 0, 140, 140, 140
L  0,2846.0000, 0, 0, -2523.0000, 0, 140, 140, 140
L 500, 2846.0000, 0, 500, -2523.0000, 0, 220, 220, 220
L 1000, 2846.0000, 0, 1000, -2523.0000, 0, 220, 220, 220
L 1500, 2846.0000, 0, 1500, -2523.0000, 0, 220, 220, 220
L -500, 2846.0000, 0, -500, -2523.0000, 0, 220, 220, 220
L -1000, 2846.0000, 0, -1000, -2523.0000, 0, 220, 220, 220
L -1500, 2846.0000, 0, -1500, -2523.0000, 0, 220, 220, 220
L -2000, 2846.0000, 0, -2000, -2523.0000, 0, 220, 220, 220
L -2500, 2846.0000, 0, -2500, -2523.0000, 0, 220, 220, 220
L 1595.1285, 500, 0, -2691.0000, 500, 0, 220, 220, 220
L 1595.1285, 1000, 0, -2691.0000, 1000, 0, 220, 220, 220
L 1595.1285, 1500, 0, -2691.0000, 1500, 0, 220, 220, 220
L 1595.1285, 2000, 0, -2691.0000, 2000, 0, 220, 220, 220
L 1595.1285, 2500, 0, -2691.0000, 2500, 0, 220, 220, 220
L 1595.1285, -500, 0, -2691.0000, -500, 0, 220, 220, 220
L 1595.1285, -1000, 0, -2691.0000, -1000, 0, 220, 220, 220
L 1595.1285, -1500, 0, -2691.0000, -1500, 0, 220, 220, 220
L 1595.1285, -2000, 0, -2691.0000, -2000, 0, 220, 220, 220
L 1595.1285, -2500, 0, -2691.0000, -2500, 0, 220, 220, 220
P 1605.1285, 5, 0, 0, 0, 0, 3, 0
P 5,2856, 0, 0, 0, 0, 3, 0
P 505,2856, 0, 0, 0, 0, 3, 500
P 1005,2856, 0, 0, 0, 0, 3, 1000
P 1505,2856, 0, 0, 0, 0, 3, 1500
P -495,2856, 0, 0, 0, 0, 3, -500
P -995,2856, 0, 0, 0, 0, 3, -1000
P -1495,2856, 0, 0, 0, 0, 3, -1500
P -1995,2856, 0, 0, 0, 0, 3, -2000
P -2495,2856, 0, 0, 0, 0, 3, -2500
P 1605.1285, 505, 0, 0, 0, 0, 3, 500
P 1605.1285, 1005, 0, 0, 0, 0, 3, 1000
P 1605.1285, 1505, 0, 0, 0, 0, 3, 1500
P 1605.1285, 2005, 0, 0, 0, 0, 3, 2000
P 1605.1285, 2505, 0, 0, 0, 0, 3, 2500
P 1605.1285, -495, 0, 0, 0, 0, 3, -500
P 1605.1285, -995, 0, 0, 0, 0, 3, -1000
P 1605.1285, -1495, 0, 0, 0, 0, 3, -1500
P 1605.1285, -1995, 0, 0, 0, 0, 3, -2000
P 1605.1285, -2495, 0, 0, 0, 0, 3, -2500
