L 260, 414, 0, 259, 421, 0, 153, 153, 153
L 259, 421, 0, 212, 420, 0, 153, 153, 153
L 212, 420, 0, 212, 449, 0, 153, 153, 153
L 212, 449, 0, 208, 457, 0, 153, 153, 153
L 208, 457, 0, 193, 457, 0, 153, 153, 153
L 193, 457, 0, 193, 458, 0, 153, 153, 153
L 193, 458, 0, 189, 459, 0, 153, 153, 153
L 189, 459, 0, 176, 456, 0, 153, 153, 153
L 176, 456, 0, 157, 443, 0, 153, 153, 153
L 157, 443, 0, 141, 452, 0, 153, 153, 153
L 141, 452, 0, 133, 452, 0, 153, 153, 153
L 133, 452, 0, 128, 464, 0, 153, 153, 153
L 128, 464, 0, 133, 473, 0, 153, 153, 153
L 133, 473, 0, 125, 496, 0, 153, 153, 153
L 125, 496, 0, 140, 509, 0, 153, 153, 153
L 140, 509, 0, 143, 520, 0, 153, 153, 153
L 143, 520, 0, 141, 533, 0, 153, 153, 153
L 141, 533, 0, 143, 544, 0, 153, 153, 153
L 143, 544, 0, 132, 545, 0, 153, 153, 153
L 132, 545, 0, 124, 551, 0, 153, 153, 153
L 124, 551, 0, 113, 543, 0, 153, 153, 153
L 113, 543, 0, 108, 542, 0, 153, 153, 153
L 108, 542, 0, 96, 554, 0, 153, 153, 153
L 96, 554, 0, 99, 556, 0, 153, 153, 153
L 99, 556, 0, 106, 573, 0, 153, 153, 153
L 106, 573, 0, 124, 572, 0, 153, 153, 153
L 124, 572, 0, 126, 578, 0, 153, 153, 153
L 126, 578, 0, 128, 593, 0, 153, 153, 153
L 128, 593, 0, 127, 594, 0, 153, 153, 153
L 127, 594, 0, 129, 605, 0, 153, 153, 153
L 129, 605, 0, 141, 604, 0, 153, 153, 153
L 141, 604, 0, 155, 606, 0, 153, 153, 153
L 155, 606, 0, 170, 616, 0, 153, 153, 153
L 170, 616, 0, 181, 616, 0, 153, 153, 153
L 181, 616, 0, 188, 623, 0, 153, 153, 153
L 188, 623, 0, 211, 624, 0, 153, 153, 153
L 211, 624, 0, 228, 627, 0, 153, 153, 153
L 228, 627, 0, 235, 631, 0, 153, 153, 153
L 235, 631, 0, 249, 631, 0, 153, 153, 153
L 249, 631, 0, 260, 640, 0, 153, 153, 153
L 260, 640, 0, 238, 642, 0, 153, 153, 153
L 240, 652, 0, 262, 652, 0, 153, 153, 153
L 262, 652, 0, 274, 648, 0, 153, 153, 153
L 274, 648, 0, 272, 639, 0, 153, 153, 153
L 272, 639, 0, 271, 639, 0, 153, 153, 153
L 271, 639, 0, 263, 627, 0, 153, 153, 153
L 263, 627, 0, 260, 627, 0, 153, 153, 153
L 260, 627, 0, 266, 617, 0, 153, 153, 153
L 266, 617, 0, 272, 600, 0, 153, 153, 153
L 272, 600, 0, 261, 595, 0, 153, 153, 153
L 261, 595, 0, 259, 595, 0, 153, 153, 153
L 259, 595, 0, 248, 591, 0, 153, 153, 153
L 248, 591, 0, 245, 591, 0, 153, 153, 153
L 245, 591, 0, 231, 567, 0, 153, 153, 153
L 256, 534, 0, 263, 526, 0, 153, 153, 153
L 263, 526, 0, 268, 514, 0, 153, 153, 153
L 268, 514, 0, 287, 513, 0, 153, 153, 153
L 287, 513, 0, 306, 517, 0, 153, 153, 153
L 306, 517, 0, 336, 518, 0, 153, 153, 153
L 336, 518, 0, 337, 508, 0, 153, 153, 153
L 337, 508, 0, 348, 496, 0, 153, 153, 153
L 348, 496, 0, 353, 485, 0, 153, 153, 153
L 353, 485, 0, 363, 484, 0, 153, 153, 153
L 363, 484, 0, 376, 473, 0, 153, 153, 153
L 376, 473, 0, 386, 468, 0, 153, 153, 153
L 386, 468, 0, 397, 463, 0, 153, 153, 153
L 397, 463, 0, 411, 420, 0, 153, 153, 153
L 411, 420, 0, 420, 408, 0, 153, 153, 153
L 420, 408, 0, 434, 405, 0, 153, 153, 153
L 434, 405, 0, 443, 397, 0, 153, 153, 153
L 443, 397, 0, 447, 384, 0, 153, 153, 153
L 447, 384, 0, 453, 369, 0, 153, 153, 153
L 453, 369, 0, 456, 367, 0, 153, 153, 153
L 456, 367, 0, 460, 357, 0, 153, 153, 153
L 460, 357, 0, 460, 346, 0, 153, 153, 153
L 460, 346, 0, 456, 342, 0, 153, 153, 153
L 456, 342, 0, 442, 342, 0, 153, 153, 153
L 442, 342, 0, 429, 334, 0, 153, 153, 153
L 429, 334, 0, 425, 333, 0, 153, 153, 153
L 425, 333, 0, 427, 328, 0, 153, 153, 153
L 427, 328, 0, 441, 337, 0, 153, 153, 153
L 441, 337, 0, 456, 337, 0, 153, 153, 153
L 456, 337, 0, 465, 321, 0, 153, 153, 153
L 465, 321, 0, 453, 309, 0, 153, 153, 153
L 453, 309, 0, 457, 300, 0, 153, 153, 153
L 457, 300, 0, 453, 294, 0, 153, 153, 153
L 453, 294, 0, 445, 294, 0, 153, 153, 153
L 445, 294, 0, 436, 286, 0, 153, 153, 153
L 436, 286, 0, 412, 283, 0, 153, 153, 153
L 412, 283, 0, 396, 289, 0, 153, 153, 153
L 396, 289, 0, 381, 286, 0, 153, 153, 153
L 381, 286, 0, 388, 275, 0, 153, 153, 153
L 388, 275, 0, 377, 263, 0, 153, 153, 153
L 377, 263, 0, 378, 238, 0, 153, 153, 153
L 378, 238, 0, 375, 238, 0, 153, 153, 153
L 375, 238, 0, 373, 186, 0, 153, 153, 153
L 373, 186, 0, 380, 178, 0, 153, 153, 153
L 380, 178, 0, 398, 182, 0, 153, 153, 153
L 398, 182, 0, 396, 190, 0, 153, 153, 153
L 396, 190, 0, 401, 198, 0, 153, 153, 153
L 401, 198, 0, 391, 213, 0, 153, 153, 153
L 391, 213, 0, 395, 227, 0, 153, 153, 153
L 395, 227, 0, 391, 239, 0, 153, 153, 153
L 391, 239, 0, 397, 255, 0, 153, 153, 153
L 397, 255, 0, 421, 263, 0, 153, 153, 153
L 421, 263, 0, 427, 260, 0, 153, 153, 153
L 427, 260, 0, 437, 263, 0, 153, 153, 153
L 437, 263, 0, 438, 274, 0, 153, 153, 153
L 438, 274, 0, 457, 283, 0, 153, 153, 153
L 457, 283, 0, 474, 280, 0, 153, 153, 153
L 474, 280, 0, 491, 271, 0, 153, 153, 153
L 491, 271, 0, 491, 242, 0, 153, 153, 153
L 491, 242, 0, 487, 235, 0, 153, 153, 153
L 487, 235, 0, 474, 235, 0, 153, 153, 153
L 474, 235, 0, 469, 228, 0, 153, 153, 153
L 469, 228, 0, 474, 220, 0, 153, 153, 153
L 474, 220, 0, 493, 222, 0, 153, 153, 153
L 493, 222, 0, 504, 220, 0, 153, 153, 153
L 504, 220, 0, 516, 235, 0, 153, 153, 153
L 516, 235, 0, 511, 254, 0, 153, 153, 153
L 511, 254, 0, 526, 254, 0, 153, 153, 153
L 526, 254, 0, 529, 258, 0, 153, 153, 153
L 529, 258, 0, 521, 259, 0, 153, 153, 153
L 521, 259, 0, 503, 268, 0, 153, 153, 153
L 513, 273, 0, 534, 267, 0, 153, 153, 153
L 534, 267, 0, 544, 258, 0, 153, 153, 153
L 544, 258, 0, 537, 246, 0, 153, 153, 153
L 537, 246, 0, 526, 245, 0, 153, 153, 153
L 526, 245, 0, 543, 223, 0, 153, 153, 153
L 543, 223, 0, 537, 208, 0, 153, 153, 153
L 537, 208, 0, 519, 185, 0, 153, 153, 153
L 519, 185, 0, 512, 185, 0, 153, 153, 153
L 512, 185, 0, 496, 160, 0, 153, 153, 153
L 496, 160, 0, 484, 153, 0, 153, 153, 153
L 484, 153, 0, 479, 153, 0, 153, 153, 153
L 479, 153, 0, 459, 166, 0, 153, 153, 153
L 459, 166, 0, 451, 169, 0, 153, 153, 153
L 451, 169, 0, 444, 169, 0, 153, 153, 153
L 444, 169, 0, 442, 137, 0, 153, 153, 153
L 442, 137, 0, 455, 122, 0, 153, 153, 153
L 455, 122, 0, 467, 117, 0, 153, 153, 153
L 467, 117, 0, 479, 118, 0, 153, 153, 153
L 479, 118, 0, 483, 121, 0, 153, 153, 153
L 483, 121, 0, 486, 146, 0, 153, 153, 153
L 486, 146, 0, 514, 154, 0, 153, 153, 153
L 514, 154, 0, 518, 152, 0, 153, 153, 153
L 518, 152, 0, 541, 148, 0, 153, 153, 153
L 541, 148, 0, 550, 140, 0, 153, 153, 153
L 550, 140, 0, 594, 153, 0, 153, 153, 153
L 594, 153, 0, 595, 158, 0, 153, 153, 153
L 595, 158, 0, 572, 159, 0, 153, 153, 153
L 572, 170, 0, 599, 170, 0, 153, 153, 153
L 599, 170, 0, 614, 165, 0, 153, 153, 153
L 614, 165, 0, 614, 155, 0, 153, 153, 153
L 614, 155, 0, 607, 147, 0, 153, 153, 153
L 607, 147, 0, 564, 129, 0, 153, 153, 153
L 564, 129, 0, 551, 128, 0, 153, 153, 153
L 551, 128, 0, 541, 114, 0, 153, 153, 153
L 541, 114, 0, 528, 105, 0, 153, 153, 153
L 528, 105, 0, 535, 88, 0, 153, 153, 153
L 535, 88, 0, 490, 73, 0, 153, 153, 153
L 490, 73, 0, 473, 98, 0, 153, 153, 153
L 473, 98, 0, 454, 92, 0, 153, 153, 153
L 454, 92, 0, 440, 91, 0, 153, 153, 153
L 440, 91, 0, 430, 99, 0, 153, 153, 153
L 430, 99, 0, 421, 100, 0, 153, 153, 153
L 421, 100, 0, 415, 107, 0, 153, 153, 153
L 415, 107, 0, 409, 131, 0, 153, 153, 153
L 409, 131, 0, 386, 127, 0, 153, 153, 153
L 386, 127, 0, 374, 117, 0, 153, 153, 153
L 374, 117, 0, 363, 118, 0, 153, 153, 153
L 363, 118, 0, 355, 141, 0, 153, 153, 153
L 355, 141, 0, 361, 150, 0, 153, 153, 153
L 361, 150, 0, 355, 170, 0, 153, 153, 153
L 355, 170, 0, 362, 185, 0, 153, 153, 153
L 362, 185, 0, 355, 209, 0, 153, 153, 153
L 355, 209, 0, 361, 229, 0, 153, 153, 153
L 361, 229, 0, 362, 242, 0, 153, 153, 153
L 362, 242, 0, 369, 249, 0, 153, 153, 153
L 369, 249, 0, 370, 260, 0, 153, 153, 153
L 370, 260, 0, 356, 262, 0, 153, 153, 153
L 356, 262, 0, 340, 285, 0, 153, 153, 153
L 340, 285, 0, 354, 308, 0, 153, 153, 153
L 354, 308, 0, 392, 299, 0, 153, 153, 153
L 392, 299, 0, 432, 296, 0, 153, 153, 153
L 432, 296, 0, 440, 301, 0, 153, 153, 153
L 440, 301, 0, 443, 307, 0, 153, 153, 153
L 443, 307, 0, 428, 316, 0, 153, 153, 153
L 428, 316, 0, 408, 314, 0, 153, 153, 153
L 408, 314, 0, 409, 328, 0, 153, 153, 153
L 409, 328, 0, 405, 330, 0, 153, 153, 153
L 405, 330, 0, 404, 335, 0, 153, 153, 153
L 404, 335, 0, 419, 339, 0, 153, 153, 153
L 419, 339, 0, 410, 345, 0, 153, 153, 153
L 410, 345, 0, 386, 340, 0, 153, 153, 153
L 386, 340, 0, 380, 343, 0, 153, 153, 153
L 380, 343, 0, 355, 346, 0, 153, 153, 153
L 355, 346, 0, 324, 357, 0, 153, 153, 153
L 324, 357, 0, 321, 367, 0, 153, 153, 153
L 321, 367, 0, 319, 394, 0, 153, 153, 153
L 319, 394, 0, 317, 404, 0, 153, 153, 153
L 317, 404, 0, 326, 411, 0, 153, 153, 153
L 326, 411, 0, 337, 407, 0, 153, 153, 153
L 337, 407, 0, 360, 402, 0, 153, 153, 153
L 360, 402, 0, 367, 405, 0, 153, 153, 153
L 367, 405, 0, 362, 421, 0, 153, 153, 153
L 362, 421, 0, 373, 450, 0, 153, 153, 153
L 373, 450, 0, 369, 469, 0, 153, 153, 153
L 369, 469, 0, 389, 482, 0, 153, 153, 153
L 389, 482, 0, 404, 463, 0, 153, 153, 153
L 404, 463, 0, 402, 456, 0, 153, 153, 153
L 402, 456, 0, 420, 371, 0, 153, 153, 153
L 420, 371, 0, 412, 358, 0, 153, 153, 153
L 409, 368, 0, 407, 391, 0, 153, 153, 153
L 407, 391, 0, 397, 426, 0, 153, 153, 153
L 397, 426, 0, 389, 456, 0, 153, 153, 153
L 389, 456, 0, 384, 453, 0, 153, 153, 153
L 384, 453, 0, 378, 439, 0, 153, 153, 153
L 378, 439, 0, 378, 397, 0, 153, 153, 153
L 378, 397, 0, 371, 391, 0, 153, 153, 153
L 371, 391, 0, 363, 394, 0, 153, 153, 153
L 363, 394, 0, 345, 395, 0, 153, 153, 153
L 345, 395, 0, 333, 400, 0, 153, 153, 153
L 333, 400, 0, 330, 394, 0, 153, 153, 153
L 330, 394, 0, 328, 368, 0, 153, 153, 153
L 328, 368, 0, 344, 360, 0, 153, 153, 153
L 344, 360, 0, 363, 356, 0, 153, 153, 153
L 363, 356, 0, 381, 355, 0, 153, 153, 153
L 381, 355, 0, 395, 357, 0, 153, 153, 153
L 395, 357, 0, 408, 355, 0, 153, 153, 153
L 408, 355, 0, 422, 364, 0, 153, 153, 153
L 422, 364, 0, 441, 367, 0, 153, 153, 153
L 441, 367, 0, 435, 395, 0, 153, 153, 153
L 435, 395, 0, 415, 397, 0, 153, 153, 153
L 415, 397, 0, 401, 420, 0, 153, 153, 153
L 401, 420, 0, 394, 448, 0, 153, 153, 153
L 394, 448, 0, 383, 458, 0, 153, 153, 153
L 383, 458, 0, 366, 469, 0, 153, 153, 153
L 366, 469, 0, 362, 477, 0, 153, 153, 153
L 362, 477, 0, 355, 477, 0, 153, 153, 153
L 355, 477, 0, 355, 454, 0, 153, 153, 153
L 355, 454, 0, 349, 449, 0, 153, 153, 153
L 349, 449, 0, 339, 449, 0, 153, 153, 153
L 339, 449, 0, 316, 448, 0, 153, 153, 153
L 316, 448, 0, 307, 455, 0, 153, 153, 153
L 307, 455, 0, 302, 467, 0, 153, 153, 153
L 302, 467, 0, 291, 459, 0, 153, 153, 153
L 291, 459, 0, 273, 466, 0, 153, 153, 153
L 273, 466, 0, 251, 462, 0, 153, 153, 153
L 251, 462, 0, 243, 454, 0, 153, 153, 153
L 243, 454, 0, 227, 456, 0, 153, 153, 153
L 227, 456, 0, 220, 450, 0, 153, 153, 153
L 220, 450, 0, 220, 428, 0, 153, 153, 153
L 220, 428, 0, 267, 427, 0, 153, 153, 153
L 267, 427, 0, 267, 418, 0, 153, 153, 153
L 220, 487, 0, 213, 495, 0, 153, 153, 153
L 213, 495, 0, 209, 503, 0, 153, 153, 153
L 209, 503, 0, 232, 506, 0, 153, 153, 153
L 232, 506, 0, 217, 550, 0, 153, 153, 153
L 217, 550, 0, 196, 550, 0, 153, 153, 153
L 196, 550, 0, 191, 557, 0, 153, 153, 153
L 191, 557, 0, 210, 594, 0, 153, 153, 153
L 210, 594, 0, 187, 607, 0, 153, 153, 153
L 187, 607, 0, 187, 612, 0, 153, 153, 153
L 187, 612, 0, 193, 615, 0, 153, 153, 153
L 193, 615, 0, 250, 619, 0, 153, 153, 153
L 250, 619, 0, 259, 606, 0, 153, 153, 153
L 259, 606, 0, 235, 602, 0, 153, 153, 153
L 235, 602, 0, 220, 581, 0, 153, 153, 153
L 220, 581, 0, 220, 568, 0, 153, 153, 153
L 220, 568, 0, 236, 535, 0, 153, 153, 153
L 236, 535, 0, 259, 505, 0, 153, 153, 153
L 259, 505, 0, 325, 509, 0, 153, 153, 153
L 325, 509, 0, 346, 484, 0, 153, 153, 153
L 346, 484, 0, 336, 494, 0, 153, 153, 153
L 336, 494, 0, 319, 501, 0, 153, 153, 153
L 319, 501, 0, 252, 495, 0, 153, 153, 153
L 252, 495, 0, 228, 486, 0, 153, 153, 153
L 228, 486, 0, 228, 474, 0, 153, 153, 153
L 228, 474, 0, 240, 474, 0, 153, 153, 153
L 240, 474, 0, 248, 483, 0, 153, 153, 153
L 248, 483, 0, 250, 488, 0, 153, 153, 153
L 250, 488, 0, 284, 488, 0, 153, 153, 153
L 284, 488, 0, 295, 482, 0, 153, 153, 153
L 295, 482, 0, 293, 475, 0, 153, 153, 153
L 293, 475, 0, 285, 470, 0, 153, 153, 153
L 285, 470, 0, 265, 477, 0, 153, 153, 153
L 265, 477, 0, 228, 463, 0, 153, 153, 153
L 228, 463, 0, 223, 468, 0, 153, 153, 153
L 223, 468, 0, 217, 481, 0, 153, 153, 153
L 217, 481, 0, 220, 487, 0, 153, 153, 153
L 220, 487, 0, 209, 503, 0, 153, 153, 153
L 204, 466, 0, 192, 470, 0, 153, 153, 153
L 192, 470, 0, 183, 467, 0, 153, 153, 153
L 183, 467, 0, 165, 477, 0, 153, 153, 153
L 165, 477, 0, 156, 466, 0, 153, 153, 153
L 156, 466, 0, 154, 455, 0, 153, 153, 153
L 154, 455, 0, 143, 465, 0, 153, 153, 153
L 143, 465, 0, 152, 469, 0, 153, 153, 153
L 152, 469, 0, 161, 480, 0, 153, 153, 153
L 161, 480, 0, 165, 496, 0, 153, 153, 153
L 165, 496, 0, 155, 509, 0, 153, 153, 153
L 155, 509, 0, 153, 520, 0, 153, 153, 153
L 153, 520, 0, 159, 550, 0, 153, 153, 153
L 159, 550, 0, 140, 556, 0, 153, 153, 153
L 140, 556, 0, 140, 573, 0, 153, 153, 153
L 140, 573, 0, 133, 580, 0, 153, 153, 153
L 133, 580, 0, 137, 590, 0, 153, 153, 153
L 137, 590, 0, 147, 592, 0, 153, 153, 153
L 147, 592, 0, 156, 600, 0, 153, 153, 153
L 156, 600, 0, 163, 588, 0, 153, 153, 153
L 163, 588, 0, 176, 588, 0, 153, 153, 153
L 176, 588, 0, 182, 598, 0, 153, 153, 153
L 182, 598, 0, 196, 593, 0, 153, 153, 153
L 196, 593, 0, 202, 587, 0, 153, 153, 153
L 202, 587, 0, 183, 561, 0, 153, 153, 153
L 183, 561, 0, 187, 543, 0, 153, 153, 153
L 187, 543, 0, 192, 543, 0, 153, 153, 153
L 192, 543, 0, 203, 533, 0, 153, 153, 153
L 203, 533, 0, 218, 533, 0, 153, 153, 153
L 218, 533, 0, 219, 518, 0, 153, 153, 153
L 219, 518, 0, 203, 511, 0, 153, 153, 153
L 203, 511, 0, 193, 510, 0, 153, 153, 153
L 193, 510, 0, 193, 499, 0, 153, 153, 153
L 193, 499, 0, 199, 498, 0, 153, 153, 153
L 199, 498, 0, 205, 490, 0, 153, 153, 153
L 205, 490, 0, 210, 480, 0, 153, 153, 153
L 210, 480, 0, 204, 466, 0, 153, 153, 153
L 409, 200, 0, 422, 216, 0, 153, 153, 153
L 422, 216, 0, 432, 215, 0, 153, 153, 153
L 432, 215, 0, 451, 210, 0, 153, 153, 153
L 451, 210, 0, 456, 219, 0, 153, 153, 153
L 456, 219, 0, 451, 232, 0, 153, 153, 153
L 451, 232, 0, 435, 235, 0, 153, 153, 153
L 435, 235, 0, 428, 222, 0, 153, 153, 153
L 428, 222, 0, 417, 223, 0, 153, 153, 153
L 417, 223, 0, 403, 232, 0, 153, 153, 153
L 403, 232, 0, 400, 241, 0, 153, 153, 153
L 400, 241, 0, 430, 242, 0, 153, 153, 153
L 430, 242, 0, 445, 249, 0, 153, 153, 153
L 445, 249, 0, 453, 265, 0, 153, 153, 153
L 453, 265, 0, 471, 267, 0, 153, 153, 153
L 471, 267, 0, 480, 254, 0, 153, 153, 153
L 480, 254, 0, 459, 244, 0, 153, 153, 153
L 459, 244, 0, 461, 217, 0, 153, 153, 153
L 461, 217, 0, 465, 211, 0, 153, 153, 153
L 465, 211, 0, 502, 208, 0, 153, 153, 153
L 502, 208, 0, 502, 192, 0, 153, 153, 153
L 502, 192, 0, 489, 183, 0, 153, 153, 153
L 489, 183, 0, 481, 170, 0, 153, 153, 153
L 481, 170, 0, 467, 178, 0, 153, 153, 153
L 467, 178, 0, 445, 183, 0, 153, 153, 153
L 445, 183, 0, 431, 178, 0, 153, 153, 153
L 431, 178, 0, 431, 135, 0, 153, 153, 153
L 431, 135, 0, 434, 135, 0, 153, 153, 153
L 434, 135, 0, 438, 120, 0, 153, 153, 153
L 438, 120, 0, 442, 120, 0, 153, 153, 153
L 442, 120, 0, 452, 110, 0, 153, 153, 153
L 452, 110, 0, 458, 109, 0, 153, 153, 153
L 458, 109, 0, 461, 106, 0, 153, 153, 153
L 461, 106, 0, 444, 104, 0, 153, 153, 153
L 444, 104, 0, 427, 108, 0, 153, 153, 153
L 427, 108, 0, 421, 114, 0, 153, 153, 153
L 421, 114, 0, 420, 129, 0, 153, 153, 153
L 420, 129, 0, 412, 136, 0, 153, 153, 153
L 412, 136, 0, 407, 147, 0, 153, 153, 153
L 407, 147, 0, 405, 182, 0, 153, 153, 153
L 405, 182, 0, 408, 199, 0, 153, 153, 153
L 484, 110, 0, 488, 110, 0, 153, 153, 153
L 488, 110, 0, 494, 123, 0, 153, 153, 153
L 494, 123, 0, 495, 137, 0, 153, 153, 153
L 495, 137, 0, 504, 142, 0, 153, 153, 153
L 504, 142, 0, 510, 142, 0, 153, 153, 153
L 510, 142, 0, 511, 133, 0, 153, 153, 153
L 511, 133, 0, 523, 122, 0, 153, 153, 153
L 523, 122, 0, 514, 110, 0, 153, 153, 153
L 514, 110, 0, 514, 103, 0, 153, 153, 153
L 514, 103, 0, 500, 90, 0, 153, 153, 153
L 500, 90, 0, 490, 92, 0, 153, 153, 153
L 490, 92, 0, 482, 105, 0, 153, 153, 153
L 482, 105, 0, 483, 110, 0, 153, 153, 153
L 520, 1075, 0, 520, 1049, 0, 153, 153, 153
L 520, 1049, 0, 516, 1049, 0, 153, 153, 153
L 516, 1049, 0, 492, 1036, 0, 153, 153, 153
L 492, 1036, 0, 478, 1032, 0, 153, 153, 153
L 478, 1032, 0, 472, 1041, 0, 153, 153, 153
L 472, 1041, 0, 468, 1042, 0, 153, 153, 153
L 468, 1042, 0, 459, 1037, 0, 153, 153, 153
L 459, 1037, 0, 457, 1037, 0, 153, 153, 153
L 457, 1037, 0, 452, 1027, 0, 153, 153, 153
L 452, 1027, 0, 440, 1017, 0, 153, 153, 153
L 440, 1017, 0, 432, 996, 0, 153, 153, 153
L 432, 996, 0, 439, 998, 0, 153, 153, 153
L 439, 998, 0, 430, 966, 0, 153, 153, 153
L 430, 966, 0, 437, 956, 0, 153, 153, 153
L 437, 956, 0, 432, 925, 0, 153, 153, 153
L 432, 925, 0, 437, 915, 0, 153, 153, 153
L 437, 915, 0, 430, 906, 0, 153, 153, 153
L 430, 906, 0, 419, 906, 0, 153, 153, 153
L 419, 906, 0, 402, 887, 0, 153, 153, 153
L 402, 887, 0, 382, 879, 0, 153, 153, 153
L 382, 879, 0, 374, 879, 0, 153, 153, 153
L 374, 879, 0, 369, 875, 0, 153, 153, 153
L 369, 875, 0, 362, 875, 0, 153, 153, 153
L 362, 875, 0, 355, 878, 0, 153, 153, 153
L 355, 878, 0, 338, 872, 0, 153, 153, 153
L 338, 872, 0, 326, 871, 0, 153, 153, 153
L 326, 871, 0, 318, 863, 0, 153, 153, 153
L 318, 863, 0, 300, 858, 0, 153, 153, 153
L 300, 858, 0, 259, 858, 0, 153, 153, 153
L 521, 1086, 0, 511, 1084, 0, 153, 153, 153
L 511, 1084, 0, 511, 1059, 0, 153, 153, 153
L 511, 1059, 0, 484, 1046, 0, 153, 153, 153
L 484, 1046, 0, 482, 1057, 0, 153, 153, 153
L 482, 1057, 0, 474, 1067, 0, 153, 153, 153
L 474, 1067, 0, 460, 1067, 0, 153, 153, 153
L 460, 1067, 0, 436, 1055, 0, 153, 153, 153
L 436, 1055, 0, 435, 1041, 0, 153, 153, 153
L 435, 1041, 0, 418, 1043, 0, 153, 153, 153
L 418, 1043, 0, 397, 1013, 0, 153, 153, 153
L 397, 1013, 0, 408, 1000, 0, 153, 153, 153
L 408, 1000, 0, 417, 966, 0, 153, 153, 153
L 417, 966, 0, 413, 947, 0, 153, 153, 153
L 413, 947, 0, 422, 925, 0, 153, 153, 153
L 422, 925, 0, 415, 916, 0, 153, 153, 153
L 415, 916, 0, 383, 904, 0, 153, 153, 153
L 383, 904, 0, 367, 888, 0, 153, 153, 153
L 367, 888, 0, 356, 888, 0, 153, 153, 153
L 356, 888, 0, 327, 880, 0, 153, 153, 153
L 327, 880, 0, 321, 889, 0, 153, 153, 153
L 321, 889, 0, 315, 892, 0, 153, 153, 153
L 315, 892, 0, 320, 903, 0, 153, 153, 153
L 320, 903, 0, 329, 898, 0, 153, 153, 153
L 329, 898, 0, 335, 898, 0, 153, 153, 153
L 335, 898, 0, 342, 910, 0, 153, 153, 153
L 342, 910, 0, 331, 917, 0, 153, 153, 153
L 331, 917, 0, 317, 910, 0, 153, 153, 153
L 317, 910, 0, 306, 911, 0, 153, 153, 153
L 306, 911, 0, 300, 915, 0, 153, 153, 153
L 300, 915, 0, 289, 913, 0, 153, 153, 153
L 289, 913, 0, 285, 905, 0, 153, 153, 153
L 285, 905, 0, 267, 906, 0, 153, 153, 153
L 267, 906, 0, 258, 894, 0, 153, 153, 153
L 258, 894, 0, 249, 886, 0, 153, 153, 153
L 249, 886, 0, 247, 873, 0, 153, 153, 153
L 261, 881, 0, 273, 877, 0, 153, 153, 153
L 273, 877, 0, 300, 875, 0, 153, 153, 153
L 300, 875, 0, 327, 880, 0, 153, 153, 153
L 258, 858, 0, 250, 846, 0, 153, 153, 153
L 250, 846, 0, 244, 831, 0, 153, 153, 153
L 244, 831, 0, 239, 831, 0, 153, 153, 153
L 239, 831, 0, 227, 803, 0, 153, 153, 153
L 227, 803, 0, 235, 782, 0, 153, 153, 153
L 235, 782, 0, 237, 769, 0, 153, 153, 153
L 237, 769, 0, 248, 757, 0, 153, 153, 153
L 248, 757, 0, 260, 750, 0, 153, 153, 153
L 260, 750, 0, 266, 725, 0, 153, 153, 153
L 266, 725, 0, 261, 705, 0, 153, 153, 153
L 261, 705, 0, 275, 689, 0, 153, 153, 153
L 275, 689, 0, 268, 672, 0, 153, 153, 153
L 268, 672, 0, 249, 670, 0, 153, 153, 153
L 249, 670, 0, 239, 655, 0, 153, 153, 153
L 247, 873, 0, 217, 876, 0, 153, 153, 153
L 217, 876, 0, 196, 923, 0, 153, 153, 153
L 196, 923, 0, 204, 929, 0, 153, 153, 153
L 204, 929, 0, 220, 919, 0, 153, 153, 153
L 220, 919, 0, 250, 919, 0, 153, 153, 153
L 250, 919, 0, 272, 929, 0, 153, 153, 153
L 272, 929, 0, 287, 939, 0, 153, 153, 153
L 282, 945, 0, 250, 929, 0, 153, 153, 153
L 250, 929, 0, 227, 928, 0, 153, 153, 153
L 227, 928, 0, 218, 936, 0, 153, 153, 153
L 218, 936, 0, 206, 938, 0, 153, 153, 153
L 206, 938, 0, 193, 937, 0, 153, 153, 153
L 193, 937, 0, 187, 923, 0, 153, 153, 153
L 187, 923, 0, 179, 912, 0, 153, 153, 153
L 179, 912, 0, 167, 899, 0, 153, 153, 153
L 167, 899, 0, 166, 880, 0, 153, 153, 153
L 166, 880, 0, 177, 857, 0, 153, 153, 153
L 177, 857, 0, 206, 856, 0, 153, 153, 153
L 206, 856, 0, 214, 864, 0, 153, 153, 153
L 214, 864, 0, 248, 862, 0, 153, 153, 153
L 248, 862, 0, 237, 844, 0, 153, 153, 153
L 237, 844, 0, 221, 847, 0, 153, 153, 153
L 221, 847, 0, 177, 847, 0, 153, 153, 153
L 177, 847, 0, 153, 833, 0, 153, 153, 153
L 153, 833, 0, 142, 833, 0, 153, 153, 153
L 233, 565, 0, 244, 563, 0, 153, 153, 153
L 244, 563, 0, 271, 574, 0, 153, 153, 153
L 271, 574, 0, 272, 582, 0, 153, 153, 153
L 272, 582, 0, 276, 586, 0, 153, 153, 153
L 276, 586, 0, 282, 596, 0, 153, 153, 153
L 282, 596, 0, 278, 610, 0, 153, 153, 153
L 278, 610, 0, 288, 618, 0, 153, 153, 153
L 288, 618, 0, 300, 630, 0, 153, 153, 153
L 300, 630, 0, 292, 644, 0, 153, 153, 153
L 292, 644, 0, 303, 664, 0, 153, 153, 153
L 303, 664, 0, 333, 664, 0, 153, 153, 153
L 333, 664, 0, 351, 652, 0, 153, 153, 153
L 351, 652, 0, 362, 635, 0, 153, 153, 153
L 362, 635, 0, 367, 549, 0, 153, 153, 153
L 367, 549, 0, 362, 538, 0, 153, 153, 153
L 362, 538, 0, 353, 528, 0, 153, 153, 153
L 353, 528, 0, 348, 528, 0, 153, 153, 153
L 348, 528, 0, 328, 533, 0, 153, 153, 153
L 328, 533, 0, 316, 526, 0, 153, 153, 153
L 316, 526, 0, 310, 525, 0, 153, 153, 153
L 310, 525, 0, 308, 527, 0, 153, 153, 153
L 308, 527, 0, 283, 529, 0, 153, 153, 153
L 283, 529, 0, 271, 528, 0, 153, 153, 153
L 271, 528, 0, 262, 537, 0, 153, 153, 153
L 262, 537, 0, 256, 535, 0, 153, 153, 153
L 339, 560, 0, 319, 551, 0, 153, 153, 153
L 319, 551, 0, 319, 547, 0, 153, 153, 153
L 319, 547, 0, 307, 538, 0, 153, 153, 153
L 307, 538, 0, 280, 539, 0, 153, 153, 153
L 280, 539, 0, 268, 545, 0, 153, 153, 153
L 268, 545, 0, 268, 549, 0, 153, 153, 153
L 268, 549, 0, 274, 547, 0, 153, 153, 153
L 274, 547, 0, 280, 547, 0, 153, 153, 153
L 280, 547, 0, 295, 552, 0, 153, 153, 153
L 295, 552, 0, 308, 560, 0, 153, 153, 153
L 308, 560, 0, 321, 559, 0, 153, 153, 153
L 321, 559, 0, 324, 559, 0, 153, 153, 153
L 324, 559, 0, 331, 562, 0, 153, 153, 153
L 316, 603, 0, 302, 592, 0, 153, 153, 153
L 302, 592, 0, 301, 583, 0, 153, 153, 153
L 301, 583, 0, 306, 571, 0, 153, 153, 153
L 306, 571, 0, 290, 560, 0, 153, 153, 153
L 290, 560, 0, 282, 558, 0, 153, 153, 153
L 282, 558, 0, 268, 558, 0, 153, 153, 153
L 268, 558, 0, 266, 560, 0, 153, 153, 153
L 266, 560, 0, 270, 562, 0, 153, 153, 153
L 270, 562, 0, 281, 571, 0, 153, 153, 153
L 281, 571, 0, 281, 573, 0, 153, 153, 153
L 281, 573, 0, 287, 583, 0, 153, 153, 153
L 287, 583, 0, 290, 585, 0, 153, 153, 153
L 290, 585, 0, 294, 598, 0, 153, 153, 153
L 294, 598, 0, 301, 615, 0, 153, 153, 153
L 301, 615, 0, 304, 615, 0, 153, 153, 153
L 304, 615, 0, 311, 628, 0, 153, 153, 153
L 311, 628, 0, 321, 629, 0, 153, 153, 153
L 321, 629, 0, 330, 616, 0, 153, 153, 153
L 330, 616, 0, 336, 616, 0, 153, 153, 153
L 336, 616, 0, 315, 603, 0, 153, 153, 153
L 329, 562, 0, 338, 559, 0, 153, 153, 153
L 362, 635, 0, 337, 616, 0, 153, 153, 153
L 339, 560, 0, 360, 556, 0, 153, 153, 153
L 360, 556, 0, 367, 550, 0, 153, 153, 153
L 315, 603, 0, 330, 594, 0, 153, 153, 153
L 330, 594, 0, 337, 577, 0, 153, 153, 153
L 337, 577, 0, 332, 562, 0, 153, 153, 153
L 310, 1077, 0, 310, 1082, 0, 153, 153, 153
L 310, 1082, 0, 290, 1096, 0, 153, 153, 153
L 290, 1096, 0, 284, 1112, 0, 153, 153, 153
L 284, 1112, 0, 290, 1129, 0, 153, 153, 153
L 290, 1129, 0, 290, 1139, 0, 153, 153, 153
L 290, 1139, 0, 304, 1139, 0, 153, 153, 153
L 304, 1139, 0, 310, 1137, 0, 153, 153, 153
L 310, 1137, 0, 311, 1142, 0, 153, 153, 153
L 311, 1142, 0, 307, 1144, 0, 153, 153, 153
L 307, 1144, 0, 307, 1157, 0, 153, 153, 153
L 307, 1157, 0, 257, 1158, 0, 153, 153, 153
L 257, 1158, 0, 257, 1160, 0, 153, 153, 153
L 257, 1160, 0, 252, 1162, 0, 153, 153, 153
L 252, 1162, 0, 250, 1130, 0, 153, 153, 153
L 250, 1130, 0, 224, 1130, 0, 153, 153, 153
L 224, 1130, 0, 222, 1120, 0, 153, 153, 153
L 222, 1120, 0, 201, 1109, 0, 153, 153, 153
L 331, 1067, 0, 331, 1082, 0, 153, 153, 153
L 331, 1082, 0, 352, 1096, 0, 153, 153, 153
L 352, 1096, 0, 357, 1112, 0, 153, 153, 153
L 357, 1112, 0, 352, 1129, 0, 153, 153, 153
L 352, 1129, 0, 351, 1139, 0, 153, 153, 153
L 351, 1139, 0, 337, 1139, 0, 153, 153, 153
L 337, 1139, 0, 337, 1137, 0, 153, 153, 153
L 337, 1137, 0, 332, 1137, 0, 153, 153, 153
L 332, 1137, 0, 330, 1143, 0, 153, 153, 153
L 330, 1143, 0, 334, 1144, 0, 153, 153, 153
L 334, 1144, 0, 334, 1185, 0, 153, 153, 153
L 334, 1185, 0, 257, 1185, 0, 153, 153, 153
L 257, 1185, 0, 257, 1181, 0, 153, 153, 153
L 257, 1181, 0, 252, 1181, 0, 153, 153, 153
L 252, 1181, 0, 250, 1214, 0, 153, 153, 153
L 250, 1214, 0, 223, 1242, 0, 153, 153, 153
L 223, 1242, 0, 222, 1264, 0, 153, 153, 153
L 222, 1264, 0, 231, 1280, 0, 153, 153, 153
L 231, 1280, 0, 285, 1290, 0, 153, 153, 153
L 285, 1290, 0, 342, 1280, 0, 153, 153, 153
L 342, 1280, 0, 363, 1289, 0, 153, 153, 153
L 363, 1289, 0, 371, 1309, 0, 153, 153, 153
L 371, 1309, 0, 381, 1319, 0, 153, 153, 153
L 377, 1340, 0, 378, 1355, 0, 153, 153, 153
L 378, 1355, 0, 413, 1355, 0, 153, 153, 153
L 127, 637, 0, 127, 648, 0, 153, 153, 153
L 127, 648, 0, 146, 664, 0, 153, 153, 153
L 146, 664, 0, 160, 664, 0, 153, 153, 153
L 160, 664, 0, 160, 648, 0, 153, 153, 153
L 165, 637, 0, 159, 631, 0, 153, 153, 153
L 159, 631, 0, 155, 621, 0, 153, 153, 153
L 155, 621, 0, 143, 621, 0, 153, 153, 153
L 143, 621, 0, 135, 627, 0, 153, 153, 153
L 135, 627, 0, 131, 629, 0, 153, 153, 153
L 160, 647, 0, 186, 654, 0, 153, 153, 153
L 186, 654, 0, 203, 675, 0, 153, 153, 153
L 203, 675, 0, 218, 680, 0, 153, 153, 153
L 218, 680, 0, 226, 686, 0, 153, 153, 153
L 226, 686, 0, 244, 686, 0, 153, 153, 153
L 244, 686, 0, 252, 680, 0, 153, 153, 153
L 252, 680, 0, 260, 678, 0, 153, 153, 153
L 260, 678, 0, 263, 680, 0, 153, 153, 153
L 263, 680, 0, 262, 690, 0, 153, 153, 153
L 262, 690, 0, 252, 704, 0, 153, 153, 153
L 252, 704, 0, 254, 712, 0, 153, 153, 153
L 254, 712, 0, 256, 722, 0, 153, 153, 153
L 256, 722, 0, 252, 744, 0, 153, 153, 153
L 252, 744, 0, 250, 746, 0, 153, 153, 153
L 250, 746, 0, 239, 738, 0, 153, 153, 153
L 239, 738, 0, 232, 738, 0, 153, 153, 153
L 232, 738, 0, 224, 724, 0, 153, 153, 153
L 224, 724, 0, 218, 718, 0, 153, 153, 153
L 218, 718, 0, 212, 718, 0, 153, 153, 153
L 212, 718, 0, 208, 717, 0, 153, 153, 153
L 208, 717, 0, 196, 712, 0, 153, 153, 153
L 196, 712, 0, 189, 712, 0, 153, 153, 153
L 189, 712, 0, 177, 718, 0, 153, 153, 153
L 177, 718, 0, 175, 721, 0, 153, 153, 153
L 175, 721, 0, 171, 729, 0, 153, 153, 153
L 171, 729, 0, 168, 734, 0, 153, 153, 153
L 175, 749, 0, 177, 733, 0, 153, 153, 153
L 177, 733, 0, 192, 723, 0, 153, 153, 153
L 192, 723, 0, 193, 722, 0, 153, 153, 153
L 193, 722, 0, 208, 725, 0, 153, 153, 153
L 208, 725, 0, 210, 726, 0, 153, 153, 153
L 210, 726, 0, 220, 742, 0, 153, 153, 153
L 220, 758, 0, 227, 768, 0, 153, 153, 153
L 227, 768, 0, 227, 770, 0, 153, 153, 153
L 227, 770, 0, 221, 781, 0, 153, 153, 153
L 221, 781, 0, 219, 798, 0, 153, 153, 153
L 219, 798, 0, 219, 804, 0, 153, 153, 153
L 219, 804, 0, 221, 812, 0, 153, 153, 153
L 221, 812, 0, 226, 828, 0, 153, 153, 153
L 226, 828, 0, 219, 832, 0, 153, 153, 153
L 219, 832, 0, 218, 832, 0, 153, 153, 153
L 218, 832, 0, 201, 830, 0, 153, 153, 153
L 201, 830, 0, 172, 821, 0, 153, 153, 153
L 172, 821, 0, 171, 821, 0, 153, 153, 153
L 171, 821, 0, 152, 809, 0, 153, 153, 153
L 152, 809, 0, 139, 809, 0, 153, 153, 153
L 139, 809, 0, 136, 816, 0, 153, 153, 153
L 136, 816, 0, 129, 834, 0, 153, 153, 153
L 129, 834, 0, 121, 853, 0, 153, 153, 153
L 121, 853, 0, 121, 869, 0, 153, 153, 153
L 121, 869, 0, 125, 888, 0, 153, 153, 153
L 125, 888, 0, 130, 909, 0, 153, 153, 153
L 141, 912, 0, 140, 904, 0, 153, 153, 153
L 140, 904, 0, 136, 860, 0, 153, 153, 153
L 136, 860, 0, 141, 834, 0, 153, 153, 153
L 141, 834, 0, 154, 833, 0, 153, 153, 153
L 154, 833, 0, 156, 834, 0, 153, 153, 153
L 156, 834, 0, 175, 847, 0, 153, 153, 153
L 175, 847, 0, 221, 847, 0, 153, 153, 153
L 221, 847, 0, 235, 843, 0, 153, 153, 153
L 235, 843, 0, 236, 843, 0, 153, 153, 153
L 166, 638, 0, 170, 638, 0, 153, 153, 153
L 170, 638, 0, 191, 643, 0, 153, 153, 153
L 191, 643, 0, 196, 653, 0, 153, 153, 153
L 196, 653, 0, 212, 669, 0, 153, 153, 153
L 212, 669, 0, 217, 669, 0, 153, 153, 153
L 217, 669, 0, 221, 664, 0, 153, 153, 153
L 221, 664, 0, 225, 658, 0, 153, 153, 153
L 225, 658, 0, 227, 649, 0, 153, 153, 153
L 227, 649, 0, 238, 642, 0, 153, 153, 153
L 238, 642, 0, 244, 642, 0, 153, 153, 153
L 127, 637, 0, 97, 622, 0, 153, 153, 153
L 97, 622, 0, 89, 613, 0, 153, 153, 153
L 89, 613, 0, 86, 605, 0, 153, 153, 153
L 86, 605, 0, 89, 599, 0, 153, 153, 153
L 89, 599, 0, 91, 598, 0, 153, 153, 153
L 91, 598, 0, 88, 587, 0, 153, 153, 153
L 88, 587, 0, 84, 591, 0, 153, 153, 153
L 84, 591, 0, 80, 596, 0, 153, 153, 153
L 69, 595, 0, 78, 585, 0, 153, 153, 153
L 78, 585, 0, 89, 580, 0, 153, 153, 153
L 89, 580, 0, 95, 580, 0, 153, 153, 153
L 95, 580, 0, 106, 588, 0, 153, 153, 153
L 106, 588, 0, 105, 596, 0, 153, 153, 153
L 105, 596, 0, 99, 605, 0, 153, 153, 153
L 99, 605, 0, 102, 614, 0, 153, 153, 153
L 102, 614, 0, 128, 628, 0, 153, 153, 153
L 81, 596, 0, 66, 616, 0, 153, 153, 153
L 66, 616, 0, 69, 625, 0, 153, 153, 153
L 69, 625, 0, 68, 638, 0, 153, 153, 153
L 68, 638, 0, 66, 646, 0, 153, 153, 153
L 66, 646, 0, 66, 668, 0, 153, 153, 153
L 66, 666, 0, 65, 678, 0, 153, 153, 153
L 65, 678, 0, 65, 679, 0, 153, 153, 153
L 65, 679, 0, 67, 693, 0, 153, 153, 153
L 67, 693, 0, 68, 695, 0, 153, 153, 153
L 68, 695, 0, 70, 714, 0, 153, 153, 153
L 70, 714, 0, 70, 715, 0, 153, 153, 153
L 81, 726, 0, 69, 730, 0, 153, 153, 153
L 69, 730, 0, 62, 724, 0, 153, 153, 153
L 62, 724, 0, 59, 713, 0, 153, 153, 153
L 59, 713, 0, 51, 701, 0, 153, 153, 153
L 48, 671, 0, 52, 659, 0, 153, 153, 153
L 52, 659, 0, 56, 648, 0, 153, 153, 153
L 56, 648, 0, 50, 625, 0, 153, 153, 153
L 68, 597, 0, 49, 623, 0, 255, 0, 0
L 48, 670, 0, 54, 683, 0, 255, 0, 0
L 54, 683, 0, 50, 699, 0, 255, 0, 0
L 283, 948, 0, 272, 961, 0, 153, 153, 153
L 272, 961, 0, 244, 961, 0, 153, 153, 153
L 244, 961, 0, 230, 948, 0, 153, 153, 153
L 230, 948, 0, 191, 948, 0, 153, 153, 153
L 191, 948, 0, 178, 952, 0, 153, 153, 153
L 178, 952, 0, 175, 951, 0, 153, 153, 153
L 175, 951, 0, 176, 944, 0, 153, 153, 153
L 176, 944, 0, 169, 932, 0, 153, 153, 153
L 169, 932, 0, 169, 931, 0, 153, 153, 153
L 169, 931, 0, 164, 917, 0, 153, 153, 153
L 164, 917, 0, 151, 917, 0, 153, 153, 153
L 151, 917, 0, 144, 913, 0, 153, 153, 153
L 144, 913, 0, 142, 913, 0, 153, 153, 153
L 142, 913, 0, 141, 909, 0, 153, 153, 153
L 134, 916, 0, 139, 923, 0, 153, 153, 153
L 139, 923, 0, 154, 928, 0, 153, 153, 153
L 154, 928, 0, 156, 930, 0, 153, 153, 153
L 156, 930, 0, 145, 942, 0, 153, 153, 153
L 145, 942, 0, 144, 944, 0, 153, 153, 153
L 144, 944, 0, 141, 944, 0, 153, 153, 153
L 141, 944, 0, 130, 955, 0, 153, 153, 153
L 152, 966, 0, 157, 961, 0, 153, 153, 153
L 157, 961, 0, 170, 960, 0, 153, 153, 153
L 170, 960, 0, 179, 959, 0, 153, 153, 153
L 179, 959, 0, 223, 958, 0, 153, 153, 153
L 223, 958, 0, 227, 963, 0, 153, 153, 153
L 227, 963, 0, 231, 971, 0, 153, 153, 153
L 231, 971, 0, 242, 972, 0, 153, 153, 153
L 242, 972, 0, 257, 972, 0, 153, 153, 153
L 257, 972, 0, 275, 973, 0, 153, 153, 153
L 275, 973, 0, 287, 991, 0, 153, 153, 153
L 287, 991, 0, 306, 1000, 0, 153, 153, 153
L 306, 1000, 0, 311, 992, 0, 153, 153, 153
L 311, 992, 0, 315, 989, 0, 153, 153, 153
L 315, 989, 0, 319, 991, 0, 153, 153, 153
L 319, 991, 0, 328, 994, 0, 153, 153, 153
L 328, 994, 0, 332, 995, 0, 153, 153, 153
L 332, 995, 0, 332, 1009, 0, 153, 153, 153
L 332, 1009, 0, 342, 1010, 0, 153, 153, 153
L 342, 1010, 0, 365, 1003, 0, 153, 153, 153
L 365, 1003, 0, 365, 995, 0, 153, 153, 153
L 365, 995, 0, 370, 990, 0, 153, 153, 153
L 384, 949, 0, 376, 944, 0, 153, 153, 153
L 376, 944, 0, 363, 944, 0, 153, 153, 153
L 363, 944, 0, 349, 939, 0, 153, 153, 153
L 349, 939, 0, 342, 939, 0, 153, 153, 153
L 342, 939, 0, 329, 934, 0, 153, 153, 153
L 329, 934, 0, 317, 934, 0, 153, 153, 153
L 317, 934, 0, 311, 935, 0, 153, 153, 153
L 311, 935, 0, 309, 935, 0, 153, 153, 153
L 309, 935, 0, 290, 939, 0, 153, 153, 153
L 290, 939, 0, 288, 939, 0, 153, 153, 153
L 384, 959, 0, 389, 975, 0, 153, 153, 153
L 389, 975, 0, 386, 983, 0, 153, 153, 153
L 386, 983, 0, 384, 990, 0, 153, 153, 153
L 384, 990, 0, 389, 998, 0, 153, 153, 153
L 389, 998, 0, 379, 1007, 0, 153, 153, 153
L 379, 1007, 0, 368, 1003, 0, 153, 153, 153
L 368, 1003, 0, 343, 1010, 0, 153, 153, 153
L 343, 1010, 0, 319, 1009, 0, 153, 153, 153
L 319, 1009, 0, 310, 1002, 0, 153, 153, 153
L 363, 942, 0, 367, 934, 0, 153, 153, 153
L 367, 934, 0, 367, 930, 0, 153, 153, 153
L 367, 930, 0, 350, 920, 0, 153, 153, 153
L 350, 920, 0, 342, 920, 0, 153, 153, 153
L 329, 930, 0, 351, 934, 0, 153, 153, 153
L 351, 934, 0, 352, 937, 0, 153, 153, 153
L 380, 1318, 0, 382, 1335, 0, 255, 0, 0
L 354, 1336, 0, 354, 1326, 0, 255, 0, 0
L 354, 1326, 0, 349, 1313, 0, 255, 0, 0
L 349, 1313, 0, 337, 1309, 0, 255, 0, 0
L 337, 1309, 0, 282, 1318, 0, 255, 0, 0
L 282, 1318, 0, 252, 1312, 0, 255, 0, 0
L 252, 1312, 0, 227, 1314, 0, 255, 0, 0
L 227, 1314, 0, 200, 1299, 0, 255, 0, 0
L 200, 1299, 0, 196, 1273, 0, 255, 0, 0
L 196, 1273, 0, 196, 1226, 0, 255, 0, 0
L 196, 1226, 0, 194, 1193, 0, 255, 0, 0
L 194, 1193, 0, 190, 1174, 0, 255, 0, 0
L 190, 1174, 0, 189, 1137, 0, 255, 0, 0
L 189, 1137, 0, 197, 1110, 0, 255, 0, 0
L 310, 1074, 0, 305, 1038, 0, 255, 0, 0
L 321, 1037, 0, 324, 1052, 0, 255, 0, 0
L 324, 1052, 0, 331, 1064, 0, 255, 0, 0
L 375, 1489, 0, 304, 1490, 0, 153, 153, 153
L 304, 1490, 0, 304, 1527, 0, 153, 153, 153
L 304, 1527, 0, 298, 1529, 0, 153, 153, 153
L 298, 1529, 0, 297, 1525, 0, 153, 153, 153
L 297, 1525, 0, 298, 1522, 0, 153, 153, 153
L 298, 1522, 0, 299, 1506, 0, 153, 153, 153
L 299, 1506, 0, 299, 1480, 0, 153, 153, 153
L 299, 1480, 0, 297, 1471, 0, 153, 153, 153
L 297, 1471, 0, 297, 1465, 0, 153, 153, 153
L 297, 1465, 0, 304, 1464, 0, 153, 153, 153
L 304, 1464, 0, 304, 1478, 0, 153, 153, 153
L 304, 1478, 0, 365, 1478, 0, 153, 153, 153
L 365, 1478, 0, 365, 1431, 0, 153, 153, 153
L 365, 1431, 0, 351, 1430, 0, 153, 153, 153
L 351, 1430, 0, 350, 1425, 0, 153, 153, 153
L 350, 1425, 0, 350, 1397, 0, 153, 153, 153
L 350, 1397, 0, 324, 1397, 0, 153, 153, 153
L 324, 1397, 0, 319, 1405, 0, 153, 153, 153
L 319, 1405, 0, 319, 1431, 0, 153, 153, 153
L 319, 1431, 0, 304, 1431, 0, 153, 153, 153
L 304, 1431, 0, 304, 1442, 0, 153, 153, 153
L 304, 1442, 0, 299, 1445, 0, 153, 153, 153
L 299, 1445, 0, 297, 1441, 0, 153, 153, 153
L 297, 1441, 0, 271, 1441, 0, 153, 153, 153
L 271, 1441, 0, 270, 1464, 0, 153, 153, 153
L 270, 1464, 0, 274, 1464, 0, 153, 153, 153
L 274, 1464, 0, 274, 1470, 0, 153, 153, 153
L 274, 1470, 0, 272, 1471, 0, 153, 153, 153
L 272, 1471, 0, 270, 1522, 0, 153, 153, 153
L 270, 1522, 0, 274, 1522, 0, 153, 153, 153
L 274, 1522, 0, 274, 1527, 0, 153, 153, 153
L 274, 1527, 0, 270, 1529, 0, 153, 153, 153
L 270, 1529, 0, 270, 1552, 0, 153, 153, 153
L 270, 1552, 0, 296, 1552, 0, 153, 153, 153
L 296, 1552, 0, 298, 1549, 0, 153, 153, 153
L 298, 1549, 0, 302, 1548, 0, 153, 153, 153
L 302, 1548, 0, 305, 1549, 0, 153, 153, 153
L 305, 1549, 0, 304, 1587, 0, 153, 153, 153
L 304, 1587, 0, 465, 1587, 0, 153, 153, 153
L 465, 1587, 0, 465, 1490, 0, 153, 153, 153
L 465, 1490, 0, 448, 1490, 0, 153, 153, 153
L 448, 1490, 0, 447, 1485, 0, 153, 153, 153
L 447, 1485, 0, 451, 1483, 0, 153, 153, 153
L 451, 1483, 0, 451, 1427, 0, 153, 153, 153
L 451, 1427, 0, 448, 1409, 0, 153, 153, 153
L 448, 1409, 0, 447, 1404, 0, 153, 153, 153
L 447, 1404, 0, 448, 1402, 0, 153, 153, 153
L 448, 1402, 0, 458, 1402, 0, 153, 153, 153
L 458, 1402, 0, 458, 1397, 0, 153, 153, 153
L 458, 1397, 0, 459, 1394, 0, 153, 153, 153
L 459, 1394, 0, 464, 1394, 0, 153, 153, 153
L 464, 1394, 0, 469, 1397, 0, 153, 153, 153
L 469, 1397, 0, 530, 1398, 0, 153, 153, 153
L 530, 1398, 0, 533, 1372, 0, 153, 153, 153
L 507, 1371, 0, 465, 1371, 0, 153, 153, 153
L 465, 1371, 0, 465, 1375, 0, 153, 153, 153
L 465, 1375, 0, 461, 1375, 0, 153, 153, 153
L 461, 1375, 0, 458, 1374, 0, 153, 153, 153
L 458, 1374, 0, 458, 1363, 0, 153, 153, 153
L 458, 1363, 0, 417, 1363, 0, 153, 153, 153
L 417, 1363, 0, 417, 1402, 0, 153, 153, 153
L 417, 1402, 0, 429, 1402, 0, 153, 153, 153
L 429, 1402, 0, 428, 1406, 0, 153, 153, 153
L 428, 1406, 0, 424, 1409, 0, 153, 153, 153
L 424, 1409, 0, 424, 1469, 0, 153, 153, 153
L 424, 1469, 0, 428, 1483, 0, 153, 153, 153
L 428, 1483, 0, 428, 1490, 0, 153, 153, 153
L 428, 1490, 0, 416, 1490, 0, 153, 153, 153
L 417, 1490, 0, 395, 1490, 0, 153, 153, 153
L 395, 1490, 0, 394, 1485, 0, 153, 153, 153
L 394, 1485, 0, 398, 1481, 0, 153, 153, 153
L 398, 1481, 0, 398, 1411, 0, 153, 153, 153
L 398, 1411, 0, 394, 1409, 0, 153, 153, 153
L 394, 1409, 0, 394, 1404, 0, 153, 153, 153
L 394, 1404, 0, 395, 1402, 0, 153, 153, 153
L 395, 1402, 0, 413, 1402, 0, 153, 153, 153
L 413, 1402, 0, 413, 1357, 0, 153, 153, 153
L 413, 1357, 0, 377, 1354, 0, 153, 153, 153
L 358, 1337, 0, 356, 1348, 0, 153, 153, 153
L 356, 1348, 0, 358, 1354, 0, 153, 153, 153
L 358, 1354, 0, 355, 1355, 0, 153, 153, 153
L 355, 1355, 0, 343, 1363, 0, 153, 153, 153
L 343, 1363, 0, 343, 1380, 0, 153, 153, 153
L 343, 1380, 0, 355, 1382, 0, 153, 153, 153
L 355, 1382, 0, 356, 1386, 0, 153, 153, 153
L 356, 1386, 0, 356, 1402, 0, 153, 153, 153
L 356, 1402, 0, 373, 1402, 0, 153, 153, 153
L 373, 1402, 0, 376, 1403, 0, 153, 153, 153
L 376, 1403, 0, 375, 1409, 0, 153, 153, 153
L 375, 1409, 0, 371, 1409, 0, 153, 153, 153
L 371, 1409, 0, 371, 1483, 0, 153, 153, 153
L 371, 1483, 0, 375, 1483, 0, 153, 153, 153
L 375, 1483, 0, 375, 1488, 0, 153, 153, 153
L 375, 1488, 0, 370, 1490, 0, 153, 153, 153
L 488, 1172, 0, 478, 1161, 0, 153, 153, 153
L 478, 1161, 0, 482, 1159, 0, 153, 153, 153
L 482, 1159, 0, 482, 1152, 0, 153, 153, 153
L 482, 1152, 0, 478, 1152, 0, 153, 153, 153
L 478, 1152, 0, 478, 1123, 0, 153, 153, 153
L 478, 1123, 0, 482, 1109, 0, 153, 153, 153
L 482, 1109, 0, 482, 1103, 0, 153, 153, 153
L 482, 1103, 0, 478, 1102, 0, 153, 153, 153
L 478, 1102, 0, 478, 1089, 0, 153, 153, 153
L 478, 1089, 0, 482, 1071, 0, 153, 153, 153
L 482, 1071, 0, 513, 1071, 0, 153, 153, 153
L 513, 1071, 0, 514, 1078, 0, 153, 153, 153
L 514, 1078, 0, 519, 1075, 0, 153, 153, 153
L 519, 1075, 0, 520, 1071, 0, 153, 153, 153
L 520, 1071, 0, 597, 1071, 0, 153, 153, 153
L 597, 1071, 0, 613, 1074, 0, 153, 153, 153
L 613, 1074, 0, 631, 1075, 0, 153, 153, 153
L 631, 1075, 0, 632, 1071, 0, 153, 153, 153
L 632, 1071, 0, 632, 1069, 0, 153, 153, 153
L 632, 1069, 0, 618, 1068, 0, 153, 153, 153
L 618, 1068, 0, 618, 1043, 0, 153, 153, 153
L 618, 1043, 0, 633, 1037, 0, 153, 153, 153
L 633, 1037, 0, 644, 1043, 0, 153, 153, 153
L 644, 1043, 0, 652, 1043, 0, 153, 153, 153
L 652, 1043, 0, 652, 1037, 0, 153, 153, 153
L 652, 1037, 0, 677, 1037, 0, 153, 153, 153
L 677, 1037, 0, 678, 1044, 0, 153, 153, 153
L 678, 1044, 0, 684, 1043, 0, 153, 153, 153
L 684, 1043, 0, 686, 1037, 0, 153, 153, 153
L 686, 1037, 0, 710, 1037, 0, 153, 153, 153
L 710, 1037, 0, 711, 1061, 0, 153, 153, 153
L 711, 1061, 0, 702, 1069, 0, 153, 153, 153
L 702, 1069, 0, 703, 1074, 0, 153, 153, 153
L 703, 1074, 0, 711, 1072, 0, 153, 153, 153
L 711, 1072, 0, 713, 1079, 0, 153, 153, 153
L 713, 1079, 0, 714, 1079, 0, 153, 153, 153
L 714, 1079, 0, 718, 1075, 0, 153, 153, 153
L 718, 1075, 0, 739, 1075, 0, 153, 153, 153
L 739, 1075, 0, 739, 1078, 0, 153, 153, 153
L 739, 1078, 0, 746, 1079, 0, 153, 153, 153
L 746, 1079, 0, 746, 1075, 0, 153, 153, 153
L 746, 1075, 0, 807, 1075, 0, 153, 153, 153
L 807, 1075, 0, 807, 1079, 0, 153, 153, 153
L 807, 1079, 0, 813, 1079, 0, 153, 153, 153
L 813, 1079, 0, 814, 1075, 0, 153, 153, 153
L 814, 1075, 0, 824, 1075, 0, 153, 153, 153
L 824, 1075, 0, 834, 1080, 0, 153, 153, 153
L 834, 1080, 0, 837, 1079, 0, 153, 153, 153
L 837, 1079, 0, 837, 1090, 0, 153, 153, 153
L 837, 1090, 0, 834, 1098, 0, 153, 153, 153
L 834, 1098, 0, 833, 1104, 0, 153, 153, 153
L 833, 1104, 0, 837, 1105, 0, 153, 153, 153
L 837, 1105, 0, 837, 1154, 0, 153, 153, 153
L 837, 1154, 0, 834, 1166, 0, 153, 153, 153
L 814, 1168, 0, 810, 1166, 0, 153, 153, 153
L 810, 1166, 0, 810, 1105, 0, 153, 153, 153
L 810, 1105, 0, 814, 1105, 0, 153, 153, 153
L 814, 1105, 0, 814, 1099, 0, 153, 153, 153
L 814, 1099, 0, 809, 1098, 0, 153, 153, 153
L 809, 1098, 0, 808, 1098, 0, 153, 153, 153
L 808, 1098, 0, 807, 1102, 0, 153, 153, 153
L 807, 1102, 0, 752, 1102, 0, 153, 153, 153
L 752, 1102, 0, 746, 1099, 0, 153, 153, 153
L 746, 1099, 0, 740, 1098, 0, 153, 153, 153
L 740, 1098, 0, 739, 1102, 0, 153, 153, 153
L 739, 1102, 0, 727, 1102, 0, 153, 153, 153
L 727, 1102, 0, 718, 1099, 0, 153, 153, 153
L 718, 1099, 0, 711, 1099, 0, 153, 153, 153
L 711, 1099, 0, 711, 1105, 0, 153, 153, 153
L 711, 1105, 0, 706, 1105, 0, 153, 153, 153
L 706, 1105, 0, 699, 1108, 0, 153, 153, 153
L 699, 1108, 0, 711, 1110, 0, 153, 153, 153
L 711, 1110, 0, 711, 1140, 0, 153, 153, 153
L 711, 1140, 0, 687, 1140, 0, 153, 153, 153
L 687, 1140, 0, 686, 1135, 0, 153, 153, 153
L 686, 1135, 0, 677, 1135, 0, 153, 153, 153
L 677, 1135, 0, 677, 1139, 0, 153, 153, 153
L 677, 1139, 0, 656, 1140, 0, 153, 153, 153
L 656, 1140, 0, 650, 1134, 0, 153, 153, 153
L 650, 1134, 0, 646, 1134, 0, 153, 153, 153
L 646, 1134, 0, 643, 1138, 0, 153, 153, 153
L 643, 1138, 0, 631, 1140, 0, 153, 153, 153
L 631, 1140, 0, 618, 1111, 0, 153, 153, 153
L 618, 1111, 0, 633, 1107, 0, 153, 153, 153
L 633, 1107, 0, 632, 1103, 0, 153, 153, 153
L 632, 1103, 0, 623, 1102, 0, 153, 153, 153
L 623, 1102, 0, 616, 1102, 0, 153, 153, 153
L 616, 1102, 0, 613, 1106, 0, 153, 153, 153
L 613, 1106, 0, 520, 1106, 0, 153, 153, 153
L 520, 1106, 0, 520, 1101, 0, 153, 153, 153
L 520, 1101, 0, 514, 1102, 0, 153, 153, 153
L 514, 1102, 0, 513, 1107, 0, 153, 153, 153
L 513, 1107, 0, 514, 1109, 0, 153, 153, 153
L 514, 1109, 0, 517, 1109, 0, 153, 153, 153
L 517, 1109, 0, 517, 1144, 0, 153, 153, 153
L 517, 1144, 0, 513, 1153, 0, 153, 153, 153
L 513, 1153, 0, 513, 1158, 0, 153, 153, 153
L 513, 1158, 0, 517, 1159, 0, 153, 153, 153
L 517, 1159, 0, 517, 1161, 0, 153, 153, 153
L 517, 1161, 0, 507, 1173, 0, 153, 153, 153
L 800, 1298, 0, 795, 1305, 0, 153, 153, 153
L 795, 1305, 0, 789, 1305, 0, 153, 153, 153
L 789, 1305, 0, 739, 1320, 0, 153, 153, 153
L 739, 1320, 0, 739, 1353, 0, 153, 153, 153
L 739, 1353, 0, 681, 1404, 0, 153, 153, 153
L 681, 1404, 0, 759, 1482, 0, 153, 153, 153
L 759, 1482, 0, 807, 1482, 0, 153, 153, 153
L 807, 1482, 0, 807, 1453, 0, 153, 153, 153
L 807, 1453, 0, 840, 1452, 0, 153, 153, 153
L 840, 1452, 0, 840, 1482, 0, 153, 153, 153
L 840, 1482, 0, 888, 1482, 0, 153, 153, 153
L 888, 1482, 0, 966, 1404, 0, 153, 153, 153
L 966, 1404, 0, 909, 1355, 0, 153, 153, 153
L 909, 1355, 0, 908, 1320, 0, 153, 153, 153
L 908, 1320, 0, 858, 1305, 0, 153, 153, 153
L 858, 1305, 0, 852, 1305, 0, 153, 153, 153
L 852, 1305, 0, 847, 1299, 0, 153, 153, 153
L 847, 1299, 0, 852, 1293, 0, 153, 153, 153
L 812, 1178, 0, 813, 1186, 0, 153, 153, 153
L 813, 1186, 0, 807, 1182, 0, 153, 153, 153
L 807, 1182, 0, 807, 1175, 0, 153, 153, 153
L 807, 1175, 0, 759, 1175, 0, 153, 153, 153
L 759, 1175, 0, 753, 1182, 0, 153, 153, 153
L 833, 1180, 0, 834, 1185, 0, 153, 153, 153
L 834, 1185, 0, 840, 1185, 0, 153, 153, 153
L 840, 1185, 0, 840, 1175, 0, 153, 153, 153
L 840, 1175, 0, 888, 1175, 0, 153, 153, 153
L 888, 1175, 0, 896, 1183, 0, 153, 153, 153
L 895, 1182, 0, 882, 1197, 0, 255, 0, 0
L 882, 1197, 0, 881, 1199, 0, 255, 0, 0
L 881, 1199, 0, 841, 1212, 0, 255, 0, 0
L 841, 1212, 0, 841, 1225, 0, 255, 0, 0
L 841, 1225, 0, 858, 1292, 0, 255, 0, 0
L 793, 1292, 0, 800, 1249, 0, 255, 0, 0
L 800, 1249, 0, 806, 1223, 0, 255, 0, 0
L 806, 1223, 0, 809, 1214, 0, 255, 0, 0
L 809, 1214, 0, 803, 1211, 0, 255, 0, 0
L 803, 1211, 0, 768, 1202, 0, 255, 0, 0
L 768, 1202, 0, 752, 1183, 0, 255, 0, 0
L 507, 1174, 0, 509, 1218, 0, 255, 0, 0
L 509, 1218, 0, 539, 1219, 0, 255, 0, 0
L 539, 1219, 0, 539, 1253, 0, 255, 0, 0
L 539, 1253, 0, 511, 1255, 0, 255, 0, 0
L 484, 1255, 0, 457, 1255, 0, 255, 0, 0
L 457, 1255, 0, 456, 1219, 0, 255, 0, 0
L 456, 1219, 0, 488, 1218, 0, 255, 0, 0
L 488, 1218, 0, 488, 1175, 0, 255, 0, 0
L 508, 1256, 0, 514, 1307, 0, 255, 0, 0
L 514, 1307, 0, 527, 1318, 0, 255, 0, 0
L 527, 1318, 0, 523, 1321, 0, 255, 0, 0
L 523, 1321, 0, 513, 1321, 0, 255, 0, 0
L 513, 1321, 0, 503, 1318, 0, 255, 0, 0
L 503, 1318, 0, 489, 1304, 0, 255, 0, 0
L 489, 1304, 0, 487, 1301, 0, 255, 0, 0
L 487, 1301, 0, 487, 1258, 0, 255, 0, 0
L 322, 1038, 0, 321, 1029, 0, 153, 153, 153
L 321, 1029, 0, 315, 1021, 0, 153, 153, 153
L 315, 1021, 0, 290, 1018, 0, 153, 153, 153
L 290, 1018, 0, 276, 999, 0, 153, 153, 153
L 276, 999, 0, 269, 978, 0, 153, 153, 153
L 269, 978, 0, 268, 957, 0, 153, 153, 153
L 268, 957, 0, 273, 948, 0, 153, 153, 153
L 273, 948, 0, 284, 935, 0, 153, 153, 153
L 284, 935, 0, 305, 930, 0, 153, 153, 153
L 305, 930, 0, 328, 930, 0, 153, 153, 153
L 328, 930, 0, 351, 934, 0, 153, 153, 153
L 361, 926, 0, 353, 922, 0, 153, 153, 153
L 353, 922, 0, 331, 923, 0, 153, 153, 153
L 331, 923, 0, 316, 921, 0, 153, 153, 153
L 316, 921, 0, 304, 921, 0, 153, 153, 153
L 304, 921, 0, 293, 919, 0, 153, 153, 153
L 293, 919, 0, 284, 918, 0, 153, 153, 153
L 284, 918, 0, 283, 924, 0, 153, 153, 153
L 283, 924, 0, 280, 926, 0, 153, 153, 153
L 280, 926, 0, 264, 948, 0, 153, 153, 153
L 264, 948, 0, 260, 958, 0, 153, 153, 153
L 260, 958, 0, 260, 970, 0, 153, 153, 153
L 260, 970, 0, 265, 990, 0, 153, 153, 153
L 265, 990, 0, 279, 1013, 0, 153, 153, 153
L 279, 1013, 0, 281, 1016, 0, 153, 153, 153
L 281, 1016, 0, 288, 1029, 0, 153, 153, 153
L 288, 1029, 0, 300, 1031, 0, 153, 153, 153
L 175, 749, 0, 164, 751, 0, 153, 153, 153
L 164, 751, 0, 148, 751, 0, 153, 153, 153
L 148, 751, 0, 136, 741, 0, 153, 153, 153
L 136, 741, 0, 128, 737, 0, 153, 153, 153
L 128, 737, 0, 118, 731, 0, 153, 153, 153
L 118, 731, 0, 118, 725, 0, 153, 153, 153
L 118, 725, 0, 115, 721, 0, 153, 153, 153
L 115, 721, 0, 109, 715, 0, 153, 153, 153
L 109, 715, 0, 105, 710, 0, 153, 153, 153
L 105, 710, 0, 105, 697, 0, 153, 153, 153
L 105, 697, 0, 109, 691, 0, 153, 153, 153
L 109, 691, 0, 111, 687, 0, 153, 153, 153
L 111, 687, 0, 111, 682, 0, 153, 153, 153
L 111, 682, 0, 105, 662, 0, 153, 153, 153
L 105, 662, 0, 105, 660, 0, 153, 153, 153
L 105, 660, 0, 104, 660, 0, 153, 153, 153
L 104, 660, 0, 103, 659, 0, 153, 153, 153
L 103, 659, 0, 95, 659, 0, 153, 153, 153
L 95, 659, 0, 93, 664, 0, 153, 153, 153
L 93, 664, 0, 92, 666, 0, 153, 153, 153
L 92, 666, 0, 91, 670, 0, 153, 153, 153
L 91, 670, 0, 92, 675, 0, 153, 153, 153
L 92, 675, 0, 93, 689, 0, 153, 153, 153
L 93, 689, 0, 93, 692, 0, 153, 153, 153
L 93, 692, 0, 94, 697, 0, 153, 153, 153
L 94, 697, 0, 94, 709, 0, 153, 153, 153
L 94, 709, 0, 93, 712, 0, 153, 153, 153
L 93, 712, 0, 92, 717, 0, 153, 153, 153
L 92, 717, 0, 84, 723, 0, 153, 153, 153
L 84, 723, 0, 78, 727, 0, 153, 153, 153
L 72, 716, 0, 76, 716, 0, 153, 153, 153
L 76, 716, 0, 78, 714, 0, 153, 153, 153
L 78, 714, 0, 79, 712, 0, 153, 153, 153
L 79, 712, 0, 83, 672, 0, 153, 153, 153
L 83, 672, 0, 83, 669, 0, 153, 153, 153
L 83, 669, 0, 78, 665, 0, 153, 153, 153
L 78, 665, 0, 80, 661, 0, 153, 153, 153
L 80, 661, 0, 83, 656, 0, 153, 153, 153
L 83, 656, 0, 88, 653, 0, 153, 153, 153
L 88, 653, 0, 94, 651, 0, 153, 153, 153
L 94, 651, 0, 105, 649, 0, 153, 153, 153
L 105, 649, 0, 112, 652, 0, 153, 153, 153
L 112, 652, 0, 115, 654, 0, 153, 153, 153
L 115, 654, 0, 117, 667, 0, 153, 153, 153
L 117, 667, 0, 119, 678, 0, 153, 153, 153
L 119, 678, 0, 120, 682, 0, 153, 153, 153
L 120, 682, 0, 121, 687, 0, 153, 153, 153
L 121, 687, 0, 122, 687, 0, 153, 153, 153
L 122, 687, 0, 143, 682, 0, 153, 153, 153
L 143, 682, 0, 162, 680, 0, 153, 153, 153
L 162, 680, 0, 164, 684, 0, 153, 153, 153
L 164, 684, 0, 170, 698, 0, 153, 153, 153
L 170, 698, 0, 169, 699, 0, 153, 153, 153
L 169, 699, 0, 167, 704, 0, 153, 153, 153
L 167, 704, 0, 167, 711, 0, 153, 153, 153
L 167, 711, 0, 161, 716, 0, 153, 153, 153
L 153, 717, 0, 152, 715, 0, 153, 153, 153
L 152, 715, 0, 148, 712, 0, 153, 153, 153
L 148, 712, 0, 148, 711, 0, 153, 153, 153
L 148, 711, 0, 146, 712, 0, 153, 153, 153
L 146, 712, 0, 144, 717, 0, 153, 153, 153
L 144, 717, 0, 143, 718, 0, 153, 153, 153
L 143, 718, 0, 131, 718, 0, 153, 153, 153
L 131, 718, 0, 130, 717, 0, 153, 153, 153
L 130, 717, 0, 125, 715, 0, 153, 153, 153
L 125, 715, 0, 117, 710, 0, 153, 153, 153
L 117, 710, 0, 124, 703, 0, 153, 153, 153
L 124, 703, 0, 126, 703, 0, 153, 153, 153
L 126, 703, 0, 136, 704, 0, 153, 153, 153
L 136, 704, 0, 137, 704, 0, 153, 153, 153
L 137, 704, 0, 146, 702, 0, 153, 153, 153
L 146, 702, 0, 141, 698, 0, 153, 153, 153
L 141, 698, 0, 140, 696, 0, 153, 153, 153
L 140, 696, 0, 125, 696, 0, 153, 153, 153
L 125, 696, 0, 115, 701, 0, 153, 153, 153
L 115, 701, 0, 117, 712, 0, 153, 153, 153
L 117, 712, 0, 126, 724, 0, 153, 153, 153
L 126, 724, 0, 127, 726, 0, 153, 153, 153
L 127, 726, 0, 133, 731, 0, 153, 153, 153
L 133, 731, 0, 138, 733, 0, 153, 153, 153
L 138, 733, 0, 147, 737, 0, 153, 153, 153
L 147, 737, 0, 153, 739, 0, 153, 153, 153
L 153, 739, 0, 154, 740, 0, 153, 153, 153
L 154, 740, 0, 161, 742, 0, 153, 153, 153
L 161, 742, 0, 165, 738, 0, 153, 153, 153
L 165, 738, 0, 168, 734, 0, 153, 153, 153
L 168, 734, 0, 171, 729, 0, 153, 153, 153
L 171, 729, 0, 174, 723, 0, 153, 153, 153
L -328, 497, -802, -317, 490, -80, 153, 153, 153
L -317, 490, -80, -317, 475, -80, 153, 153, 153
L -317, 475, -80, -323, 469, -80, 153, 153, 153
L -323, 469, -80, -327, 469, -80, 153, 153, 153
L -327, 469, -80, -328, 459, -79, 153, 153, 153
L -328, 459, -79, -327, 458, -78, 153, 153, 153
L -335, 447, -792, -356, 476, -78, 153, 153, 153
L -356, 476, -78, -356, 492, -75, 153, 153, 153
L -356, 492, -75, -348, 497, -80, 153, 153, 153
L -348, 497, -80, -344, 508, -79, 153, 153, 153
L -344, 508, -79, -326, 512, -78, 153, 153, 153
L -326, 512, -78, -307, 504, -78, 153, 153, 153
L -328, 499, -792, -327, 507, -78, 153, 153, 153
L -327, 507, -78, -308, 489, -78, 153, 153, 153
L -308, 489, -78, -308, 486, -77, 153, 153, 153
L -308, 486, -77, -308, 474, -77, 153, 153, 153
L -308, 474, -77, -321, 461, -78, 153, 153, 153
L -321, 461, -78, -325, 458, -78, 153, 153, 153
L -325, 458, -78, -326, 458, -78, 153, 153, 153
L -326, 458, -78, -328, 459, -79, 153, 153, 153
L -335, 447, -792, -317, 447, -78, 153, 153, 153
L -317, 447, -78, -299, 476, -77, 153, 153, 153
L -299, 476, -77, -273, 476, -75, 153, 153, 153
L -273, 476, -75, -266, 482, -74, 153, 153, 153
L -266, 482, -74, -262, 483, -74, 153, 153, 153
L -262, 483, -74, -251, 497, -73, 153, 153, 153
L -251, 497, -73, -249, 498, -73, 153, 153, 153
L -249, 498, -73, -250, 521, -72, 153, 153, 153
L -257, 520, -732, -260, 503, -73, 153, 153, 153
L -260, 503, -73, -269, 494, -74, 153, 153, 153
L -269, 494, -74, -284, 486, -75, 153, 153, 153
L -284, 486, -75, -289, 488, -76, 153, 153, 153
L -289, 488, -76, -299, 486, -76, 153, 153, 153
L -299, 486, -76, -307, 504, -78, 153, 153, 153
L -307, 504, -78, -326, 512, -78, 153, 153, 153
L -75, 717, -822, -74, 715, -82, 153, 153, 153
L -74, 715, -82, -72, 708, -82, 153, 153, 153
L -72, 708, -82, -65, 680, -82, 153, 153, 153
L -65, 680, -82, -76, 665, -82, 153, 153, 153
L -76, 665, -82, -85, 651, -82, 153, 153, 153
L -85, 651, -82, -86, 650, -82, 153, 153, 153
L -86, 650, -82, -86, 638, -81, 153, 153, 153
L -86, 638, -81, -86, 613, -81, 153, 153, 153
L -86, 613, -81, -86, 612, -80, 153, 153, 153
L -86, 612, -80, -84, 605, -80, 153, 153, 153
L -84, 605, -80, -80, 594, -80, 153, 153, 153
L -80, 594, -80, -84, 588, -80, 153, 153, 153
L -84, 588, -80, -86, 584, -79, 153, 153, 153
L -86, 584, -79, -85, 561, -79, 153, 153, 153
L -85, 561, -79, -86, 551, -79, 153, 153, 153
L -86, 551, -79, -90, 551, -79, 153, 153, 153
L -90, 551, -79, -92, 551, -77, 153, 153, 153
L -92, 551, -77, -102, 541, -76, 153, 153, 153
L -102, 541, -76, -119, 523, -76, 153, 153, 153
L -119, 523, -76, -161, 523, -75, 153, 153, 153
L -161, 523, -75, -162, 525, -75, 153, 153, 153
L -162, 525, -75, -167, 531, -75, 153, 153, 153
L -167, 531, -75, -174, 540, -75, 153, 153, 153
L -174, 540, -75, -175, 541, -74, 153, 153, 153
L -175, 541, -74, -176, 542, -74, 153, 153, 153
L -176, 542, -74, -190, 542, -74, 153, 153, 153
L -190, 542, -74, -191, 542, -73, 153, 153, 153
L -191, 542, -73, -198, 534, -73, 153, 153, 153
L -198, 534, -73, -204, 528, -73, 153, 153, 153
L -204, 528, -73, -208, 528, -73, 153, 153, 153
L -208, 528, -73, -231, 528, -72, 153, 153, 153
L -231, 528, -72, -239, 528, -72, 153, 153, 153
L -239, 528, -72, -249, 523, -72, 153, 153, 153
L -249, 523, -72, -249, 522, -72, 153, 153, 153
L -249, 522, -72, -250, 520, -72, 153, 153, 153
L -258, 515, -732, -257, 518, -73, 153, 153, 153
L -257, 518, -73, -257, 520, -73, 153, 153, 153
L -257, 520, -73, -257, 521, -72, 153, 153, 153
L -257, 521, -72, -258, 523, -72, 153, 153, 153
L -258, 523, -72, -259, 524, -72, 153, 153, 153
L -259, 524, -72, -274, 542, -72, 153, 153, 153
L -274, 542, -72, -278, 545, -72, 153, 153, 153
L -278, 545, -72, -288, 557, -72, 153, 153, 153
L -288, 557, -72, -288, 558, -72, 153, 153, 153
L -288, 558, -72, -280, 573, -72, 153, 153, 153
L -280, 573, -72, -273, 587, -72, 153, 153, 153
L -260, 585, -722, -226, 557, -72, 255, 0, 0
L -226, 557, -72, -192, 556, -72, 255, 0, 0
L -192, 556, -72, -176, 556, -74, 255, 0, 0
L -176, 556, -74, -148, 532, -75, 255, 0, 0
L -148, 532, -75, -147, 531, -75, 255, 0, 0
L -147, 531, -75, -126, 541, -76, 255, 0, 0
L -126, 541, -76, -103, 565, -77, 255, 0, 0
L -103, 565, -77, -102, 610, -80, 255, 0, 0
L -102, 610, -80, -118, 648, -81, 255, 0, 0
L -118, 648, -81, -140, 661, -82, 255, 0, 0
L -24, 792, -1042, -50, 792, -103, 102, 102, 102
L -50, 792, -103, -51, 792, -103, 102, 102, 102
L -51, 792, -103, -57, 751, -92, 102, 102, 102
L -57, 751, -92, -74, 720, -84, 102, 102, 102
L -74, 720, -84, -75, 719, -83, 102, 102, 102
L -75, 719, -83, -70, 697, -82, 102, 102, 102
L -70, 697, -82, -65, 680, -82, 102, 102, 102
L -34, 812, -1042, -75, 812, -103, 102, 102, 102
L -75, 812, -103, -83, 792, -103, 102, 102, 102
L -83, 792, -103, -85, 789, -103, 102, 102, 102
L -85, 789, -103, -107, 757, -94, 102, 102, 102
L -107, 757, -94, -99, 718, -82, 102, 102, 102
L -99, 718, -82, -99, 716, -82, 102, 102, 102
L -99, 716, -82, -113, 711, -82, 102, 102, 102
L -112, 711, -822, -177, 686, -81, 102, 102, 102
L -177, 686, -81, -179, 685, -80, 102, 102, 102
L -179, 685, -80, -190, 688, -80, 102, 102, 102
L -190, 688, -80, -208, 691, -80, 102, 102, 102
L -208, 691, -80, -235, 692, -78, 102, 102, 102
L -219, 675, -792, -214, 673, -80, 102, 102, 102
L -214, 673, -80, -199, 664, -80, 102, 102, 102
L -199, 664, -80, -181, 664, -80, 102, 102, 102
L -181, 664, -80, -163, 664, -81, 102, 102, 102
L -163, 664, -81, -143, 664, -81, 102, 102, 102
L -235, 692, -782, -254, 686, -78, 102, 102, 102
L -254, 686, -78, -252, 670, -78, 102, 102, 102
L -252, 670, -78, -255, 650, -77, 102, 102, 102
L -218, 675, -792, -224, 675, -79, 102, 102, 102
L -224, 675, -79, -225, 675, -79, 102, 102, 102
L -225, 675, -79, -229, 673, -78, 102, 102, 102
L -229, 673, -78, -235, 667, -78, 102, 102, 102
L -235, 667, -78, -246, 649, -77, 102, 102, 102
L -246, 649, -772, -256, 646, -77, 255, 0, 0
L -281, 603, -742, -269, 608, -74, 255, 0, 0
L -269, 608, -74, -259, 604, -74, 255, 0, 0
L -259, 604, -74, -263, 591, -74, 255, 0, 0
L -272, 590, -723, -282, 604, -74, 102, 102, 102
L 154, 718, -883, 144, 732, -89, 102, 102, 102
L 144, 732, -89, 143, 734, -89, 102, 102, 102
L 143, 734, -89, 138, 734, -90, 102, 102, 102
L 138, 734, -90, 137, 734, -90, 102, 102, 102
L 137, 734, -90, 132, 737, -90, 102, 102, 102
L 132, 737, -90, 131, 738, -90, 102, 102, 102
L 131, 738, -90, 129, 739, -90, 102, 102, 102
L 129, 739, -90, 123, 740, -91, 102, 102, 102
L 123, 740, -91, 119, 740, -92, 102, 102, 102
L 119, 740, -92, 102, 743, -97, 102, 102, 102
L 102, 743, -97, 87, 746, -102, 102, 102, 102
L 87, 746, -102, 80, 744, -104, 102, 102, 102
L 80, 744, -104, 77, 744, -104, 102, 102, 102
L 77, 744, -104, 75, 745, -104, 102, 102, 102
L 75, 745, -104, 70, 750, -104, 102, 102, 102
L 70, 750, -104, 69, 750, -104, 102, 102, 102
L 69, 750, -104, 67, 749, -104, 102, 102, 102
L 67, 749, -104, 53, 743, -104, 102, 102, 102
L 53, 743, -104, 49, 743, -104, 102, 102, 102
L 49, 743, -104, 43, 747, -104, 102, 102, 102
L 43, 747, -104, 38, 751, -104, 102, 102, 102
L 38, 751, -104, 37, 751, -104, 102, 102, 102
L 49, 760, -1042, 53, 757, -104, 102, 102, 102
L 53, 757, -104, 54, 756, -104, 102, 102, 102
L 54, 756, -104, 55, 756, -104, 102, 102, 102
L 55, 756, -104, 60, 755, -104, 102, 102, 102
L 60, 755, -104, 65, 755, -104, 102, 102, 102
L 65, 755, -104, 84, 756, -104, 102, 102, 102
L 84, 756, -104, 91, 752, -104, 102, 102, 102
L 91, 752, -104, 92, 751, -103, 102, 102, 102
L 92, 751, -103, 94, 750, -102, 102, 102, 102
L 94, 750, -102, 109, 748, -98, 102, 102, 102
L 109, 748, -98, 121, 747, -94, 102, 102, 102
L 121, 747, -94, 126, 746, -93, 102, 102, 102
L 126, 746, -93, 139, 742, -90, 102, 102, 102
L 139, 742, -90, 152, 735, -89, 102, 102, 102
L 152, 735, -89, 155, 728, -89, 102, 102, 102
L 155, 728, -89, 160, 717, -88, 102, 102, 102
L 28, 751, -1042, 25, 762, -104, 255, 0, 0
L 25, 762, -104, 32, 766, -104, 255, 0, 0
L 32, 766, -104, 46, 762, -104, 255, 0, 0
L 46, 762, -104, 48, 762, -104, 255, 0, 0
L 25, 771, -1042, 22, 770, -104, 255, 0, 0
L 22, 770, -104, 18, 769, -104, 255, 0, 0
L 18, 769, -104, 12, 774, -104, 255, 0, 0
L 12, 774, -104, 18, 781, -104, 255, 0, 0
L 18, 781, -104, 19, 781, -104, 255, 0, 0
L 19, 781, -104, 21, 782, -104, 255, 0, 0
L 21, 782, -104, 26, 781, -104, 255, 0, 0
L 26, 781, -104, 26, 780, -104, 255, 0, 0
L 26, 780, -104, 27, 771, -104, 255, 0, 0
L 19, 788, -1042, 17, 788, -104, 255, 0, 0
L 17, 788, -104, 14, 793, -104, 255, 0, 0
L 14, 793, -104, 14, 798, -104, 255, 0, 0
L 14, 798, -104, 20, 798, -104, 255, 0, 0
L 20, 798, -104, 27, 799, -104, 255, 0, 0
L 27, 799, -104, 27, 796, -104, 255, 0, 0
L 27, 796, -104, 24, 788, -104, 255, 0, 0
L 24, 788, -104, 18, 788, -104, 255, 0, 0
L -33, 812, -1042, -18, 801, -104, 255, 0, 0
L -18, 801, -104, -17, 795, -104, 255, 0, 0
L -17, 795, -104, -22, 791, -104, 255, 0, 0
L -8, 813, -1043, 5, 810, -107, 255, 0, 0
L 5, 810, -107, 0, 811, -104, 255, 0, 0
L 0, 811, -104, 8, 806, -104, 255, 0, 0
L 8, 806, -104, 8, 798, -104, 255, 0, 0
L 8, 798, -104, 0, 793, -104, 255, 0, 0
L 0, 793, -104, -8, 793, -104, 255, 0, 0
L -8, 793, -104, -9, 796, -104, 255, 0, 0
L -9, 796, -104, -8, 802, -104, 255, 0, 0
L -8, 802, -104, -9, 807, -104, 255, 0, 0
L -9, 807, -104, -9, 813, -104, 255, 0, 0
L -9, 813, -104, -7, 813, -104, 255, 0, 0
L 28, 751, -1042, 37, 751, -104, 102, 102, 102
L 37, 751, -104, 49, 743, -104, 102, 102, 102
L 143, 1348, -726, 143, 1348, -72, 153, 0, 0
L 143, 1348, -72, 148, 1309, -76, 153, 0, 0
L 148, 1309, -76, 138, 1241, -80, 153, 0, 0
L 138, 1241, -80, 153, 1189, -79, 153, 0, 0
L 153, 1189, -79, 149, 1134, -75, 153, 0, 0
L 149, 1134, -75, 164, 1107, -85, 153, 0, 0
L 164, 1107, -85, 158, 1092, -72, 153, 0, 0
L 158, 1092, -72, 120, 1066, -74, 153, 0, 0
L 120, 1066, -74, 101, 1028, -73, 153, 0, 0
L 101, 1028, -73, 74, 1018, -73, 153, 0, 0
L 74, 1018, -73, 51, 1003, -70, 153, 0, 0
L 51, 1003, -70, 51, 986, -68, 153, 0, 0
L 51, 986, -68, 63, 974, -68, 153, 0, 0
L 63, 974, -68, 75, 973, -66, 153, 0, 0
L 75, 973, -66, 76, 954, -73, 153, 0, 0
L 76, 954, -73, 65, 916, -101, 153, 0, 0
L 65, 916, -101, 11, 892, -99, 153, 0, 0
L 11, 892, -99, -1, 870, -90, 153, 0, 0
L -1, 870, -90, -7, 835, -91, 153, 0, 0
L -7, 835, -91, -7, 832, -88, 153, 0, 0
L -7, 832, -88, -8, 831, -121, 153, 0, 0
L -8, 831, -121, -31, 815, -116, 153, 0, 0
L -22, 789, -1188, -22, 789, -119, 153, 0, 0
L -22, 789, -119, -16, 777, -117, 153, 0, 0
L -16, 777, -117, -13, 770, -120, 153, 0, 0
L -13, 770, -120, -8, 763, -122, 153, 0, 0
L -8, 763, -122, -8, 759, -122, 153, 0, 0
L -8, 759, -122, 6, 750, -119, 153, 0, 0
L 6, 750, -119, 0, 732, -119, 153, 0, 0
L 0, 732, -119, 9, 714, -118, 153, 0, 0
L 9, 714, -118, 14, 700, -116, 153, 0, 0
L 14, 700, -116, 27, 695, -114, 153, 0, 0
L 27, 695, -114, 34, 695, -114, 153, 0, 0
L 34, 695, -114, 38, 684, -110, 153, 0, 0
L 38, 684, -110, 27, 679, -109, 153, 0, 0
L 27, 679, -109, 21, 669, -110, 153, 0, 0
L 21, 669, -110, 17, 655, -115, 153, 0, 0
L 17, 655, -115, 22, 639, -119, 153, 0, 0
L 22, 639, -119, 23, 626, -119, 153, 0, 0
L 23, 626, -119, 32, 609, -112, 153, 0, 0
L 32, 609, -112, 51, 595, -112, 153, 0, 0
L 51, 595, -112, 56, 577, -117, 153, 0, 0
L 56, 577, -117, 29, 543, -116, 153, 0, 0
L 29, 543, -116, 37, 517, -112, 153, 0, 0
L 37, 517, -112, 34, 490, -112, 153, 0, 0
L 34, 490, -112, 40, 477, -115, 153, 0, 0
L 40, 477, -115, 67, 477, -117, 153, 0, 0
L 67, 477, -117, 81, 470, -112, 153, 0, 0
L 81, 470, -112, 92, 470, -113, 153, 0, 0
L 92, 470, -113, 93, 461, -113, 153, 0, 0
L 93, 461, -113, 116, 449, -111, 153, 0, 0
L 116, 449, -111, 120, 449, -111, 153, 0, 0
L 120, 449, -111, 130, 452, -113, 153, 0, 0
L 130, 452, -113, 126, 466, -114, 153, 0, 0
L 126, 466, -114, 130, 471, -115, 153, 0, 0
L 130, 471, -115, 130, 476, -117, 153, 0, 0
L 130, 476, -117, 123, 495, -111, 153, 0, 0
L 123, 495, -111, 102, 489, -118, 153, 0, 0
L 102, 489, -118, 63, 492, -116, 153, 0, 0
L 63, 492, -116, 51, 489, -117, 153, 0, 0
L 51, 489, -117, 51, 516, -119, 153, 0, 0
L 51, 516, -119, 45, 543, -118, 153, 0, 0
L 45, 543, -118, 66, 563, -112, 153, 0, 0
L 66, 563, -112, 67, 593, -117, 153, 0, 0
L 67, 593, -117, 51, 618, -119, 153, 0, 0
L 51, 618, -119, 48, 623, -118, 153, 0, 0
L 48, 623, -118, 33, 639, -119, 153, 0, 0
L 33, 639, -119, 37, 670, -115, 153, 0, 0
L 37, 670, -115, 46, 671, -115, 153, 0, 0
L 46, 671, -115, 53, 684, -110, 153, 0, 0
L 53, 684, -110, 48, 700, -112, 153, 0, 0
L 48, 700, -112, 33, 709, -112, 153, 0, 0
L 33, 709, -112, 21, 714, -114, 153, 0, 0
L 21, 714, -114, 26, 731, -114, 153, 0, 0
L 26, 731, -114, 27, 749, -112, 153, 0, 0
L 49, 763, -1092, 49, 763, -109, 153, 0, 0
L 49, 763, -109, 57, 781, -116, 153, 0, 0
L 57, 781, -116, 58, 793, -110, 153, 0, 0
L 58, 793, -110, 57, 798, -114, 153, 0, 0
L 57, 798, -114, 51, 806, -114, 153, 0, 0
L 51, 806, -114, 49, 808, -117, 153, 0, 0
L 49, 808, -117, 19, 831, -120, 153, 0, 0
L 19, 831, -120, -8, 831, -120, 153, 0, 0
L 220, 743, -750, 220, 743, -75, 153, 153, 153
L 220, 743, -75, 215, 745, -66, 153, 153, 153
L 215, 745, -66, 204, 738, -65, 153, 153, 153
L 204, 738, -65, 199, 738, -65, 153, 153, 153
L 199, 738, -65, 199, 762, -65, 153, 153, 153
L 199, 762, -65, 205, 764, -65, 153, 153, 153
L 205, 764, -65, 216, 758, -66, 153, 153, 153
L 216, 758, -66, 220, 758, -75, 153, 153, 153
L 143, 1348, -704, 143, 1348, -72, 153, 0, 0
L 143, 1348, -72, 233, 1368, -76, 153, 0, 0
L 233, 1368, -76, 291, 1371, -73, 153, 0, 0
L 291, 1371, -73, 338, 1349, -77, 153, 0, 0
L 338, 1349, -77, 350, 1348, -78, 153, 0, 0
L 350, 1348, -78, 350, 1320, -77, 153, 0, 0
L 350, 1320, -77, 342, 1320, -77, 153, 0, 0
L 342, 1320, -77, 287, 1329, -70, 153, 0, 0
L 287, 1329, -70, 232, 1320, -68, 153, 0, 0
L 232, 1320, -68, 197, 1300, -68, 153, 0, 0
L 197, 1300, -68, 186, 1300, -68, 153, 0, 0
L 186, 1300, -68, 184, 1205, -68, 153, 0, 0
L 184, 1205, -68, 178, 1169, -68, 153, 0, 0
L 178, 1169, -68, 178, 1134, -68, 153, 0, 0
L 178, 1134, -68, 187, 1106, -68, 153, 0, 0
L 187, 1106, -68, 194, 1095, -68, 153, 0, 0
L 194, 1095, -68, 191, 1087, -68, 153, 0, 0
L 191, 1087, -68, 188, 1085, -69, 153, 0, 0
L 188, 1085, -69, 153, 1054, -75, 153, 0, 0
L 153, 1054, -75, 144, 1054, -74, 153, 0, 0
L 144, 1054, -74, 140, 1032, -76, 153, 0, 0
L 140, 1032, -76, 132, 1013, -77, 153, 0, 0
L 132, 1013, -77, 118, 1013, -77, 153, 0, 0
L 118, 1013, -77, 91, 987, -69, 153, 0, 0
L 91, 987, -69, 95, 985, -74, 153, 0, 0
L 95, 985, -74, 139, 995, -82, 153, 0, 0
L 139, 995, -82, 155, 1005, -80, 153, 0, 0
L 155, 1005, -80, 242, 1008, -72, 153, 0, 0
L 242, 1008, -72, 242, 1068, -80, 153, 0, 0
L 242, 1068, -80, 308, 1073, -77, 153, 0, 0
L 308, 1073, -77, 329, 1064, -86, 153, 0, 0
L 329, 1064, -86, 331, 1063, -84, 153, 0, 0
L 331, 1063, -84, 353, 1068, -76, 153, 0, 0
L 353, 1068, -76, 363, 1052, -84, 153, 0, 0
L 363, 1052, -84, 352, 1030, -79, 153, 0, 0
L 352, 1030, -79, 348, 1030, -74, 153, 0, 0
L 348, 1030, -74, 324, 1037, -90, 153, 0, 0
L 324, 1037, -90, 289, 1038, -76, 153, 0, 0
L 289, 1038, -76, 266, 1045, -76, 153, 0, 0
L 266, 1045, -76, 265, 1046, -77, 153, 0, 0
L 265, 1046, -77, 264, 1027, -80, 153, 0, 0
L 264, 1027, -80, 259, 993, -80, 153, 0, 0
L 259, 993, -80, 254, 993, -80, 153, 0, 0
L 254, 993, -80, 206, 981, -84, 153, 0, 0
L 206, 981, -84, 193, 981, -85, 153, 0, 0
L 193, 981, -85, 152, 969, -85, 153, 0, 0
L 152, 969, -85, 139, 969, -85, 153, 0, 0
L 139, 969, -85, 127, 957, -82, 153, 0, 0
L 127, 957, -82, 105, 954, -78, 153, 0, 0
L 105, 954, -78, 76, 954, -73, 153, 0, 0
L 106, 954, -786, 106, 954, -78, 153, 0, 0
L 106, 954, -78, 105, 949, -91, 153, 0, 0
L 105, 949, -91, 107, 910, -97, 153, 0, 0
L 107, 910, -97, 97, 893, -96, 153, 0, 0
L 97, 893, -96, 79, 893, -98, 153, 0, 0
L 79, 893, -98, 40, 873, -98, 153, 0, 0
L 40, 873, -98, 33, 872, -97, 153, 0, 0
L 33, 872, -97, 18, 835, -91, 153, 0, 0
L 18, 835, -91, 19, 831, -123, 153, 0, 0
L 533, 1372, -7, 533, 1372, 0, 255, 255, 0
L 533, 1372, 0, 531, 1372, -1, 255, 255, 0
L 531, 1372, -1, 529, 1321, -1, 255, 255, 0
L 510, 1371, -7, 510, 1371, 0, 255, 255, 0
L 510, 1371, 0, 508, 1323, -1, 255, 255, 0
L 522, 1164, -200, 522, 1164, -20, 153, 0, 0
L 522, 1164, -20, 513, 1174, -22, 153, 0, 0
L 513, 1174, -22, 486, 1176, -21, 153, 0, 0
L 486, 1176, -21, 474, 1164, -24, 153, 0, 0
L 474, 1164, -24, 444, 1164, -25, 153, 0, 0
L 444, 1164, -25, 430, 1174, -22, 153, 0, 0
L 430, 1174, -22, 428, 1176, -21, 153, 0, 0
L 428, 1176, -21, 420, 1194, -16, 153, 0, 0
L 420, 1194, -16, 419, 1201, -15, 153, 0, 0
L 419, 1201, -15, 429, 1216, -20, 153, 0, 0
L 429, 1216, -20, 421, 1232, -26, 153, 0, 0
L 421, 1232, -26, 427, 1253, -26, 153, 0, 0
L 427, 1253, -26, 421, 1265, -23, 153, 0, 0
L 421, 1265, -23, 423, 1273, -22, 153, 0, 0
L 423, 1273, -22, 443, 1274, -20, 153, 0, 0
L 443, 1274, -20, 443, 1323, -20, 153, 0, 0
L 443, 1323, -20, 439, 1326, -20, 153, 0, 0
L 439, 1326, -20, 435, 1325, -20, 153, 0, 0
L 435, 1325, -20, 399, 1325, -20, 153, 0, 0
L 399, 1325, -20, 349, 1321, -68, 153, 0, 0
L 522, 1164, -250, 522, 1164, -25, 153, 0, 0
L 522, 1164, -25, 543, 1164, -24, 153, 0, 0
L 543, 1164, -24, 551, 1174, -22, 153, 0, 0
L 551, 1174, -22, 553, 1176, -21, 153, 0, 0
L 553, 1176, -21, 558, 1187, -18, 153, 0, 0
L 558, 1187, -18, 560, 1215, -16, 153, 0, 0
L 560, 1215, -16, 560, 1241, -17, 153, 0, 0
L 560, 1241, -17, 556, 1268, -18, 153, 0, 0
L 556, 1268, -18, 545, 1299, -17, 153, 0, 0
L 545, 1299, -17, 537, 1312, -15, 153, 0, 0
L 537, 1312, -15, 535, 1324, -13, 153, 0, 0
L 535, 1324, -13, 543, 1331, -19, 153, 0, 0
L 543, 1331, -19, 540, 1351, -15, 153, 0, 0
L 540, 1351, -15, 530, 1359, -14, 153, 0, 0
L 530, 1359, -14, 463, 1359, -14, 153, 0, 0
L 463, 1359, -14, 443, 1340, -17, 153, 0, 0
L 443, 1340, -17, 428, 1339, -18, 153, 0, 0
L 428, 1339, -18, 420, 1341, -17, 153, 0, 0
L 420, 1341, -17, 391, 1341, -18, 153, 0, 0
L 391, 1341, -18, 382, 1347, -18, 153, 0, 0
L 382, 1347, -18, 349, 1347, -69, 153, 0, 0
L 976, 1389, 724, 976, 1389, 72, 153, 0, 0
L 976, 1389, 72, 976, 1346, 73, 153, 0, 0
L 976, 1346, 73, 947, 1344, 73, 153, 0, 0
L 947, 1344, 73, 948, 1309, 74, 153, 0, 0
L 948, 1309, 74, 976, 1309, 74, 153, 0, 0
L 976, 1309, 74, 976, 1265, 74, 153, 0, 0
L 976, 1265, 74, 898, 1187, 73, 153, 0, 0
L 898, 1187, 73, 894, 1187, 74, 153, 0, 0
L 894, 1187, 74, 887, 1198, 73, 153, 0, 0
L 887, 1198, 73, 878, 1206, 74, 153, 0, 0
L 878, 1206, 74, 841, 1215, 62, 153, 0, 0
L 841, 1215, 62, 811, 1216, 64, 153, 0, 0
L 811, 1216, 64, 768, 1206, 64, 153, 0, 0
L 768, 1206, 64, 764, 1202, 64, 153, 0, 0
L 764, 1202, 64, 753, 1187, 72, 153, 0, 0
L 753, 1187, 72, 750, 1186, 73, 153, 0, 0
L 750, 1186, 73, 731, 1205, 65, 153, 0, 0
L 731, 1205, 65, 725, 1204, 65, 153, 0, 0
L 725, 1204, 65, 723, 1204, 66, 153, 0, 0
L 723, 1204, 66, 714, 1191, 64, 153, 0, 0
L 714, 1191, 64, 709, 1190, 63, 153, 0, 0
L 709, 1190, 63, 698, 1185, 61, 153, 0, 0
L 698, 1185, 61, 693, 1185, 61, 153, 0, 0
L 693, 1185, 61, 666, 1177, 64, 153, 0, 0
L 666, 1177, 64, 654, 1177, 66, 153, 0, 0
L 654, 1177, 66, 636, 1165, 66, 153, 0, 0
L 636, 1165, 66, 633, 1165, 66, 153, 0, 0
L 633, 1165, 66, 606, 1148, 63, 153, 0, 0
L 606, 1148, 63, 592, 1148, 62, 153, 0, 0
L 592, 1148, 62, 571, 1137, 65, 153, 0, 0
L 571, 1137, 65, 540, 1128, 67, 153, 0, 0
L 540, 1128, 67, 501, 1117, 67, 153, 0, 0
L 501, 1117, 67, 481, 1117, 67, 153, 0, 0
L 481, 1117, 67, 456, 1135, 69, 153, 0, 0
L 456, 1135, 69, 442, 1164, -25, 153, 0, 0
L 976, 1389, 720, 976, 1389, 72, 153, 0, 0
L 976, 1389, 72, 922, 1342, 66, 153, 0, 0
L 922, 1342, 66, 922, 1312, 65, 153, 0, 0
L 922, 1312, 65, 859, 1291, 62, 153, 0, 0
L 859, 1291, 62, 790, 1291, 62, 153, 0, 0
L 790, 1291, 62, 728, 1309, 64, 153, 0, 0
L 728, 1309, 64, 725, 1340, 65, 153, 0, 0
L 725, 1340, 65, 671, 1389, 72, 153, 0, 0
L 671, 1389, 72, 671, 1346, 66, 153, 0, 0
L 671, 1346, 66, 699, 1346, 66, 153, 0, 0
L 699, 1346, 66, 701, 1311, 65, 153, 0, 0
L 701, 1311, 65, 671, 1309, 64, 153, 0, 0
L 671, 1309, 64, 671, 1265, 58, 153, 0, 0
L 671, 1265, 58, 716, 1220, 64, 153, 0, 0
L 716, 1220, 64, 702, 1205, 69, 153, 0, 0
L 702, 1205, 69, 681, 1195, 73, 153, 0, 0
L 681, 1195, 73, 656, 1190, 74, 153, 0, 0
L 656, 1190, 74, 626, 1182, 74, 153, 0, 0
L 626, 1182, 74, 601, 1169, 74, 153, 0, 0
L 601, 1169, 74, 582, 1166, 73, 153, 0, 0
L 582, 1166, 73, 570, 1154, 74, 153, 0, 0
L 570, 1154, 74, 544, 1157, 74, 153, 0, 0
L 544, 1157, 74, 543, 1164, -20, 153, 0, 0
L 445, 1004, -556, 445, 1004, -55, 153, 0, 0
L 445, 1004, -55, 441, 1002, -57, 153, 0, 0
L 441, 1002, -57, 412, 1002, -64, 153, 0, 0
L 412, 1002, -64, 397, 1015, -63, 153, 0, 0
L 397, 1015, -63, 391, 1016, -60, 153, 0, 0
L 391, 1016, -60, 351, 1031, -73, 153, 0, 0
L 445, 1004, -528, 445, 1004, -52, 153, 0, 0
L 445, 1004, -52, 456, 1017, -52, 153, 0, 0
L 456, 1017, -52, 451, 1021, -51, 153, 0, 0
L 451, 1021, -51, 454, 1034, -50, 153, 0, 0
L 454, 1034, -50, 433, 1040, -50, 153, 0, 0
L 433, 1040, -50, 398, 1045, -49, 153, 0, 0
L 398, 1045, -49, 361, 1052, -70, 153, 0, 0
L 456, 1017, -410, 456, 1017, -41, 153, 0, 0
L 456, 1017, -41, 462, 1015, -14, 153, 0, 0
L 462, 1015, -14, 470, 1004, -17, 153, 0, 0
L 470, 1004, -17, 482, 1000, -20, 153, 0, 0
L 482, 1000, -20, 482, 975, -28, 153, 0, 0
L 482, 975, -28, 489, 973, -28, 153, 0, 0
L 445, 1004, -352, 445, 1004, -35, 153, 0, 0
L 445, 1004, -35, 451, 1005, -14, 153, 0, 0
L 451, 1005, -14, 458, 993, -15, 153, 0, 0
L 458, 993, -15, 471, 992, -17, 153, 0, 0
L 471, 992, -17, 469, 972, -18, 153, 0, 0
L 469, 972, -18, 472, 962, -21, 153, 0, 0
L 472, 962, -21, 490, 962, -26, 153, 0, 0
L -280, 603, -1106, -280, 603, -110, 153, 0, 0
L -280, 603, -110, -268, 609, -117, 153, 0, 0
L -268, 609, -117, -257, 641, -118, 153, 0, 0
L -257, 641, -118, -208, 648, -110, 153, 0, 0
L -208, 648, -110, -174, 635, -108, 153, 0, 0
L -174, 635, -108, -142, 659, -108, 153, 0, 0
L -142, 659, -108, -119, 647, -108, 153, 0, 0
P 484, 962, 0, 0, 0, 0, 2, SolA
P 520, 1084, 0, 0, 0, 0, 2, SolA
P 403, 367, 0, 0, 0, 0, 2, SolA
P 519, 270, 0, 0, 0, 0, 2, SolA
P 577, 170, 0, 0, 0, 0, 2, SolA
P 261, 418, 0, 0, 0, 0, 2, Lavastorm
P 263, 424, 0, 255, 255, 255, 2, Succor_Point
