L 933, 0, 0, -989, 0, 0, 140, 140, 140
L  0,794, 0, 0, -319, 0, 140, 140, 140
L 100, 794, 0, 100, -319, 0, 220, 220, 220
L 200, 794, 0, 200, -319, 0, 220, 220, 220
L 300, 794, 0, 300, -319, 0, 220, 220, 220
L 400, 794, 0, 400, -319, 0, 220, 220, 220
L 500, 794, 0, 500, -319, 0, 220, 220, 220
L 600, 794, 0, 600, -319, 0, 220, 220, 220
L 700, 794, 0, 700, -319, 0, 220, 220, 220
L 800, 794, 0, 800, -319, 0, 220, 220, 220
L 900, 794, 0, 900, -319, 0, 220, 220, 220
L -100, 794, 0, -100, -319, 0, 220, 220, 220
L -200, 794, 0, -200, -319, 0, 220, 220, 220
L -300, 794, 0, -300, -319, 0, 220, 220, 220
L -400, 794, 0, -400, -319, 0, 220, 220, 220
L -500, 794, 0, -500, -319, 0, 220, 220, 220
L -600, 794, 0, -600, -319, 0, 220, 220, 220
L -700, 794, 0, -700, -319, 0, 220, 220, 220
L -800, 794, 0, -800, -319, 0, 220, 220, 220
L -900, 794, 0, -900, -319, 0, 220, 220, 220
L 933, 100, 0, -989, 100, 0, 220, 220, 220
L 933, 200, 0, -989, 200, 0, 220, 220, 220
L 933, 300, 0, -989, 300, 0, 220, 220, 220
L 933, 400, 0, -989, 400, 0, 220, 220, 220
L 933, 500, 0, -989, 500, 0, 220, 220, 220
L 933, 600, 0, -989, 600, 0, 220, 220, 220
L 933, 700, 0, -989, 700, 0, 220, 220, 220
L 933, -100, 0, -989, -100, 0, 220, 220, 220
L 933, -200, 0, -989, -200, 0, 220, 220, 220
L 933, -300, 0, -989, -300, 0, 220, 220, 220
P 943, 5, 0, 0, 0, 0, 3, 0
P 5,804, 0, 0, 0, 0, 3, 0
P 105,804, 0, 0, 0, 0, 3, 100
P 205,804, 0, 0, 0, 0, 3, 200
P 305,804, 0, 0, 0, 0, 3, 300
P 405,804, 0, 0, 0, 0, 3, 400
P 505,804, 0, 0, 0, 0, 3, 500
P 605,804, 0, 0, 0, 0, 3, 600
P 705,804, 0, 0, 0, 0, 3, 700
P 805,804, 0, 0, 0, 0, 3, 800
P 905,804, 0, 0, 0, 0, 3, 900
P -95,804, 0, 0, 0, 0, 3, -100
P -195,804, 0, 0, 0, 0, 3, -200
P -295,804, 0, 0, 0, 0, 3, -300
P -395,804, 0, 0, 0, 0, 3, -400
P -495,804, 0, 0, 0, 0, 3, -500
P -595,804, 0, 0, 0, 0, 3, -600
P -695,804, 0, 0, 0, 0, 3, -700
P -795,804, 0, 0, 0, 0, 3, -800
P -895,804, 0, 0, 0, 0, 3, -900
P 943, 105, 0, 0, 0, 0, 3, 100
P 943, 205, 0, 0, 0, 0, 3, 200
P 943, 305, 0, 0, 0, 0, 3, 300
P 943, 405, 0, 0, 0, 0, 3, 400
P 943, 505, 0, 0, 0, 0, 3, 500
P 943, 605, 0, 0, 0, 0, 3, 600
P 943, 705, 0, 0, 0, 0, 3, 700
P 943, -95, 0, 0, 0, 0, 3, -100
P 943, -195, 0, 0, 0, 0, 3, -200
P 943, -295, 0, 0, 0, 0, 3, -300
