L 15994, -634, -17, 15977, -637, -1, 153, 0, 0
L 15977, -637, -1, 15888, -646, -1, 153, 0, 0
L 15888, -646, -1, 15437, -232, 14, 153, 0, 0
L 15437, -232, 14, 15081, 117, 0, 153, 0, 0
L 15081, 117, 0, 14768, 424, -1, 153, 0, 0
L 14768, 424, -1, 14479, 726, 29, 153, 0, 0
L 14479, 726, 29, 14201, 998, 57, 153, 0, 0
L 14201, 998, 57, 14054, 1137, 58, 153, 0, 0
L 14054, 1137, 58, 13865, 1329, 40, 153, 0, 0
L 13865, 1329, 40, 13550, 1648, 3, 153, 0, 0
L 13550, 1648, 3, 13363, 1840, -1, 153, 0, 0
L 13363, 1840, -1, 13270, 1842, -1, 153, 0, 0
L 13270, 1842, -1, 13217, 1839, -1, 153, 0, 0
L 13217, 1839, -1, 12756, 1839, -1, 153, 0, 0
L 12756, 1839, -1, 12623, 1948, -1, 153, 0, 0
L 12623, 1948, -1, 12292, 2292, 47, 153, 0, 0
L 12292, 2292, 47, 11994, 2581, 17, 153, 0, 0
L 11994, 2581, 17, 11821, 2767, 7, 153, 0, 0
L 11821, 2767, 7, 11684, 2777, 36, 153, 0, 0
L 11684, 2777, 36, 11378, 2779, 67, 153, 0, 0
L 11378, 2779, 67, 11199, 2777, 69, 153, 0, 0
L 11199, 2777, 69, 11021, 2775, 60, 153, 0, 0
L 11021, 2775, 60, 10754, 2774, 30, 153, 0, 0
L 10754, 2774, 30, 10664, 2766, 34, 153, 0, 0
L 10664, 2766, 34, 10607, 2761, 40, 153, 0, 0
L 10607, 2761, 40, 10410, 2930, 34, 153, 0, 0
L 10410, 2930, 34, 10298, 3052, 37, 153, 0, 0
L 10298, 3052, 37, 10218, 3091, 38, 153, 0, 0
L 10218, 3091, 38, 10134, 3076, 38, 153, 0, 0
L 10134, 3076, 38, 9512, 3075, 34, 153, 0, 0
L 9512, 3075, 34, 9333, 3075, 16, 153, 0, 0
L 9333, 3075, 16, 8887, 3075, 16, 153, 0, 0
L 8887, 3075, 16, 8814, 3091, 15, 153, 0, 0
L 8814, 3091, 15, 8758, 3092, 15, 153, 0, 0
L 8758, 3092, 15, 8663, 3049, 21, 153, 0, 0
L 8663, 3049, 21, 8564, 2927, 34, 153, 0, 0
L 8564, 2927, 34, 8405, 2773, 19, 153, 0, 0
L 8405, 2773, 19, 8281, 2645, 30, 153, 0, 0
L 8281, 2645, 30, 7961, 2337, 40, 153, 0, 0
L 7961, 2337, 40, 7877, 2207, 28, 153, 0, 0
L 7877, 2207, 28, 7782, 2132, 18, 153, 0, 0
L 7782, 2132, 18, 7442, 2145, 20, 153, 0, 0
L 7442, 2145, 20, 7307, 2147, 20, 153, 0, 0
L 7307, 2147, 20, 7251, 2157, 21, 153, 0, 0
L 7251, 2157, 21, 7176, 2156, 21, 153, 0, 0
L 7176, 2156, 21, 7108, 2119, 16, 153, 0, 0
L 7108, 2119, 16, 7046, 2039, 4, 153, 0, 0
L 7046, 2039, 4, 6768, 1749, 0, 153, 0, 0
L 6768, 1749, 0, 6426, 1398, 31, 153, 0, 0
L 6426, 1398, 31, 6265, 1244, 37, 153, 0, 0
L 6265, 1244, 37, 6140, 1118, 27, 153, 0, 0
L 6140, 1118, 27, 5942, 927, 1, 153, 0, 0
L 5942, 927, 1, 5855, 906, -1, 153, 0, 0
L 5855, 906, -1, 5784, 916, -1, 153, 0, 0
L 5784, 916, -1, 5643, 911, 16, 153, 0, 0
L 5643, 911, 16, 4613, 904, 16, 153, 0, 0
L 4613, 904, 16, 4401, 902, 17, 153, 0, 0
L 4401, 902, 17, 4380, 755, 21, 153, 0, 0
L 4380, 755, 21, 4374, 635, 20, 153, 0, 0
L 4374, 635, 20, 4277, 498, 5, 153, 0, 0
L 4277, 498, 5, 3897, 123, -1, 153, 0, 0
L 3897, 123, -1, 3775, -7, -1, 153, 0, 0
L 3775, -7, -1, 3693, -22, -1, 153, 0, 0
L 3693, -22, -1, 3471, -8, -1, 153, 0, 0
L 3471, -8, -1, 2982, -7, -1, 153, 0, 0
L 2982, -7, -1, 2538, 0, -2, 153, 0, 0
L 2538, 0, -2, 2227, -5, -7, 153, 0, 0
L 2227, -5, -7, 2050, -5, -2, 153, 0, 0
L 2050, -5, -2, 1473, -10, -1, 153, 0, 0
L 1473, -10, -1, 983, -11, -4, 153, 0, 0
L 983, -11, -4, 559, -13, -4, 153, 0, 0
L 559, -13, -4, 284, 229, -4, 153, 0, 0
L 284, 229, -4, -28, -38, -4, 153, 0, 0
L 12, 58, -35, 12, 58, -3, 153, 153, 153
L 12, 58, -3, 42, 84, -3, 153, 153, 153
L 42, 84, -3, 50, 90, -3, 153, 153, 153
L 50, 90, -3, 65, 103, -3, 153, 153, 153
L 65, 103, -3, 72, 110, -3, 153, 153, 153
L 72, 110, -3, 92, 127, -3, 153, 153, 153
L 92, 127, -3, 100, 133, -3, 153, 153, 153
L 100, 133, -3, 134, 163, -3, 153, 153, 153
L 134, 163, -3, 145, 172, -3, 153, 153, 153
L 145, 172, -3, 172, 196, -3, 153, 153, 153
L 153, 179, -3, 153, 179, -3, 153, 153, 153
L 172, 196, -3, 208, 227, -3, 153, 153, 153
L 208, 227, -3, 218, 235, -3, 153, 153, 153
L 218, 235, -3, 227, 243, -3, 153, 153, 153
L 227, 243, -3, 237, 251, -3, 153, 153, 153
L 237, 251, -3, 260, 271, -3, 153, 153, 153
L 260, 271, -3, 272, 282, -3, 153, 153, 153
L 272, 282, -3, 283, 290, -3, 153, 153, 153
L 283, 290, -3, 291, 288, 0, 153, 153, 153
L 291, 288, 0, 301, 283, 2, 153, 153, 153
L 301, 283, 2, 312, 276, 2, 153, 153, 153
L 312, 276, 2, 324, 269, 0, 153, 153, 153
L 324, 269, 0, 345, 256, -3, 153, 153, 153
L 345, 256, -3, 396, 228, -3, 153, 153, 153
L 396, 228, -3, 530, 36, -3, 153, 153, 153
L 530, 36, -3, 740, 28, -3, 153, 153, 153
L 740, 28, -3, 782, 29, -3, 153, 153, 153
L 782, 29, -3, 905, 29, -3, 153, 153, 153
L 823, 29, -3, 823, 29, -3, 153, 153, 153
L 863, 29, -3, 863, 29, -3, 153, 153, 153
L 905, 29, -3, 918, 30, -3, 153, 153, 153
L 918, 30, -3, 931, 33, 0, 153, 153, 153
L 931, 33, 0, 943, 38, 2, 153, 153, 153
L 943, 38, 2, 966, 47, 11, 153, 153, 153
L 966, 47, 11, 978, 53, 15, 153, 153, 153
L 978, 53, 15, 989, 59, 20, 153, 153, 153
L 989, 59, 20, 1016, 70, 29, 153, 153, 153
L 1016, 70, 29, 1038, 82, 41, 153, 153, 153
L 1038, 82, 41, 1049, 84, 44, 153, 153, 153
L 1049, 84, 44, 1060, 85, 46, 153, 153, 153
L 1060, 85, 46, 1072, 87, 48, 153, 153, 153
L 1072, 87, 48, 1085, 88, 50, 153, 153, 153
L 1085, 88, 50, 1096, 90, 52, 153, 153, 153
L 1096, 90, 52, 1132, 95, 56, 153, 153, 153
L 1132, 95, 56, 1145, 96, 57, 153, 153, 153
L 1145, 96, 57, 1156, 98, 58, 153, 153, 153
L 1156, 98, 58, 1168, 99, 57, 153, 153, 153
L 1168, 99, 57, 1178, 101, 54, 153, 153, 153
L 1178, 101, 54, 1190, 102, 52, 153, 153, 153
L 1190, 102, 52, 1205, 104, 48, 153, 153, 153
L 1205, 104, 48, 1233, 118, 48, 153, 153, 153
L 1233, 118, 48, 1241, 128, 53, 153, 153, 153
L 1241, 128, 53, 1247, 140, 53, 153, 153, 153
L 1247, 140, 53, 1254, 161, 51, 153, 153, 153
L 1254, 161, 51, 1299, 276, 50, 153, 153, 153
L 1299, 276, 50, 1307, 293, 49, 153, 153, 153
L 1307, 293, 49, 1317, 322, 49, 153, 153, 153
L 1317, 322, 49, 1327, 353, 50, 153, 153, 153
L 1327, 353, 50, 1340, 392, 52, 153, 153, 153
L 1340, 392, 52, 1345, 405, 52, 153, 153, 153
L 1345, 405, 52, 1348, 418, 53, 153, 153, 153
L 1348, 418, 53, 1349, 430, 55, 153, 153, 153
L 1349, 430, 55, 1351, 443, 58, 153, 153, 153
L 1351, 443, 58, 1352, 473, 60, 153, 153, 153
L 1352, 473, 60, 1352, 485, 60, 153, 153, 153
L 1352, 485, 60, 1352, 514, 61, 153, 153, 153
L 1352, 514, 61, 1352, 555, 68, 153, 153, 153
L 1352, 555, 68, 1352, 611, 82, 153, 153, 153
L 1352, 611, 82, 1352, 623, 86, 153, 153, 153
L 1352, 623, 86, 1350, 636, 90, 153, 153, 153
L 1350, 636, 90, 1348, 648, 94, 153, 153, 153
L 1348, 648, 94, 1346, 661, 98, 153, 153, 153
L 1346, 661, 98, 1345, 673, 102, 153, 153, 153
L 1345, 673, 102, 1346, 686, 105, 153, 153, 153
L 1346, 686, 105, 1347, 701, 108, 153, 153, 153
L 1347, 701, 108, 1350, 718, 112, 153, 153, 153
L 1350, 718, 112, 1356, 757, 119, 153, 153, 153
L 1356, 757, 119, 1356, 770, 118, 153, 153, 153
L 1356, 770, 118, 1354, 782, 116, 153, 153, 153
L 1354, 782, 116, 1346, 806, 116, 153, 153, 153
L 1346, 806, 116, 1339, 821, 116, 153, 153, 153
L 1339, 821, 116, 1333, 832, 118, 153, 153, 153
L 1333, 832, 118, 1325, 841, 120, 153, 153, 153
L 1325, 841, 120, 1315, 853, 122, 153, 153, 153
L 1315, 853, 122, 1307, 862, 125, 153, 153, 153
L 1307, 862, 125, 1298, 871, 127, 153, 153, 153
L 1298, 871, 127, 1289, 880, 130, 153, 153, 153
L 1289, 880, 130, 1280, 888, 133, 153, 153, 153
L 1280, 888, 133, 1271, 897, 136, 153, 153, 153
L 1271, 897, 136, 1243, 922, 145, 153, 153, 153
L 1243, 922, 145, 1239, 939, 144, 153, 153, 153
L 1239, 939, 144, 1239, 949, 142, 153, 153, 153
L 1239, 949, 142, 1240, 961, 143, 153, 153, 153
L 1240, 961, 143, 1240, 974, 147, 153, 153, 153
L 1240, 974, 147, 1241, 987, 150, 153, 153, 153
L 1241, 987, 150, 1243, 1000, 154, 153, 153, 153
L 1243, 1000, 154, 1246, 1012, 158, 153, 153, 153
L 1246, 1012, 158, 1251, 1032, 163, 153, 153, 153
L 1251, 1032, 163, 1278, 1152, 199, 153, 153, 153
L 1260, 1072, 175, 1260, 1072, 175, 153, 153, 153
L 1269, 1112, 187, 1269, 1112, 187, 153, 153, 153
L 1278, 1152, 199, 1284, 1179, 208, 153, 153, 153
L 1284, 1179, 208, 1287, 1192, 212, 153, 153, 153
L 1287, 1192, 212, 1287, 1204, 216, 153, 153, 153
L 1287, 1204, 216, 1287, 1217, 219, 153, 153, 153
L 1287, 1217, 219, 1287, 1261, 216, 153, 153, 153
L 1287, 1261, 216, 1289, 1274, 214, 153, 153, 153
L 1289, 1274, 214, 1290, 1287, 213, 153, 153, 153
L 1290, 1287, 213, 1294, 1299, 210, 153, 153, 153
L 1294, 1299, 210, 1298, 1314, 207, 153, 153, 153
L 1298, 1314, 207, 1303, 1330, 204, 153, 153, 153
L 1303, 1330, 204, 1306, 1342, 202, 153, 153, 153
L 1306, 1342, 202, 1308, 1355, 200, 153, 153, 153
L 1308, 1355, 200, 1322, 1434, 186, 153, 153, 153
L 1315, 1394, 193, 1315, 1394, 193, 153, 153, 153
L 1322, 1434, 186, 1329, 1475, 178, 153, 153, 153
L 1329, 1475, 178, 1336, 1515, 172, 153, 153, 153
L 1336, 1515, 172, 1343, 1555, 168, 153, 153, 153
L 1343, 1555, 168, 1350, 1596, 163, 153, 153, 153
L 1350, 1596, 163, 1356, 1636, 159, 153, 153, 153
L 1356, 1636, 159, 1358, 1648, 157, 153, 153, 153
L 1358, 1648, 157, 1360, 1674, 155, 153, 153, 153
L 1360, 1674, 155, 1359, 1686, 155, 153, 153, 153
L 1359, 1686, 155, 1359, 1699, 158, 153, 153, 153
L 1359, 1699, 158, 1356, 1754, 176, 153, 153, 153
L 1356, 1754, 176, 1354, 1766, 181, 153, 153, 153
L 1354, 1766, 181, 1351, 1778, 182, 153, 153, 153
L 1351, 1778, 182, 1347, 1798, 183, 153, 153, 153
L 1347, 1798, 183, 1344, 1810, 185, 153, 153, 153
L 1344, 1810, 185, 1340, 1822, 186, 153, 153, 153
L 1340, 1822, 186, 1335, 1834, 188, 153, 153, 153
L 1335, 1834, 188, 1329, 1845, 192, 153, 153, 153
L 1329, 1845, 192, 1270, 1938, 227, 153, 153, 153
L 1312, 1872, 202, 1312, 1872, 202, 153, 153, 153
L 1290, 1906, 215, 1290, 1906, 215, 153, 153, 153
L 1270, 1938, 227, 1267, 1950, 228, 153, 153, 153
L 1267, 1950, 228, 1267, 1961, 226, 153, 153, 153
L 1267, 1961, 226, 1268, 1979, 224, 153, 153, 153
L 1268, 1979, 224, 1268, 1991, 222, 153, 153, 153
L 1268, 1991, 222, 1268, 2007, 221, 153, 153, 153
L 1268, 2007, 221, 1269, 2020, 220, 153, 153, 153
L 1269, 2020, 220, 1269, 2033, 219, 153, 153, 153
L 1269, 2033, 219, 1270, 2059, 217, 153, 153, 153
L 1270, 2059, 217, 1271, 2099, 215, 153, 153, 153
L 1271, 2099, 215, 1272, 2140, 212, 153, 153, 153
L 1272, 2140, 212, 1272, 2153, 212, 153, 153, 153
L 1272, 2153, 212, 1273, 2181, 214, 153, 153, 153
L 1273, 2181, 214, 1274, 2221, 219, 153, 153, 153
L 1274, 2221, 219, 1276, 2262, 224, 153, 153, 153
L 1276, 2262, 224, 1276, 2295, 228, 153, 153, 153
L 1276, 2295, 228, 1277, 2307, 229, 153, 153, 153
L 1277, 2307, 229, 1277, 2319, 225, 153, 153, 153
L 1277, 2319, 225, 1279, 2376, 200, 153, 153, 153
L 1278, 2342, 215, 1278, 2342, 215, 153, 153, 153
L 1279, 2376, 200, 1279, 2389, 195, 153, 153, 153
L 1279, 2389, 195, 1279, 2401, 189, 153, 153, 153
L 1279, 2401, 189, 1280, 2422, 180, 153, 153, 153
L 1280, 2422, 180, 1281, 2463, 165, 153, 153, 153
L 1281, 2463, 165, 1281, 2476, 164, 153, 153, 153
L 1281, 2476, 164, 1282, 2504, 161, 153, 153, 153
L 1282, 2504, 161, 1283, 2544, 158, 153, 153, 153
L 1283, 2544, 158, 1284, 2585, 154, 153, 153, 153
L 1284, 2585, 154, 1286, 2626, 152, 153, 153, 153
L 1286, 2626, 152, 1287, 2667, 152, 153, 153, 153
L 1287, 2667, 152, 1288, 2708, 151, 153, 153, 153
L 1288, 2708, 151, 1289, 2748, 151, 153, 153, 153
L 1289, 2748, 151, 1290, 2789, 148, 153, 153, 153
L 1290, 2789, 148, 1291, 2829, 143, 153, 153, 153
L 1291, 2829, 143, 1292, 2870, 139, 153, 153, 153
L 1292, 2870, 139, 1293, 2910, 134, 153, 153, 153
L 1293, 2910, 134, 1294, 2922, 134, 153, 153, 153
L 1294, 2922, 134, 1295, 2950, 143, 153, 153, 153
L 1295, 2950, 143, 1297, 3031, 167, 153, 153, 153
L 1296, 2990, 155, 1296, 2990, 155, 153, 153, 153
L 1297, 3031, 167, 1298, 3071, 176, 153, 153, 153
L 1298, 3071, 176, 1299, 3111, 179, 153, 153, 153
L 1299, 3111, 179, 1302, 3232, 185, 153, 153, 153
L 1300, 3151, 181, 1300, 3151, 181, 153, 153, 153
L 1302, 3232, 185, 1303, 3273, 180, 153, 153, 153
L 1303, 3273, 180, 1305, 3313, 175, 153, 153, 153
L 1305, 3313, 175, 1306, 3353, 169, 153, 153, 153
L 1306, 3353, 169, 1307, 3393, 171, 153, 153, 153
L 1307, 3393, 171, 1308, 3433, 174, 153, 153, 153
L 1308, 3433, 174, 1309, 3473, 176, 153, 153, 153
L 1309, 3473, 176, 1310, 3513, 179, 153, 153, 153
L 1310, 3513, 179, 1311, 3553, 180, 153, 153, 153
L 1311, 3553, 180, 1312, 3594, 177, 153, 153, 153
L 1312, 3594, 177, 1313, 3634, 175, 153, 153, 153
L 1313, 3634, 175, 1315, 3674, 171, 153, 153, 153
L 1315, 3674, 171, 1317, 3754, 157, 153, 153, 153
L 1316, 3714, 164, 1316, 3714, 164, 153, 153, 153
L 1317, 3754, 157, 1318, 3794, 151, 153, 153, 153
L 1318, 3794, 151, 1319, 3834, 144, 153, 153, 153
L 1319, 3834, 144, 1320, 3864, 145, 153, 153, 153
L 1320, 3864, 145, 1320, 3877, 148, 153, 153, 153
L 1320, 3877, 148, 1321, 3889, 151, 153, 153, 153
L 1321, 3889, 151, 1321, 3900, 154, 153, 153, 153
L 1321, 3900, 154, 1321, 3912, 158, 153, 153, 153
L 1321, 3912, 158, 1322, 3939, 165, 153, 153, 153
L 1322, 3939, 165, 1322, 3950, 168, 153, 153, 153
L 1322, 3950, 168, 1323, 3964, 171, 153, 153, 153
L 1323, 3964, 171, 1323, 3976, 161, 153, 153, 153
L 1323, 3976, 161, 1323, 3988, 153, 153, 153, 153
L 1323, 3988, 153, 1324, 3999, 144, 153, 153, 153
L 1324, 3999, 144, 1324, 4020, 127, 153, 153, 153
L 1324, 4020, 127, 1324, 4031, 116, 153, 153, 153
L 1324, 4031, 116, 1325, 4042, 108, 153, 153, 153
L 1325, 4042, 108, 1325, 4050, 100, 153, 153, 153
L 1325, 4050, 100, 1325, 4059, 92, 153, 153, 153
L 1325, 4059, 92, 1325, 4068, 83, 153, 153, 153
L 1325, 4068, 83, 1326, 4077, 67, 153, 153, 153
L 1326, 4077, 67, 1326, 4088, 56, 153, 153, 153
L 1326, 4088, 56, 1326, 4098, 42, 153, 153, 153
L 1326, 4098, 42, 1328, 4154, -33, 153, 153, 153
L 1328, 4154, -33, 1329, 4189, -61, 153, 153, 153
L 1329, 4189, -61, 1329, 4201, -63, 153, 153, 153
L 1329, 4201, -63, 1330, 4214, -65, 153, 153, 153
L 1330, 4214, -65, 1330, 4229, -68, 153, 153, 153
L 1330, 4229, -68, 1330, 4242, -70, 153, 153, 153
L 1330, 4242, -70, 1331, 4252, -72, 153, 153, 153
L 1331, 4252, -72, 1331, 4269, -72, 153, 153, 153
L 1331, 4269, -72, 1331, 4277, -71, 153, 153, 153
L 1331, 4277, -71, 1332, 4288, -70, 153, 153, 153
L 1332, 4288, -70, 1332, 4299, -69, 153, 153, 153
L 1332, 4299, -69, 1332, 4310, -69, 153, 153, 153
L 1332, 4310, -69, 1333, 4321, -69, 153, 153, 153
L 1333, 4321, -69, 1333, 4357, -69, 153, 153, 153
L 1333, 4345, -69, 1333, 4345, -69, 153, 153, 153
L 1333, 4357, -69, 1334, 4368, -69, 153, 153, 153
L 1334, 4368, -69, 1334, 4391, -69, 153, 153, 153
L 1334, 4391, -69, 1335, 4403, -69, 153, 153, 153
L 1335, 4403, -69, 1335, 4426, -69, 153, 153, 153
L 1335, 4426, -69, 1336, 4438, -69, 153, 153, 153
L 1336, 4438, -69, 1336, 4445, -69, 153, 153, 153
L 1336, 4445, -69, 1796, 4445, -69, 153, 153, 153
L 1346, 4445, -69, 1346, 4445, -69, 153, 153, 153
L 1378, 4445, -69, 1378, 4445, -69, 153, 153, 153
L 1411, 4445, -69, 1411, 4445, -69, 153, 153, 153
L 1444, 4445, -69, 1444, 4445, -69, 153, 153, 153
L 1477, 4445, -69, 1477, 4445, -69, 153, 153, 153
L 1565, 4445, -69, 1565, 4445, -69, 153, 153, 153
L 1598, 4445, -69, 1598, 4445, -69, 153, 153, 153
L 1818, 4445, -691, 1829, 4445, -69, 153, 153, 153
L 1829, 4445, -69, 15480, 4437, -69, 153, 153, 153
L 1873, 4445, -69, 1873, 4445, -69, 153, 153, 153
L 1928, 4445, -69, 1928, 4445, -69, 153, 153, 153
L 1995, 4445, -69, 1995, 4445, -69, 153, 153, 153
L 15633, 4240, -653, 15538, 4237, -64, 0, 0, 0
L 15538, 4237, -64, 15386, 4236, -65, 0, 0, 0
L 15386, 4236, -65, 15263, 4240, -65, 0, 0, 0
L 15263, 4240, -65, 14935, 4243, -65, 0, 0, 0
L 14935, 4243, -65, 14811, 4239, -64, 0, 0, 0
L 14811, 4239, -64, 14736, 4237, -64, 0, 0, 0
L 14736, 4237, -64, 14647, 4238, -65, 0, 0, 0
L 14647, 4238, -65, 14452, 4180, -65, 0, 0, 0
L 14452, 4180, -65, 14370, 4176, -65, 0, 0, 0
L 14370, 4176, -65, 14164, 4172, -65, 0, 0, 0
L 14164, 4172, -65, 13849, 4171, -65, 0, 0, 0
L 13849, 4171, -65, 13768, 4170, -65, 0, 0, 0
L 13768, 4170, -65, 13567, 4203, -65, 0, 0, 0
L 13567, 4203, -65, 13403, 4216, -65, 0, 0, 0
L 13403, 4216, -65, 13240, 4237, -65, 0, 0, 0
L 13240, 4237, -65, 12953, 4243, -65, 0, 0, 0
L 12953, 4243, -65, 10896, 4243, -65, 0, 0, 0
L 12747, 4243, -65, 12747, 4243, -65, 0, 0, 0
L 12706, 4243, -65, 12706, 4243, -65, 0, 0, 0
L 12541, 4243, -65, 12541, 4243, -65, 0, 0, 0
L 10896, 4243, -65, 10771, 4241, -65, 0, 0, 0
L 10771, 4241, -65, 10609, 4241, -65, 0, 0, 0
L 10609, 4241, -65, 10516, 4243, -65, 0, 0, 0
L 10516, 4243, -65, 10445, 4243, -65, 0, 0, 0
L 10445, 4243, -65, 10363, 4244, -65, 0, 0, 0
L 10363, 4244, -65, 10281, 4244, -65, 0, 0, 0
L 10281, 4244, -65, 10159, 4241, -65, 0, 0, 0
L 10159, 4241, -65, 9994, 4240, -65, 0, 0, 0
L 9994, 4240, -65, 9829, 4243, -65, 0, 0, 0
L 9829, 4243, -65, 9049, 4243, -65, 0, 0, 0
L 9049, 4243, -65, 8879, 4185, -65, 0, 0, 0
L 8879, 4185, -65, 8774, 4180, -65, 0, 0, 0
L 8774, 4180, -65, 8593, 4088, -65, 0, 0, 0
L 8593, 4088, -65, 8534, 4066, -65, 0, 0, 0
L 8534, 4066, -65, 8484, 4019, -65, 0, 0, 0
L 8484, 4019, -65, 8354, 3964, -65, 0, 0, 0
L 8354, 3964, -65, 8067, 3947, -65, 0, 0, 0
L 8067, 3947, -65, 7479, 3944, -64, 0, 0, 0
L 7479, 3944, -64, 7027, 3946, -65, 0, 0, 0
L 7027, 3946, -65, 6782, 3972, -65, 0, 0, 0
L 6782, 3972, -65, 6721, 3975, -65, 0, 0, 0
L 6721, 3975, -65, 6621, 3996, -65, 0, 0, 0
L 6621, 3996, -65, 6426, 4147, -65, 0, 0, 0
L 6426, 4147, -65, 6314, 4179, -66, 0, 0, 0
L 6314, 4179, -66, 6110, 4207, -65, 0, 0, 0
L 6110, 4207, -65, 5988, 4213, -65, 0, 0, 0
L 5988, 4213, -65, 5785, 4239, -65, 0, 0, 0
L 5785, 4239, -65, 5663, 4242, -65, 0, 0, 0
L 5663, 4242, -65, 5501, 4219, -65, 0, 0, 0
L 5501, 4219, -65, 5051, 4212, -65, 0, 0, 0
L 5051, 4212, -65, 4886, 4215, -65, 0, 0, 0
L 4886, 4215, -65, 4681, 4215, -65, 0, 0, 0
L 4681, 4215, -65, 4147, 4208, -65, 0, 0, 0
L 4147, 4208, -65, 4106, 4208, -65, 0, 0, 0
L 4106, 4208, -65, 3943, 4187, -66, 0, 0, 0
L 3943, 4187, -66, 3615, 4187, -65, 0, 0, 0
L 3615, 4187, -65, 3533, 4188, -65, 0, 0, 0
L 3533, 4188, -65, 3350, 4013, -65, 0, 0, 0
L 3350, 4013, -65, 3330, 3997, -66, 0, 0, 0
L 3330, 3997, -66, 3304, 3988, -65, 0, 0, 0
L 3304, 3988, -65, 3092, 3968, -66, 0, 0, 0
L 3092, 3968, -66, 3010, 3965, -66, 0, 0, 0
L 3010, 3965, -66, 2723, 3981, -65, 0, 0, 0
L 2723, 3981, -65, 2685, 3981, -65, 0, 0, 0
L 2685, 3981, -65, 2575, 3999, -65, 0, 0, 0
L 2575, 3999, -65, 2372, 4127, -65, 0, 0, 0
L 2372, 4127, -65, 2295, 4132, -65, 0, 0, 0
L 2295, 4132, -65, 2058, 4061, -65, 0, 0, 0
L 2058, 4061, -65, 2032, 4060, -65, 0, 0, 0
L 2032, 4060, -65, 2015, 4006, -66, 0, 0, 0
L 2015, 4006, -66, 1918, 3943, -65, 0, 0, 0
L 1918, 3943, -65, 1754, 3930, -65, 0, 0, 0
L 1754, 3930, -65, 1561, 3995, -65, 0, 0, 0
L 1561, 3995, -65, 1456, 4153, -65, 0, 0, 0
L 2314, 2882, 377, 2220, 2780, 23, 153, 0, 0
L 2220, 2780, 23, 2201, 2743, 22, 153, 0, 0
L 2201, 2743, 22, 2198, 2704, 23, 153, 0, 0
L 2198, 2704, 23, 2202, 2679, 22, 153, 0, 0
L 2202, 2679, 22, 2211, 2637, 21, 153, 0, 0
L 2211, 2637, 21, 2212, 2612, 21, 153, 0, 0
L 2212, 2612, 21, 2214, 2581, 21, 153, 0, 0
L 2214, 2581, 21, 2218, 2489, 20, 153, 0, 0
L 2218, 2489, 20, 2218, 2321, 1, 153, 0, 0
L 2218, 2321, 1, 2217, 2170, 15, 153, 0, 0
L 2217, 2170, 15, 2217, 2047, 20, 153, 0, 0
L 2217, 2047, 20, 2217, 1883, 8, 153, 0, 0
L 2217, 1883, 8, 2217, 1103, 0, 153, 0, 0
L 2217, 1103, 0, 2217, 938, 14, 153, 0, 0
L 2217, 938, 14, 2217, 733, 20, 153, 0, 0
L 2217, 733, 20, 2217, 487, 23, 153, 0, 0
L 2217, 487, 23, 2217, 363, 11, 153, 0, 0
L 2217, 363, 11, 2217, 281, 0, 153, 0, 0
L 2217, 281, 0, 2217, 240, 0, 153, 0, 0
L 2217, 240, 0, 2216, 186, 0, 153, 0, 0
L 2216, 186, 0, 2212, 158, 0, 153, 0, 0
L 2212, 158, 0, 2210, 132, -1, 153, 0, 0
L 2210, 132, -1, 2209, 117, -1, 153, 0, 0
L 2209, 117, -1, 2207, 76, -3, 153, 0, 0
L 2207, 76, -3, 2205, 35, -4, 153, 0, 0
L 2416, 476, 419, 2416, 476, 41, 153, 153, 153
L 2416, 476, 41, 2422, 473, 42, 153, 153, 153
L 2422, 473, 42, 2441, 484, 41, 153, 153, 153
L 2441, 484, 41, 2442, 508, 41, 153, 153, 153
L 2442, 508, 41, 2452, 527, 40, 153, 153, 153
L 2452, 527, 40, 2433, 537, 40, 153, 153, 153
L 2433, 537, 40, 2423, 520, 40, 153, 153, 153
L 2423, 520, 40, 2402, 508, 41, 153, 153, 153
L 2402, 508, 41, 2402, 484, 41, 153, 153, 153
L 2402, 484, 41, 2405, 482, 41, 153, 153, 153
L 4229, 747, 410, 4234, 741, 40, 153, 153, 153
L 4234, 741, 40, 4256, 741, 38, 153, 153, 153
L 4256, 741, 38, 4269, 761, 36, 153, 153, 153
L 4269, 761, 36, 4286, 773, 34, 153, 153, 153
L 4286, 773, 34, 4278, 789, 34, 153, 153, 153
L 4278, 789, 34, 4260, 783, 37, 153, 153, 153
L 4260, 783, 37, 4237, 783, 40, 153, 153, 153
L 4237, 783, 40, 4222, 763, 42, 153, 153, 153
L 4222, 763, 42, 4224, 757, 42, 153, 153, 153
L 33, -10, -24, 38, -4, -3, 153, 153, 153
L 38, -4, -3, 47, 2, -3, 153, 153, 153
L 47, 2, -3, 59, 3, -2, 153, 153, 153
L 59, 3, -2, 85, 4, 5, 153, 153, 153
L 85, 4, 5, 96, 5, 9, 153, 153, 153
L 96, 5, 9, 124, 6, 18, 153, 153, 153
L 124, 6, 18, 159, 1, 45, 153, 153, 153
L 159, 1, 45, 167, 5, 44, 153, 153, 153
L 167, 5, 44, 174, 14, 42, 153, 153, 153
L 174, 14, 42, 208, 58, 36, 153, 153, 153
L 185, 28, 40, 185, 28, 40, 153, 153, 153
L 208, 58, 36, 232, 87, 32, 153, 153, 153
L 232, 87, 32, 255, 117, 27, 153, 153, 153
L 255, 117, 27, 270, 135, 25, 153, 153, 153
L 270, 135, 25, 277, 144, 23, 153, 153, 153
L 277, 144, 23, 283, 153, 22, 153, 153, 153
L 283, 153, 22, 292, 157, 23, 153, 153, 153
L 292, 157, 23, 304, 155, 11, 153, 153, 153
L 304, 155, 11, 312, 150, -3, 153, 153, 153
L 312, 150, -3, 319, 135, 0, 153, 153, 153
L 319, 135, 0, 326, 126, 2, 153, 153, 153
L 326, 126, 2, 334, 117, 6, 153, 153, 153
L 334, 117, 6, 353, 97, 14, 153, 153, 153
L 353, 97, 14, 378, 71, 18, 153, 153, 153
L 378, 71, 18, 388, 63, 16, 153, 153, 153
L 388, 63, 16, 408, 47, 4, 153, 153, 153
L 408, 47, 4, 437, 22, -3, 153, 153, 153
L 437, 22, -3, 465, -3, -3, 153, 153, 153
L 465, -3, -3, 493, -29, -3, 153, 153, 153
L 493, -29, -3, 521, -54, -3, 153, 153, 153
L 521, -54, -3, 537, -69, 1, 153, 153, 153
L 537, -69, 1, 545, -73, 15, 153, 153, 153
L 545, -73, 15, 557, -78, 32, 153, 153, 153
L 557, -78, 32, 587, -81, 41, 153, 153, 153
L 587, -81, 41, 626, -84, 42, 153, 153, 153
L 626, -84, 42, 665, -88, 45, 153, 153, 153
L 665, -88, 45, 678, -89, 47, 153, 153, 153
L 678, -89, 47, 690, -90, 50, 153, 153, 153
L 690, -90, 50, 706, -91, 53, 153, 153, 153
L 706, -91, 53, 747, -95, 49, 153, 153, 153
L 747, -95, 49, 787, -98, 44, 153, 153, 153
L 787, -98, 44, 828, -102, 49, 153, 153, 153
L 828, -102, 49, 869, -105, 54, 153, 153, 153
L 869, -105, 54, 909, -109, 59, 153, 153, 153
L 909, -109, 59, 921, -110, 61, 153, 153, 153
L 921, -110, 61, 934, -112, 64, 153, 153, 153
L 934, -112, 64, 946, -113, 64, 153, 153, 153
L 946, -113, 64, 958, -115, 62, 153, 153, 153
L 958, -115, 62, 988, -118, 58, 153, 153, 153
L 988, -118, 58, 1027, -123, 57, 153, 153, 153
L 1027, -123, 57, 1067, -128, 60, 153, 153, 153
L 1067, -128, 60, 1107, -133, 58, 153, 153, 153
L 1107, -133, 58, 1145, -137, 54, 153, 153, 153
L 1145, -137, 54, 1171, -140, 50, 153, 153, 153
L 1171, -140, 50, 1183, -142, 47, 153, 153, 153
L 1183, -142, 47, 1210, -161, 58, 153, 153, 153
L 1210, -161, 58, 1218, -171, 63, 153, 153, 153
L 1218, -171, 63, 1224, -184, 64, 153, 153, 153
L 1224, -184, 64, 1229, -200, 66, 153, 153, 153
L 1229, -200, 66, 1229, -212, 69, 153, 153, 153
L 1229, -212, 69, 1221, -243, 78, 153, 153, 153
L 1221, -243, 78, 1216, -255, 82, 153, 153, 153
L 1216, -255, 82, 1212, -267, 86, 153, 153, 153
L 1212, -267, 86, 1205, -277, 91, 153, 153, 153
L 1205, -277, 91, 1197, -287, 95, 153, 153, 153
L 1197, -287, 95, 1186, -313, 104, 153, 153, 153
L 1186, -313, 104, 1186, -324, 107, 153, 153, 153
L 1186, -324, 107, 1186, -335, 109, 153, 153, 153
L 1186, -335, 109, 1186, -351, 113, 153, 153, 153
L 1186, -351, 113, 1187, -364, 116, 153, 153, 153
L 1187, -364, 116, 1187, -396, 122, 153, 153, 153
L 1187, -396, 122, 1187, -447, 126, 153, 153, 153
L 1187, -422, 124, 1187, -422, 124, 153, 153, 153
L 1187, -447, 126, 1188, -467, 127, 153, 153, 153
L 1188, -467, 127, 1189, -479, 127, 153, 153, 153
L 1189, -479, 127, 1194, -514, 133, 153, 153, 153
L 1194, -514, 133, 1195, -528, 135, 153, 153, 153
L 1195, -528, 135, 1196, -543, 138, 153, 153, 153
L 1196, -543, 138, 1192, -555, 142, 153, 153, 153
L 1192, -555, 142, 1188, -585, 146, 153, 153, 153
L 1188, -585, 146, 1189, -598, 147, 153, 153, 153
L 1189, -598, 147, 1190, -635, 149, 153, 153, 153
L 1190, -635, 149, 1192, -677, 151, 153, 153, 153
L 1192, -677, 151, 1195, -719, 154, 153, 153, 153
L 1195, -719, 154, 1199, -802, 160, 153, 153, 153
L 1199, -802, 160, 1201, -845, 166, 153, 153, 153
L 1201, -845, 166, 1203, -886, 170, 153, 153, 153
L 1203, -886, 170, 1205, -928, 172, 153, 153, 153
L 1205, -928, 172, 1206, -960, 174, 153, 153, 153
L 1206, -960, 174, 1207, -974, 175, 153, 153, 153
L 1207, -974, 175, 1207, -1012, 178, 153, 153, 153
L 1207, -1012, 178, 1208, -1054, 181, 153, 153, 153
L 1208, -1054, 181, 1208, -1096, 184, 153, 153, 153
L 1208, -1096, 184, 1209, -1137, 195, 153, 153, 153
L 1209, -1137, 195, 1209, -1180, 207, 153, 153, 153
L 1209, -1180, 207, 1210, -1221, 220, 153, 153, 153
L 1210, -1221, 220, 1210, -1263, 233, 153, 153, 153
L 1210, -1263, 233, 1211, -1305, 245, 153, 153, 153
L 1211, -1305, 245, 1211, -1347, 258, 153, 153, 153
L 1211, -1347, 258, 1212, -1388, 271, 153, 153, 153
L 1212, -1388, 271, 1212, -1430, 291, 153, 153, 153
L 1212, -1430, 291, 1212, -1452, 305, 153, 153, 153
L 1212, -1452, 305, 1212, -1465, 310, 153, 153, 153
L 1212, -1465, 310, 1210, -1478, 313, 153, 153, 153
L 1210, -1478, 313, 1205, -1490, 316, 153, 153, 153
L 1205, -1490, 316, 1209, -1490, 316, 153, 153, 153
L 1209, -1490, 316, 1218, -1490, 315, 153, 153, 153
L 1218, -1490, 315, 1219, -1489, 315, 153, 153, 153
L 1219, -1489, 315, 1219, -1488, 315, 153, 153, 153
L 1219, -1488, 315, 1227, -1490, 314, 153, 153, 153
L 1227, -1490, 314, 1235, -1490, 314, 153, 153, 153
L 1235, -1490, 314, 1238, -1490, 313, 153, 153, 153
L 1238, -1490, 313, 1245, -1490, 313, 153, 153, 153
L 1245, -1490, 313, 1265, -1490, 311, 153, 153, 153
L 1265, -1490, 311, 1291, -1490, 304, 153, 153, 153
L 1291, -1490, 304, 1422, -1490, 263, 153, 153, 153
L 1326, -1490, 293, 1326, -1490, 293, 153, 153, 153
L 1422, -1490, 263, 1439, -1490, 258, 153, 153, 153
L 1439, -1490, 258, 1477, -1490, 258, 153, 153, 153
L 1477, -1490, 258, 1515, -1489, 258, 153, 153, 153
L 1515, -1489, 258, 1570, -1489, 258, 153, 153, 153
L 1553, -1489, 258, 1553, -1489, 258, 153, 153, 153
L 1570, -1489, 258, 1588, -1489, 255, 153, 153, 153
L 1588, -1489, 255, 1600, -1489, 252, 153, 153, 153
L 1600, -1489, 252, 1671, -1489, 236, 153, 153, 153
L 1671, -1489, 236, 1710, -1489, 226, 153, 153, 153
L 1710, -1489, 226, 1749, -1489, 218, 153, 153, 153
L 1749, -1489, 218, 1907, -1489, 266, 153, 153, 153
L 1907, -1489, 266, 1947, -1489, 277, 153, 153, 153
L 1947, -1489, 277, 2065, -1489, 277, 153, 153, 153
L 1986, -1489, 277, 1986, -1489, 277, 153, 153, 153
L 2065, -1489, 277, 2098, -1489, 278, 153, 153, 153
L 2098, -1489, 278, 2108, -1487, 278, 153, 153, 153
L 2108, -1487, 278, 2106, -1482, 272, 153, 153, 153
L 2106, -1482, 272, 2110, -1473, 262, 153, 153, 153
L 2110, -1473, 262, 2119, -1466, 247, 153, 153, 153
L 2119, -1466, 247, 2132, -1470, 253, 153, 153, 153
L 2132, -1470, 253, 2141, -1478, 267, 153, 153, 153
L 2141, -1478, 267, 2149, -1489, 284, 153, 153, 153
L 2149, -1489, 284, 2157, -1489, 285, 153, 153, 153
L 2157, -1489, 285, 2168, -1489, 287, 153, 153, 153
L 2168, -1489, 287, 2194, -1486, 285, 153, 153, 153
L 2194, -1486, 285, 2223, -1488, 291, 153, 153, 153
L 2223, -1488, 291, 2236, -1489, 292, 153, 153, 153
L 2236, -1489, 292, 2248, -1489, 293, 153, 153, 153
L 2248, -1489, 293, 2359, -1489, 293, 153, 153, 153
L 2347, -1489, 293, 2347, -1489, 293, 153, 153, 153
L 2359, -1489, 293, 2381, -1489, 285, 153, 153, 153
L 2381, -1489, 285, 2394, -1489, 279, 153, 153, 153
L 2394, -1489, 279, 2406, -1489, 274, 153, 153, 153
L 2406, -1489, 274, 2427, -1489, 264, 153, 153, 153
L 2427, -1489, 264, 2508, -1489, 228, 153, 153, 153
L 2468, -1489, 246, 2468, -1489, 246, 153, 153, 153
L 2508, -1489, 228, 2548, -1489, 219, 153, 153, 153
L 2548, -1489, 219, 2585, -1489, 226, 153, 153, 153
L 2585, -1489, 226, 2597, -1488, 228, 153, 153, 153
L 2597, -1488, 228, 2615, -1488, 231, 153, 153, 153
L 2615, -1488, 231, 2628, -1488, 234, 153, 153, 153
L 2628, -1488, 234, 2665, -1488, 240, 153, 153, 153
L 2665, -1488, 240, 2677, -1488, 243, 153, 153, 153
L 2677, -1488, 243, 2709, -1488, 259, 153, 153, 153
L 2709, -1488, 259, 2751, -1488, 278, 153, 153, 153
L 2751, -1488, 278, 2782, -1488, 293, 153, 153, 153
L 2782, -1488, 293, 2794, -1488, 298, 153, 153, 153
L 2794, -1488, 298, 2829, -1488, 305, 153, 153, 153
L 2829, -1488, 305, 2867, -1488, 303, 153, 153, 153
L 2867, -1488, 303, 2931, -1488, 298, 153, 153, 153
L 2931, -1488, 298, 2954, -1488, 297, 153, 153, 153
L 2954, -1488, 297, 2983, -1488, 295, 153, 153, 153
L 2983, -1488, 295, 3058, -1488, 262, 153, 153, 153
L 3020, -1488, 279, 3020, -1488, 279, 153, 153, 153
L 3058, -1488, 262, 3069, -1488, 256, 153, 153, 153
L 3069, -1488, 256, 3095, -1488, 245, 153, 153, 153
L 3095, -1488, 245, 3139, -1488, 225, 153, 153, 153
L 3139, -1488, 225, 3181, -1488, 217, 153, 153, 153
L 3181, -1488, 217, 3223, -1488, 215, 153, 153, 153
L 3223, -1488, 215, 3264, -1488, 212, 153, 153, 153
L 3264, -1488, 212, 3306, -1488, 214, 153, 153, 153
L 3306, -1488, 214, 3348, -1488, 227, 153, 153, 153
L 3348, -1488, 227, 3390, -1488, 239, 153, 153, 153
L 3390, -1488, 239, 3431, -1488, 250, 153, 153, 153
L 3431, -1488, 250, 3591, -1488, 288, 153, 153, 153
L 3591, -1488, 288, 3604, -1488, 290, 153, 153, 153
L 3604, -1488, 290, 3680, -1488, 270, 153, 153, 153
L 3639, -1488, 281, 3639, -1488, 281, 153, 153, 153
L 3680, -1488, 270, 3720, -1487, 260, 153, 153, 153
L 3720, -1487, 260, 3802, -1487, 240, 153, 153, 153
L 3802, -1487, 240, 4045, -1487, 283, 153, 153, 153
L 4045, -1487, 283, 4086, -1487, 284, 153, 153, 153
L 4086, -1487, 284, 4126, -1487, 284, 153, 153, 153
L 4126, -1487, 284, 4167, -1487, 283, 153, 153, 153
L 4167, -1487, 283, 4221, -1487, 283, 153, 153, 153
L 4208, -1487, 283, 4208, -1487, 283, 153, 153, 153
L 4221, -1487, 283, 4233, -1487, 278, 153, 153, 153
L 4233, -1487, 278, 4275, -1487, 257, 153, 153, 153
L 4257, -1487, 266, 4257, -1487, 266, 153, 153, 153
L 4275, -1487, 257, 4303, -1487, 242, 153, 153, 153
L 4303, -1487, 242, 4329, -1487, 230, 153, 153, 153
L 4329, -1487, 230, 4369, -1487, 214, 153, 153, 153
L 4369, -1487, 214, 4410, -1487, 221, 153, 153, 153
L 4410, -1487, 221, 4533, -1487, 239, 153, 153, 153
L 4451, -1487, 227, 4451, -1487, 227, 153, 153, 153
L 4492, -1487, 233, 4492, -1487, 233, 153, 153, 153
L 4533, -1487, 239, 4696, -1487, 235, 153, 153, 153
L 4656, -1487, 236, 4656, -1487, 236, 153, 153, 153
L 4696, -1487, 235, 4737, -1487, 235, 153, 153, 153
L 4737, -1487, 235, 4778, -1487, 234, 153, 153, 153
L 4778, -1487, 234, 4819, -1486, 234, 153, 153, 153
L 4819, -1486, 234, 4860, -1486, 238, 153, 153, 153
L 4860, -1486, 238, 4982, -1486, 268, 153, 153, 153
L 4942, -1486, 258, 4942, -1486, 258, 153, 153, 153
L 4982, -1486, 268, 5024, -1486, 263, 153, 153, 153
L 5024, -1486, 263, 5064, -1486, 254, 153, 153, 153
L 5064, -1486, 254, 5145, -1486, 238, 153, 153, 153
L 5104, -1486, 246, 5104, -1486, 246, 153, 153, 153
L 5145, -1486, 238, 5171, -1486, 245, 153, 153, 153
L 5171, -1486, 245, 5267, -1486, 278, 153, 153, 153
L 5267, -1486, 278, 5428, -1486, 359, 153, 153, 153
L 5428, -1486, 359, 5511, -1486, 386, 153, 153, 153
L 5511, -1486, 386, 5656, -1486, 421, 153, 153, 153
L 5656, -1486, 421, 5677, -1486, 422, 153, 153, 153
L 5677, -1486, 422, 5817, -1486, 395, 153, 153, 153
L 5817, -1486, 395, 5879, -1486, 352, 153, 153, 153
L 5879, -1486, 352, 5891, -1477, 329, 153, 153, 153
L 5891, -1477, 329, 5886, -1466, 317, 153, 153, 153
L 5886, -1466, 317, 5889, -1454, 303, 153, 153, 153
L 5889, -1454, 303, 5893, -1443, 286, 153, 153, 153
L 5893, -1443, 286, 5897, -1436, 258, 153, 153, 153
L 5897, -1436, 258, 5907, -1445, 266, 153, 153, 153
L 5907, -1445, 266, 5926, -1467, 287, 153, 153, 153
L 5926, -1467, 287, 5951, -1485, 299, 153, 153, 153
L 5951, -1485, 299, 5961, -1485, 293, 153, 153, 153
L 5961, -1485, 293, 5972, -1485, 285, 153, 153, 153
L 5972, -1485, 285, 5990, -1485, 278, 153, 153, 153
L 5990, -1485, 278, 6066, -1485, 246, 153, 153, 153
L 6066, -1485, 246, 6092, -1485, 242, 153, 153, 153
L 6092, -1485, 242, 6187, -1485, 261, 153, 153, 153
L 6117, -1485, 247, 6117, -1485, 247, 153, 153, 153
L 6187, -1485, 261, 6228, -1485, 270, 153, 153, 153
L 6228, -1485, 270, 6268, -1485, 272, 153, 153, 153
L 6268, -1485, 272, 6388, -1485, 272, 153, 153, 153
L 6308, -1485, 272, 6308, -1485, 272, 153, 153, 153
L 6348, -1485, 272, 6348, -1485, 272, 153, 153, 153
L 6388, -1485, 272, 6469, -1485, 288, 153, 153, 153
L 6428, -1485, 280, 6428, -1485, 280, 153, 153, 153
L 6469, -1485, 288, 6510, -1485, 297, 153, 153, 153
L 6510, -1485, 297, 6551, -1485, 305, 153, 153, 153
L 6551, -1485, 305, 6592, -1485, 315, 153, 153, 153
L 6592, -1485, 315, 6633, -1485, 324, 153, 153, 153
L 6633, -1485, 324, 6674, -1485, 334, 153, 153, 153
L 6674, -1485, 334, 6715, -1485, 336, 153, 153, 153
L 6715, -1485, 336, 7037, -1484, 299, 153, 153, 153
L 7037, -1484, 299, 7195, -1484, 240, 153, 153, 153
L 7195, -1484, 240, 7247, -1484, 229, 153, 153, 153
L 7247, -1484, 229, 7314, -1484, 216, 153, 153, 153
L 7314, -1484, 216, 7394, -1484, 205, 153, 153, 153
L 7394, -1484, 205, 7554, -1484, 204, 153, 153, 153
L 7554, -1484, 204, 7594, -1484, 211, 153, 153, 153
L 7594, -1484, 211, 7675, -1484, 223, 153, 153, 153
L 7675, -1484, 223, 7714, -1484, 230, 153, 153, 153
L 7714, -1484, 230, 7917, -1484, 262, 153, 153, 153
L 7797, -1484, 243, 7797, -1484, 243, 153, 153, 153
L 7917, -1484, 262, 8041, -1484, 323, 153, 153, 153
L 8041, -1484, 323, 8083, -1484, 337, 153, 153, 153
L 8083, -1484, 337, 8330, -1483, 325, 153, 153, 153
L 8330, -1483, 325, 8371, -1483, 334, 153, 153, 153
L 8371, -1483, 334, 8412, -1483, 332, 153, 153, 153
L 8412, -1483, 332, 8453, -1483, 327, 153, 153, 153
L 8453, -1483, 327, 8564, -1483, 312, 153, 153, 153
L 8564, -1483, 312, 8612, -1483, 270, 153, 153, 153
L 8612, -1483, 270, 8652, -1483, 236, 153, 153, 153
L 8652, -1483, 236, 8691, -1483, 204, 153, 153, 153
L 8691, -1483, 204, 8704, -1483, 207, 153, 153, 153
L 8704, -1483, 207, 8792, -1483, 237, 153, 153, 153
L 8792, -1483, 237, 8818, -1483, 245, 153, 153, 153
L 8818, -1483, 245, 8851, -1483, 257, 153, 153, 153
L 8851, -1483, 257, 8900, -1483, 277, 153, 153, 153
L 8900, -1483, 277, 8932, -1483, 293, 153, 153, 153
L 8932, -1483, 293, 9059, -1483, 352, 153, 153, 153
L 9059, -1483, 352, 9075, -1483, 359, 153, 153, 153
L 9075, -1483, 359, 9088, -1483, 356, 153, 153, 153
L 9088, -1483, 356, 9100, -1483, 338, 153, 153, 153
L 9100, -1483, 338, 9134, -1483, 303, 153, 153, 153
L 9134, -1483, 303, 9174, -1483, 250, 153, 153, 153
L 9174, -1483, 250, 9187, -1483, 255, 153, 153, 153
L 9124, 677, 534, 9124, 677, 53, 153, 153, 153
L 9124, 677, 53, 9111, 691, 53, 153, 153, 153
L 9111, 691, 53, 9091, 686, 52, 153, 153, 153
L 9091, 686, 52, 9085, 667, 52, 153, 153, 153
L 9085, 667, 52, 9100, 652, 51, 153, 153, 153
L 9100, 652, 51, 9120, 657, 53, 153, 153, 153
L 9120, 657, 53, 9124, 677, 50, 153, 153, 153
L 15957, 4437, -635, 15957, 4437, -63, 255, 0, 255
L 15957, 4437, -63, 15961, -1477, 233, 255, 0, 255
L 15962, -1477, 2273, 15962, -1477, 227, 153, 153, 153
L 15962, -1477, 227, 11929, -1480, 249, 153, 153, 153
L 15632, 4240, -650, 15632, 4240, -65, 153, 153, 153
L 15632, 4240, -65, 15828, 4242, -65, 153, 153, 153
L 15828, 4242, -65, 15955, 4240, -65, 153, 153, 153
L 15478, 4437, -655, 15478, 4437, -65, 153, 153, 153
L 15478, 4437, -65, 15955, 4437, -65, 153, 153, 153
P 9075, 675, 0, 255, 255, 255, 2, Ogre_Camp
P 4225, 760, 0, 255, 255, 255, 2, Guard_Tower
P 2400, 500, 0, 255, 255, 255, 2, Guard_Tower
P 15400, 1350, 0, 255, 255, 0, 2, N_Karana
P 16400, 1350, 0, 0, 0, 0, 2, .
P 150, 100, 0, 255, 255, 0, 2, Qeynos_Hills
P -83, -508, 0, 255, 255, 255, 2, Succor_Point
