L 2259, 0, 0, -2232, 0, 0, 140, 140, 140
L  0,2638, 0, 0, -2436, 0, 140, 140, 140
L 500, 2638, 0, 500, -2436, 0, 220, 220, 220
L 1000, 2638, 0, 1000, -2436, 0, 220, 220, 220
L 1500, 2638, 0, 1500, -2436, 0, 220, 220, 220
L 2000, 2638, 0, 2000, -2436, 0, 220, 220, 220
L -500, 2638, 0, -500, -2436, 0, 220, 220, 220
L -1000, 2638, 0, -1000, -2436, 0, 220, 220, 220
L -1500, 2638, 0, -1500, -2436, 0, 220, 220, 220
L -2000, 2638, 0, -2000, -2436, 0, 220, 220, 220
L 2259, 500, 0, -2232, 500, 0, 220, 220, 220
L 2259, 1000, 0, -2232, 1000, 0, 220, 220, 220
L 2259, 1500, 0, -2232, 1500, 0, 220, 220, 220
L 2259, 2000, 0, -2232, 2000, 0, 220, 220, 220
L 2259, 2500, 0, -2232, 2500, 0, 220, 220, 220
L 2259, -500, 0, -2232, -500, 0, 220, 220, 220
L 2259, -1000, 0, -2232, -1000, 0, 220, 220, 220
L 2259, -1500, 0, -2232, -1500, 0, 220, 220, 220
L 2259, -2000, 0, -2232, -2000, 0, 220, 220, 220
P 2269, 5, 0, 0, 0, 0, 3, 0
P 5,2648, 0, 0, 0, 0, 3, 0
P 505,2648, 0, 0, 0, 0, 3, 500
P 1005,2648, 0, 0, 0, 0, 3, 1000
P 1505,2648, 0, 0, 0, 0, 3, 1500
P 2005,2648, 0, 0, 0, 0, 3, 2000
P -495,2648, 0, 0, 0, 0, 3, -500
P -995,2648, 0, 0, 0, 0, 3, -1000
P -1495,2648, 0, 0, 0, 0, 3, -1500
P -1995,2648, 0, 0, 0, 0, 3, -2000
P 2269, 505, 0, 0, 0, 0, 3, 500
P 2269, 1005, 0, 0, 0, 0, 3, 1000
P 2269, 1505, 0, 0, 0, 0, 3, 1500
P 2269, 2005, 0, 0, 0, 0, 3, 2000
P 2269, 2505, 0, 0, 0, 0, 3, 2500
P 2269, -495, 0, 0, 0, 0, 3, -500
P 2269, -995, 0, 0, 0, 0, 3, -1000
P 2269, -1495, 0, 0, 0, 0, 3, -1500
P 2269, -1995, 0, 0, 0, 0, 3, -2000
