L 1333.0000, 0, 0, -2901.0000, 0, 0, 140, 140, 140
L  0,1885.0000, 0, 0, -4153.0000, 0, 140, 140, 140
L 500, 1885.0000, 0, 500, -4153.0000, 0, 220, 220, 220
L 1000, 1885.0000, 0, 1000, -4153.0000, 0, 220, 220, 220
L -500, 1885.0000, 0, -500, -4153.0000, 0, 220, 220, 220
L -1000, 1885.0000, 0, -1000, -4153.0000, 0, 220, 220, 220
L -1500, 1885.0000, 0, -1500, -4153.0000, 0, 220, 220, 220
L -2000, 1885.0000, 0, -2000, -4153.0000, 0, 220, 220, 220
L -2500, 1885.0000, 0, -2500, -4153.0000, 0, 220, 220, 220
L 1333.0000, 500, 0, -2901.0000, 500, 0, 220, 220, 220
L 1333.0000, 1000, 0, -2901.0000, 1000, 0, 220, 220, 220
L 1333.0000, 1500, 0, -2901.0000, 1500, 0, 220, 220, 220
L 1333.0000, -500, 0, -2901.0000, -500, 0, 220, 220, 220
L 1333.0000, -1000, 0, -2901.0000, -1000, 0, 220, 220, 220
L 1333.0000, -1500, 0, -2901.0000, -1500, 0, 220, 220, 220
L 1333.0000, -2000, 0, -2901.0000, -2000, 0, 220, 220, 220
L 1333.0000, -2500, 0, -2901.0000, -2500, 0, 220, 220, 220
L 1333.0000, -3000, 0, -2901.0000, -3000, 0, 220, 220, 220
L 1333.0000, -3500, 0, -2901.0000, -3500, 0, 220, 220, 220
L 1333.0000, -4000, 0, -2901.0000, -4000, 0, 220, 220, 220
P 1343, 5, 0, 0, 0, 0, 3, 0
P 5,1895, 0, 0, 0, 0, 3, 0
P 505,1895, 0, 0, 0, 0, 3, 500
P 1005,1895, 0, 0, 0, 0, 3, 1000
P -495,1895, 0, 0, 0, 0, 3, -500
P -995,1895, 0, 0, 0, 0, 3, -1000
P -1495,1895, 0, 0, 0, 0, 3, -1500
P -1995,1895, 0, 0, 0, 0, 3, -2000
P -2495,1895, 0, 0, 0, 0, 3, -2500
P 1343, 505, 0, 0, 0, 0, 3, 500
P 1343, 1005, 0, 0, 0, 0, 3, 1000
P 1343, 1505, 0, 0, 0, 0, 3, 1500
P 1343, -495, 0, 0, 0, 0, 3, -500
P 1343, -995, 0, 0, 0, 0, 3, -1000
P 1343, -1495, 0, 0, 0, 0, 3, -1500
P 1343, -1995, 0, 0, 0, 0, 3, -2000
P 1343, -2495, 0, 0, 0, 0, 3, -2500
P 1343, -2995, 0, 0, 0, 0, 3, -3000
P 1343, -3495, 0, 0, 0, 0, 3, -3500
P 1343, -3995, 0, 0, 0, 0, 3, -4000
