L 700, -653, 437, 700, -653, 43, 153, 153, 153
L 700, -653, 43, 698, -653, 43, 153, 153, 153
L 698, -653, 43, 696, -709, 48, 153, 153, 153
L 696, -709, 48, 551, -712, 48, 153, 153, 153
L 551, -712, 48, 551, -537, 98, 153, 153, 153
L 551, -537, 98, 556, -536, 98, 153, 153, 153
L 556, -536, 98, 556, -436, 98, 153, 153, 153
L 556, -436, 98, 526, -404, 98, 153, 153, 153
L 526, -404, 98, 507, -433, 98, 153, 153, 153
L 507, -433, 98, 461, -433, 98, 153, 153, 153
L 461, -433, 98, 460, -331, 96, 153, 153, 153
L 460, -331, 96, 495, -331, 96, 153, 153, 153
L 495, -331, 96, 514, -316, 96, 153, 153, 153
L 514, -316, 96, 514, -299, 96, 153, 153, 153
L 514, -299, 96, 495, -284, 96, 153, 153, 153
L 495, -284, 96, 454, -284, 96, 153, 153, 153
L 454, -284, 96, 454, -181, 96, 153, 153, 153
L 454, -181, 96, 464, -181, 96, 153, 153, 153
L 464, -181, 96, 464, -176, 96, 153, 153, 153
L 464, -176, 96, 517, -176, 96, 153, 153, 153
L 517, -176, 96, 517, -181, 96, 153, 153, 153
L 517, -181, 96, 522, -181, 96, 153, 153, 153
L 522, -181, 96, 522, -229, 96, 153, 153, 153
L 522, -229, 96, 518, -229, 96, 153, 153, 153
L 518, -229, 96, 517, -241, 96, 153, 153, 153
L 517, -241, 96, 530, -240, 97, 153, 153, 153
L 530, -240, 97, 529, -168, 136, 153, 153, 153
L 529, -168, 136, 451, -169, 171, 153, 153, 153
L 451, -169, 171, 402, -170, 171, 153, 153, 153
L 402, -170, 171, 432, -274, 171, 153, 153, 153
L 432, -274, 171, 427, -295, 171, 153, 153, 153
L 427, -295, 171, 401, -317, 171, 153, 153, 153
L 401, -317, 171, 384, -324, 171, 153, 153, 153
L 384, -324, 171, 278, -294, 171, 153, 153, 153
L 278, -294, 171, 278, -330, 171, 153, 153, 153
L 581, -399, 1718, 581, -399, 171, 0, 255, 255
L 581, -399, 171, 634, -399, 171, 0, 255, 255
L 634, -399, 171, 635, -410, 171, 0, 255, 255
L 635, -410, 171, 640, -415, 171, 0, 255, 255
L 640, -415, 171, 640, -419, 171, 0, 255, 255
L 640, -419, 171, 635, -425, 171, 0, 255, 255
L 635, -425, 171, 635, -439, 171, 0, 255, 255
L 635, -439, 171, 693, -439, 171, 0, 255, 255
L 693, -439, 171, 693, -426, 171, 0, 255, 255
L 693, -426, 171, 688, -421, 171, 0, 255, 255
L 688, -421, 171, 688, -415, 171, 0, 255, 255
L 688, -415, 171, 693, -409, 171, 0, 255, 255
L 693, -409, 171, 692, -320, 171, 0, 255, 255
L 692, -320, 171, 688, -316, 171, 0, 255, 255
L 688, -316, 171, 688, -309, 171, 0, 255, 255
L 688, -309, 171, 693, -304, 171, 0, 255, 255
L 693, -304, 171, 693, -291, 171, 0, 255, 255
L 693, -291, 171, 635, -291, 171, 0, 255, 255
L 635, -291, 171, 635, -304, 171, 0, 255, 255
L 635, -304, 171, 640, -311, 171, 0, 255, 255
L 640, -311, 171, 640, -315, 171, 0, 255, 255
L 640, -315, 171, 635, -321, 171, 0, 255, 255
L 635, -321, 171, 635, -330, 171, 0, 255, 255
L 635, -330, 171, 578, -331, 171, 0, 255, 255
L 540, -331, 1718, 540, -331, 171, 0, 255, 255
L 540, -331, 171, 278, -331, 171, 0, 255, 255
L 541, -399, 1718, 541, -399, 171, 0, 255, 255
L 541, -399, 171, 210, -399, 171, 0, 255, 255
L 210, -399, 1718, 210, -399, 171, 153, 153, 153
L 210, -399, 171, 210, -275, 171, 153, 153, 153
L 210, -275, 171, 218, -267, 171, 153, 153, 153
L 218, -267, 171, 228, -266, 171, 153, 153, 153
L 228, -266, 171, 245, -251, 171, 153, 153, 153
L 245, -251, 171, 246, -239, 171, 153, 153, 153
L 246, -239, 171, 285, -201, 171, 153, 153, 153
L 285, -201, 171, 293, -201, 171, 153, 153, 153
L 293, -201, 171, 310, -186, 171, 153, 153, 153
L 310, -186, 171, 310, -175, 171, 153, 153, 153
L 310, -175, 171, 349, -136, 171, 153, 153, 153
L 349, -136, 171, 359, -136, 171, 153, 153, 153
L 359, -136, 171, 374, -122, 171, 153, 153, 153
L 374, -122, 171, 375, -110, 171, 153, 153, 153
L 375, -110, 171, 384, -101, 171, 153, 153, 153
L 384, -101, 171, 519, -102, 136, 153, 153, 153
L 519, -102, 136, 527, -106, 136, 153, 153, 153
L 527, -106, 136, 537, -102, 136, 153, 153, 153
L 537, -102, 136, 586, -102, 136, 153, 153, 153
L 586, -102, 136, 594, -106, 136, 153, 153, 153
L 594, -106, 136, 605, -101, 137, 153, 153, 153
L 605, -101, 137, 858, -101, 171, 153, 153, 153
L 858, -101, 171, 858, -121, 171, 153, 153, 153
L 858, -121, 171, 943, -161, 171, 153, 153, 153
L 943, -161, 171, 943, -171, 171, 153, 153, 153
L 943, -171, 171, 968, -186, 171, 153, 153, 153
L 968, -186, 171, 979, -177, 171, 153, 153, 153
L 979, -177, 171, 1117, -315, 171, 153, 153, 153
L 1117, -315, 171, 1112, -441, 211, 153, 153, 153
L 1112, -441, 211, 1107, -475, 211, 153, 153, 153
L 1107, -475, 211, 1086, -495, 211, 153, 153, 153
L 1086, -495, 211, 1062, -509, 211, 153, 153, 153
L 1062, -509, 211, 1038, -519, 212, 153, 153, 153
L 1038, -519, 212, 973, -518, 236, 153, 153, 153
L 973, -518, 236, 948, -508, 236, 153, 153, 153
L 948, -508, 236, 924, -493, 236, 153, 153, 153
L 924, -493, 236, 909, -473, 236, 153, 153, 153
L 909, -473, 236, 895, -438, 237, 153, 153, 153
L 895, -438, 237, 895, -363, 261, 153, 153, 153
L 895, -363, 261, 900, -345, 261, 153, 153, 153
L 900, -345, 2617, 900, -345, 261, 0, 255, 255
L 900, -345, 261, 909, -326, 261, 0, 255, 255
L 909, -326, 261, 985, -250, 261, 0, 255, 255
L 985, -250, 261, 985, -216, 261, 0, 255, 255
L 985, -216, 261, 1020, -216, 261, 0, 255, 255
L 1020, -216, 261, 1035, -200, 261, 0, 255, 255
L 1035, -200, 261, 1006, -171, 261, 0, 255, 255
L 1006, -171, 261, 1009, -171, 261, 0, 255, 255
L 1009, -171, 261, 1019, -161, 261, 0, 255, 255
L 1019, -161, 261, 1020, -150, 261, 0, 255, 255
L 1020, -150, 261, 1010, -140, 261, 0, 255, 255
L 1010, -140, 261, 1010, -91, 261, 0, 255, 255
L 1010, -91, 261, 1019, -81, 261, 0, 255, 255
L 1019, -81, 261, 1021, -70, 261, 0, 255, 255
L 1021, -70, 261, 1049, -41, 261, 0, 255, 255
L 1049, -41, 261, 1060, -41, 261, 0, 255, 255
L 1060, -41, 261, 1069, -31, 261, 0, 255, 255
L 1069, -31, 261, 1118, -31, 261, 0, 255, 255
L 1118, -31, 261, 1129, -41, 261, 0, 255, 255
L 1129, -41, 261, 1137, -41, 261, 0, 255, 255
L 1137, -41, 261, 1176, -79, 261, 0, 255, 255
L 1176, -79, 261, 1178, -91, 261, 0, 255, 255
L 1178, -91, 261, 1189, -102, 261, 0, 255, 255
L 1189, -102, 261, 1198, -101, 261, 0, 255, 255
L 1198, -101, 261, 1237, -146, 261, 0, 255, 255
L 1237, -146, 261, 1237, -155, 261, 0, 255, 255
L 1237, -155, 261, 1247, -165, 261, 0, 255, 255
L 1247, -165, 261, 1247, -207, 261, 0, 255, 255
L 1247, -207, 261, 1237, -220, 261, 0, 255, 255
L 1237, -220, 261, 1237, -230, 261, 0, 255, 255
L 1237, -230, 261, 1208, -259, 261, 0, 255, 255
L 1208, -259, 261, 1199, -259, 261, 0, 255, 255
L 1199, -259, 261, 1187, -269, 261, 0, 255, 255
L 1187, -269, 261, 1138, -268, 261, 0, 255, 255
L 1138, -268, 261, 1128, -258, 261, 0, 255, 255
L 1128, -258, 261, 1111, -261, 261, 0, 255, 255
L 1111, -261, 261, 1107, -272, 261, 0, 255, 255
L 1107, -272, 261, 1078, -243, 261, 0, 255, 255
L 1078, -243, 261, 1063, -259, 261, 0, 255, 255
L 1063, -259, 261, 1062, -294, 261, 0, 255, 255
L 1062, -294, 261, 1027, -295, 261, 0, 255, 255
L 1027, -295, 261, 957, -365, 260, 0, 255, 255
L 957, -365, 2606, 957, -365, 260, 153, 153, 153
L 957, -365, 260, 958, -441, 236, 153, 153, 153
L 958, -441, 236, 973, -456, 236, 153, 153, 153
L 973, -456, 236, 1039, -456, 211, 153, 153, 153
L 1039, -456, 211, 1055, -440, 211, 153, 153, 153
L 1055, -440, 211, 1044, -313, 171, 153, 153, 153
L 1044, -313, 171, 968, -239, 171, 153, 153, 153
L 968, -239, 171, 924, -239, 171, 153, 153, 153
L 924, -239, 171, 859, -189, 171, 153, 153, 153
L 859, -189, 171, 848, -199, 171, 153, 153, 153
L 848, -199, 171, 843, -214, 171, 153, 153, 153
L 843, -214, 171, 843, -320, 186, 153, 153, 153
L 843, -320, 186, 857, -381, 186, 153, 153, 153
L 857, -381, 186, 833, -470, 186, 153, 153, 153
L 833, -470, 186, 875, -494, 186, 153, 153, 153
L 875, -494, 186, 985, -552, 186, 153, 153, 153
L 985, -552, 186, 1072, -590, 186, 153, 153, 153
L 1072, -590, 186, 1072, -645, 186, 153, 153, 153
L 1072, -645, 186, 1087, -714, 186, 153, 153, 153
L 1087, -714, 186, 1063, -719, 186, 153, 153, 153
L 1063, -719, 186, 1034, -738, 186, 153, 153, 153
L 1034, -738, 186, 1017, -770, 186, 153, 153, 153
L 1017, -770, 186, 1018, -810, 186, 153, 153, 153
L 1018, -810, 186, 1033, -840, 186, 153, 153, 153
L 1033, -840, 186, 1061, -859, 186, 153, 153, 153
L 1061, -859, 186, 1087, -866, 186, 153, 153, 153
L 1087, -866, 186, 1087, -1063, 186, 153, 153, 153
L 1087, -1063, 186, 926, -1063, 186, 153, 153, 153
L 926, -1063, 186, 995, -1000, 186, 153, 153, 153
L 995, -1000, 186, 1000, -978, 186, 153, 153, 153
L 1000, -978, 186, 940, -863, 186, 153, 153, 153
L 940, -863, 186, 940, -841, 186, 153, 153, 153
L 940, -841, 186, 950, -840, 186, 153, 153, 153
L 950, -840, 186, 950, -829, 186, 153, 153, 153
L 950, -829, 186, 733, -829, 256, 153, 153, 153
L 733, -829, 256, 733, -840, 256, 153, 153, 153
L 733, -840, 256, 738, -841, 256, 153, 153, 153
L 738, -841, 256, 738, -983, 256, 153, 153, 153
L 738, -983, 256, 734, -983, 256, 153, 153, 153
L 734, -983, 256, 733, -995, 256, 153, 153, 153
L 733, -995, 256, 737, -996, 256, 153, 153, 153
L 737, -996, 256, 738, -1073, 256, 153, 153, 153
L 738, -1073, 256, 733, -1074, 256, 153, 153, 153
L 733, -1074, 256, 733, -1078, 256, 153, 153, 153
L 733, -1078, 256, 655, -1078, 256, 153, 153, 153
L 655, -1078, 256, 655, -1075, 256, 153, 153, 153
L 655, -1075, 256, 642, -1074, 256, 153, 153, 153
L 642, -1074, 256, 643, -1078, 256, 153, 153, 153
L 643, -1078, 256, 545, -1078, 256, 153, 153, 153
L 545, -1078, 256, 545, -1075, 256, 153, 153, 153
L 545, -1075, 256, 534, -1073, 256, 153, 153, 153
L 534, -1073, 256, 533, -1078, 256, 153, 153, 153
L 533, -1078, 256, 455, -1078, 256, 153, 153, 153
L 455, -1078, 256, 454, -1072, 256, 153, 153, 153
L 454, -1072, 256, 450, -1073, 256, 153, 153, 153
L 450, -1073, 256, 450, -996, 256, 153, 153, 153
L 450, -996, 256, 455, -995, 256, 153, 153, 153
L 455, -995, 256, 455, -986, 256, 153, 153, 153
L 455, -986, 256, 459, -986, 256, 153, 153, 153
L 459, -986, 256, 460, -977, 256, 153, 153, 153
L 460, -977, 256, 459, -963, 256, 153, 153, 153
L 459, -963, 256, 433, -963, 256, 153, 153, 153
L 433, -963, 256, 418, -958, 256, 153, 153, 153
L 418, -958, 256, 405, -949, 256, 153, 153, 153
L 405, -949, 256, 380, -923, 256, 153, 153, 153
L 380, -923, 256, 375, -914, 256, 153, 153, 153
L 375, -914, 256, 375, -901, 256, 153, 153, 153
L 375, -901, 256, 394, -911, 256, 153, 153, 153
L 394, -911, 256, 416, -899, 256, 153, 153, 153
L 416, -899, 256, 414, -818, 256, 153, 153, 153
L 414, -818, 256, 396, -810, 256, 153, 153, 153
L 396, -810, 256, 375, -818, 256, 153, 153, 153
L 375, -818, 256, 376, -803, 256, 153, 153, 153
L 376, -803, 256, 384, -791, 256, 153, 153, 153
L 384, -791, 256, 405, -770, 256, 153, 153, 153
L 405, -770, 256, 425, -759, 256, 153, 153, 153
L 425, -759, 256, 439, -756, 256, 153, 153, 153
L 439, -756, 256, 460, -756, 256, 153, 153, 153
L 460, -756, 256, 459, -598, 306, 153, 153, 153
L 459, -598, 306, 444, -599, 306, 153, 153, 153
L 444, -599, 306, 419, -608, 306, 153, 153, 153
L 419, -608, 306, 409, -599, 306, 153, 153, 153
L 409, -599, 306, 398, -599, 306, 153, 153, 153
L 398, -599, 306, 388, -609, 306, 153, 153, 153
L 388, -609, 306, 371, -609, 306, 153, 153, 153
L 371, -609, 306, 358, -598, 306, 153, 153, 153
L 358, -598, 306, 349, -599, 306, 153, 153, 153
L 349, -599, 306, 337, -609, 306, 153, 153, 153
L 337, -609, 306, 316, -609, 306, 153, 153, 153
L 316, -609, 306, 305, -599, 306, 153, 153, 153
L 305, -599, 306, 294, -599, 306, 153, 153, 153
L 294, -599, 306, 281, -608, 306, 153, 153, 153
L 281, -608, 306, 274, -609, 306, 153, 153, 153
L 274, -609, 306, 252, -598, 306, 153, 153, 153
L 252, -598, 306, 244, -599, 306, 153, 153, 153
L 244, -599, 306, 234, -608, 306, 153, 153, 153
L 234, -608, 306, 213, -598, 306, 153, 153, 153
L 213, -598, 306, 193, -599, 306, 153, 153, 153
L 193, -599, 306, 191, -608, 306, 153, 153, 153
L 191, -608, 306, 198, -611, 307, 153, 153, 153
L 198, -611, 307, 198, -649, 330, 153, 153, 153
L 198, -649, 330, 193, -650, 331, 153, 153, 153
L 193, -650, 331, 193, -660, 331, 153, 153, 153
L 193, -660, 331, 198, -661, 331, 153, 153, 153
L 198, -661, 331, 196, -706, 331, 153, 153, 153
L 196, -706, 331, 183, -719, 331, 153, 153, 153
L 183, -719, 331, 128, -717, 331, 153, 153, 153
L 128, -717, 331, 115, -704, 331, 153, 153, 153
L 115, -704, 331, 115, -661, 331, 153, 153, 153
L 115, -661, 331, 121, -657, 331, 153, 153, 153
L 121, -657, 331, 116, -645, 328, 153, 153, 153
L 116, -645, 328, 115, -611, 307, 153, 153, 153
L 115, -611, 307, 121, -608, 306, 153, 153, 153
L 121, -608, 306, 120, -600, 306, 153, 153, 153
L 120, -600, 306, 118, -599, 306, 153, 153, 153
L 118, -599, 306, 115, -531, 306, 153, 153, 153
L 115, -531, 306, 121, -529, 306, 153, 153, 153
L 121, -529, 306, 193, -526, 306, 153, 153, 153
L 193, -526, 306, 193, -530, 306, 153, 153, 153
L 193, -530, 306, 215, -531, 306, 153, 153, 153
L 215, -531, 306, 234, -521, 306, 153, 153, 153
L 234, -521, 306, 248, -532, 306, 153, 153, 153
L 248, -532, 306, 257, -529, 306, 153, 153, 153
L 257, -529, 306, 265, -521, 306, 153, 153, 153
L 265, -521, 306, 283, -521, 306, 153, 153, 153
L 283, -521, 306, 292, -530, 306, 153, 153, 153
L 292, -530, 306, 303, -531, 306, 153, 153, 153
L 303, -531, 306, 315, -521, 306, 153, 153, 153
L 315, -521, 306, 340, -522, 306, 153, 153, 153
L 340, -522, 306, 349, -531, 306, 153, 153, 153
L 349, -531, 306, 358, -531, 306, 153, 153, 153
L 358, -531, 306, 369, -521, 306, 153, 153, 153
L 369, -521, 306, 389, -521, 306, 153, 153, 153
L 389, -521, 306, 399, -531, 306, 153, 153, 153
L 399, -531, 306, 420, -521, 306, 153, 153, 153
L 420, -521, 306, 438, -531, 306, 153, 153, 153
L 438, -531, 306, 460, -531, 306, 153, 153, 153
L 460, -531, 3067, 460, -531, 306, 255, 0, 255
L 460, -531, 306, 460, -376, 306, 255, 0, 255
L 460, -376, 306, 608, -376, 306, 255, 0, 255
L 608, -376, 306, 608, -444, 306, 255, 0, 255
L 608, -444, 306, 528, -442, 306, 255, 0, 255
L 528, -442, 306, 528, -545, 306, 255, 0, 255
L 528, -545, 306, 538, -550, 306, 255, 0, 255
L 538, -550, 3067, 538, -550, 306, 153, 153, 153
L 538, -550, 306, 537, -594, 306, 153, 153, 153
L 537, -594, 306, 528, -599, 306, 153, 153, 153
L 528, -599, 306, 528, -756, 256, 153, 153, 153
L 528, -756, 256, 554, -756, 256, 153, 153, 153
L 554, -756, 256, 573, -764, 256, 153, 153, 153
L 573, -764, 256, 586, -774, 256, 153, 153, 153
L 586, -774, 256, 608, -795, 256, 153, 153, 153
L 608, -795, 256, 612, -804, 256, 153, 153, 153
L 612, -804, 256, 613, -818, 256, 153, 153, 153
L 613, -818, 256, 594, -809, 256, 153, 153, 153
L 594, -809, 256, 574, -819, 256, 153, 153, 153
L 574, -819, 256, 573, -899, 256, 153, 153, 153
L 573, -899, 256, 594, -911, 256, 153, 153, 153
L 594, -911, 256, 613, -901, 256, 153, 153, 153
L 613, -901, 256, 612, -917, 256, 153, 153, 153
L 612, -917, 256, 605, -927, 256, 153, 153, 153
L 605, -927, 256, 581, -950, 256, 153, 153, 153
L 581, -950, 256, 568, -959, 256, 153, 153, 153
L 568, -959, 256, 553, -963, 256, 153, 153, 153
L 553, -963, 256, 527, -964, 256, 153, 153, 153
L 527, -964, 256, 528, -985, 256, 153, 153, 153
L 528, -985, 256, 533, -986, 256, 153, 153, 153
L 533, -986, 256, 533, -995, 256, 153, 153, 153
L 533, -995, 256, 543, -996, 256, 153, 153, 153
L 543, -996, 256, 545, -993, 256, 153, 153, 153
L 545, -993, 256, 643, -991, 256, 153, 153, 153
L 643, -991, 256, 643, -996, 256, 153, 153, 153
L 643, -996, 256, 654, -996, 256, 153, 153, 153
L 654, -996, 256, 655, -984, 256, 153, 153, 153
L 655, -984, 256, 650, -983, 256, 153, 153, 153
L 650, -983, 256, 650, -841, 256, 153, 153, 153
L 650, -841, 256, 654, -841, 256, 153, 153, 153
L 654, -841, 256, 654, -828, 256, 153, 153, 153
L 654, -828, 256, 650, -829, 256, 153, 153, 153
L 650, -829, 256, 650, -751, 256, 153, 153, 153
L 650, -751, 256, 655, -751, 256, 153, 153, 153
L 655, -751, 256, 655, -746, 256, 153, 153, 153
L 655, -746, 256, 733, -746, 256, 153, 153, 153
L 733, -746, 256, 733, -749, 256, 153, 153, 153
L 733, -749, 256, 951, -749, 186, 153, 153, 153
L 951, -749, 186, 950, -740, 186, 153, 153, 153
L 950, -740, 186, 940, -739, 186, 153, 153, 153
L 940, -739, 186, 940, -714, 186, 153, 153, 153
L 940, -714, 186, 984, -644, 186, 153, 153, 153
L 984, -644, 186, 735, -569, 186, 153, 153, 153
L 735, -569, 186, 735, -554, 186, 153, 153, 153
L 735, -554, 186, 726, -545, 186, 153, 153, 153
L 726, -545, 186, 710, -544, 186, 153, 153, 153
L 710, -544, 186, 700, -469, 186, 153, 153, 153
L 700, -469, 186, 715, -345, 186, 153, 153, 153
L 715, -345, 186, 760, -320, 186, 153, 153, 153
L 760, -320, 186, 771, -213, 171, 153, 153, 153
L 771, -213, 171, 780, -198, 171, 153, 153, 153
L 780, -198, 171, 769, -184, 171, 153, 153, 153
L 769, -184, 171, 752, -190, 171, 153, 153, 153
L 752, -190, 171, 743, -199, 171, 153, 153, 153
L 743, -199, 171, 743, -214, 171, 153, 153, 153
L 743, -214, 171, 729, -214, 171, 153, 153, 153
L 729, -214, 171, 700, -170, 171, 153, 153, 153
L 700, -170, 171, 593, -169, 136, 153, 153, 153
L 593, -169, 136, 594, -242, 96, 153, 153, 153
L 594, -242, 96, 605, -240, 96, 153, 153, 153
L 605, -240, 96, 605, -229, 96, 153, 153, 153
L 605, -229, 96, 600, -229, 96, 153, 153, 153
L 600, -229, 96, 600, -181, 96, 153, 153, 153
L 600, -181, 96, 605, -180, 96, 153, 153, 153
L 605, -180, 96, 605, -176, 96, 153, 153, 153
L 605, -176, 96, 658, -176, 96, 153, 153, 153
L 658, -176, 96, 658, -180, 96, 153, 153, 153
L 658, -180, 96, 668, -181, 96, 153, 153, 153
L 668, -181, 96, 668, -284, 96, 153, 153, 153
L 668, -284, 96, 629, -284, 96, 153, 153, 153
L 629, -284, 96, 609, -299, 96, 153, 153, 153
L 609, -299, 96, 608, -314, 96, 153, 153, 153
L 608, -314, 96, 628, -330, 96, 153, 153, 153
L 628, -330, 96, 663, -331, 96, 153, 153, 153
L 663, -331, 96, 663, -434, 96, 153, 153, 153
L 663, -434, 96, 615, -434, 96, 153, 153, 153
L 615, -434, 96, 600, -404, 96, 153, 153, 153
L 600, -404, 96, 568, -434, 96, 153, 153, 153
L 568, -434, 96, 568, -535, 96, 153, 153, 153
L 568, -535, 96, 698, -536, 41, 153, 153, 153
L 698, -536, 41, 698, -641, 41, 153, 153, 153
L 698, -641, 41, 702, -641, 41, 153, 153, 153
L 550, -553, 418, 550, -553, 41, 153, 153, 153
L 550, -553, 41, 683, -553, 41, 153, 153, 153
L 610, -2120, 3767, 610, -2120, 376, 255, 255, 0
L 610, -2120, 376, 880, -2119, 376, 255, 255, 0
L 880, -2119, 376, 880, -2030, 376, 255, 255, 0
L 880, -2030, 376, 700, -2028, 376, 255, 255, 0
L 700, -2028, 376, 700, -1760, 376, 255, 255, 0
L 700, -1760, 376, 608, -1758, 376, 255, 255, 0
L 608, -1758, 376, 608, -2028, 376, 255, 255, 0
L 608, -2028, 376, 518, -2028, 376, 255, 255, 0
L 518, -2028, 376, 518, -2208, 376, 255, 255, 0
L 518, -2208, 376, 429, -2208, 376, 255, 255, 0
L 429, -2208, 376, 428, -2299, 376, 255, 255, 0
L 428, -2299, 376, 610, -2299, 376, 255, 255, 0
L 610, -2299, 376, 610, -2120, 376, 255, 255, 0
L 968, -2208, 3767, 968, -2208, 376, 255, 255, 0
L 968, -2208, 376, 699, -2208, 376, 255, 255, 0
L 699, -2208, 376, 698, -2300, 376, 255, 255, 0
L 698, -2300, 376, 1059, -2300, 376, 255, 255, 0
L 1059, -2300, 376, 1060, -2030, 376, 255, 255, 0
L 1060, -2030, 376, 1240, -2029, 376, 255, 255, 0
L 1240, -2029, 376, 1240, -1939, 376, 255, 255, 0
L 1240, -1939, 376, 1060, -1938, 376, 255, 255, 0
L 1060, -1938, 376, 1060, -1759, 376, 255, 255, 0
L 1060, -1759, 376, 968, -1758, 376, 255, 255, 0
L 968, -1758, 376, 967, -1848, 376, 255, 255, 0
L 967, -1848, 376, 880, -1848, 376, 255, 255, 0
L 880, -1848, 376, 880, -1580, 376, 255, 255, 0
L 880, -1580, 376, 968, -1580, 376, 255, 255, 0
L 968, -1580, 376, 968, -1670, 376, 255, 255, 0
L 968, -1670, 376, 1059, -1670, 376, 255, 255, 0
L 1059, -1670, 376, 1060, -1489, 376, 255, 255, 0
L 1060, -1489, 376, 608, -1489, 376, 255, 255, 0
L 608, -1489, 376, 608, -1578, 376, 255, 255, 0
L 608, -1578, 376, 520, -1578, 376, 255, 255, 0
L 520, -1578, 376, 520, -1311, 376, 255, 255, 0
L 520, -1311, 376, 608, -1311, 376, 255, 255, 0
L 608, -1311, 376, 608, -1400, 376, 255, 255, 0
L 608, -1400, 376, 1060, -1399, 376, 255, 255, 0
L 1060, -1399, 376, 1060, -1311, 376, 255, 255, 0
L 1060, -1311, 376, 1089, -1310, 376, 255, 255, 0
L 1089, -1310, 376, 1090, -1304, 376, 255, 255, 0
L 1090, -1304, 376, 1070, -1284, 376, 255, 255, 0
L 1070, -1284, 376, 1070, -1265, 376, 255, 255, 0
L 1070, -1265, 376, 1090, -1244, 376, 255, 255, 0
L 1090, -1244, 376, 1084, -1208, 376, 255, 255, 0
L 1084, -1208, 376, 1048, -1188, 376, 255, 255, 0
L 1048, -1188, 376, 985, -1192, 376, 255, 255, 0
L 985, -1192, 376, 937, -1178, 376, 255, 255, 0
L 937, -1178, 376, 857, -1169, 376, 255, 255, 0
L 857, -1169, 376, 833, -1193, 376, 255, 255, 0
L 833, -1193, 376, 804, -1193, 376, 255, 255, 0
L 804, -1193, 376, 778, -1168, 376, 255, 255, 0
L 778, -1168, 376, 704, -1158, 376, 255, 255, 0
L 704, -1158, 376, 685, -1139, 376, 255, 255, 0
L 685, -1139, 376, 664, -1097, 376, 255, 255, 0
L 664, -1097, 376, 660, -1068, 376, 255, 255, 0
L 660, -1068, 376, 660, -1064, 376, 255, 255, 0
L 660, -1064, 376, 635, -1063, 376, 255, 255, 0
L 635, -1063, 376, 635, -1046, 376, 255, 255, 0
L 635, -1046, 376, 630, -1043, 376, 255, 255, 0
L 630, -1043, 376, 630, -906, 376, 255, 255, 0
L 630, -906, 376, 635, -905, 376, 255, 255, 0
L 635, -905, 376, 635, -895, 376, 255, 255, 0
L 635, -895, 376, 613, -894, 376, 255, 255, 0
L 613, -894, 376, 595, -903, 376, 255, 255, 0
L 595, -903, 376, 572, -893, 376, 255, 255, 0
L 572, -893, 376, 412, -894, 376, 255, 255, 0
L 412, -894, 376, 395, -903, 376, 255, 255, 0
L 395, -903, 376, 374, -894, 376, 255, 255, 0
L 374, -894, 376, 333, -894, 376, 255, 255, 0
L 333, -894, 376, 333, -906, 376, 255, 255, 0
L 333, -906, 376, 338, -906, 376, 255, 255, 0
L 338, -906, 376, 338, -949, 376, 255, 255, 0
L 338, -949, 376, 334, -949, 376, 255, 255, 0
L 334, -949, 376, 331, -956, 376, 255, 255, 0
L 331, -956, 376, 248, -1038, 376, 255, 255, 0
L 248, -1038, 376, 242, -1039, 376, 255, 255, 0
L 242, -1039, 376, 242, -1043, 376, 255, 255, 0
L 242, -1043, 376, 230, -1043, 376, 255, 255, 0
L 230, -1043, 376, 229, -1039, 376, 255, 255, 0
L 229, -1039, 376, 212, -1040, 374, 255, 255, 0
L 212, -1040, 374, 209, -1043, 373, 255, 255, 0
L 209, -1043, 373, 90, -1043, 333, 255, 255, 0
L 90, -1043, 333, 89, -1038, 331, 255, 255, 0
L 89, -1038, 331, 80, -1038, 331, 255, 255, 0
L 80, -1038, 331, 76, -1043, 331, 255, 255, 0
L 76, -1043, 331, 36, -1043, 331, 255, 255, 0
L 36, -1043, 331, 35, -1039, 331, 255, 255, 0
L 35, -1039, 331, 30, -1038, 331, 255, 255, 0
L 30, -1038, 331, -53, -955, 331, 255, 255, 0
L -53, -955, 331, -55, -948, 331, 255, 255, 0
L -55, -948, 331, -59, -949, 331, 255, 255, 0
L -59, -949, 331, -59, -906, 331, 255, 255, 0
L -59, -906, 331, -54, -905, 331, 255, 255, 0
L -54, -905, 331, -54, -895, 331, 255, 255, 0
L -54, -895, 331, -59, -890, 329, 255, 255, 0
L -59, -890, 329, -59, -766, 288, 255, 255, 0
L -59, -766, 288, -54, -765, 287, 255, 255, 0
L -54, -765, 287, -54, -755, 286, 255, 255, 0
L -54, -755, 286, -59, -752, 286, 255, 255, 0
L -59, -752, 286, -59, -686, 286, 255, 255, 0
L -59, -686, 286, -53, -684, 286, 255, 255, 0
L -53, -684, 286, -54, -681, 286, 255, 255, 0
L -54, -681, 286, 13, -681, 286, 255, 255, 0
L 13, -681, 286, 13, -685, 286, 255, 255, 0
L 13, -685, 286, 27, -684, 285, 255, 255, 0
L 27, -684, 285, 26, -681, 285, 255, 255, 0
L 26, -681, 285, 78, -681, 260, 255, 255, 0
L 78, -681, 260, 80, -687, 257, 255, 255, 0
L 80, -687, 257, 90, -685, 256, 255, 255, 0
L 90, -685, 256, 90, -678, 256, 255, 255, 0
L 90, -678, 256, 110, -707, 256, 255, 255, 0
L 110, -707, 256, 129, -726, 256, 255, 255, 0
L 129, -726, 256, 183, -726, 256, 255, 255, 0
L 183, -726, 256, 205, -706, 256, 255, 255, 0
L 205, -706, 256, 224, -706, 256, 255, 255, 0
L 224, -706, 256, 283, -765, 256, 255, 255, 0
L 283, -765, 256, 343, -805, 256, 255, 255, 0
L 343, -805, 256, 343, -814, 256, 255, 255, 0
L 343, -814, 256, 263, -814, 256, 255, 255, 0
L 263, -814, 256, 263, -904, 256, 255, 255, 0
L 263, -904, 256, 228, -959, 256, 255, 255, 0
L 228, -959, 256, 83, -958, 256, 255, 255, 0
L 83, -958, 256, 25, -904, 256, 255, 255, 0
L 25, -904, 256, 25, -766, 256, 255, 255, 0
L 25, -766, 256, 89, -766, 256, 255, 255, 0
L 89, -766, 256, 90, -753, 256, 255, 255, 0
L 90, -753, 256, 80, -754, 256, 255, 255, 0
L 80, -754, 256, 76, -758, 258, 255, 255, 0
L 76, -758, 258, 25, -759, 286, 255, 255, 0
L 25, -759, 286, 25, -754, 286, 255, 255, 0
L 25, -754, 286, 14, -754, 286, 255, 255, 0
L 14, -754, 286, 14, -768, 288, 255, 255, 0
L 14, -768, 288, 18, -768, 287, 255, 255, 0
L 18, -768, 287, 18, -894, 331, 255, 255, 0
L 18, -894, 331, 14, -894, 331, 255, 255, 0
L 14, -894, 331, 15, -907, 331, 255, 255, 0
L 15, -907, 331, 20, -907, 331, 255, 255, 0
L 20, -907, 331, 78, -967, 331, 255, 255, 0
L 78, -967, 331, 78, -969, 331, 255, 255, 0
L 78, -969, 331, 91, -969, 332, 255, 255, 0
L 91, -969, 332, 90, -966, 332, 255, 255, 0
L 90, -966, 332, 217, -966, 375, 255, 255, 0
L 217, -966, 375, 219, -971, 376, 255, 255, 0
L 219, -971, 376, 229, -971, 376, 255, 255, 0
L 229, -971, 376, 230, -964, 376, 255, 255, 0
L 230, -964, 376, 270, -906, 376, 255, 255, 0
L 270, -906, 376, 275, -904, 376, 255, 255, 0
L 275, -904, 376, 275, -894, 376, 255, 255, 0
L 275, -894, 376, 270, -892, 376, 255, 255, 0
L 270, -892, 376, 270, -826, 376, 255, 255, 0
L 270, -826, 376, 376, -825, 376, 255, 255, 0
L 376, -825, 376, 396, -817, 376, 255, 255, 0
L 396, -817, 376, 412, -825, 376, 255, 255, 0
L 412, -825, 376, 573, -826, 376, 255, 255, 0
L 573, -826, 376, 593, -816, 376, 255, 255, 0
L 593, -816, 376, 612, -825, 376, 255, 255, 0
L 612, -825, 376, 633, -826, 376, 255, 255, 0
L 633, -826, 376, 636, -821, 376, 255, 255, 0
L 636, -821, 376, 713, -821, 376, 255, 255, 0
L 713, -821, 376, 715, -827, 376, 255, 255, 0
L 715, -827, 376, 718, -826, 376, 255, 255, 0
L 718, -826, 376, 718, -894, 376, 255, 255, 0
L 718, -894, 376, 713, -894, 376, 255, 255, 0
L 713, -894, 376, 713, -906, 376, 255, 255, 0
L 713, -906, 376, 718, -907, 376, 255, 255, 0
L 718, -907, 376, 718, -1043, 376, 255, 255, 0
L 718, -1043, 376, 712, -1045, 376, 255, 255, 0
L 712, -1045, 376, 713, -1063, 376, 255, 255, 0
L 713, -1063, 376, 689, -1063, 376, 255, 255, 0
L 689, -1063, 376, 688, -1070, 376, 255, 255, 0
L 688, -1070, 376, 683, -1099, 376, 255, 255, 0
L 683, -1099, 376, 704, -1141, 376, 255, 255, 0
L 704, -1141, 376, 739, -1141, 376, 255, 255, 0
L 739, -1141, 376, 781, -1151, 376, 255, 255, 0
L 781, -1151, 376, 804, -1126, 376, 255, 255, 0
L 804, -1126, 376, 834, -1126, 376, 255, 255, 0
L 834, -1126, 376, 859, -1151, 376, 255, 255, 0
L 859, -1151, 376, 895, -1151, 376, 255, 255, 0
L 895, -1151, 376, 940, -1156, 376, 255, 255, 0
L 940, -1156, 376, 989, -1166, 376, 255, 255, 0
L 989, -1166, 376, 1049, -1156, 376, 255, 255, 0
L 1049, -1156, 376, 1122, -1210, 376, 255, 255, 0
L 1122, -1210, 376, 1117, -1246, 376, 255, 255, 0
L 1117, -1246, 376, 1137, -1265, 376, 255, 255, 0
L 1137, -1265, 376, 1137, -1285, 376, 255, 255, 0
L 1137, -1285, 376, 1117, -1305, 376, 255, 255, 0
L 1117, -1305, 376, 1118, -1311, 376, 255, 255, 0
L 1118, -1311, 376, 1147, -1311, 376, 255, 255, 0
L 1147, -1311, 376, 1148, -1400, 376, 255, 255, 0
L 1148, -1400, 376, 1687, -1401, 376, 255, 255, 0
L 1687, -1401, 376, 1688, -1581, 376, 255, 255, 0
L 1688, -1581, 376, 1780, -1580, 376, 255, 255, 0
L 1780, -1580, 376, 1779, -1401, 376, 255, 255, 0
L 1777, -3018, 1968, 1777, -3018, 196, 255, 255, 0
L 1777, -3018, 196, 1420, -3018, 196, 255, 255, 0
L 1420, -3018, 196, 1419, -2838, 196, 255, 255, 0
L 1419, -2838, 196, 1148, -2838, 196, 255, 255, 0
L 1148, -2838, 196, 1147, -2928, 196, 255, 255, 0
L 1147, -2928, 196, 968, -2928, 196, 255, 255, 0
L 968, -2928, 196, 967, -3018, 196, 255, 255, 0
L 967, -3018, 196, 880, -3018, 196, 255, 255, 0
L 880, -3018, 196, 879, -2927, 196, 255, 255, 0
L 879, -2927, 196, 520, -2928, 196, 255, 255, 0
L 520, -2928, 196, 520, -2749, 196, 255, 255, 0
L 520, -2749, 196, 425, -2750, 196, 255, 255, 0
L 425, -2750, 196, 428, -3018, 196, 255, 255, 0
L 428, -3018, 196, 70, -3018, 196, 255, 255, 0
L 1327, -1850, 3767, 1327, -1850, 376, 255, 255, 0
L 1327, -1850, 376, 1327, -2118, 376, 255, 255, 0
L 1327, -2118, 376, 1148, -2118, 376, 255, 255, 0
L 1148, -2118, 376, 1148, -2570, 376, 255, 255, 0
L 70, -3018, 1968, 70, -3018, 196, 255, 255, 0
L 1599, -1668, 3767, 1599, -1668, 376, 255, 255, 0
L 1599, -1668, 376, 1599, -1488, 376, 255, 255, 0
L 1599, -1488, 376, 1147, -1489, 376, 255, 255, 0
L 1147, -1489, 376, 1147, -1849, 376, 255, 255, 0
L 1147, -1849, 376, 1327, -1850, 376, 255, 255, 0
L 1777, -3018, 1968, 1777, -3018, 196, 255, 255, 0
L 1777, -3018, 196, 1778, -2658, 196, 255, 255, 0
L 1778, -2658, 196, 2047, -2658, 196, 255, 255, 0
L 2047, -2658, 196, 2047, -2300, 196, 255, 255, 0
L 2047, -2300, 196, 1867, -2300, 196, 255, 255, 0
L 1867, -2300, 196, 1867, -2208, 196, 255, 255, 0
L 880, -2389, 3767, 880, -2389, 376, 255, 255, 0
L 880, -2389, 376, 158, -2389, 376, 255, 255, 0
L 158, -2389, 376, 159, -2661, 376, 255, 255, 0
L 159, -2661, 376, 341, -2659, 376, 255, 255, 0
L 341, -2659, 376, 340, -2480, 376, 255, 255, 0
L 340, -2480, 376, 879, -2480, 376, 255, 255, 0
L 879, -2480, 376, 880, -2389, 376, 255, 255, 0
L 340, -2120, 3767, 340, -2120, 376, 255, 255, 0
L 340, -2120, 376, 430, -2120, 376, 255, 255, 0
L 430, -2120, 376, 430, -1940, 376, 255, 255, 0
L 430, -1940, 376, 519, -1940, 376, 255, 255, 0
L 519, -1940, 376, 519, -1758, 376, 255, 255, 0
L 519, -1758, 376, 340, -1758, 376, 255, 255, 0
L 160, -1401, 1968, 160, -1401, 196, 255, 255, 0
L 160, -1401, 196, 428, -1401, 196, 255, 255, 0
L 428, -1401, 196, 428, -1670, 196, 255, 255, 0
L 1599, -1668, 3767, 1599, -1668, 376, 255, 255, 0
L 1599, -1668, 376, 1779, -1668, 376, 255, 255, 0
L 1689, -2931, 1968, 1689, -2931, 196, 255, 255, 0
L 1689, -2931, 196, 1689, -2658, 196, 255, 255, 0
L 1689, -2658, 196, 1508, -2658, 196, 255, 255, 0
L 1508, -2658, 196, 1508, -2930, 196, 255, 255, 0
L 1508, -2930, 196, 1689, -2929, 196, 255, 255, 0
L 1689, -2480, 1968, 1689, -2480, 196, 255, 255, 0
L 1689, -2480, 196, 1777, -2480, 196, 255, 255, 0
L 1777, -2480, 196, 1778, -2570, 196, 255, 255, 0
L 1778, -2570, 196, 1958, -2570, 196, 255, 255, 0
L 1958, -2570, 196, 1959, -2388, 196, 255, 255, 0
L 1959, -2388, 196, 1508, -2388, 196, 255, 255, 0
L 1508, -2388, 196, 1510, -2571, 196, 255, 255, 0
L 1510, -2571, 196, 1689, -2570, 196, 255, 255, 0
L 1689, -2570, 196, 1689, -2480, 196, 255, 255, 0
L 1419, -2388, 1968, 1419, -2388, 196, 255, 255, 0
L 1419, -2388, 196, 1328, -2388, 196, 255, 255, 0
L 1328, -2388, 196, 1328, -2750, 196, 255, 255, 0
L 1328, -2750, 196, 1419, -2750, 196, 255, 255, 0
L 1419, -2750, 196, 1419, -2388, 196, 255, 255, 0
L 1327, -2210, 1968, 1327, -2210, 196, 255, 255, 0
L 1327, -2210, 196, 1328, -2301, 196, 255, 255, 0
L 1328, -2301, 196, 1600, -2299, 196, 255, 255, 0
L 1600, -2299, 196, 1599, -2119, 196, 255, 255, 0
L 1599, -2119, 196, 1420, -2118, 196, 255, 255, 0
L 1420, -2118, 196, 1420, -1670, 196, 255, 255, 0
L 1420, -1670, 196, 1327, -1669, 196, 255, 255, 0
L 1327, -1669, 196, 1327, -1758, 196, 255, 255, 0
L 1327, -1758, 196, 1240, -1758, 196, 255, 255, 0
L 1240, -1758, 196, 1240, -1580, 196, 255, 255, 0
L 1240, -1580, 196, 1507, -1580, 196, 255, 255, 0
L 1507, -1580, 196, 1507, -1760, 196, 255, 255, 0
L 1507, -1760, 196, 1779, -1760, 196, 255, 255, 0
L 1779, -1760, 196, 1778, -1668, 196, 255, 255, 0
L 1867, -1848, 1968, 1867, -1848, 196, 255, 255, 0
L 1867, -1848, 196, 1508, -1848, 196, 255, 255, 0
L 1508, -1848, 196, 1508, -2030, 196, 255, 255, 0
L 1508, -2030, 196, 1687, -2030, 196, 255, 255, 0
L 1687, -2030, 196, 1688, -2300, 196, 255, 255, 0
L 1688, -2300, 196, 1778, -2300, 196, 255, 255, 0
L 1778, -2300, 196, 1779, -2120, 196, 255, 255, 0
L 340, -2120, 3767, 340, -2120, 376, 255, 255, 0
L 340, -2120, 376, 339, -2300, 376, 255, 255, 0
L 339, -2300, 376, 158, -2299, 376, 255, 255, 0
L 1327, -2210, 1968, 1327, -2210, 196, 255, 255, 0
L 1327, -2210, 196, 1240, -2210, 196, 255, 255, 0
L 1240, -2210, 196, 1240, -2569, 196, 255, 255, 0
L 608, -2660, 3767, 608, -2660, 376, 255, 255, 0
L 608, -2660, 376, 609, -2840, 376, 255, 255, 0
L 880, -2750, 1968, 880, -2750, 196, 255, 255, 0
L 880, -2750, 196, 968, -2750, 196, 255, 255, 0
L 968, -2750, 196, 968, -2840, 196, 255, 255, 0
L 968, -2840, 196, 1060, -2839, 196, 255, 255, 0
L 1060, -2839, 196, 1060, -2750, 196, 255, 255, 0
L 1060, -2750, 196, 1240, -2749, 196, 255, 255, 0
L 1240, -2749, 196, 1240, -2659, 196, 255, 255, 0
L 71, -3017, 3785, 71, -3017, 378, 255, 255, 0
L 71, -3017, 378, 71, -2317, 378, 255, 255, 0
L 428, -1672, 3785, 428, -1672, 378, 255, 255, 0
L 428, -1672, 378, 699, -1672, 378, 255, 255, 0
L 699, -1672, 378, 701, -1582, 378, 255, 255, 0
L 701, -1582, 378, 786, -1582, 378, 255, 255, 0
L 786, -1582, 378, 786, -1940, 378, 255, 255, 0
L 786, -1940, 378, 966, -1941, 378, 255, 255, 0
L 966, -1941, 378, 966, -2207, 378, 255, 255, 0
L 341, -1757, 3785, 341, -1757, 378, 255, 255, 0
L 341, -1757, 378, 341, -1489, 378, 255, 255, 0
L 341, -1489, 378, 248, -1487, 198, 255, 255, 0
L 248, -1487, 198, 247, -1850, 198, 255, 255, 0
L 247, -1850, 198, 337, -1851, 198, 255, 255, 0
L 337, -1851, 198, 337, -1937, 198, 255, 255, 0
L 337, -1937, 198, 249, -1937, 198, 255, 255, 0
L 249, -1937, 198, 247, -2117, 198, 255, 255, 0
L 247, -2117, 198, 157, -2117, 198, 255, 255, 0
L 157, -2117, 198, 157, -2301, 198, 255, 255, 0
L 161, -1402, 1986, 161, -1402, 198, 255, 255, 0
L 161, -1402, 198, 161, -2029, 198, 255, 255, 0
L 161, -2029, 198, 71, -2031, 198, 255, 255, 0
L 71, -2031, 198, 71, -2316, 198, 255, 255, 0
L 342, -2748, 3785, 342, -2748, 378, 255, 255, 0
L 342, -2748, 378, 158, -2747, 378, 255, 255, 0
L 158, -2747, 378, 157, -2930, 378, 255, 255, 0
L 157, -2930, 378, 340, -2931, 378, 255, 255, 0
L 340, -2931, 378, 341, -2748, 378, 255, 255, 0
L 607, -2661, 3785, 607, -2661, 378, 255, 255, 0
L 607, -2661, 378, 427, -2661, 378, 255, 255, 0
L 427, -2661, 378, 427, -2568, 378, 255, 255, 0
L 427, -2568, 378, 701, -2568, 378, 255, 255, 0
L 701, -2568, 378, 701, -2747, 378, 255, 255, 0
L 701, -2747, 378, 786, -2747, 378, 255, 255, 0
L 786, -2747, 378, 788, -2566, 378, 255, 255, 0
L 788, -2566, 378, 966, -2567, 378, 255, 255, 0
L 966, -2567, 378, 966, -2388, 378, 255, 255, 0
L 966, -2388, 378, 1060, -2387, 378, 255, 255, 0
L 1060, -2387, 378, 1061, -2657, 378, 255, 255, 0
L 607, -2840, 1986, 607, -2840, 198, 255, 255, 0
L 607, -2840, 198, 879, -2841, 198, 255, 255, 0
L 879, -2841, 198, 881, -2751, 198, 255, 255, 0
L 1866, -1847, 1986, 1866, -1847, 198, 255, 255, 0
L 1866, -1847, 198, 1866, -1489, 198, 255, 255, 0
L 1866, -1489, 198, 1960, -1488, 198, 255, 255, 0
L 2046, -1402, 1986, 2046, -1402, 198, 255, 255, 0
L 2046, -1402, 198, 1781, -1402, 198, 255, 255, 0
L 2046, -1402, 1986, 2046, -1402, 198, 255, 255, 0
L 2046, -1402, 198, 2046, -1561, 198, 255, 255, 0
L 1960, -1488, 1986, 1960, -1488, 198, 255, 255, 0
L 1960, -1488, 198, 1960, -1567, 198, 255, 255, 0
L 1781, -2121, 3785, 1781, -2121, 378, 255, 255, 0
L 1781, -2121, 378, 1959, -2121, 378, 255, 255, 0
L 1959, -2121, 378, 1959, -2027, 378, 255, 255, 0
L 1959, -2027, 378, 1781, -2027, 378, 255, 255, 0
L 1781, -2027, 378, 1781, -1941, 378, 255, 255, 0
L 1781, -1941, 378, 1960, -1940, 378, 255, 255, 0
L 1960, -1940, 378, 1960, -1564, 378, 255, 255, 0
L 2046, -1557, 3785, 2046, -1557, 378, 255, 255, 0
L 2046, -1557, 378, 2046, -2207, 378, 255, 255, 0
L 2046, -2207, 378, 1867, -2207, 378, 255, 255, 0
L 1061, -2657, 3785, 1061, -2657, 378, 255, 255, 0
L 1061, -2657, 378, 1241, -2659, 198, 255, 255, 0
L 1241, -2569, 1986, 1241, -2569, 198, 255, 255, 0
L 1241, -2569, 198, 1146, -2569, 378, 255, 255, 0
L 1137, -1582, 137, 1137, -1582, 13, 153, 153, 153
L 1137, -1582, 13, 1161, -1632, 5, 153, 153, 153
L 1161, -1632, 5, 1161, -1639, 5, 153, 153, 153
L 1161, -1639, 5, 1161, -1649, 3, 153, 153, 153
L 1161, -1649, 3, 1184, -1652, 7, 153, 153, 153
L 1184, -1652, 7, 1231, -1676, 13, 153, 153, 153
L 1231, -1676, 13, 1231, -1783, 13, 153, 153, 153
L 1231, -1783, 13, 1182, -1807, 7, 153, 153, 153
L 1182, -1807, 7, 1164, -1807, 3, 153, 153, 153
L 1164, -1807, 3, 1161, -1828, 7, 153, 153, 153
L 1161, -1828, 7, 1138, -1876, 13, 153, 153, 153
L 1138, -1876, 13, 1119, -1877, 13, 153, 153, 153
L 1119, -1877, 13, 1116, -1900, 13, 153, 153, 153
L 1116, -1900, 13, 1138, -1902, 13, 153, 153, 153
L 1138, -1902, 13, 1171, -1935, 13, 153, 153, 153
L 1171, -1935, 13, 1171, -1993, 13, 153, 153, 153
L 1171, -1993, 13, 1136, -2027, 13, 153, 153, 153
L 1136, -2027, 13, 1029, -2027, 13, 153, 153, 153
L 1029, -2027, 13, 996, -1993, 13, 153, 153, 153
L 996, -1993, 13, 996, -1935, 13, 153, 153, 153
L 996, -1935, 13, 1028, -1903, 13, 153, 153, 153
L 1028, -1903, 13, 1050, -1901, 13, 153, 153, 153
L 1050, -1901, 13, 1051, -1878, 13, 153, 153, 153
L 1051, -1878, 13, 1030, -1877, 13, 153, 153, 153
L 1030, -1877, 13, 1006, -1827, 7, 153, 153, 153
L 1006, -1827, 7, 1006, -1808, 3, 153, 153, 153
L 1006, -1808, 3, 984, -1807, 7, 153, 153, 153
L 984, -1807, 7, 936, -1783, 13, 153, 153, 153
L 936, -1783, 13, 936, -1676, 13, 153, 153, 153
L 936, -1676, 13, 987, -1652, 7, 153, 153, 153
L 987, -1652, 7, 1004, -1651, 3, 153, 153, 153
L 1004, -1651, 3, 1006, -1630, 7, 153, 153, 153
L 1006, -1630, 7, 1031, -1582, 13, 153, 153, 153
L 1031, -1582, 13, 1137, -1582, 13, 153, 153, 153
L -672, 102, 87, -672, 102, 8, 153, 153, 153
L -672, 102, 8, -117, 102, 18, 153, 153, 153
L -117, 102, 18, -117, -434, 30, 153, 153, 153
L -117, -434, 30, -122, -438, 25, 153, 153, 153
L -122, -438, 25, -122, -453, 25, 153, 153, 153
L -122, -453, 25, -97, -477, 30, 153, 153, 153
L -97, -477, 30, -98, -634, 30, 153, 153, 153
L -98, -634, 30, -115, -651, 30, 153, 153, 153
L -115, -651, 30, -121, -653, 30, 153, 153, 153
L -121, -653, 30, -122, -672, 25, 153, 153, 153
L -122, -672, 25, -117, -676, 30, 153, 153, 153
L -117, -676, 30, -117, -1037, 43, 153, 153, 153
L -117, -1037, 43, -410, -1037, 51, 153, 153, 153
L -410, -1037, 51, -418, -1028, 51, 153, 153, 153
L -418, -1028, 51, -418, -900, 51, 153, 153, 153
L -418, -900, 51, -424, -893, 51, 153, 153, 153
L -424, -893, 51, -466, -893, 51, 153, 153, 153
L -466, -893, 51, -472, -899, 51, 153, 153, 153
L -472, -899, 51, -472, -1029, 51, 153, 153, 153
L -472, -1029, 51, -481, -1037, 51, 153, 153, 153
L -481, -1037, 51, -549, -1037, 51, 153, 153, 153
L -549, -1037, 51, -555, -1032, 50, 153, 153, 153
L -555, -1032, 50, -570, -1032, 46, 153, 153, 153
L -570, -1032, 46, -572, -1039, 51, 153, 153, 153
L -572, -1039, 51, -591, -1057, 51, 153, 153, 153
L -591, -1057, 51, -780, -1057, 51, 153, 153, 153
L -780, -1057, 51, -797, -1038, 51, 153, 153, 153
L -797, -1038, 51, -798, -1033, 49, 153, 153, 153
L -798, -1033, 49, -815, -1032, 46, 153, 153, 153
L -815, -1032, 46, -821, -1037, 51, 153, 153, 153
L -821, -1037, 51, -899, -1037, 51, 153, 153, 153
L -899, -1037, 51, -907, -1029, 51, 153, 153, 153
L -907, -1029, 51, -908, -898, 51, 153, 153, 153
L -908, -898, 51, -913, -893, 51, 153, 153, 153
L -913, -893, 51, -980, -897, 51, 153, 153, 153
L -980, -897, 51, -982, -902, 51, 153, 153, 153
L -982, -902, 51, -984, -1030, 51, 153, 153, 153
L -984, -1030, 51, -990, -1037, 51, 153, 153, 153
L -990, -1037, 51, -1292, -1037, 61, 153, 153, 153
L -1292, -1037, 61, -1292, -727, 71, 153, 153, 153
L -1292, -727, 71, -1284, -718, 71, 153, 153, 153
L -1284, -718, 71, -1145, -717, 71, 153, 153, 153
L -1145, -717, 71, -1137, -709, 71, 153, 153, 153
L -1137, -709, 71, -1137, -661, 71, 153, 153, 153
L -1137, -661, 71, -1140, -656, 71, 153, 153, 153
L -1140, -656, 71, -1275, -652, 71, 153, 153, 153
L -1275, -652, 71, -1290, -646, 71, 153, 153, 153
L -1290, -646, 71, -1290, -564, 71, 153, 153, 153
L -1290, -564, 71, -1288, -561, 71, 153, 153, 153
L -1288, -561, 71, -1287, -546, 66, 153, 153, 153
L -1287, -546, 66, -1297, -539, 71, 153, 153, 153
L -1297, -539, 71, -1310, -526, 71, 153, 153, 153
L -1310, -526, 71, -1312, -325, 71, 153, 153, 153
L -1312, -325, 71, -1293, -302, 71, 153, 153, 153
L -1293, -302, 71, -1288, -302, 66, 153, 153, 153
L -1288, -302, 66, -1287, -284, 66, 153, 153, 153
L -1287, -284, 66, -1292, -279, 71, 153, 153, 153
L -1292, -279, 71, -1292, -201, 71, 153, 153, 153
L -1292, -201, 71, -1284, -193, 71, 153, 153, 153
L -1284, -193, 71, -1144, -192, 71, 153, 153, 153
L -1144, -192, 71, -1138, -186, 71, 153, 153, 153
L -1138, -186, 71, -1138, -153, 71, 153, 153, 153
L -1138, -153, 71, -1143, -148, 71, 153, 153, 153
L -1143, -148, 71, -1276, -148, 71, 153, 153, 153
L -1276, -148, 71, -1291, -141, 71, 153, 153, 153
L -1291, -141, 71, -1292, 102, 85, 153, 153, 153
L -1292, 102, 85, -760, 102, 96, 153, 153, 153
L -760, 16, 967, -760, 16, 96, 153, 153, 153
L -760, 16, 96, -1196, 15, 85, 153, 153, 153
L -1196, 15, 85, -1196, -56, 71, 153, 153, 153
L -1196, -56, 71, -1193, -60, 71, 153, 153, 153
L -1193, -60, 71, -1061, -62, 71, 153, 153, 153
L -1061, -62, 71, -1052, -71, 71, 153, 153, 153
L -1052, -71, 71, -1052, -265, 71, 153, 153, 153
L -1052, -265, 71, -1060, -277, 71, 153, 153, 153
L -1060, -277, 71, -1188, -278, 71, 153, 153, 153
L -1188, -278, 71, -1196, -283, 71, 153, 153, 153
L -1196, -283, 71, -1200, -283, 66, 153, 153, 153
L -1200, -283, 66, -1202, -297, 66, 153, 153, 153
L -1202, -297, 66, -1195, -302, 71, 153, 153, 153
L -1195, -302, 71, -1103, -385, 71, 153, 153, 153
L -1103, -385, 71, -1102, -390, 71, 153, 153, 153
L -1102, -390, 71, -1094, -392, 66, 153, 153, 153
L -1094, -392, 66, -1094, -458, 66, 153, 153, 153
L -1094, -458, 66, -1101, -458, 66, 153, 153, 153
L -1101, -458, 66, -1102, -464, 71, 153, 153, 153
L -1102, -464, 71, -1192, -539, 71, 153, 153, 153
L -1192, -539, 71, -1199, -543, 71, 153, 153, 153
L -1199, -543, 71, -1202, -558, 66, 153, 153, 153
L -1202, -558, 66, -1195, -562, 71, 153, 153, 153
L -1195, -562, 71, -1190, -567, 71, 153, 153, 153
L -1190, -567, 71, -1060, -567, 71, 153, 153, 153
L -1060, -567, 71, -1052, -577, 71, 153, 153, 153
L -1052, -577, 71, -1052, -638, 71, 153, 153, 153
L -1052, -638, 71, -1047, -650, 69, 153, 153, 153
L -1047, -650, 69, -1043, -654, 66, 153, 153, 153
L -1043, -654, 66, -1042, -705, 66, 153, 153, 153
L -1042, -705, 66, -1050, -727, 71, 153, 153, 153
L -1050, -727, 71, -1052, -794, 71, 153, 153, 153
L -1052, -794, 71, -1062, -802, 71, 153, 153, 153
L -1062, -802, 71, -1186, -802, 71, 153, 153, 153
L -1186, -802, 71, -1197, -811, 71, 153, 153, 153
L -1197, -811, 71, -1197, -950, 61, 153, 153, 153
L -1197, -950, 61, -1075, -952, 51, 153, 153, 153
L -1075, -952, 51, -1069, -947, 51, 153, 153, 153
L -1069, -947, 51, -1067, -826, 51, 153, 153, 153
L -1067, -826, 51, -1060, -818, 51, 153, 153, 153
L -1060, -818, 51, -984, -817, 51, 153, 153, 153
L -984, -817, 51, -971, -807, 51, 153, 153, 153
L -971, -807, 51, -916, -807, 51, 153, 153, 153
L -916, -807, 51, -905, -817, 51, 153, 153, 153
L -905, -817, 51, -830, -817, 51, 153, 153, 153
L -830, -817, 51, -828, -819, 51, 153, 153, 153
L -828, -819, 51, -822, -945, 51, 153, 153, 153
L -822, -945, 51, -817, -952, 51, 153, 153, 153
L -817, -952, 51, -802, -957, 46, 153, 153, 153
L -802, -957, 46, -794, -946, 51, 153, 153, 153
L -794, -946, 51, -724, -852, 51, 153, 153, 153
L -724, -852, 51, -716, -848, 48, 153, 153, 153
L -716, -848, 48, -653, -845, 46, 153, 153, 153
L -653, -845, 46, -646, -852, 51, 153, 153, 153
L -646, -852, 51, -572, -951, 51, 153, 153, 153
L -572, -951, 51, -572, -955, 51, 153, 153, 153
L -572, -955, 51, -555, -957, 46, 153, 153, 153
L -555, -957, 46, -550, -948, 51, 153, 153, 153
L -550, -948, 51, -547, -825, 51, 153, 153, 153
L -547, -825, 51, -536, -817, 51, 153, 153, 153
L -536, -817, 51, -474, -817, 51, 153, 153, 153
L -474, -817, 51, -468, -811, 51, 153, 153, 153
L -468, -811, 51, -425, -808, 51, 153, 153, 153
L -425, -808, 51, -420, -813, 51, 153, 153, 153
L -420, -813, 51, -350, -817, 51, 153, 153, 153
L -350, -817, 51, -342, -827, 51, 153, 153, 153
L -342, -827, 51, -342, -943, 51, 153, 153, 153
L -342, -943, 51, -339, -949, 51, 153, 153, 153
L -339, -949, 51, -213, -951, 41, 153, 153, 153
L -213, -951, 41, -213, -676, 30, 153, 153, 153
L -213, -676, 30, -208, -671, 30, 153, 153, 153
L -208, -671, 30, -216, -651, 30, 153, 153, 153
L -216, -651, 30, -288, -593, 30, 153, 153, 153
L -288, -593, 30, -292, -584, 29, 153, 153, 153
L -292, -584, 29, -292, -522, 25, 153, 153, 153
L -292, -522, 25, -288, -516, 30, 153, 153, 153
L -288, -516, 30, -215, -458, 30, 153, 153, 153
L -215, -458, 30, -211, -457, 30, 153, 153, 153
L -211, -457, 30, -208, -441, 25, 153, 153, 153
L -208, -441, 25, -213, -434, 30, 153, 153, 153
L -213, -434, 30, -214, 16, 18, 153, 153, 153
L -214, 16, 18, -360, 17, 8, 153, 153, 153
L -360, 17, 8, -369, 21, 7, 153, 153, 153
L -369, 21, 7, -383, 16, 8, 153, 153, 153
L -383, 16, 8, -392, 6, 8, 153, 153, 153
L -392, 6, 8, -402, 1, 6, 153, 153, 153
L -402, 1, 6, -397, -19, 3, 153, 153, 153
L -397, -19, 3, -388, -25, 3, 153, 153, 153
L -388, -25, 3, -382, -28, 3, 153, 153, 153
L -382, -28, 3, -382, -74, 3, 153, 153, 153
L -382, -74, 3, -377, -81, 3, 153, 153, 153
L -377, -81, 3, -377, -85, 3, 153, 153, 153
L -377, -85, 3, -365, -87, 3, 153, 153, 153
L -365, -87, 3, -359, -77, 3, 153, 153, 153
L -359, -77, 3, -340, -77, 3, 153, 153, 153
L -340, -77, 3, -339, -31, 3, 153, 153, 153
L -339, -31, 3, -357, -29, 3, 153, 153, 153
L -357, -29, 3, -358, -7, 3, 153, 153, 153
L -358, -7, 3, -351, 0, 3, 153, 153, 153
L -351, 0, 3, -236, 2, 3, 153, 153, 153
L -236, 2, 3, -227, -6, 3, 153, 153, 153
L -227, -6, 3, -227, -29, 3, 153, 153, 153
L -227, -29, 3, -244, -30, 3, 153, 153, 153
L -244, -30, 3, -246, -75, 3, 153, 153, 153
L -246, -75, 3, -227, -78, 3, 153, 153, 153
L -227, -78, 3, -227, -110, 3, 153, 153, 153
L -227, -110, 3, -237, -110, 3, 153, 153, 153
L -237, -110, 3, -238, -128, 3, 153, 153, 153
L -238, -128, 3, -227, -129, 3, 153, 153, 153
L -227, -129, 3, -227, -163, 3, 153, 153, 153
L -227, -163, 3, -244, -163, 3, 153, 153, 153
L -244, -163, 3, -246, -210, 3, 153, 153, 153
L -246, -210, 3, -227, -211, 3, 153, 153, 153
L -227, -211, 3, -227, -233, 3, 153, 153, 153
L -227, -233, 3, -236, -243, 3, 153, 153, 153
L -236, -243, 3, -351, -240, 3, 153, 153, 153
L -351, -240, 3, -358, -234, 3, 153, 153, 153
L -358, -234, 3, -358, -211, 3, 153, 153, 153
L -358, -211, 3, -343, -211, 3, 153, 153, 153
L -343, -211, 3, -339, -165, 3, 153, 153, 153
L -339, -165, 3, -359, -162, 3, 153, 153, 153
L -359, -162, 3, -362, -160, 3, 153, 153, 153
L -362, -160, 3, -363, -154, 3, 153, 153, 153
L -363, -154, 3, -374, -153, 3, 153, 153, 153
L -374, -153, 3, -381, -163, 3, 153, 153, 153
L -381, -163, 3, -383, -235, 3, 153, 153, 153
L -383, -235, 3, -386, -237, 3, 153, 153, 153
L -386, -237, 3, -674, -243, 3, 153, 153, 153
L -674, -243, 3, -682, -235, 3, 153, 153, 153
L -682, -235, 3, -682, -201, 3, 153, 153, 153
L -682, -201, 3, -663, -200, 3, 153, 153, 153
L -663, -200, 3, -663, -66, 3, 153, 153, 153
L -663, -66, 3, -682, -66, 3, 153, 153, 153
L -682, -66, 3, -682, -37, 3, 153, 153, 153
L -682, -37, 3, -674, -28, 3, 153, 153, 153
L -674, -28, 3, -639, -27, 3, 153, 153, 153
L -639, -27, 3, -639, -43, 3, 153, 153, 153
L -639, -43, 3, -548, -46, 3, 153, 153, 153
L -548, -46, 3, -547, -28, 3, 153, 153, 153
L -547, -28, 3, -524, -27, 3, 153, 153, 153
L -524, -27, 3, -514, -34, 3, 153, 153, 153
L -514, -34, 3, -512, -60, 3, 153, 153, 153
L -512, -60, 3, -527, -64, 3, 153, 153, 153
L -527, -64, 3, -531, -157, 3, 153, 153, 153
L -531, -157, 3, -512, -156, 3, 153, 153, 153
L -512, -156, 3, -512, -166, 3, 153, 153, 153
L -512, -166, 3, -500, -178, 3, 153, 153, 153
L -500, -178, 3, -486, -176, 3, 153, 153, 153
L -486, -176, 3, -478, -165, 3, 153, 153, 153
L -478, -165, 3, -478, -31, 3, 153, 153, 153
L -478, -31, 3, -473, -27, 3, 153, 153, 153
L -473, -27, 3, -472, -26, 3, 153, 153, 153
L -472, -26, 3, -463, -12, 3, 153, 153, 153
L -463, -12, 3, -463, 6, 3, 153, 153, 153
L -463, 6, 3, -474, 11, 8, 153, 153, 153
L -474, 11, 8, -478, 19, 8, 153, 153, 153
L -478, 19, 8, -501, 16, 8, 153, 153, 153
L -501, 16, 8, -672, 16, 8, 153, 153, 153
L -672, 16, 8, -672, 102, 8, 153, 153, 153
L -179, -534, 257, -179, -534, 25, 153, 153, 153
L -179, -534, 25, -198, -533, 25, 153, 153, 153
L -198, -533, 25, -201, -534, 30, 153, 153, 153
L -201, -534, 30, -209, -563, 30, 153, 153, 153
L -209, -563, 30, -200, -578, 29, 153, 153, 153
L -200, -578, 29, -182, -575, 30, 153, 153, 153
L -182, -575, 30, -171, -564, 30, 153, 153, 153
L -171, -564, 30, -171, -548, 30, 153, 153, 153
L -171, -548, 30, -181, -535, 30, 153, 153, 153
L -664, -944, 467, -664, -944, 46, 153, 153, 153
L -664, -944, 46, -675, -932, 46, 153, 153, 153
L -675, -932, 46, -694, -932, 46, 153, 153, 153
L -694, -932, 46, -707, -945, 46, 153, 153, 153
L -707, -945, 46, -706, -965, 46, 153, 153, 153
L -706, -965, 46, -692, -978, 46, 153, 153, 153
L -692, -978, 46, -675, -975, 51, 153, 153, 153
L -675, -975, 51, -666, -964, 51, 153, 153, 153
L -666, -964, 51, -664, -944, 51, 153, 153, 153
L -1046, -652, 667, -1046, -652, 66, 153, 153, 153
L -1046, -652, 66, -1026, -652, 66, 153, 153, 153
L -1026, -652, 66, -1016, -647, 66, 153, 153, 153
L -1016, -647, 66, -789, -647, 44, 153, 153, 153
L -789, -647, 44, -779, -637, 44, 153, 153, 153
L -779, -637, 44, -778, -609, 44, 153, 153, 153
L -778, -609, 44, -789, -598, 44, 153, 153, 153
L -789, -598, 44, -1009, -597, 44, 153, 153, 153
L -1009, -597, 44, -1017, -588, 44, 153, 153, 153
L -1017, -588, 44, -1017, -410, 44, 153, 153, 153
L -1017, -410, 44, -1012, -404, 44, 153, 153, 153
L -1012, -404, 44, -1012, -387, 44, 153, 153, 153
L -1012, -387, 44, -1017, -375, 44, 153, 153, 153
L -1017, -375, 44, -1017, -332, 44, 153, 153, 153
L -1017, -332, 44, -1000, -332, 44, 153, 153, 153
L -1000, -332, 44, -998, -241, 44, 153, 153, 153
L -998, -241, 44, -1017, -240, 44, 153, 153, 153
L -1017, -240, 44, -1017, -150, 44, 153, 153, 153
L -1017, -150, 44, -1001, -150, 44, 153, 153, 153
L -1001, -150, 44, -998, -59, 44, 153, 153, 153
L -998, -59, 44, -1013, -57, 44, 153, 153, 153
L -1013, -57, 44, -1017, -22, 44, 153, 153, 153
L -1017, -22, 44, -1009, -12, 44, 153, 153, 153
L -1009, -12, 44, -988, -12, 44, 153, 153, 153
L -988, -12, 44, -987, -28, 44, 153, 153, 153
L -987, -28, 44, -898, -31, 44, 153, 153, 153
L -898, -31, 44, -895, -12, 44, 153, 153, 153
L -895, -12, 44, -825, -12, 44, 153, 153, 153
L -825, -12, 44, -825, -30, 44, 153, 153, 153
L -825, -30, 44, -735, -31, 44, 153, 153, 153
L -735, -31, 44, -733, -12, 44, 153, 153, 153
L -733, -12, 44, -715, -12, 44, 153, 153, 153
L -715, -12, 44, -704, -19, 44, 153, 153, 153
L -704, -19, 44, -702, -58, 44, 153, 153, 153
L -702, -58, 44, -713, -58, 44, 153, 153, 153
L -713, -58, 44, -721, -149, 44, 153, 153, 153
L -721, -149, 44, -702, -150, 44, 153, 153, 153
L -702, -150, 44, -702, -240, 44, 153, 153, 153
L -702, -240, 44, -721, -241, 44, 153, 153, 153
L -721, -241, 44, -721, -330, 44, 153, 153, 153
L -721, -330, 44, -702, -332, 44, 153, 153, 153
L -702, -332, 44, -702, -368, 44, 153, 153, 153
L -702, -368, 44, -710, -377, 44, 153, 153, 153
L -710, -377, 44, -748, -378, 44, 153, 153, 153
L -748, -378, 44, -748, -360, 44, 153, 153, 153
L -748, -360, 44, -881, -359, 44, 153, 153, 153
L -881, -359, 44, -883, -378, 44, 153, 153, 153
L -883, -378, 44, -939, -378, 44, 153, 153, 153
L -939, -378, 44, -945, -382, 44, 153, 153, 153
L -945, -382, 44, -947, -388, 44, 153, 153, 153
L -947, -388, 44, -938, -413, 44, 153, 153, 153
L -938, -413, 44, -792, -411, 44, 153, 153, 153
L -792, -411, 44, -773, -392, 44, 153, 153, 153
L -773, -392, 44, -727, -392, 44, 153, 153, 153
L -727, -392, 44, -710, -407, 44, 153, 153, 153
L -710, -407, 44, -704, -408, 44, 153, 153, 153
L -704, -408, 44, -697, -412, 44, 153, 153, 153
L -697, -412, 44, -680, -412, 44, 153, 153, 153
L -680, -412, 44, -676, -410, 44, 153, 153, 153
L -676, -410, 44, -590, -405, 42, 153, 153, 153
L -590, -405, 42, -562, -389, 36, 153, 153, 153
L -562, -389, 36, -563, -383, 36, 153, 153, 153
L -563, -383, 36, -568, -379, 36, 153, 153, 153
L -568, -379, 36, -605, -378, 40, 153, 153, 153
L -672, -609, 69, -672, -609, 6, 0, 0, 255
L -672, -609, 6, -672, -283, 16, 0, 0, 255
L -672, -283, 16, -664, -273, 15, 0, 0, 255
L -664, -273, 15, -325, -273, 3, 0, 0, 255
L -325, -273, 3, -319, -279, 3, 0, 0, 255
L -319, -279, 3, -317, -609, 3, 0, 0, 255
L -317, -609, 3, -323, -615, 3, 0, 0, 255
L -323, -615, 3, -664, -617, 3, 0, 0, 255
L -664, -617, 3, -672, -609, 4, 0, 0, 255
L -597, -551, 41, -597, -551, 4, 153, 153, 153
L -597, -551, 4, -394, -552, 4, 153, 153, 153
L -394, -552, 4, -385, -543, 3, 153, 153, 153
L -385, -543, 3, -383, -351, 3, 153, 153, 153
L -383, -351, 3, -393, -339, 4, 153, 153, 153
L -393, -339, 4, -594, -338, 3, 153, 153, 153
L -594, -338, 3, -602, -344, 3, 153, 153, 153
L -602, -344, 3, -607, -540, 3, 153, 153, 153
L -607, -540, 3, -596, -551, 4, 153, 153, 153
L -605, -512, 409, -605, -512, 40, 153, 153, 153
L -605, -512, 40, -568, -512, 36, 153, 153, 153
L -568, -512, 36, -562, -504, 36, 153, 153, 153
L -562, -504, 36, -564, -497, 38, 153, 153, 153
L -564, -497, 38, -592, -484, 42, 153, 153, 153
L -592, -484, 42, -674, -483, 44, 153, 153, 153
L -674, -483, 44, -674, -482, 45, 153, 153, 153
L -674, -482, 45, -683, -478, 44, 153, 153, 153
L -683, -478, 44, -704, -480, 45, 153, 153, 153
L -704, -480, 45, -705, -482, 44, 153, 153, 153
L -705, -482, 44, -712, -483, 44, 153, 153, 153
L -712, -483, 44, -726, -498, 44, 153, 153, 153
L -726, -498, 44, -774, -498, 44, 153, 153, 153
L -774, -498, 44, -793, -478, 45, 153, 153, 153
L -793, -478, 45, -921, -478, 44, 153, 153, 153
L -921, -478, 44, -928, -488, 44, 153, 153, 153
L -928, -488, 44, -927, -509, 44, 153, 153, 153
L -927, -509, 44, -916, -521, 44, 153, 153, 153
L -916, -521, 44, -788, -521, 44, 153, 153, 153
L -788, -521, 44, -782, -515, 44, 153, 153, 153
L -782, -515, 44, -702, -512, 44, 153, 153, 153
L -702, -512, 44, -702, -711, 44, 153, 153, 153
L -702, -711, 44, -706, -718, 44, 153, 153, 153
L -706, -718, 44, -1019, -722, 66, 153, 153, 153
L -1019, -722, 66, -1027, -717, 66, 153, 153, 153
L -1027, -717, 66, -1045, -717, 66, 153, 153, 153
L -902, -241, 489, -902, -241, 48, 153, 153, 153
L -902, -241, 48, -901, -272, 46, 153, 153, 153
L -901, -272, 46, -887, -283, 45, 153, 153, 153
L -887, -283, 45, -831, -282, 44, 153, 153, 153
L -831, -282, 44, -817, -270, 44, 153, 153, 153
L -817, -270, 44, -817, -241, 44, 153, 153, 153
L -817, -241, 44, -802, -241, 44, 153, 153, 153
L -802, -241, 44, -799, -154, 46, 153, 153, 153
L -799, -154, 46, -817, -149, 44, 153, 153, 153
L -817, -149, 44, -819, -117, 47, 153, 153, 153
L -819, -117, 47, -829, -108, 47, 153, 153, 153
L -829, -108, 47, -835, -108, 46, 153, 153, 153
L -835, -108, 46, -835, -91, 44, 153, 153, 153
L -835, -91, 44, -885, -88, 46, 153, 153, 153
L -885, -88, 46, -883, -108, 45, 153, 153, 153
L -883, -108, 45, -892, -109, 44, 153, 153, 153
L -892, -109, 44, -902, -120, 44, 153, 153, 153
L -902, -120, 44, -902, -149, 44, 153, 153, 153
L -902, -149, 44, -921, -150, 44, 153, 153, 153
L -921, -150, 44, -921, -239, 44, 153, 153, 153
L -921, -239, 44, -904, -241, 44, 153, 153, 153
L -1198, -445, 712, -1198, -445, 71, 153, 153, 153
L -1198, -445, 71, -1189, -436, 70, 153, 153, 153
L -1189, -436, 70, -1189, -416, 71, 153, 153, 153
L -1189, -416, 71, -1198, -404, 70, 153, 153, 153
L -1198, -404, 70, -1221, -403, 66, 153, 153, 153
L -1221, -403, 66, -1230, -413, 67, 153, 153, 153
L -1230, -413, 67, -1231, -435, 66, 153, 153, 153
L -1231, -435, 66, -1219, -445, 72, 153, 153, 153
L -1219, -445, 72, -1201, -444, 71, 153, 153, 153
L 1107, -1328, 3785, 1107, -1328, 378, 255, 0, 0
L 1107, -1328, 378, 1105, -1438, 378, 255, 0, 0
L 1105, -1438, 378, 1644, -1439, 378, 255, 0, 0
L 1644, -1439, 378, 1646, -1621, 378, 255, 0, 0
L 1646, -1621, 378, 1817, -1623, 378, 255, 0, 0
L 1817, -1623, 378, 1819, -1449, 378, 255, 0, 0
L 1819, -1449, 378, 1943, -1444, 378, 255, 0, 0
L 1943, -1444, 378, 1955, -1444, 378, 255, 0, 0
L 740, -1621, 1986, 740, -1621, 198, 255, 0, 0
L 740, -1621, 198, 740, -1709, 198, 255, 0, 0
L 740, -1709, 198, 473, -1716, 378, 255, 0, 0
L 1108, -2077, 1986, 1108, -2077, 198, 255, 0, 0
L 1108, -2077, 198, 1099, -2340, 378, 255, 0, 0
L 1954, -1445, 1986, 1954, -1445, 198, 255, 0, 0
L 1954, -1445, 198, 2004, -1444, 198, 255, 0, 0
L 2000, -1981, 3786, 2000, -1981, 379, 255, 0, 0
L 2000, -1981, 379, 1821, -1984, 378, 255, 0, 0
L 722, -652, 437, 722, -652, 43, 153, 153, 153
L 722, -652, 43, 700, -652, 43, 153, 153, 153
L 700, -642, 437, 700, -642, 43, 153, 153, 153
L 700, -642, 43, 724, -642, 43, 153, 153, 153
P -858, 70, 0, 255, 255, 255, 2, Skyshrine
P -641, 86, 0, 255, 255, 255, 2, Teleport_in
P -357, -96, 0, 255, 255, 255, 2, Skyshrine
P 157, -675, 0, 255, 255, 255, 2, To/from_below
P 155, -794, 0, 255, 255, 255, 2, To/from_above
P 112, -3017, 0, 255, 255, 255, 2, Follow_red_line_to_get_thru_maze
P 723, -645, 0, 255, 255, 255, 2, Skyshrine
P 730, 210, 0, 255, 255, 255, 2, Succor_Point
