L 26, 39, 2833, -27, 39, 285, 153, 153, 153
L -27, 39, 285, -40, 26, 291, 153, 153, 153
L -40, 26, 291, -40, -27, 287, 153, 153, 153
L -40, -27, 287, -27, -40, 283, 153, 153, 153
L -27, -40, 283, 26, -40, 285, 153, 153, 153
L 26, -40, 285, 39, -27, 283, 153, 153, 153
L 39, -27, 283, 39, 26, 283, 153, 153, 153
L 39, 26, 283, 26, 39, 283, 153, 153, 153
L -15, 28, 2864, -29, 14, 286, 153, 153, 153
L -29, 14, 286, -29, -15, 290, 153, 153, 153
L -29, -15, 290, -15, -29, 286, 153, 153, 153
L -15, -29, 286, 13, -30, 290, 153, 153, 153
L 13, -30, 290, 29, -14, 288, 153, 153, 153
L 29, -14, 288, 29, 13, 287, 153, 153, 153
L 29, 13, 287, 13, 28, 286, 153, 153, 153
L 13, 28, 286, -15, 28, 286, 153, 153, 153
L 11, -12, 2900, -12, -12, 285, 153, 153, 153
L -12, -12, 285, -12, 11, 287, 153, 153, 153
L -12, 11, 287, 11, 11, 287, 153, 153, 153
L 11, 11, 287, 11, -12, 288, 153, 153, 153
L 11, 11, 202, -12, 11, 16, 0, 0, 255
L -12, 11, 16, -12, -12, 20, 0, 0, 255
L -12, -12, 20, 11, -12, 20, 0, 0, 255
L 11, -12, 20, 11, 11, 12, 0, 0, 255
L 95, -2, 231, 95, -12, 20, 0, 0, 255
L 95, -12, 20, 85, -12, 22, 0, 0, 255
L 85, -12, 22, 85, -2, 18, 0, 0, 255
L 85, -2, 18, 95, -2, 21, 0, 0, 255
L -12, 95, 128, -2, 95, 16, 0, 0, 255
L -2, 95, 16, -12, 95, 14, 0, 0, 255
L -12, 95, 14, -12, 85, 24, 0, 0, 255
L -12, 85, 24, -2, 85, 15, 0, 0, 255
L -2, 85, 15, -2, 95, 22, 0, 0, 255
L 11, 85, 782, 1, 85, 77, 255, 0, 0
L 1, 85, 77, 1, 95, 69, 255, 0, 0
L 1, 95, 69, 11, 95, 59, 255, 0, 0
L 11, 95, 59, 11, 85, 64, 255, 0, 0
L 83, 27, -1673, 83, 41, -167, 255, 255, 0
L 83, 41, -167, 97, 41, -167, 255, 255, 0
L 97, 41, -167, 97, 27, -167, 255, 255, 0
L 97, 27, -167, 111, 27, -167, 255, 255, 0
L 111, 27, -167, 111, 13, -167, 255, 255, 0
L 111, 13, -167, 125, 13, -167, 255, 255, 0
L 125, 13, -167, 125, 0, -167, 255, 255, 0
L 125, 0, -167, 139, 0, -167, 255, 255, 0
L 139, 0, -167, 139, -14, -167, 255, 255, 0
L 139, -14, -167, 125, -14, -167, 255, 255, 0
L 125, -14, -167, 125, -28, -167, 255, 255, 0
L 125, -28, -167, 111, -28, -167, 255, 255, 0
L 111, -28, -167, 111, -42, -166, 255, 255, 0
L 111, -42, -166, 97, -42, -164, 255, 255, 0
L 97, -42, -164, 97, -56, -165, 255, 255, 0
L 97, -56, -165, 83, -56, -165, 255, 255, 0
L 83, -56, -165, 83, -42, -166, 255, 255, 0
L 83, -42, -166, 69, -42, -167, 255, 255, 0
L 69, -42, -167, 69, -28, -165, 255, 255, 0
L 69, -28, -165, 55, -28, -167, 255, 255, 0
L 55, -28, -167, 55, -14, -167, 255, 255, 0
L 55, -14, -167, 41, -14, -167, 255, 255, 0
L 41, -14, -167, 41, 0, -167, 255, 255, 0
L 41, 0, -167, 55, 0, -167, 255, 255, 0
L 55, 0, -167, 55, 13, -167, 255, 255, 0
L 55, 13, -167, 69, 13, -167, 255, 255, 0
L 69, 13, -167, 69, 27, -167, 255, 255, 0
L 97, -14, -1376, 83, -14, -131, 255, 255, 0
L 83, -14, -131, 83, 0, -127, 255, 255, 0
L 83, 0, -127, 97, 0, -136, 255, 255, 0
L 97, 0, -136, 97, -14, -122, 255, 255, 0
L -294, -14, -2652, -294, 27, -265, 255, 255, 0
L -294, 27, -265, -260, 49, -279, 255, 255, 0
L -260, 49, -279, -246, 98, -296, 255, 255, 0
L -246, 98, -296, -202, 133, -299, 255, 255, 0
L -202, 133, -299, -179, 142, -280, 255, 255, 0
L -179, 142, -280, -168, 167, -265, 255, 255, 0
L -168, 167, -265, -126, 167, -265, 255, 255, 0
L -126, 167, -265, -114, 133, -308, 255, 255, 0
L -114, 133, -308, -72, 129, -310, 255, 255, 0
L -72, 129, -310, -56, 111, -349, 255, 255, 0
L -56, 111, -349, -28, 55, -302, 255, 255, 0
L -28, 55, -302, -41, 24, -334, 255, 255, 0
L -41, 24, -334, -32, -2, -302, 255, 255, 0
L -32, -2, -302, -36, -42, -208, 255, 255, 0
L -36, -42, -208, -56, -56, -292, 255, 255, 0
L -56, -56, -292, -64, -78, -282, 255, 255, 0
L -64, -78, -282, -116, -90, -289, 255, 255, 0
L -116, -90, -289, -140, -69, -322, 255, 255, 0
L -140, -69, -322, -162, -102, -258, 255, 255, 0
L -162, -102, -258, -212, -80, -293, 255, 255, 0
L -212, -80, -293, -222, -60, -302, 255, 255, 0
L -222, -60, -302, -246, -46, -298, 255, 255, 0
L -246, -46, -298, -259, -15, -279, 255, 255, 0
L -259, -15, -279, -294, -14, -265, 255, 255, 0
L -294, -14, -265, -294, 27, -265, 255, 255, 0
L -168, 13, -3039, -182, -14, -316, 255, 255, 0
L -182, -14, -316, -154, 0, -303, 255, 255, 0
L -154, 0, -303, -140, -42, -316, 255, 255, 0
L -140, -42, -316, -126, 0, -301, 255, 255, 0
L -126, 0, -301, -98, -14, -316, 255, 255, 0
L -98, -14, -316, -112, 13, -303, 255, 255, 0
L -112, 13, -303, -70, 27, -330, 255, 255, 0
L -70, 27, -330, -112, 41, -303, 255, 255, 0
L -112, 41, -303, -98, 69, -316, 255, 255, 0
L -98, 69, -316, -126, 55, -303, 255, 255, 0
L -126, 55, -303, -140, 97, -330, 255, 255, 0
L -140, 97, -330, -154, 55, -303, 255, 255, 0
L -154, 55, -303, -182, 69, -305, 255, 255, 0
L -182, 69, -305, -168, 41, -302, 255, 255, 0
L -168, 41, -302, -210, 27, -330, 255, 255, 0
L -210, 27, -330, -168, 13, -303, 255, 255, 0
L -168, 13, -1600, -182, -14, -169, 255, 255, 0
L -182, -14, -169, -154, 0, -160, 255, 255, 0
L -154, 0, -160, -140, -42, -160, 255, 255, 0
L -140, -42, -160, -126, 0, -160, 255, 255, 0
L -126, 0, -160, -98, -14, -160, 255, 255, 0
L -98, -14, -160, -112, 13, -160, 255, 255, 0
L -112, 13, -160, -70, 27, -160, 255, 255, 0
L -70, 27, -160, -112, 41, -160, 255, 255, 0
L -112, 41, -160, -98, 69, -160, 255, 255, 0
L -98, 69, -160, -126, 55, -160, 255, 255, 0
L -126, 55, -160, -140, 97, -160, 255, 255, 0
L -140, 97, -160, -154, 55, -160, 255, 255, 0
L -154, 55, -160, -182, 69, -160, 255, 255, 0
L -182, 69, -160, -168, 41, -160, 255, 255, 0
L -168, 41, -160, -210, 27, -160, 255, 255, 0
L -210, 27, -160, -168, 13, -160, 255, 255, 0
L -224, -56, -1453, -238, 27, -153, 255, 255, 0
L -238, 27, -153, -224, 111, -153, 255, 255, 0
L -224, 111, -153, -140, 125, -153, 255, 255, 0
L -140, 125, -153, -56, 111, -153, 255, 255, 0
L -56, 111, -153, -42, 27, -153, 255, 255, 0
L -42, 27, -153, -56, -56, -153, 255, 255, 0
L -56, -56, -153, -140, -70, -153, 255, 255, 0
L -140, -70, -153, -224, -56, -153, 255, 255, 0
L -252, -84, -833, -266, 0, -83, 255, 255, 0
L -266, 0, -83, -266, 55, -83, 255, 255, 0
L -266, 55, -83, -252, 139, -83, 255, 255, 0
L -252, 139, -83, -168, 153, -83, 255, 255, 0
L -168, 153, -83, -112, 153, -83, 255, 255, 0
L -112, 153, -83, -28, 139, -83, 255, 255, 0
L -28, 139, -83, -14, 55, -83, 255, 255, 0
L -14, 55, -83, 0, 55, -83, 255, 255, 0
L 0, 55, -83, 13, 41, -86, 255, 255, 0
L 13, 41, -86, 27, 41, -82, 255, 255, 0
L 27, 41, -82, 27, 13, -81, 255, 255, 0
L 27, 13, -81, 13, 13, -87, 255, 255, 0
L 13, 13, -87, -2, 0, -83, 255, 255, 0
L -2, 0, -83, -14, 0, -83, 255, 255, 0
L -14, 0, -83, -26, -84, -79, 255, 255, 0
L -26, -84, -79, -112, -98, -83, 255, 255, 0
L -112, -98, -83, -168, -98, -83, 255, 255, 0
L -168, -98, -83, -252, -84, -83, 255, 255, 0
L 83, 13, -1113, 13, 13, -111, 255, 255, 0
L 13, 13, -111, 13, 41, -111, 255, 255, 0
L 13, 41, -111, 27, 41, -111, 255, 255, 0
L 27, 41, -111, 27, 27, -111, 255, 255, 0
L 27, 27, -111, 83, 27, -111, 255, 255, 0
L 83, 27, -111, 83, 13, -111, 255, 255, 0
L 97, 13, -553, 69, 13, -50, 255, 255, 0
L 69, 13, -50, 69, 27, -57, 255, 255, 0
L 69, 27, -57, 83, 27, -59, 255, 255, 0
L 83, 27, -59, 83, 55, -55, 255, 255, 0
L 83, 55, -55, 97, 55, -55, 255, 255, 0
L 97, 55, -55, 97, 13, -49, 255, 255, 0
L 45, 13, -1049, 47, 13, -111, 255, 255, 0
L 47, 13, -111, 49, 13, -111, 255, 255, 0
L 49, 13, -111, 47, 17, -111, 255, 255, 0
L 97, 69, 6, 97, 41, 4, 255, 255, 0
L 97, 41, 4, 83, 41, -1, 255, 255, 0
L 83, 41, -1, 83, 55, 0, 255, 255, 0
L 83, 55, 0, 27, 55, 0, 255, 255, 0
L 27, 55, 0, 27, 125, 0, 255, 255, 0
L 27, 125, 0, 0, 125, 0, 255, 255, 0
L 0, 125, 0, 0, 167, -21, 255, 255, 0
L 0, 167, -21, -14, 167, 9, 255, 255, 0
L -14, 167, 9, -14, 181, 6, 255, 255, 0
L -14, 181, 6, 27, 181, 0, 255, 255, 0
L 27, 181, 0, 27, 195, 0, 255, 255, 0
L 27, 195, 0, 13, 195, 0, 255, 255, 0
L 13, 195, 0, 13, 237, 0, 255, 255, 0
L 13, 237, 0, 55, 237, 0, 255, 255, 0
L 55, 237, 0, 55, 195, 0, 255, 255, 0
L 55, 195, 0, 41, 195, 0, 255, 255, 0
L 41, 195, 0, 41, 181, 0, 255, 255, 0
L 41, 181, 0, 83, 181, 0, 255, 255, 0
L 83, 181, 0, 83, 111, 0, 255, 255, 0
L 83, 111, 0, 97, 111, 0, 255, 255, 0
L 97, 111, 0, 97, 167, 0, 255, 255, 0
L 97, 167, 0, 111, 167, 0, 255, 255, 0
L 111, 167, 0, 111, 97, 0, 255, 255, 0
L 111, 97, 0, 83, 97, 0, 255, 255, 0
L 83, 97, 0, 83, 69, 0, 255, 255, 0
L 83, 69, 0, 97, 69, 0, 255, 255, 0
L 0, 181, -553, 0, 167, -55, 255, 255, 0
L 0, 167, -55, -56, 167, -55, 255, 255, 0
L -56, 167, -55, -56, 223, -55, 255, 255, 0
L -56, 223, -55, -14, 223, -55, 255, 255, 0
L -14, 223, -55, -14, 181, -55, 255, 255, 0
L -14, 181, -55, 0, 181, -49, 255, 255, 0
L 139, 125, 286, 125, 153, 28, 255, 255, 0
L 125, 153, 28, 97, 153, 34, 255, 255, 0
L 97, 153, 34, 97, 167, 36, 255, 255, 0
L 97, 167, 36, 125, 167, 28, 255, 255, 0
L 125, 167, 28, 139, 195, 28, 255, 255, 0
L 139, 195, 28, 153, 195, 28, 255, 255, 0
L 153, 195, 28, 153, 209, 28, 255, 255, 0
L 153, 209, 28, 181, 223, 28, 255, 255, 0
L 181, 223, 28, 195, 223, 28, 255, 255, 0
L 195, 223, 28, 223, 209, 28, 255, 255, 0
L 223, 209, 28, 223, 195, 28, 255, 255, 0
L 223, 195, 28, 237, 195, 28, 255, 255, 0
L 237, 195, 28, 251, 167, 28, 255, 255, 0
L 251, 167, 28, 251, 153, 28, 255, 255, 0
L 251, 153, 28, 237, 125, 28, 255, 255, 0
L 237, 125, 28, 223, 125, 28, 255, 255, 0
L 223, 125, 28, 223, 111, 28, 255, 255, 0
L 223, 111, 28, 195, 97, 28, 255, 255, 0
L 195, 97, 28, 181, 97, 28, 255, 255, 0
L 181, 97, 28, 153, 111, 28, 255, 255, 0
L 153, 111, 28, 153, 125, 28, 255, 255, 0
L 153, 125, 28, 139, 125, 28, 255, 255, 0
L 209, 139, 6, 167, 139, 0, 255, 255, 0
L 167, 139, 0, 167, 181, 0, 255, 255, 0
L 167, 181, 0, 209, 181, 0, 255, 255, 0
L 209, 181, 0, 209, 139, 0, 255, 255, 0
L 195, 153, 6, 195, 151, 0, 255, 255, 0
L 195, 151, 0, 181, 151, 0, 255, 255, 0
L 181, 151, 0, 181, 153, 0, 255, 255, 0
L 181, 153, 0, 179, 153, 0, 255, 255, 0
L 179, 153, 0, 179, 167, 0, 255, 255, 0
L 179, 167, 0, 181, 167, 0, 255, 255, 0
L 181, 167, 0, 181, 169, 0, 255, 255, 0
L 181, 169, 0, 195, 169, 0, 255, 255, 0
L 195, 169, 0, 195, 167, 0, 255, 255, 0
L 195, 167, 0, 197, 167, 0, 255, 255, 0
L 197, 167, 0, 197, 153, 0, 255, 255, 0
L 197, 153, 0, 195, 153, 0, 255, 255, 0
L 195, 153, 5, 195, 153, -6, 255, 255, 0
L 195, 153, -6, 181, 153, -22, 255, 255, 0
L 181, 153, -22, 181, 167, -28, 255, 255, 0
L 181, 167, -28, 195, 167, -35, 255, 255, 0
L 195, 167, -35, 195, 153, -33, 255, 255, 0
L 195, 167, -973, 195, 153, -97, 255, 255, 0
L 195, 153, -97, 139, 153, -97, 255, 255, 0
L 139, 153, -97, 139, 167, -97, 255, 255, 0
L 139, 167, -97, 195, 167, -97, 255, 255, 0
L 153, 209, -833, 153, 153, -77, 255, 255, 0
L 153, 153, -77, 139, 153, -76, 255, 255, 0
L 139, 153, -76, 139, 209, -81, 255, 255, 0
L 139, 209, -81, 125, 209, -83, 255, 255, 0
L 125, 209, -83, 125, 223, -83, 255, 255, 0
L 125, 223, -83, 111, 223, -72, 255, 255, 0
L 111, 223, -72, 111, 237, -104, 255, 255, 0
L 111, 237, -104, 97, 237, -106, 255, 255, 0
L 97, 237, -106, 97, 251, -111, 255, 255, 0
L 97, 251, -111, 83, 251, -124, 255, 255, 0
L 83, 251, -124, 83, 279, -120, 255, 255, 0
L 83, 279, -120, 97, 279, -139, 255, 255, 0
L 97, 279, -139, 97, 293, -136, 255, 255, 0
L 97, 293, -136, 83, 293, -83, 255, 255, 0
L 83, 293, -83, 83, 307, -83, 255, 255, 0
L 83, 307, -83, 111, 307, -83, 255, 255, 0
L 111, 307, -83, 111, 321, -83, 255, 255, 0
L 111, 321, -83, 97, 321, -83, 255, 255, 0
L 97, 321, -83, 97, 363, -83, 255, 255, 0
L 97, 363, -83, 139, 363, -80, 255, 255, 0
L 139, 363, -80, 139, 307, -89, 255, 255, 0
L 139, 307, -89, 153, 307, -94, 255, 255, 0
L 153, 307, -94, 153, 363, -83, 255, 255, 0
L 153, 363, -83, 195, 363, -83, 255, 255, 0
L 195, 363, -83, 195, 321, -83, 255, 255, 0
L 195, 321, -83, 181, 321, -82, 255, 255, 0
L 181, 321, -82, 181, 307, -81, 255, 255, 0
L 181, 307, -81, 209, 307, -83, 255, 255, 0
L 209, 307, -83, 209, 293, -83, 255, 255, 0
L 209, 293, -83, 195, 293, -85, 255, 255, 0
L 195, 293, -85, 195, 279, -92, 255, 255, 0
L 195, 279, -92, 209, 279, -66, 255, 255, 0
L 209, 279, -66, 209, 251, -66, 255, 255, 0
L 209, 251, -66, 195, 251, -111, 255, 255, 0
L 195, 251, -111, 195, 237, -111, 255, 255, 0
L 195, 237, -111, 181, 237, -110, 255, 255, 0
L 181, 237, -110, 181, 223, -70, 255, 255, 0
L 181, 223, -70, 167, 223, -83, 255, 255, 0
L 167, 223, -83, 167, 209, -83, 255, 255, 0
L 167, 209, -83, 153, 209, -83, 255, 255, 0
L 83, 251, -1176, 69, 251, -111, 255, 255, 0
L 69, 251, -111, 69, 237, -111, 255, 255, 0
L 69, 237, -111, 27, 237, -111, 255, 255, 0
L 27, 237, -111, 27, 293, -110, 255, 255, 0
L 27, 293, -110, 69, 293, -111, 255, 255, 0
L 69, 293, -111, 69, 279, -111, 255, 255, 0
L 69, 279, -111, 83, 279, -117, 255, 255, 0
L 83, 279, -117, 83, 279, -139, 255, 255, 0
L 83, 279, -139, 209, 279, -139, 255, 255, 0
L 209, 279, -139, 209, 279, -116, 255, 255, 0
L 209, 279, -116, 223, 279, -111, 255, 255, 0
L 223, 279, -111, 223, 293, -111, 255, 255, 0
L 223, 293, -111, 265, 293, -111, 255, 255, 0
L 265, 293, -111, 265, 237, -110, 255, 255, 0
L 265, 237, -110, 223, 237, -111, 255, 255, 0
L 223, 237, -111, 223, 251, -111, 255, 255, 0
L 223, 251, -111, 209, 251, -114, 255, 255, 0
L 195, 279, -1673, 97, 279, -166, 255, 255, 0
L 97, 279, -166, 97, 293, -166, 255, 255, 0
L 97, 293, -166, 83, 293, -167, 255, 255, 0
L 83, 293, -167, 83, 307, -167, 255, 255, 0
L 83, 307, -167, 111, 307, -167, 255, 255, 0
L 111, 307, -167, 111, 321, -167, 255, 255, 0
L 111, 321, -167, 97, 321, -167, 255, 255, 0
L 97, 321, -167, 97, 363, -167, 255, 255, 0
L 97, 363, -167, 139, 363, -167, 255, 255, 0
L 139, 363, -167, 139, 307, -166, 255, 255, 0
L 139, 307, -166, 153, 307, -167, 255, 255, 0
L 153, 307, -167, 153, 363, -167, 255, 255, 0
L 153, 363, -167, 195, 363, -167, 255, 255, 0
L 195, 363, -167, 195, 321, -167, 255, 255, 0
L 195, 321, -167, 181, 321, -167, 255, 255, 0
L 181, 321, -167, 181, 307, -167, 255, 255, 0
L 181, 307, -167, 209, 307, -167, 255, 255, 0
L 209, 307, -167, 209, 293, -162, 255, 255, 0
L 209, 293, -162, 195, 293, -165, 255, 255, 0
L 195, 293, -165, 195, 279, -167, 255, 255, 0
L 195, 279, -167, 97, 279, -166, 255, 255, 0
L 97, 167, -693, 153, 167, -64, 0, 255, 255
L 153, 167, -64, 153, 111, -69, 0, 255, 255
L 153, 111, -69, 139, 111, -69, 0, 255, 255
L 139, 111, -69, 139, 153, -77, 0, 255, 255
L 139, 153, -77, 97, 153, -69, 0, 255, 255
L 97, 153, -69, 97, 167, -69, 0, 255, 255
L 125, 97, -553, 111, 97, -55, 0, 255, 255
L 111, 97, -55, 111, 55, -55, 0, 255, 255
L 111, 55, -55, 97, 55, -55, 0, 255, 255
L 97, 55, -55, 97, 97, -55, 0, 255, 255
L 97, 97, -55, 83, 97, -55, 0, 255, 255
L 83, 97, -55, 83, 111, -55, 0, 255, 255
L 83, 111, -55, 55, 111, -55, 0, 255, 255
L 55, 111, -55, 55, 83, -55, 0, 255, 255
L 55, 83, -55, 41, 83, -55, 0, 255, 255
L 41, 83, -55, 41, 125, -55, 0, 255, 255
L 41, 125, -55, 83, 125, -55, 0, 255, 255
L 83, 125, -55, 83, 139, -55, 0, 255, 255
L 83, 139, -55, 97, 139, -55, 0, 255, 255
L 97, 139, -55, 97, 167, -50, 0, 255, 255
L 97, 167, -50, 111, 167, -44, 0, 255, 255
L 111, 167, -44, 111, 139, -55, 0, 255, 255
L 111, 139, -55, 125, 139, -55, 0, 255, 255
L 125, 139, -55, 125, 125, -55, 0, 255, 255
L 125, 125, -55, 153, 125, -49, 0, 255, 255
L 153, 125, -49, 153, 111, -59, 0, 255, 255
L 153, 111, -59, 125, 111, -55, 0, 255, 255
L 125, 111, -55, 125, 97, -55, 0, 255, 255
L 167, 69, -205, 167, 55, -19, 153, 0, 153
L 167, 55, -19, 97, 55, -22, 153, 0, 153
L 97, 55, -22, 97, 69, -25, 153, 0, 153
L 97, 69, -25, 167, 69, -23, 153, 0, 153
L -28, 83, -273, -28, 97, -27, 0, 255, 255
L -28, 97, -27, -14, 111, -27, 0, 255, 255
L -14, 111, -27, 0, 111, -27, 0, 255, 255
L 0, 111, -27, 13, 97, -27, 0, 255, 255
L 13, 97, -27, 55, 97, -29, 0, 255, 255
L 55, 97, -29, 55, 83, -27, 0, 255, 255
L 55, 83, -27, 13, 83, -27, 0, 255, 255
L 13, 83, -27, 0, 69, -27, 0, 255, 255
L 0, 69, -27, -14, 69, -27, 0, 255, 255
L -14, 69, -27, -28, 83, -27, 0, 255, 255
L -28, 83, 286, -28, 97, 28, 0, 0, 255
L -28, 97, 28, -14, 111, 28, 0, 0, 255
L -14, 111, 28, 13, 111, 28, 0, 0, 255
L 13, 111, 28, 27, 97, 28, 0, 0, 255
L 27, 97, 28, 27, 83, 28, 0, 0, 255
L 27, 83, 28, 13, 69, 28, 0, 0, 255
L 13, 69, 28, 13, 55, 28, 0, 0, 255
L 13, 55, 28, 55, 13, 28, 0, 0, 255
L 55, 13, 28, 69, 13, 28, 0, 0, 255
L 69, 13, 28, 83, 27, 28, 0, 0, 255
L 83, 27, 28, 97, 27, 28, 0, 0, 255
L 97, 27, 28, 111, 13, 28, 0, 0, 255
L 111, 13, 28, 111, -14, 28, 0, 0, 255
L 111, -14, 28, 97, -28, 28, 0, 0, 255
L 97, -28, 28, 83, -28, 28, 0, 0, 255
L 83, -28, 28, 69, -14, 28, 0, 0, 255
L 69, -14, 28, 55, -14, 28, 0, 0, 255
L 55, -14, 28, 13, -56, 28, 0, 0, 255
L 13, -56, 28, 13, -70, 28, 0, 0, 255
L 13, -70, 28, 27, -84, 28, 0, 0, 255
L 27, -84, 28, 27, -98, 28, 0, 0, 255
L 27, -98, 28, 13, -112, 28, 0, 0, 255
L 13, -112, 28, -14, -112, 28, 0, 0, 255
L -14, -112, 28, -28, -98, 28, 0, 0, 255
L -28, -98, 28, -28, -84, 28, 0, 0, 255
L -28, -84, 28, -14, -70, 28, 0, 0, 255
L -14, -70, 28, -14, -56, 28, 0, 0, 255
L -14, -56, 28, -56, -14, 28, 0, 0, 255
L -56, -14, 28, -70, -14, 28, 0, 0, 255
L -70, -14, 28, -84, -28, 28, 0, 0, 255
L -84, -28, 28, -98, -28, 28, 0, 0, 255
L -98, -28, 28, -112, -14, 28, 0, 0, 255
L -112, -14, 28, -112, 13, 28, 0, 0, 255
L -112, 13, 28, -98, 27, 28, 0, 0, 255
L -98, 27, 28, -84, 27, 28, 0, 0, 255
L -84, 27, 28, -70, 13, 28, 0, 0, 255
L -70, 13, 28, -56, 13, 28, 0, 0, 255
L -56, 13, 28, -14, 55, 28, 0, 0, 255
L -14, 55, 28, -14, 69, 28, 0, 0, 255
L -14, 69, 28, -28, 83, 28, 0, 0, 255
L -42, 27, 26, -28, 41, 2, 0, 0, 255
L -28, 41, 2, 27, 41, 2, 0, 0, 255
L 27, 41, 2, 41, 27, 2, 0, 0, 255
L 41, 27, 2, 41, -28, 2, 0, 0, 255
L 41, -28, 2, 27, -42, 2, 0, 0, 255
L 27, -42, 2, -28, -42, 2, 0, 0, 255
L -28, -42, 2, -42, -28, 2, 0, 0, 255
L -42, -28, 2, -42, 27, 2, 0, 0, 255
L 13, -28, 6, -14, -28, 0, 0, 0, 255
L -14, -28, 0, -28, -14, 0, 0, 0, 255
L -28, -14, 0, -28, 13, 0, 0, 0, 255
L -28, 13, 0, -14, 27, 0, 0, 0, 255
L -14, 27, 0, 13, 27, 0, 0, 0, 255
L 13, 27, 0, 27, 13, 0, 0, 0, 255
L 27, 13, 0, 27, -14, 0, 0, 0, 255
L 27, -14, 0, 13, -28, 0, 0, 0, 255
L 0, 125, 845, 0, 83, 94, 0, 0, 255
L 0, 83, 94, 13, 83, 79, 0, 0, 255
L 13, 83, 79, 13, 111, 85, 0, 0, 255
L 13, 111, 85, 41, 111, 84, 0, 0, 255
L 41, 111, 84, 41, 153, 84, 0, 0, 255
L 41, 153, 84, 55, 153, 84, 0, 0, 255
L 55, 153, 84, 55, 195, 84, 0, 0, 255
L 55, 195, 84, 13, 195, 84, 0, 0, 255
L 13, 195, 84, 13, 153, 84, 0, 0, 255
L 13, 153, 84, 27, 153, 84, 0, 0, 255
L 27, 153, 84, 27, 125, 84, 0, 0, 255
L 27, 125, 84, 0, 125, 84, 0, 0, 255
L -40, -108, 3005, -40, -90, 300, 153, 153, 153
L -40, -90, 300, -10, -90, 300, 153, 153, 153
L -10, -90, 300, -10, -70, 302, 153, 153, 153
L -10, -70, 302, -60, -60, 308, 153, 153, 153
L -60, -60, 308, -28, -42, 288, 153, 153, 153
L -28, -42, 288, -42, -28, 285, 153, 153, 153
L -42, -28, 285, -60, -60, 308, 153, 153, 153
L -60, -60, 308, -70, -10, 300, 153, 153, 153
L -70, -10, 300, -110, -10, 300, 153, 153, 153
L -110, -10, 300, -110, 9, 300, 153, 153, 153
L -110, 9, 300, -70, 9, 300, 153, 153, 153
L -70, 9, 300, -60, 59, 308, 153, 153, 153
L -60, 59, 308, -42, 27, 300, 153, 153, 153
L -42, 27, 300, -28, 41, 291, 153, 153, 153
L -28, 41, 291, -60, 59, 308, 153, 153, 153
L -60, 59, 308, -10, 69, 300, 153, 153, 153
L -10, 69, 300, -10, 109, 322, 153, 153, 153
L -10, 109, 322, 9, 109, 319, 153, 153, 153
L 9, 109, 319, 9, 69, 300, 153, 153, 153
L 9, 69, 300, 59, 59, 308, 153, 153, 153
L 59, 59, 308, 27, 41, 303, 153, 153, 153
L 27, 41, 303, 39, 29, 305, 153, 153, 153
L 39, 29, 305, 59, 59, 308, 153, 153, 153
L 59, 59, 308, 69, 9, 304, 153, 153, 153
L 69, 9, 304, 109, 9, 328, 153, 153, 153
L 109, 9, 328, 109, -10, 323, 153, 153, 153
L 109, -10, 323, 69, -10, 300, 153, 153, 153
L 69, -10, 300, 59, -60, 308, 153, 153, 153
L 59, -60, 308, 41, -28, 303, 153, 153, 153
L 41, -28, 303, 27, -42, 305, 153, 153, 153
L 27, -42, 305, 59, -60, 308, 153, 153, 153
L 59, -60, 308, 9, -70, 300, 153, 153, 153
L 9, -70, 300, 9, -110, 300, 153, 153, 153
L 9, -110, 300, -20, -110, 300, 153, 153, 153
L -20, -110, 300, -20, -113, 300, 153, 153, 153
L 55, -42, -553, 27, -42, -52, 0, 255, 0
L 27, -42, -52, 13, -56, -55, 0, 255, 0
L 13, -56, -55, 13, -70, -55, 0, 255, 0
L 13, -70, -55, 27, -84, -55, 0, 255, 0
L 27, -84, -55, 55, -84, -53, 0, 255, 0
L 55, -84, -53, 55, -70, -55, 0, 255, 0
L 55, -70, -55, 83, -70, -62, 0, 255, 0
L 83, -70, -62, 97, -56, -54, 0, 255, 0
L 97, -56, -54, 125, -56, -45, 0, 255, 0
L 125, -56, -45, 125, -42, -47, 0, 255, 0
L 125, -42, -47, 111, -42, -59, 0, 255, 0
L 111, -42, -59, 97, -28, -55, 0, 255, 0
L 97, -28, -55, 97, 0, -47, 0, 255, 0
L 97, 0, -47, 83, 0, -49, 0, 255, 0
L 83, 0, -49, 83, -42, -55, 0, 255, 0
L 83, -42, -55, 69, -56, -55, 0, 255, 0
L 69, -56, -55, 55, -56, -55, 0, 255, 0
L 55, -56, -55, 55, -42, -55, 0, 255, 0
L 69, -70, -781, 69, -98, -83, 0, 255, 0
L 69, -98, -83, 55, -98, -83, 0, 255, 0
L 55, -98, -83, 55, -126, -83, 0, 255, 0
L 55, -126, -83, 69, -140, -83, 0, 255, 0
L 69, -140, -83, 83, -140, -83, 0, 255, 0
L 83, -140, -83, 97, -126, -83, 0, 255, 0
L 97, -126, -83, 97, -98, -83, 0, 255, 0
L 97, -98, -83, 83, -98, -83, 0, 255, 0
L 83, -98, -83, 83, -70, -83, 0, 255, 0
L 83, -70, -83, 69, -70, -83, 0, 255, 0
L 139, -84, -413, 111, -84, -41, 255, 255, 0
L 111, -84, -41, 111, -42, -38, 255, 255, 0
L 111, -42, -38, 125, -42, -37, 255, 255, 0
L 125, -42, -37, 125, -70, -41, 255, 255, 0
L 125, -70, -41, 139, -70, -40, 255, 255, 0
L 139, -70, -40, 139, -84, -39, 255, 255, 0
L 111, -112, -273, 111, -126, -27, 0, 255, 0
L 111, -126, -27, 125, -126, -25, 0, 255, 0
L 125, -126, -25, 139, -140, -27, 0, 255, 0
L 139, -140, -27, 139, -154, -27, 0, 255, 0
L 139, -154, -27, 111, -154, -27, 0, 255, 0
L 111, -154, -27, 111, -210, -25, 0, 255, 0
L 111, -210, -25, 181, -210, -27, 0, 255, 0
L 181, -210, -27, 181, -154, -27, 0, 255, 0
L 181, -154, -27, 153, -154, -27, 0, 255, 0
L 153, -154, -27, 153, -140, -27, 0, 255, 0
L 153, -140, -27, 167, -126, -27, 0, 255, 0
L 167, -126, -27, 195, -126, -14, 0, 255, 0
L 195, -126, -14, 195, -112, -17, 0, 255, 0
L 195, -112, -17, 167, -112, -27, 0, 255, 0
L 167, -112, -27, 153, -98, -27, 0, 255, 0
L 153, -98, -27, 153, -70, -27, 0, 255, 0
L 153, -70, -27, 125, -70, -22, 0, 255, 0
L 125, -70, -22, 125, -84, -21, 0, 255, 0
L 125, -84, -21, 139, -84, -31, 0, 255, 0
L 139, -84, -31, 139, -98, -27, 0, 255, 0
L 139, -98, -27, 125, -112, -27, 0, 255, 0
L 125, -112, -27, 111, -112, -27, 0, 255, 0
L 153, -56, -689, 111, -56, -69, 0, 255, 255
L 111, -56, -69, 111, -42, -69, 0, 255, 255
L 111, -42, -69, 139, -42, -69, 0, 255, 255
L 139, -42, -69, 139, 0, -69, 0, 255, 255
L 139, 0, -69, 181, 0, -69, 0, 255, 255
L 181, 0, -69, 181, 13, -69, 0, 255, 255
L 181, 13, -69, 195, 27, -69, 0, 255, 255
L 195, 27, -69, 237, 27, -69, 0, 255, 255
L 237, 27, -69, 251, 13, -69, 0, 255, 255
L 251, 13, -69, 251, -28, -69, 0, 255, 255
L 251, -28, -69, 237, -42, -69, 0, 255, 255
L 237, -42, -69, 195, -42, -69, 0, 255, 255
L 195, -42, -69, 181, -28, -69, 0, 255, 255
L 181, -28, -69, 181, -14, -69, 0, 255, 255
L 181, -14, -69, 153, -14, -69, 0, 255, 255
L 153, -14, -69, 153, -56, -69, 0, 255, 255
L 237, -14, -802, 237, 0, -79, 0, 255, 255
L 237, 0, -79, 223, 13, -78, 0, 255, 255
L 223, 13, -78, 209, 13, -79, 0, 255, 255
L 209, 13, -79, 195, 0, -73, 0, 255, 255
L 195, 0, -73, 195, -14, -76, 0, 255, 255
L 195, -14, -76, 209, -28, -79, 0, 255, 255
L 209, -28, -79, 223, -28, -75, 0, 255, 255
L 223, -28, -75, 237, -14, -78, 0, 255, 255
L 195, 27, -1533, 181, 13, -153, 153, 153, 153
L 181, 13, -153, 181, -28, -153, 153, 153, 153
L 181, -28, -153, 195, -42, -153, 153, 153, 153
L 195, -42, -153, 237, -42, -153, 153, 153, 153
L 237, -42, -153, 251, -28, -150, 153, 153, 153
L 251, -28, -150, 251, 13, -153, 153, 153, 153
L 251, 13, -153, 237, 27, -153, 153, 153, 153
L 237, 27, -153, 195, 27, -153, 153, 153, 153
L 209, -42, -1393, 223, -56, -139, 153, 153, 153
L 223, -56, -139, 223, -63, -139, 153, 153, 153
L 223, -63, -139, 209, -70, -139, 153, 153, 153
L 209, -70, -139, 195, -56, -139, 153, 153, 153
L 195, -56, -139, 181, -56, -139, 153, 153, 153
L 181, -56, -139, 167, -70, -139, 153, 153, 153
L 167, -70, -139, 167, -84, -138, 153, 153, 153
L 167, -84, -138, 181, -98, -139, 153, 153, 153
L 181, -98, -139, 195, -98, -139, 153, 153, 153
L 195, -98, -139, 209, -84, -139, 153, 153, 153
L 209, -84, -139, 223, -98, -139, 153, 153, 153
L 223, -98, -139, 251, -98, -139, 153, 153, 153
L 251, -98, -139, 265, -84, -139, 153, 153, 153
L 265, -84, -139, 265, -70, -139, 153, 153, 153
L 265, -70, -139, 251, -63, -139, 153, 153, 153
L 251, -63, -139, 251, -56, -139, 153, 153, 153
L 251, -56, -139, 265, -42, -139, 153, 153, 153
L 265, -42, -139, 279, -42, -139, 153, 153, 153
L 279, -42, -139, 293, -28, -137, 153, 153, 153
L 293, -28, -137, 279, -14, -139, 153, 153, 153
L 279, -14, -139, 279, 0, -139, 153, 153, 153
L 279, 0, -139, 293, 13, -137, 153, 153, 153
L 293, 13, -137, 279, 27, -139, 153, 153, 153
L 279, 27, -139, 265, 27, -136, 153, 153, 153
L 265, 27, -136, 251, 41, -139, 153, 153, 153
L 251, 41, -139, 251, 48, -139, 153, 153, 153
L 251, 48, -139, 265, 55, -139, 153, 153, 153
L 265, 55, -139, 265, 69, -137, 153, 153, 153
L 265, 69, -137, 251, 83, -139, 153, 153, 153
L 251, 83, -139, 223, 83, -139, 153, 153, 153
L 223, 83, -139, 209, 69, -139, 153, 153, 153
L 209, 69, -139, 209, 55, -139, 153, 153, 153
L 209, 55, -139, 223, 48, -139, 153, 153, 153
L 223, 48, -139, 223, 41, -139, 153, 153, 153
L 223, 41, -139, 209, 27, -139, 153, 153, 153
L 293, 13, -1293, 307, 13, -125, 153, 153, 153
L 307, 13, -125, 321, 0, -125, 153, 153, 153
L 321, 0, -125, 321, -14, -125, 153, 153, 153
L 321, -14, -125, 307, -28, -125, 153, 153, 153
L 307, -28, -125, 293, -28, -136, 153, 153, 153
L 307, 13, -1253, 335, 13, -111, 153, 153, 153
L 335, 13, -111, 349, 0, -111, 153, 153, 153
L 349, 0, -111, 349, -14, -111, 153, 153, 153
L 349, -14, -111, 335, -28, -111, 153, 153, 153
L 335, -28, -111, 307, -28, -124, 153, 153, 153
L 223, -210, -833, 265, -210, -83, 153, 153, 153
L 265, -210, -83, 265, -224, -83, 153, 153, 153
L 265, -224, -83, 251, -238, -83, 153, 153, 153
L 251, -238, -83, 251, -280, -83, 153, 153, 153
L 251, -280, -83, 265, -294, -83, 153, 153, 153
L 265, -294, -83, 307, -294, -83, 153, 153, 153
L 307, -294, -83, 321, -280, -83, 153, 153, 153
L 321, -280, -83, 321, -238, -83, 153, 153, 153
L 321, -238, -83, 307, -224, -83, 153, 153, 153
L 307, -224, -83, 307, -210, -83, 153, 153, 153
L 307, -210, -83, 349, -210, -79, 153, 153, 153
L 349, -210, -79, 349, -140, -83, 153, 153, 153
L 349, -140, -83, 359, -140, -83, 153, 153, 153
L 359, -140, -83, 359, -112, -83, 153, 153, 153
L 359, -112, -83, 321, -112, -83, 153, 153, 153
L 321, -112, -83, 321, -140, -83, 153, 153, 153
L 321, -140, -83, 293, -140, -83, 153, 153, 153
L 293, -140, -83, 293, -112, -78, 153, 153, 153
L 293, -112, -78, 279, -112, -73, 153, 153, 153
L 279, -112, -73, 279, -140, -83, 153, 153, 153
L 279, -140, -83, 251, -140, -83, 153, 153, 153
L 251, -140, -83, 251, -112, -83, 153, 153, 153
L 251, -112, -83, 223, -112, -83, 153, 153, 153
L 223, -112, -83, 223, -210, -83, 153, 153, 153
L 265, -84, -1327, 279, -98, -125, 255, 255, 0
L 279, -98, -125, 279, -126, -125, 255, 255, 0
L 279, -126, -125, 293, -126, -125, 255, 255, 0
L 293, -126, -125, 293, -98, -125, 255, 255, 0
L 293, -98, -125, 307, -84, -125, 255, 255, 0
L 307, -84, -125, 307, -70, -125, 255, 255, 0
L 307, -70, -125, 293, -56, -125, 255, 255, 0
L 293, -56, -125, 279, -56, -125, 255, 255, 0
L 279, -56, -125, 265, -70, -129, 255, 255, 0
L 209, 69, -1300, 195, 83, -125, 255, 255, 0
L 195, 83, -125, 181, 83, -125, 255, 255, 0
L 181, 83, -125, 167, 69, -125, 255, 255, 0
L 167, 69, -125, 153, 69, -125, 255, 255, 0
L 153, 69, -125, 153, 55, -125, 255, 255, 0
L 153, 55, -125, 167, 55, -125, 255, 255, 0
L 167, 55, -125, 181, 41, -125, 255, 255, 0
L 181, 41, -125, 195, 41, -125, 255, 255, 0
L 195, 41, -125, 209, 55, -128, 255, 255, 0
L 265, 55, -1294, 279, 41, -125, 255, 255, 0
L 279, 41, -125, 293, 41, -125, 255, 255, 0
L 293, 41, -125, 307, 55, -125, 255, 255, 0
L 307, 55, -125, 307, 69, -125, 255, 255, 0
L 307, 69, -125, 293, 83, -125, 255, 255, 0
L 293, 83, -125, 279, 83, -125, 255, 255, 0
L 279, 83, -125, 265, 69, -134, 255, 255, 0
L 195, -98, -1306, 195, -112, -125, 255, 255, 0
L 195, -112, -125, 181, -112, -125, 255, 255, 0
L 181, -112, -125, 181, -98, -130, 255, 255, 0
L 181, -126, -693, 181, -98, -63, 0, 255, 255
L 181, -98, -63, 195, -98, -61, 0, 255, 255
L 195, -98, -61, 195, -126, -60, 0, 255, 255
L 195, -126, -60, 181, -126, -62, 0, 255, 255
L 359, -134, -783, 363, -132, -77, 0, 255, 255
L 363, -132, -77, 363, -140, -79, 0, 255, 255
L 363, -140, -79, 371, -158, -83, 0, 255, 255
L 371, -158, -83, 391, -168, -83, 0, 255, 255
L 391, -168, -83, 419, -168, -83, 0, 255, 255
L 419, -168, -83, 433, -126, -91, 0, 255, 255
L 433, -126, -91, 433, -112, -91, 0, 255, 255
L 433, -112, -91, 405, -84, -83, 0, 255, 255
L 405, -84, -83, 391, -84, -83, 0, 255, 255
L 391, -84, -83, 371, -98, -83, 0, 255, 255
L 371, -98, -83, 363, -112, -79, 0, 255, 255
L 363, -112, -79, 363, -118, -74, 0, 255, 255
L 363, -118, -74, 359, -120, -77, 0, 255, 255
L 405, -168, -673, 405, -182, -67, 0, 255, 255
L 405, -182, -67, 419, -196, -67, 0, 255, 255
L 419, -196, -67, 433, -196, -71, 0, 255, 255
L 433, -196, -71, 447, -210, -71, 0, 255, 255
L 447, -210, -71, 461, -210, -69, 0, 255, 255
L 461, -210, -69, 475, -196, -71, 0, 255, 255
L 475, -196, -71, 475, -182, -71, 0, 255, 255
L 475, -182, -71, 461, -168, -71, 0, 255, 255
L 461, -168, -71, 447, -168, -71, 0, 255, 255
L 447, -168, -71, 433, -182, -71, 0, 255, 255
L 433, -182, -71, 419, -168, -70, 0, 255, 255
L 433, -126, -913, 447, -140, -91, 0, 255, 255
L 447, -140, -91, 461, -140, -91, 0, 255, 255
L 461, -140, -91, 475, -126, -91, 0, 255, 255
L 475, -126, -91, 461, -98, -91, 0, 255, 255
L 461, -98, -91, 447, -98, -91, 0, 255, 255
L 447, -98, -91, 433, -112, -91, 0, 255, 255
L 461, -140, -912, 475, -154, -87, 0, 255, 255
L 475, -154, -87, 489, -154, -87, 0, 255, 255
L 489, -154, -87, 489, -140, -87, 0, 255, 255
L 489, -140, -87, 503, -140, -87, 0, 255, 255
L 503, -140, -87, 517, -126, -87, 0, 255, 255
L 517, -126, -87, 475, -126, -91, 0, 255, 255
L 503, -140, -775, 517, -154, -77, 0, 255, 255
L 517, -154, -773, 503, -168, -77, 0, 255, 255
L 503, -168, -77, 503, -182, -77, 0, 255, 255
L 503, -182, -77, 517, -196, -77, 0, 255, 255
L 517, -196, -77, 531, -196, -77, 0, 255, 255
L 531, -196, -77, 545, -182, -77, 0, 255, 255
L 545, -182, -77, 545, -168, -77, 0, 255, 255
L 545, -168, -77, 531, -154, -77, 0, 255, 255
L 531, -154, -77, 517, -154, -77, 0, 255, 255
L 531, -154, -773, 531, -140, -71, 0, 255, 255
L 531, -140, -71, 517, -126, -87, 0, 255, 255
L 447, -98, -891, 447, -70, -83, 0, 255, 255
L 447, -70, -83, 461, -56, -83, 0, 255, 255
L 461, -56, -83, 475, -56, -91, 0, 255, 255
L 475, -56, -913, 475, -70, -91, 0, 255, 255
L 475, -70, -91, 489, -84, -91, 0, 255, 255
L 489, -84, -91, 503, -84, -91, 0, 255, 255
L 503, -84, -91, 517, -70, -91, 0, 255, 255
L 517, -70, -91, 517, -56, -91, 0, 255, 255
L 517, -56, -91, 503, -42, -91, 0, 255, 255
L 503, -42, -91, 489, -42, -91, 0, 255, 255
L 489, -42, -91, 475, -56, -91, 0, 255, 255
L 475, -70, -913, 461, -84, -83, 0, 255, 255
L 461, -84, -83, 461, -98, -87, 0, 255, 255
P -100, -14, 0, 255, 255, 255, 2, Succor_Point
P 240, 450, 0, 255, 255, 255, 2, Use_Depth_Filter_580_580
