L 133, -646, -22, 129, -646, -24, 0, 0, 0
L 134, -646, -21, 133, -646, -22, 0, 0, 0
L 136, -645, -21, 134, -646, -21, 0, 0, 0
L 136, -644, -21, 136, -645, -21, 0, 0, 0
L 138, -643, -20, 136, -644, -21, 0, 0, 0
L 139, -642, -19, 138, -643, -20, 0, 0, 0
L 143, -642, -17, 139, -642, -19, 0, 0, 0
L 144, -644, -15, 143, -642, -17, 0, 0, 0
L 146, -643, -18, 144, -644, -15, 0, 0, 0
L 148, -642, -20, 146, -643, -18, 0, 0, 0
L 150, -642, -21, 148, -642, -20, 0, 0, 0
L 151, -642, -21, 150, -642, -21, 0, 0, 0
L 152, -643, -22, 151, -642, -21, 0, 0, 0
L 153, -645, -22, 152, -643, -22, 0, 0, 0
L 156, -645, -22, 153, -645, -22, 0, 0, 0
L 158, -646, -22, 156, -645, -22, 0, 0, 0
L 159, -645, -22, 158, -646, -22, 0, 0, 0
L 159, -643, -23, 159, -645, -22, 0, 0, 0
L 160, -641, -24, 159, -643, -23, 0, 0, 0
L 161, -640, -24, 160, -641, -24, 0, 0, 0
L 172, -640, -24, 161, -640, -24, 0, 0, 0
L 180, -633, -24, 172, -640, -24, 0, 0, 0
L 181, -631, -24, 180, -633, -24, 0, 0, 0
L 179, -631, -24, 181, -631, -24, 0, 0, 0
L 177, -632, -24, 179, -631, -24, 0, 0, 0
L 175, -632, -24, 177, -632, -24, 0, 0, 0
L 173, -631, -24, 175, -632, -24, 0, 0, 0
L 172, -630, -24, 173, -631, -24, 0, 0, 0
L 172, -625, -24, 172, -630, -24, 0, 0, 0
L 171, -621, -24, 172, -625, -24, 0, 0, 0
L 172, -619, -24, 171, -621, -24, 0, 0, 0
L 182, -619, -24, 172, -619, -24, 0, 0, 0
L 173, -611, -24, 182, -619, -24, 0, 0, 0
L 172, -610, -21, 173, -611, -24, 0, 0, 0
L 170, -611, -21, 172, -610, -21, 0, 0, 0
L 168, -613, -24, 170, -611, -21, 0, 0, 0
L 167, -614, -22, 168, -613, -24, 0, 0, 0
L 167, -612, -21, 167, -614, -22, 0, 0, 0
L 165, -613, -21, 167, -612, -21, 0, 0, 0
L 166, -611, -21, 165, -613, -21, 0, 0, 0
L 165, -610, -21, 166, -611, -21, 0, 0, 0
L 162, -610, -24, 165, -610, -21, 0, 0, 0
L 161, -610, -24, 162, -610, -24, 0, 0, 0
L 159, -608, -24, 161, -610, -24, 0, 0, 0
L 159, -588, -24, 159, -608, -24, 0, 0, 0
L 161, -586, -24, 159, -588, -24, 0, 0, 0
L 172, -586, -24, 161, -586, -24, 0, 0, 0
L 180, -579, -24, 172, -586, -24, 0, 0, 0
L 180, -577, -24, 180, -579, -24, 0, 0, 0
L 178, -577, -24, 180, -577, -24, 0, 0, 0
L 176, -578, -24, 178, -577, -24, 0, 0, 0
L 174, -578, -24, 176, -578, -24, 0, 0, 0
L 173, -577, -24, 174, -578, -24, 0, 0, 0
L 172, -572, -24, 173, -577, -24, 0, 0, 0
L 172, -566, -24, 172, -572, -24, 0, 0, 0
L 173, -565, -24, 172, -566, -24, 0, 0, 0
L 179, -565, -24, 173, -565, -24, 0, 0, 0
L 180, -566, -24, 179, -565, -24, 0, 0, 0
L 182, -566, -24, 180, -566, -24, 0, 0, 0
L 175, -558, -24, 182, -566, -24, 0, 0, 0
L 173, -557, -24, 175, -558, -24, 0, 0, 0
L 171, -556, -21, 173, -557, -24, 0, 0, 0
L 169, -557, -21, 171, -556, -21, 0, 0, 0
L 168, -558, -21, 169, -557, -21, 0, 0, 0
L 164, -557, -21, 168, -558, -21, 0, 0, 0
L 163, -556, -24, 164, -557, -21, 0, 0, 0
L 161, -556, -24, 163, -556, -24, 0, 0, 0
L 159, -555, -24, 161, -556, -24, 0, 0, 0
L 159, -534, -24, 159, -555, -24, 0, 0, 0
L 161, -532, -24, 159, -534, -24, 0, 0, 0
L 173, -532, -24, 161, -532, -24, 0, 0, 0
L 180, -525, -24, 173, -532, -24, 0, 0, 0
L 180, -523, -24, 180, -525, -24, 0, 0, 0
L 177, -523, -24, 180, -523, -24, 0, 0, 0
L 175, -524, -24, 177, -523, -24, 0, 0, 0
L 173, -523, -24, 175, -524, -24, 0, 0, 0
L 172, -522, -24, 173, -523, -24, 0, 0, 0
L 172, -517, -24, 172, -522, -24, 0, 0, 0
L 171, -515, -24, 172, -517, -24, 0, 0, 0
L 172, -513, -24, 171, -515, -24, 0, 0, 0
L 172, -512, -24, 172, -513, -24, 0, 0, 0
L 174, -511, -24, 172, -512, -24, 0, 0, 0
L 181, -512, -24, 174, -511, -24, 0, 0, 0
L 182, -512, -24, 181, -512, -24, 0, 0, 0
L 174, -504, -24, 182, -512, -24, 0, 0, 0
L 173, -502, -21, 174, -504, -24, 0, 0, 0
L 165, -502, -21, 173, -502, -21, 0, 0, 0
L 163, -502, -24, 165, -502, -21, 0, 0, 0
L 161, -502, -24, 163, -502, -24, 0, 0, 0
L 159, -501, -23, 161, -502, -24, 0, 0, 0
L 159, -466, -24, 159, -501, -23, 0, 0, 0
L 157, -466, -24, 159, -466, -24, 0, 0, 0
L 151, -471, -24, 157, -466, -24, 0, 0, 0
L 150, -472, -24, 151, -471, -24, 0, 0, 0
L 148, -472, -24, 150, -472, -24, 0, 0, 0
L 146, -471, -24, 148, -472, -24, 0, 0, 0
L 146, -457, -24, 146, -471, -24, 0, 0, 0
L 147, -456, -24, 146, -457, -24, 0, 0, 0
L 149, -455, -24, 147, -456, -24, 0, 0, 0
L 151, -455, -24, 149, -455, -24, 0, 0, 0
L 153, -456, -24, 151, -455, -24, 0, 0, 0
L 153, -311, -21, 153, -456, -24, 0, 0, 0
L 145, -310, -24, 153, -311, -21, 0, 0, 0
L 97, -310, -24, 145, -310, -24, 0, 0, 0
L 89, -311, -24, 97, -310, -24, 0, 0, 0
L 88, -311, -24, 89, -311, -24, 0, 0, 0
L 86, -310, -24, 88, -311, -24, 0, 0, 0
L 86, -299, -24, 86, -310, -24, 0, 0, 0
L 91, -299, -24, 86, -299, -24, 0, 0, 0
L 92, -300, -24, 91, -299, -24, 0, 0, 0
L 115, -300, -20, 92, -300, -24, 0, 0, 0
L 117, -300, -18, 115, -300, -20, 0, 0, 0
L 117, -257, -24, 117, -300, -18, 0, 0, 0
L 117, -255, -24, 117, -257, -24, 0, 0, 0
L 118, -253, -24, 117, -255, -24, 0, 0, 0
L 148, -224, -24, 118, -253, -24, 0, 0, 0
L 149, -222, -24, 148, -224, -24, 0, 0, 0
L 148, -221, -24, 149, -222, -24, 0, 0, 0
L 148, -202, -24, 148, -221, -24, 0, 0, 0
L 149, -201, -24, 148, -202, -24, 0, 0, 0
L 150, -172, -19, 149, -201, -24, 0, 0, 0
L 150, -170, -18, 150, -172, -19, 0, 0, 0
L 129, -170, -24, 150, -170, -18, 0, 0, 0
L 127, -170, -24, 129, -170, -24, 0, 0, 0
L 123, -171, -24, 127, -170, -24, 0, 0, 0
L 121, -171, -24, 123, -171, -24, 0, 0, 0
L 119, -170, -24, 121, -171, -24, 0, 0, 0
L 118, -168, -24, 119, -170, -24, 0, 0, 0
L 130, -160, -24, 125, -160, -24, 0, 0, 0
L 134, -160, -22, 130, -160, -24, 0, 0, 0
L 136, -160, -20, 134, -160, -22, 0, 0, 0
L 138, -160, -20, 136, -160, -20, 0, 0, 0
L 140, -160, -19, 138, -160, -20, 0, 0, 0
L 233, -160, -19, 140, -160, -19, 0, 0, 0
L 235, -160, -20, 233, -160, -19, 0, 0, 0
L 236, -159, -21, 235, -160, -20, 0, 0, 0
L 236, -157, -21, 236, -159, -21, 0, 0, 0
L 235, -156, -22, 236, -157, -21, 0, 0, 0
L 235, -140, -24, 235, -156, -22, 0, 0, 0
L 235, -138, -24, 235, -140, -24, 0, 0, 0
L 236, -137, -24, 235, -138, -24, 0, 0, 0
L 236, -133, -24, 236, -137, -24, 0, 0, 0
L 213, -109, -24, 236, -133, -24, 0, 0, 0
L 212, -67, -18, 213, -109, -24, 0, 0, 0
L 212, -65, -18, 212, -67, -18, 0, 0, 0
L 202, -54, -23, 212, -65, -18, 0, 0, 0
L 195, -47, -24, 202, -54, -23, 0, 0, 0
L 193, -46, -24, 195, -47, -24, 0, 0, 0
L 126, -46, -24, 193, -46, -24, 0, 0, 0
L 107, -65, -24, 126, -46, -24, 0, 0, 0
L 107, -108, -24, 107, -65, -24, 0, 0, 0
L 106, -110, -24, 107, -108, -24, 0, 0, 0
L 84, -131, -21, 106, -110, -24, 0, 0, 0
L 83, -132, -20, 84, -131, -21, 0, 0, 0
L 83, -135, -21, 83, -132, -20, 0, 0, 0
L 83, -137, -21, 83, -135, -21, 0, 0, 0
L 84, -138, -23, 83, -137, -21, 0, 0, 0
L 84, -153, -24, 84, -138, -23, 0, 0, 0
L 85, -155, -24, 84, -153, -24, 0, 0, 0
L 84, -156, -24, 85, -155, -24, 0, 0, 0
L 83, -158, -24, 84, -156, -24, 0, 0, 0
L 83, -160, -24, 83, -158, -24, 0, 0, 0
L 102, -160, -24, 83, -160, -24, 0, 0, 0
L 110, -155, -24, 102, -160, -24, 0, 0, 0
L 111, -154, -24, 110, -155, -24, 0, 0, 0
L 113, -154, -24, 111, -154, -24, 0, 0, 0
L 114, -155, -24, 113, -154, -24, 0, 0, 0
L 115, -167, -24, 114, -155, -24, 0, 0, 0
L 114, -169, -24, 115, -167, -24, 0, 0, 0
L 112, -171, -24, 114, -169, -24, 0, 0, 0
L 110, -171, -24, 112, -171, -24, 0, 0, 0
L 108, -170, -24, 110, -171, -24, 0, 0, 0
L 86, -170, -17, 108, -170, -24, 0, 0, 0
L 85, -170, -17, 86, -170, -17, 0, 0, 0
L 84, -215, -21, 85, -170, -17, 0, 0, 0
L 83, -217, -21, 84, -215, -21, 0, 0, 0
L 53, -247, -24, 83, -217, -21, 0, 0, 0
L 52, -248, -24, 53, -247, -24, 0, 0, 0
L 52, -254, -24, 52, -248, -24, 0, 0, 0
L 53, -256, -24, 52, -254, -24, 0, 0, 0
L 54, -272, -24, 53, -256, -24, 0, 0, 0
L 53, -274, -24, 54, -272, -24, 0, 0, 0
L 52, -275, -24, 53, -274, -24, 0, 0, 0
L 52, -298, -19, 52, -275, -24, 0, 0, 0
L 52, -300, -18, 52, -298, -19, 0, 0, 0
L 72, -300, -24, 52, -300, -18, 0, 0, 0
L 74, -300, -24, 72, -300, -24, 0, 0, 0
L 76, -296, -24, 74, -300, -24, 0, 0, 0
L 78, -294, -24, 76, -296, -24, 0, 0, 0
L 80, -294, -24, 78, -294, -24, 0, 0, 0
L 82, -295, -24, 80, -294, -24, 0, 0, 0
L 82, -309, -24, 82, -295, -24, 0, 0, 0
L 81, -310, -24, 82, -309, -24, 0, 0, 0
L 79, -311, -24, 81, -310, -24, 0, 0, 0
L 77, -311, -24, 79, -311, -24, 0, 0, 0
L 76, -310, -24, 77, -311, -24, 0, 0, 0
L 13, -310, -23, 76, -310, -24, 0, 0, 0
L 11, -310, -24, 13, -310, -23, 0, 0, 0
L 8, -315, -24, 11, -310, -24, 0, 0, 0
L 6, -317, -24, 8, -315, -24, 0, 0, 0
L -5, -317, -24, 6, -317, -24, 0, 0, 0
L -6, -315, -24, -5, -317, -24, 0, 0, 0
L -8, -314, -23, -6, -315, -24, 0, 0, 0
L -9, -313, -23, -8, -314, -23, 0, 0, 0
L -7, -313, -24, -9, -313, -23, 0, 0, 0
L -6, -314, -24, -7, -313, -24, 0, 0, 0
L -4, -313, -24, -6, -314, -24, 0, 0, 0
L -4, -311, -24, -4, -313, -24, 0, 0, 0
L -3, -308, -22, -4, -311, -24, 0, 0, 0
L -3, -306, -22, -3, -308, -22, 0, 0, 0
L -11, -297, -24, -3, -306, -22, 0, 0, 0
L -13, -295, -24, -11, -297, -24, 0, 0, 0
L -15, -294, -24, -13, -295, -24, 0, 0, 0
L -27, -281, -24, -15, -294, -24, 0, 0, 0
L -27, -248, -20, -27, -281, -24, 0, 0, 0
L -50, -229, -24, -27, -248, -20, 0, 0, 0
L -51, -228, -24, -50, -229, -24, 0, 0, 0
L -53, -227, -24, -51, -228, -24, 0, 0, 0
L -56, -227, -24, -53, -227, -24, 0, 0, 0
L -58, -226, -24, -56, -227, -24, 0, 0, 0
L -58, -213, -24, -58, -226, -24, 0, 0, 0
L -57, -212, -24, -58, -213, -24, 0, 0, 0
L -56, -210, -24, -57, -212, -24, 0, 0, 0
L -54, -210, -24, -56, -210, -24, 0, 0, 0
L -53, -212, -24, -54, -210, -24, 0, 0, 0
L -54, -213, -24, -53, -212, -24, 0, 0, 0
L -53, -215, -24, -54, -213, -24, 0, 0, 0
L -52, -216, -24, -53, -215, -24, 0, 0, 0
L -37, -216, -24, -52, -216, -24, 0, 0, 0
L -33, -214, -24, -37, -216, -24, 0, 0, 0
L -16, -214, -24, -33, -214, -24, 0, 0, 0
L -14, -216, -24, -16, -214, -24, 0, 0, 0
L 0, -216, -21, -14, -216, -24, 0, 0, 0
L 2, -216, -20, 0, -216, -21, 0, 0, 0
L 19, -200, -24, 2, -216, -20, 0, 0, 0
L 20, -199, -24, 19, -200, -24, 0, 0, 0
L 21, -148, -20, 20, -199, -24, 0, 0, 0
L 20, -146, -21, 21, -148, -20, 0, 0, 0
L 21, -134, -24, 20, -146, -21, 0, 0, 0
L 21, -132, -24, 21, -134, -24, 0, 0, 0
L 7, -110, -21, 21, -132, -24, 0, 0, 0
L -22, -110, -24, 7, -110, -21, 0, 0, 0
L -25, -110, -24, -22, -110, -24, 0, 0, 0
L -27, -109, -24, -25, -110, -24, 0, 0, 0
L -27, -92, -20, -27, -109, -24, 0, 0, 0
L -27, -90, -20, -27, -92, -20, 0, 0, 0
L -92, -90, -21, -27, -90, -20, 0, 0, 0
L -93, -98, -24, -92, -90, -21, 0, 0, 0
L -91, -102, -24, -93, -98, -24, 0, 0, 0
L -91, -120, -24, -91, -102, -24, 0, 0, 0
L -93, -121, -24, -91, -120, -24, 0, 0, 0
L -93, -154, -20, -93, -121, -24, 0, 0, 0
L -92, -155, -20, -93, -154, -20, 0, 0, 0
L -92, -161, -20, -92, -155, -20, 0, 0, 0
L -102, -161, -20, -92, -161, -20, 0, 0, 0
L -104, -160, -20, -102, -161, -20, 0, 0, 0
L -104, -156, -20, -104, -160, -20, 0, 0, 0
L -103, -154, -19, -104, -156, -20, 0, 0, 0
L -155, -154, -4, -103, -154, -19, 0, 0, 0
L -152, -154, -4, -155, -154, -4, 0, 0, 0
L -151, -155, -4, -152, -154, -4, 0, 0, 0
L -151, -157, -4, -151, -155, -4, 0, 0, 0
L -152, -158, -4, -151, -157, -4, 0, 0, 0
L -153, -160, -4, -152, -158, -4, 0, 0, 0
L -154, -161, -4, -153, -160, -4, 0, 0, 0
L -168, -161, -4, -154, -161, -4, 0, 0, 0
L -170, -159, -4, -168, -161, -4, 0, 0, 0
L -170, -155, -4, -170, -159, -4, 0, 0, 0
L -169, -102, -2, -170, -155, -4, 0, 0, 0
L -171, -103, -3, -169, -102, -2, 0, 0, 0
L -173, -103, -3, -171, -103, -3, 0, 0, 0
L -174, -103, -4, -173, -103, -3, 0, 0, 0
L -176, -102, -4, -174, -103, -4, 0, 0, 0
L -176, -92, -4, -176, -102, -4, 0, 0, 0
L -177, -91, -4, -176, -92, -4, 0, 0, 0
L -172, -91, -4, -177, -91, -4, 0, 0, 0
L -170, -92, -4, -172, -91, -4, 0, 0, 0
L -161, -92, -4, -170, -92, -4, 0, 0, 0
L -161, -62, -4, -161, -92, -4, 0, 0, 0
L -159, -60, -4, -161, -62, -4, 0, 0, 0
L -129, -60, -4, -159, -60, -4, 0, 0, 0
L -129, -51, -4, -129, -60, -4, 0, 0, 0
L -129, -29, -2, -129, -35, -4, 0, 0, 0
L -129, -27, -2, -129, -29, -2, 0, 0, 0
L -130, -26, -2, -129, -27, -2, 0, 0, 0
L -132, -27, -3, -130, -26, -2, 0, 0, 0
L -133, -28, -4, -132, -27, -3, 0, 0, 0
L -151, -28, -4, -133, -28, -4, 0, 0, 0
L -152, -26, -4, -151, -28, -4, 0, 0, 0
L -159, -26, -4, -152, -26, -4, 0, 0, 0
L -161, -25, -4, -159, -26, -4, 0, 0, 0
L -161, 5, -4, -161, -25, -4, 0, 0, 0
L -168, 6, -4, -161, 5, -4, 0, 0, 0
L -170, 6, -4, -168, 6, -4, 0, 0, 0
L -171, 5, -4, -170, 6, -4, 0, 0, 0
L -175, 5, -4, -171, 5, -4, 0, 0, 0
L -176, 7, -4, -175, 5, -4, 0, 0, 0
L -176, 14, -4, -176, 7, -4, 0, 0, 0
L -177, 16, -4, -176, 14, -4, 0, 0, 0
L -178, 17, -4, -177, 16, -4, 0, 0, 0
L -172, 17, -4, -178, 17, -4, 0, 0, 0
L -170, 16, -4, -172, 17, -4, 0, 0, 0
L -160, 16, -4, -170, 16, -4, 0, 0, 0
L -142, 35, -4, -160, 16, -4, 0, 0, 0
L -141, 126, -4, -142, 35, -4, 0, 0, 0
L -142, 128, -4, -141, 126, -4, 0, 0, 0
L -159, 128, -4, -142, 128, -4, 0, 0, 0
L -159, 101, -4, -159, 128, -4, 0, 0, 0
L -160, 99, -4, -159, 101, -4, 0, 0, 0
L -161, 98, -4, -160, 99, -4, 0, 0, 0
L -167, 98, -4, -161, 98, -4, 0, 0, 0
L -170, 96, -4, -167, 98, -4, 0, 0, 0
L -187, 96, -4, -170, 96, -4, 0, 0, 0
L -188, 98, -4, -187, 96, -4, 0, 0, 0
L -195, 98, -4, -188, 98, -4, 0, 0, 0
L -197, 99, -4, -195, 98, -4, 0, 0, 0
L -197, 130, -4, -197, 99, -4, 0, 0, 0
L -214, 130, -4, -213, 130, -4, 0, 0, 0
L -215, 92, -4, -214, 130, -4, 0, 0, 0
L -213, 89, -4, -215, 92, -4, 0, 0, 0
L -212, 66, -4, -213, 89, -4, 0, 0, 0
L -213, 64, -4, -212, 66, -4, 0, 0, 0
L -214, 63, -4, -213, 64, -4, 0, 0, 0
L -215, 35, -4, -214, 63, -4, 0, 0, 0
L -196, 16, -4, -215, 35, -4, 0, 0, 0
L -190, 16, -4, -196, 16, -4, 0, 0, 0
L -188, 19, -4, -190, 16, -4, 0, 0, 0
L -184, 22, -4, -188, 19, -4, 0, 0, 0
L -182, 22, -4, -184, 22, -4, 0, 0, 0
L -180, 21, -4, -182, 22, -4, 0, 0, 0
L -180, 9, -4, -180, 21, -4, 0, 0, 0
L -178, 6, -4, -180, 9, -4, 0, 0, 0
L -183, 5, -4, -178, 6, -4, 0, 0, 0
L -184, 5, -4, -183, 5, -4, 0, 0, 0
L -186, 6, -4, -184, 5, -4, 0, 0, 0
L -195, 6, -4, -186, 6, -4, 0, 0, 0
L -195, -9, -4, -195, 6, -4, 0, 0, 0
L -213, -26, -4, -195, -9, -4, 0, 0, 0
L -227, -26, -4, -213, -26, -4, 0, 0, 0
L -227, -31, -4, -227, -26, -4, 0, 0, 0
L -222, -35, -4, -227, -31, -4, 0, 0, 0
L -221, -37, -4, -222, -35, -4, 0, 0, 0
L -221, -38, -4, -221, -37, -4, 0, 0, 0
L -222, -40, -4, -221, -38, -4, 0, 0, 0
L -223, -41, -4, -222, -40, -4, 0, 0, 0
L -235, -41, -4, -223, -41, -4, 0, 0, 0
L -237, -40, -4, -235, -41, -4, 0, 0, 0
L -238, -39, -4, -237, -40, -4, 0, 0, 0
L -238, -35, -4, -238, -39, -4, 0, 0, 0
L -237, -12, 2, -238, -35, -4, 0, 0, 0
L -237, -11, 2, -237, -12, 2, 0, 0, 0
L -278, -11, -4, -237, -11, 2, 0, 0, 0
L -282, -11, -4, -278, -11, -4, 0, 0, 0
L -283, -10, -4, -282, -11, -4, 0, 0, 0
L -285, -9, -4, -283, -10, -4, 0, 0, 0
L -285, 20, 2, -285, -9, -4, 0, 0, 0
L -285, 22, 2, -285, 20, 2, 0, 0, 0
L -292, 22, -3, -285, 22, 2, 0, 0, 0
L -294, 22, -4, -292, 22, -3, 0, 0, 0
L -296, 20, -4, -294, 22, -4, 0, 0, 0
L -314, 20, -4, -296, 20, -4, 0, 0, 0
L -315, 21, -4, -314, 20, -4, 0, 0, 0
L -317, 22, -4, -315, 21, -4, 0, 0, 0
L -319, 22, -4, -317, 22, -4, 0, 0, 0
L -319, -44, -1, -319, 22, -4, 0, 0, 0
L -319, -46, -1, -319, -44, -1, 0, 0, 0
L -304, -61, -3, -319, -46, -1, 0, 0, 0
L -289, -76, -4, -304, -61, -3, 0, 0, 0
L -282, -76, -4, -289, -76, -4, 0, 0, 0
L -281, -74, -4, -282, -76, -4, 0, 0, 0
L -264, -74, -4, -281, -74, -4, 0, 0, 0
L -263, -75, -4, -264, -74, -4, 0, 0, 0
L -261, -76, -4, -263, -75, -4, 0, 0, 0
L -240, -76, 1, -261, -76, -4, 0, 0, 0
L -238, -76, 2, -240, -76, 1, 0, 0, 0
L -237, -55, -4, -238, -76, 2, 0, 0, 0
L -237, -53, -4, -237, -55, -4, 0, 0, 0
L -238, -49, -4, -237, -53, -4, 0, 0, 0
L -238, -47, -4, -238, -49, -4, 0, 0, 0
L -237, -46, -4, -238, -47, -4, 0, 0, 0
L -229, -45, -4, -237, -46, -4, 0, 0, 0
L -225, -45, -4, -229, -45, -4, 0, 0, 0
L -226, -47, -4, -225, -45, -4, 0, 0, 0
L -226, -51, -4, -226, -47, -4, 0, 0, 0
L -227, -56, -4, -226, -51, -4, 0, 0, 0
L -227, -58, -4, -227, -56, -4, 0, 0, 0
L -226, -59, -4, -227, -58, -4, 0, 0, 0
L -224, -59, -4, -226, -59, -4, 0, 0, 0
L -222, -58, -4, -224, -59, -4, 0, 0, 0
L -205, -58, -4, -222, -58, -4, 0, 0, 0
L -204, -59, -4, -205, -58, -4, 0, 0, 0
L -202, -60, -4, -204, -59, -4, 0, 0, 0
L -197, -60, -4, -202, -60, -4, 0, 0, 0
L -195, -62, -4, -197, -60, -4, 0, 0, 0
L -195, -90, -1, -195, -62, -4, 0, 0, 0
L -195, -92, -1, -195, -90, -1, 0, 0, 0
L -189, -92, -3, -195, -92, -1, 0, 0, 0
L -188, -92, -3, -189, -92, -3, 0, 0, 0
L -186, -90, -4, -188, -92, -3, 0, 0, 0
L -186, -87, -4, -186, -90, -4, 0, 0, 0
L -184, -86, -4, -186, -87, -4, 0, 0, 0
L -182, -86, -4, -184, -86, -4, 0, 0, 0
L -180, -87, -4, -182, -86, -4, 0, 0, 0
L -180, -97, -4, -180, -87, -4, 0, 0, 0
L -179, -99, -4, -180, -97, -4, 0, 0, 0
L -180, -101, -4, -179, -99, -4, 0, 0, 0
L -181, -102, -4, -180, -101, -4, 0, 0, 0
L -183, -103, -4, -181, -102, -4, 0, 0, 0
L -185, -103, -4, -183, -103, -4, 0, 0, 0
L -187, -102, -4, -185, -103, -4, 0, 0, 0
L -187, -222, -4, -187, -102, -4, 0, 0, 0
L -186, -224, -4, -187, -222, -4, 0, 0, 0
L -175, -224, 0, -186, -224, -4, 0, 0, 0
L -173, -224, 1, -175, -224, 0, 0, 0, 0
L -169, -224, 1, -173, -224, 1, 0, 0, 0
L -169, -174, -3, -169, -224, 1, 0, 0, 0
L -169, -172, -4, -169, -174, -3, 0, 0, 0
L -170, -171, -4, -169, -172, -4, 0, 0, 0
L -170, -166, -4, -170, -171, -4, 0, 0, 0
L -168, -165, -4, -170, -166, -4, 0, 0, 0
L -160, -165, -4, -168, -165, -4, 0, 0, 0
L -158, -164, -4, -160, -165, -4, 0, 0, 0
L -158, -169, -3, -158, -164, -4, 0, 0, 0
L -158, -170, -3, -158, -169, -3, 0, 0, 0
L -159, -172, -3, -158, -170, -3, 0, 0, 0
L -107, -172, -20, -159, -172, -3, 0, 0, 0
L -105, -172, -20, -107, -172, -20, 0, 0, 0
L -104, -171, -20, -105, -172, -20, 0, 0, 0
L -104, -167, -20, -104, -171, -20, 0, 0, 0
L -103, -166, -20, -104, -167, -20, 0, 0, 0
L -99, -164, -20, -103, -166, -20, 0, 0, 0
L -93, -165, -20, -99, -164, -20, 0, 0, 0
L -91, -165, -20, -93, -165, -20, 0, 0, 0
L -90, -167, -20, -91, -165, -20, 0, 0, 0
L -92, -168, -20, -90, -167, -20, 0, 0, 0
L -93, -214, -20, -92, -168, -20, 0, 0, 0
L -93, -216, -21, -93, -214, -20, 0, 0, 0
L -80, -216, -24, -93, -216, -21, 0, 0, 0
L -71, -216, -24, -80, -216, -24, 0, 0, 0
L -68, -212, -24, -71, -216, -24, 0, 0, 0
L -67, -210, -24, -68, -212, -24, 0, 0, 0
L -63, -210, -24, -67, -210, -24, 0, 0, 0
L -62, -212, -24, -63, -210, -24, 0, 0, 0
L -62, -226, -24, -62, -212, -24, 0, 0, 0
L -64, -227, -24, -62, -226, -24, 0, 0, 0
L -66, -227, -24, -64, -227, -24, 0, 0, 0
L -68, -227, -23, -66, -227, -24, 0, 0, 0
L -93, -248, -24, -68, -227, -23, 0, 0, 0
L -93, -279, -20, -93, -248, -24, 0, 0, 0
L -93, -281, -20, -93, -279, -20, 0, 0, 0
L -104, -292, -24, -93, -281, -20, 0, 0, 0
L -105, -293, -24, -104, -292, -24, 0, 0, 0
L -106, -295, -24, -105, -293, -24, 0, 0, 0
L -107, -295, -24, -106, -295, -24, 0, 0, 0
L -115, -304, -22, -107, -295, -24, 0, 0, 0
L -117, -305, -21, -115, -304, -22, 0, 0, 0
L -117, -330, -24, -117, -305, -21, 0, 0, 0
L -117, -332, -24, -117, -330, -24, 0, 0, 0
L -87, -332, -20, -117, -332, -24, 0, 0, 0
L -85, -332, -20, -87, -332, -20, 0, 0, 0
L -80, -326, -24, -85, -332, -20, 0, 0, 0
L -78, -325, -24, -80, -326, -24, 0, 0, 0
L -77, -324, -24, -78, -325, -24, 0, 0, 0
L -45, -324, -24, -77, -324, -24, 0, 0, 0
L -43, -324, -23, -45, -324, -24, 0, 0, 0
L -36, -331, -19, -43, -324, -23, 0, 0, 0
L -35, -332, -20, -36, -331, -19, 0, 0, 0
L -6, -332, -24, -35, -332, -20, 0, 0, 0
L -5, -332, -24, -6, -332, -24, 0, 0, 0
L -3, -331, -24, -5, -332, -24, 0, 0, 0
L -3, -329, -24, -3, -331, -24, 0, 0, 0
L -6, -327, -24, -3, -329, -24, 0, 0, 0
L -7, -325, -24, -6, -327, -24, 0, 0, 0
L -7, -322, -24, -7, -325, -24, 0, 0, 0
L -5, -321, -24, -7, -322, -24, 0, 0, 0
L 6, -321, -24, 4, -321, -24, 0, 0, 0
L 8, -322, -24, 6, -321, -24, 0, 0, 0
L 8, -327, -24, 8, -322, -24, 0, 0, 0
L 8, -323, -24, 8, -327, -24, 0, 0, 0
L 6, -321, -24, 8, -323, -24, 0, 0, 0
L 4, -321, -24, 6, -321, -24, 0, 0, 0
L 6, -321, -24, -5, -321, -24, 0, 0, 0
L 8, -322, -24, 6, -321, -24, 0, 0, 0
L 8, -326, -24, 8, -322, -24, 0, 0, 0
L 7, -328, -24, 8, -326, -24, 0, 0, 0
L 133, -328, -24, 7, -328, -24, 0, 0, 0
L 135, -329, -24, 133, -328, -24, 0, 0, 0
L 135, -452, -22, 135, -329, -24, 0, 0, 0
L 135, -454, -23, 135, -452, -22, 0, 0, 0
L 137, -455, -24, 135, -454, -23, 0, 0, 0
L 140, -455, -24, 137, -455, -24, 0, 0, 0
L 142, -456, -24, 140, -455, -24, 0, 0, 0
L 142, -469, -24, 142, -456, -24, 0, 0, 0
L 142, -467, -24, 142, -469, -24, 0, 0, 0
L 137, -467, -24, 142, -467, -24, 0, 0, 0
L 136, -466, -24, 137, -467, -24, 0, 0, 0
L 130, -466, -24, 136, -466, -24, 0, 0, 0
L 129, -501, -24, 130, -466, -24, 0, 0, 0
L 127, -502, -24, 129, -501, -24, 0, 0, 0
L 115, -502, -24, 127, -502, -24, 0, 0, 0
L 106, -511, -24, 115, -502, -24, 0, 0, 0
L 115, -511, -24, 106, -511, -24, 0, 0, 0
L 117, -513, -24, 115, -511, -24, 0, 0, 0
L 117, -515, -24, 117, -513, -24, 0, 0, 0
L 118, -519, -24, 117, -515, -24, 0, 0, 0
L 117, -520, -24, 118, -519, -24, 0, 0, 0
L 117, -522, -24, 117, -520, -24, 0, 0, 0
L 113, -524, -24, 117, -522, -24, 0, 0, 0
L 112, -523, -24, 113, -524, -24, 0, 0, 0
L 107, -523, -24, 112, -523, -24, 0, 0, 0
L 112, -529, -23, 107, -523, -24, 0, 0, 0
L 114, -530, -22, 112, -529, -23, 0, 0, 0
L 115, -531, -21, 114, -530, -22, 0, 0, 0
L 117, -531, -21, 115, -531, -21, 0, 0, 0
L 119, -530, -21, 117, -531, -21, 0, 0, 0
L 120, -530, -21, 119, -530, -21, 0, 0, 0
L 122, -529, -22, 120, -530, -21, 0, 0, 0
L 122, -530, -21, 122, -529, -22, 0, 0, 0
L 124, -532, -21, 122, -530, -21, 0, 0, 0
L 126, -532, -24, 124, -532, -21, 0, 0, 0
L 127, -532, -24, 126, -532, -24, 0, 0, 0
L 129, -533, -24, 127, -532, -24, 0, 0, 0
L 129, -555, -24, 129, -533, -24, 0, 0, 0
L 127, -556, -24, 129, -555, -24, 0, 0, 0
L 115, -556, -24, 127, -556, -24, 0, 0, 0
L 107, -565, -24, 115, -556, -24, 0, 0, 0
L 113, -563, -24, 107, -565, -24, 0, 0, 0
L 115, -564, -24, 113, -563, -24, 0, 0, 0
L 116, -566, -24, 115, -564, -24, 0, 0, 0
L 117, -571, -24, 116, -566, -24, 0, 0, 0
L 117, -574, -24, 117, -571, -24, 0, 0, 0
L 116, -576, -24, 117, -574, -24, 0, 0, 0
L 115, -577, -24, 116, -576, -24, 0, 0, 0
L 106, -577, -24, 115, -577, -24, 0, 0, 0
L 113, -584, -22, 106, -577, -24, 0, 0, 0
L 115, -585, -21, 113, -584, -22, 0, 0, 0
L 117, -586, -21, 115, -585, -21, 0, 0, 0
L 119, -586, -21, 117, -586, -21, 0, 0, 0
L 124, -585, -21, 119, -586, -21, 0, 0, 0
L 126, -585, -24, 124, -585, -21, 0, 0, 0
L 128, -586, -24, 126, -585, -24, 0, 0, 0
L 129, -588, -24, 128, -586, -24, 0, 0, 0
L 129, -607, -24, 129, -588, -24, 0, 0, 0
L 128, -609, -24, 129, -607, -24, 0, 0, 0
L 127, -610, -24, 128, -609, -24, 0, 0, 0
L 115, -610, -24, 127, -610, -24, 0, 0, 0
L 107, -619, -24, 115, -610, -24, 0, 0, 0
L 115, -619, -24, 107, -619, -24, 0, 0, 0
L 116, -620, -24, 115, -619, -24, 0, 0, 0
L 116, -629, -24, 116, -620, -24, 0, 0, 0
L 115, -631, -24, 116, -629, -24, 0, 0, 0
L 106, -631, -24, 115, -631, -24, 0, 0, 0
L 114, -638, -22, 106, -631, -24, 0, 0, 0
L 115, -640, -21, 114, -638, -22, 0, 0, 0
L 123, -640, -21, 115, -640, -21, 0, 0, 0
L 125, -640, -24, 123, -640, -21, 0, 0, 0
L 127, -640, -24, 125, -640, -24, 0, 0, 0
L 129, -641, -24, 127, -640, -24, 0, 0, 0
L 129, -646, -24, 129, -641, -24, 0, 0, 0
L 137, -646, -20, 129, -646, -24, 0, 0, 0
L -126, -41, -4, -114, -41, -4, 0, 0, 0
L -114, -41, -4, -113, -39, -4, 0, 0, 0
L -113, -39, -4, -113, -37, -4, 0, 0, 0
L -113, -37, -4, -114, -36, -4, 0, 0, 0
L -114, -36, -4, -116, -35, -4, 0, 0, 0
L -116, -35, -4, -118, -35, -4, 0, 0, 0
L -118, -35, -4, -119, -34, -4, 0, 0, 0
L -119, -34, -4, -118, 53, -4, 0, 0, 0
L -118, 53, -4, -24, 53, -4, 0, 0, 0
L -24, 53, -4, -5, 34, -4, 0, 0, 0
L -5, 34, -4, -5, -34, -4, 0, 0, 0
L -5, -34, -4, -7, -35, -4, 0, 0, 0
L -7, -35, -4, -24, -53, 2, 0, 0, 0
L -24, -53, 2, -26, -53, 2, 0, 0, 0
L -26, -53, 2, -67, -53, -4, 0, 0, 0
L -67, -53, -4, -69, -54, -4, 0, 0, 0
L -69, -54, -4, -92, -77, -4, 0, 0, 0
L -92, -77, -4, -96, -77, -4, 0, 0, 0
L -96, -77, -4, -97, -75, -4, 0, 0, 0
L -97, -75, -4, -110, -75, -4, 0, 0, 0
L -110, -75, -4, -115, -75, -2, 0, 0, 0
L -115, -75, -2, -117, -77, -1, 0, 0, 0
L -117, -77, -1, -118, -77, -1, 0, 0, 0
L -118, -77, -1, -119, -75, 0, 0, 0, 0
L -119, -75, 0, -119, -74, 1, 0, 0, 0
L -119, -74, 1, -119, -51, -4, 0, 0, 0
L -119, -51, -4, -118, -49, -4, 0, 0, 0
L -118, -49, -4, -117, -48, -4, 0, 0, 0
L -117, -48, -4, -117, -46, -4, 0, 0, 0
L -117, -46, -4, -118, -45, -4, 0, 0, 0
L -118, -45, -4, -120, -44, -4, 0, 0, 0
L -120, -44, -4, -122, -45, -4, 0, 0, 0
L -122, -45, -4, -125, -45, -4, 0, 0, 0
L -207, 131, -4, -207, 142, -4, 0, 0, 0
L -207, 142, -4, -209, 141, -4, 0, 0, 0
L -209, 141, -4, -213, 141, -4, 0, 0, 0
L -213, 141, -4, -214, 142, -4, 0, 0, 0
L -214, 142, -4, -214, 144, -3, 0, 0, 0
L -214, 144, -3, -214, 286, -1, 0, 0, 0
L -214, 286, -1, -212, 286, -2, 0, 0, 0
L -212, 286, -2, -71, 286, -4, 0, 0, 0
L -71, 286, -4, -69, 285, -4, 0, 0, 0
L -69, 285, -4, -69, 279, -4, 0, 0, 0
L -69, 279, -4, -59, 279, -4, 0, 0, 0
L -59, 279, -4, -57, 280, -4, 0, 0, 0
L -57, 280, -4, -57, 281, -4, 0, 0, 0
L -57, 281, -4, -56, 283, -4, 0, 0, 0
L -56, 283, -4, -57, 285, -4, 0, 0, 0
L -57, 285, -4, -58, 286, -4, 0, 0, 0
L -58, 286, -4, -57, 338, -4, 0, 0, 0
L -57, 338, -4, -56, 337, -4, 0, 0, 0
L -56, 337, -4, -50, 337, -4, 0, 0, 0
L -50, 337, -4, -51, 339, -4, 0, 0, 0
L -51, 339, -4, -51, 348, -4, 0, 0, 0
L -51, 348, -4, -53, 349, -4, 0, 0, 0
L -53, 349, -4, -54, 349, -4, 0, 0, 0
L -54, 349, -4, -60, 348, -4, 0, 0, 0
L -60, 348, -4, -110, 348, -4, 0, 0, 0
L -110, 348, -4, -109, 350, -4, 0, 0, 0
L -109, 350, -4, -109, 356, -4, 0, 0, 0
L -109, 356, -4, -111, 356, -4, 0, 0, 0
L -111, 356, -4, -113, 355, -4, 0, 0, 0
L -113, 355, -4, -119, 355, -4, 0, 0, 0
L -119, 355, -4, -121, 354, -4, 0, 0, 0
L -121, 354, -4, -124, 346, -4, 0, 0, 0
L -124, 346, -4, -125, 344, -4, 0, 0, 0
L -125, 344, -4, -142, 324, 0, 0, 0, 0
L -142, 324, 0, -144, 324, -1, 0, 0, 0
L -144, 324, -1, -174, 324, -4, 0, 0, 0
L -174, 324, -4, -187, 312, -4, 0, 0, 0
L -187, 312, -4, -191, 308, -4, 0, 0, 0
L -191, 308, -4, -200, 300, -1, 0, 0, 0
L -200, 300, -1, -202, 300, -2, 0, 0, 0
L -202, 300, -2, -226, 300, -4, 0, 0, 0
L -226, 300, -4, -226, 302, -4, 0, 0, 0
L -226, 302, -4, -226, 332, 0, 0, 0, 0
L -226, 332, 0, -224, 333, 1, 0, 0, 0
L -224, 333, 1, -218, 340, -4, 0, 0, 0
L -218, 340, -4, -218, 346, -4, 0, 0, 0
L -218, 346, -4, -219, 348, -4, 0, 0, 0
L -219, 348, -4, -242, 348, -4, 0, 0, 0
L -242, 348, -4, -241, 350, -4, 0, 0, 0
L -241, 350, -4, -241, 355, -4, 0, 0, 0
L -241, 355, -4, -250, 355, -4, 0, 0, 0
L -250, 355, -4, -252, 354, -4, 0, 0, 0
L -252, 354, -4, -253, 353, -4, 0, 0, 0
L -253, 353, -4, -253, 348, -4, 0, 0, 0
L -253, 348, -4, -306, 348, -4, 0, 0, 0
L -306, 348, -4, -308, 346, -4, 0, 0, 0
L -308, 346, -4, -308, 344, -3, 0, 0, 0
L -308, 344, -3, -308, 300, -4, 0, 0, 0
L -308, 300, -4, -310, 301, -4, 0, 0, 0
L -310, 301, -4, -316, 301, -4, 0, 0, 0
L -316, 301, -4, -315, 299, -4, 0, 0, 0
L -315, 299, -4, -315, 290, -4, 0, 0, 0
L -315, 290, -4, -313, 289, -4, 0, 0, 0
L -313, 289, -4, -312, 288, -4, 0, 0, 0
L -312, 288, -4, -308, 290, -4, 0, 0, 0
L -308, 290, -4, -282, 290, -4, 0, 0, 0
L -282, 290, -4, -281, 289, -4, 0, 0, 0
L -281, 289, -4, -264, 271, 0, 0, 0, 0
L -264, 271, 0, -264, 269, -1, 0, 0, 0
L -264, 269, -1, -265, 255, -4, 0, 0, 0
L -265, 255, -4, -266, 254, -4, 0, 0, 0
L -266, 254, -4, -266, 236, -4, 0, 0, 0
L -266, 236, -4, -264, 233, -4, 0, 0, 0
L -264, 233, -4, -264, 176, -1, 0, 0, 0
L -264, 176, -1, -266, 176, 0, 0, 0, 0
L -266, 176, 0, -309, 176, 0, 0, 0, 0
L -309, 176, 0, -310, 177, 0, 0, 0, 0
L -310, 177, 0, -315, 177, 0, 0, 0, 0
L -315, 177, 0, -315, 179, 0, 0, 0, 0
L -315, 179, 0, -315, 167, 0, 0, 0, 0
L -315, 167, 0, -314, 165, 0, 0, 0, 0
L -314, 165, 0, -310, 165, 0, 0, 0, 0
L -310, 165, 0, -308, 166, 0, 0, 0, 0
L -308, 166, 0, -287, 166, 0, 0, 0, 0
L -287, 166, 0, -275, 166, -4, 0, 0, 0
L -275, 166, -4, -274, 164, -4, 0, 0, 0
L -274, 164, -4, -256, 164, -4, 0, 0, 0
L -256, 164, -4, -255, 165, -4, 0, 0, 0
L -255, 165, -4, -253, 166, -4, 0, 0, 0
L -253, 166, -4, -251, 166, -4, 0, 0, 0
L -251, 166, -4, -244, 166, -1, 0, 0, 0
L -244, 166, -1, -244, 100, 0, 0, 0, 0
L -244, 100, 0, -246, 100, 0, 0, 0, 0
L -246, 100, 0, -262, 100, -4, 0, 0, 0
L -262, 100, -4, -266, 98, -4, 0, 0, 0
L -266, 98, -4, -265, 96, -4, 0, 0, 0
L -265, 96, -4, -264, 95, -4, 0, 0, 0
L -264, 95, -4, -264, 93, -4, 0, 0, 0
L -264, 93, -4, -264, 66, -1, 0, 0, 0
L -264, 66, -1, -266, 65, -1, 0, 0, 0
L -266, 65, -1, -286, 52, -4, 0, 0, 0
L -286, 52, -4, -288, 52, -4, 0, 0, 0
L -288, 52, -4, -298, 52, -2, 0, 0, 0
L -298, 52, -2, -302, 52, 0, 0, 0, 0
L -302, 52, 0, -305, 52, 0, 0, 0, 0
L -305, 52, 0, -310, 52, -3, 0, 0, 0
L -310, 52, -3, -320, 52, -4, 0, 0, 0
L -320, 52, -4, -352, 52, -4, 0, 0, 0
L -352, 52, -4, -353, 53, -4, 0, 0, 0
L -353, 53, -4, -370, 71, 0, 0, 0, 0
L -370, 71, 0, -370, 73, -1, 0, 0, 0
L -370, 73, -1, -369, 87, -4, 0, 0, 0
L -369, 87, -4, -368, 88, -4, 0, 0, 0
L -368, 88, -4, -368, 106, -4, 0, 0, 0
L -368, 106, -4, -370, 109, -4, 0, 0, 0
L -370, 109, -4, -370, 111, -4, 0, 0, 0
L -370, 111, -4, -370, 166, -1, 0, 0, 0
L -370, 166, -1, -368, 166, 0, 0, 0, 0
L -368, 166, 0, -325, 166, 0, 0, 0, 0
L -325, 166, 0, -324, 165, 0, 0, 0, 0
L -324, 165, 0, -322, 165, 0, 0, 0, 0
L -322, 165, 0, -320, 166, 0, 0, 0, 0
L -320, 166, 0, -319, 167, 0, 0, 0, 0
L -319, 167, 0, -319, 181, 0, 0, 0, 0
L -319, 181, 0, -321, 182, 0, 0, 0, 0
L -321, 182, 0, -322, 182, 0, 0, 0, 0
L -322, 182, 0, -328, 179, 0, 0, 0, 0
L -328, 179, 0, -327, 177, 0, 0, 0, 0
L -327, 177, 0, -326, 176, 0, 0, 0, 0
L -326, 176, 0, -337, 176, 0, 0, 0, 0
L -337, 176, 0, -356, 176, -4, 0, 0, 0
L -356, 176, -4, -359, 176, -4, 0, 0, 0
L -359, 176, -4, -360, 177, -4, 0, 0, 0
L -360, 177, -4, -362, 178, -4, 0, 0, 0
L -362, 178, -4, -378, 178, -4, 0, 0, 0
L -378, 178, -4, -379, 177, -4, 0, 0, 0
L -379, 177, -4, -381, 176, -4, 0, 0, 0
L -381, 176, -4, -383, 176, -4, 0, 0, 0
L -383, 176, -4, -390, 176, -1, 0, 0, 0
L -390, 176, -1, -390, 178, -1, 0, 0, 0
L -390, 178, -1, -389, 201, -4, 0, 0, 0
L -389, 201, -4, -389, 205, -4, 0, 0, 0
L -389, 205, -4, -388, 206, -4, 0, 0, 0
L -388, 206, -4, -386, 207, -4, 0, 0, 0
L -386, 207, -4, -400, 207, -4, 0, 0, 0
L -400, 207, -4, -401, 206, -4, 0, 0, 0
L -401, 206, -4, -401, 201, -4, 0, 0, 0
L -401, 201, -4, -402, 200, -4, 0, 0, 0
L -402, 200, -4, -404, 200, -3, 0, 0, 0
L -404, 200, -3, -445, 200, -4, 0, 0, 0
L -445, 200, -4, -447, 199, -4, 0, 0, 0
L -447, 199, -4, -448, 198, -4, 0, 0, 0
L -448, 198, -4, -448, 144, -4, 0, 0, 0
L -448, 144, -4, -450, 145, -4, 0, 0, 0
L -450, 145, -4, -455, 145, -4, 0, 0, 0
L -455, 145, -4, -455, 135, -4, 0, 0, 0
L -455, 135, -4, -453, 133, -4, 0, 0, 0
L -453, 133, -4, -447, 133, -4, 0, 0, 0
L -447, 133, -4, -445, 134, -2, 0, 0, 0
L -445, 134, -2, -443, 133, -2, 0, 0, 0
L -443, 133, -2, -441, 133, -2, 0, 0, 0
L -441, 133, -2, -439, 134, -2, 0, 0, 0
L -439, 134, -2, -437, 134, -3, 0, 0, 0
L -437, 134, -3, -428, 134, -4, 0, 0, 0
L -428, 134, -4, -407, 134, -4, 0, 0, 0
L -407, 134, -4, -406, 132, -4, 0, 0, 0
L -406, 132, -4, -404, 127, -4, 0, 0, 0
L -404, 127, -4, -404, 118, -4, 0, 0, 0
L -404, 118, -4, -403, 117, -4, 0, 0, 0
L -403, 117, -4, -403, 115, -4, 0, 0, 0
L -403, 115, -4, -402, 114, -4, 0, 0, 0
L -402, 114, -4, -400, 110, -3, 0, 0, 0
L -400, 110, -3, -394, 101, 1, 0, 0, 0
L -394, 101, 1, -394, 99, 1, 0, 0, 0
L -394, 99, 1, -394, 96, 0, 0, 0, 0
L -394, 96, 0, -395, 95, -1, 0, 0, 0
L -395, 95, -1, -396, 93, -2, 0, 0, 0
L -396, 93, -2, -398, 91, -4, 0, 0, 0
L -398, 91, -4, -399, 89, -4, 0, 0, 0
L -399, 89, -4, -400, 86, -4, 0, 0, 0
L -400, 86, -4, -400, 77, -4, 0, 0, 0
L -400, 77, -4, -399, 76, -4, 0, 0, 0
L -399, 76, -4, -393, 59, -4, 0, 0, 0
L -393, 59, -4, -392, 57, -4, 0, 0, 0
L -392, 57, -4, -392, 55, -3, 0, 0, 0
L -392, 55, -3, -391, 52, 1, 0, 0, 0
L -391, 52, 1, -391, 50, 3, 0, 0, 0
L -391, 50, 3, -391, 47, 4, 0, 0, 0
L -391, 47, 4, -392, 46, 4, 0, 0, 0
L -392, 46, 4, -394, 45, 1, 0, 0, 0
L -394, 45, 1, -395, 43, 0, 0, 0, 0
L -395, 43, 0, -396, 42, 0, 0, 0, 0
L -396, 42, 0, -397, 41, -1, 0, 0, 0
L -397, 41, -1, -398, 39, -2, 0, 0, 0
L -398, 39, -2, -400, 39, -4, 0, 0, 0
L -400, 39, -4, -402, 38, -4, 0, 0, 0
L -402, 38, -4, -403, 37, -4, 0, 0, 0
L -403, 37, -4, -406, 33, -4, 0, 0, 0
L -406, 33, -4, -407, 32, -4, 0, 0, 0
L -407, 32, -4, -410, 30, -4, 0, 0, 0
L -410, 30, -4, -411, 30, -4, 0, 0, 0
L -411, 30, -4, -428, 24, -1, 0, 0, 0
L -428, 24, -1, -433, 22, 3, 0, 0, 0
L -433, 22, 3, -434, 21, 3, 0, 0, 0
L -434, 21, 3, -436, 21, 3, 0, 0, 0
L -436, 21, 3, -443, 22, 0, 0, 0, 0
L -443, 22, 0, -444, 23, -2, 0, 0, 0
L -444, 23, -2, -446, 23, -3, 0, 0, 0
L -446, 23, -3, -447, 22, -3, 0, 0, 0
L -447, 22, -3, -448, 21, -4, 0, 0, 0
L -448, 21, -4, -448, 8, -4, 0, 0, 0
L -448, 8, -4, -447, 6, -3, 0, 0, 0
L -447, 6, -3, -445, 5, -3, 0, 0, 0
L -445, 5, -3, -436, 1, 0, 0, 0, 0
L -436, 1, 0, -434, 1, 2, 0, 0, 0
L -434, 1, 2, -434, -1, 3, 0, 0, 0
L -434, -1, 3, -433, -3, 3, 0, 0, 0
L -433, -3, 3, -433, -5, 2, 0, 0, 0
L -433, -5, 2, -434, -9, 2, 0, 0, 0
L -434, -9, 2, -434, -11, 1, 0, 0, 0
L -434, -11, 1, -433, -18, -2, 0, 0, 0
L -433, -18, -2, -433, -21, -2, 0, 0, 0
L -433, -21, -2, -432, -23, -2, 0, 0, 0
L -432, -23, -2, -431, -26, 0, 0, 0, 0
L -431, -26, 0, -431, -30, 2, 0, 0, 0
L -431, -30, 2, -431, -33, 2, 0, 0, 0
L -431, -33, 2, -432, -35, 2, 0, 0, 0
L -432, -35, 2, -433, -36, 3, 0, 0, 0
L -433, -36, 3, -436, -39, 3, 0, 0, 0
L -436, -39, 3, -437, -41, 2, 0, 0, 0
L -437, -41, 2, -436, -46, 0, 0, 0, 0
L -436, -46, 0, -436, -48, 1, 0, 0, 0
L -436, -48, 1, -435, -50, 2, 0, 0, 0
L -435, -50, 2, -436, -51, 2, 0, 0, 0
L -436, -51, 2, -436, -54, 3, 0, 0, 0
L -436, -54, 3, -437, -56, 3, 0, 0, 0
L -437, -56, 3, -437, -58, 2, 0, 0, 0
L -437, -58, 2, -437, -60, 2, 0, 0, 0
L -437, -60, 2, -438, -63, 1, 0, 0, 0
L -438, -63, 1, -439, -65, 0, 0, 0, 0
L -439, -65, 0, -440, -71, 0, 0, 0, 0
L -440, -71, 0, -440, -73, 0, 0, 0, 0
L -440, -73, 0, -440, -75, 1, 0, 0, 0
L -440, -75, 1, -441, -78, 2, 0, 0, 0
L -441, -78, 2, -441, -80, 2, 0, 0, 0
L -441, -80, 2, -442, -85, 2, 0, 0, 0
L -442, -85, 2, -442, -88, 2, 0, 0, 0
L -442, -88, 2, -444, -91, 2, 0, 0, 0
L -444, -91, 2, -443, -90, 2, 0, 0, 0
L -443, -90, 2, -441, -82, 2, 0, 0, 0
L -441, -82, 2, -441, -81, 2, 0, 0, 0
L -441, -81, 2, -442, -85, 2, 0, 0, 0
L -442, -85, 2, -442, -87, 2, 0, 0, 0
L -442, -87, 2, -444, -91, 2, 0, 0, 0
L -444, -91, 2, -445, -93, 1, 0, 0, 0
L -445, -93, 1, -445, -94, 1, 0, 0, 0
L -445, -94, 1, -448, -103, -3, 0, 0, 0
L -448, -103, -3, -447, -105, -3, 0, 0, 0
L -447, -105, -3, -441, -118, -1, 0, 0, 0
L -441, -118, -1, -441, -120, -1, 0, 0, 0
L -441, -120, -1, -439, -128, 0, 0, 0, 0
L -439, -128, 0, -438, -129, 1, 0, 0, 0
L -438, -129, 1, -437, -131, 2, 0, 0, 0
L -437, -131, 2, -439, -129, 1, 0, 0, 0
L -439, -129, 1, -438, -131, 0, 0, 0, 0
L -438, -131, 0, -438, -132, 1, 0, 0, 0
L -438, -132, 1, -435, -142, -3, 0, 0, 0
L -435, -142, -3, -433, -142, -4, 0, 0, 0
L -433, -142, -4, -431, -143, -4, 0, 0, 0
L -431, -143, -4, -422, -143, -2, 0, 0, 0
L -422, -143, -2, -420, -144, -2, 0, 0, 0
L -420, -144, -2, -418, -144, -2, 0, 0, 0
L -418, -144, -2, -409, -147, -2, 0, 0, 0
L -409, -147, -2, -407, -148, -2, 0, 0, 0
L -407, -148, -2, -398, -149, -1, 0, 0, 0
L -398, -149, -1, -395, -149, -1, 0, 0, 0
L -395, -149, -1, -393, -149, 0, 0, 0, 0
L -393, -149, 0, -373, -149, -3, 0, 0, 0
L -373, -149, -3, -369, -149, -3, 0, 0, 0
L -369, -149, -3, -367, -150, -4, 0, 0, 0
L -367, -150, -4, -365, -151, -4, 0, 0, 0
L -365, -151, -4, -364, -152, -4, 0, 0, 0
L -364, -152, -4, -355, -157, -4, 0, 0, 0
L -355, -157, -4, -350, -161, -2, 0, 0, 0
L -350, -161, -2, -348, -162, -2, 0, 0, 0
L -348, -162, -2, -347, -164, -2, 0, 0, 0
L -347, -164, -2, -346, -165, -3, 0, 0, 0
L -346, -165, -3, -342, -171, -1, 0, 0, 0
L -342, -171, -1, -341, -172, 0, 0, 0, 0
L -341, -172, 0, -340, -174, 1, 0, 0, 0
L -340, -174, 1, -339, -175, 1, 0, 0, 0
L -339, -175, 1, -337, -179, 0, 0, 0, 0
L -337, -179, 0, -335, -183, 0, 0, 0, 0
L -335, -183, 0, -335, -184, 0, 0, 0, 0
L -335, -184, 0, -335, -186, 1, 0, 0, 0
L -335, -186, 1, -334, -189, 0, 0, 0, 0
L -334, -189, 0, -332, -200, 1, 0, 0, 0
L -332, -200, 1, -331, -207, 2, 0, 0, 0
L -331, -207, 2, -330, -209, 2, 0, 0, 0
L -330, -209, 2, -330, -211, 2, 0, 0, 0
L -330, -211, 2, -328, -216, -2, 0, 0, 0
L -328, -216, -2, -327, -217, -2, 0, 0, 0
L -327, -217, -2, -323, -220, -3, 0, 0, 0
L -323, -220, -3, -321, -221, -3, 0, 0, 0
L -321, -221, -3, -313, -226, -4, 0, 0, 0
L -313, -226, -4, -312, -227, -3, 0, 0, 0
L -312, -227, -3, -301, -235, -4, 0, 0, 0
L -301, -235, -4, -295, -241, -4, 0, 0, 0
L -295, -241, -4, -298, -243, -3, 0, 0, 0
L -298, -243, -3, -303, -244, -3, 0, 0, 0
L -303, -244, -3, -308, -242, -2, 0, 0, 0
L -308, -242, -2, -310, -242, -2, 0, 0, 0
L -310, -242, -2, -318, -238, -3, 0, 0, 0
L -318, -238, -3, -330, -233, -4, 0, 0, 0
L -330, -233, -4, -331, -233, -4, 0, 0, 0
L -331, -233, -4, -341, -232, -4, 0, 0, 0
L -341, -232, -4, -345, -232, -4, 0, 0, 0
L -345, -232, -4, -345, -223, -3, 0, 0, 0
L -345, -223, -3, -345, -217, -3, 0, 0, 0
L -345, -217, -3, -343, -208, -3, 0, 0, 0
L -343, -208, -3, -344, -201, -2, 0, 0, 0
L -344, -201, -2, -344, -199, -2, 0, 0, 0
L -344, -199, -2, -345, -197, -3, 0, 0, 0
L -345, -197, -3, -359, -200, -2, 0, 0, 0
L -359, -200, -2, -361, -200, -2, 0, 0, 0
L -361, -200, -2, -362, -199, -1, 0, 0, 0
L -362, -199, -1, -364, -198, -1, 0, 0, 0
L -364, -198, -1, -372, -190, -1, 0, 0, 0
L -372, -190, -1, -380, -182, -2, 0, 0, 0
L -380, -182, -2, -384, -185, -2, 0, 0, 0
L -384, -185, -2, -396, -190, -1, 0, 0, 0
L -396, -190, -1, -412, -184, -4, 0, 0, 0
L -412, -184, -4, -413, -185, -4, 0, 0, 0
L -413, -185, -4, -417, -191, -3, 0, 0, 0
L -417, -191, -3, -423, -204, -2, 0, 0, 0
L -423, -204, -2, -425, -209, -1, 0, 0, 0
L -425, -209, -1, -427, -210, -1, 0, 0, 0
L -427, -210, -1, -429, -212, -1, 0, 0, 0
L -429, -212, -1, -439, -218, -2, 0, 0, 0
L -439, -218, -2, -440, -219, -2, 0, 0, 0
L -440, -219, -2, -450, -222, -2, 0, 0, 0
L -450, -222, -2, -452, -222, -2, 0, 0, 0
L -452, -222, -2, -467, -224, -2, 0, 0, 0
L -467, -224, -2, -474, -232, -3, 0, 0, 0
L -474, -232, -3, -479, -234, -4, 0, 0, 0
L -479, -234, -4, -481, -233, -4, 0, 0, 0
L -481, -233, -4, -493, -225, -4, 0, 0, 0
L -493, -225, -4, -495, -224, -4, 0, 0, 0
L -495, -224, -4, -507, -215, -3, 0, 0, 0
L -507, -215, -3, -508, -221, -3, 0, 0, 0
L -508, -221, -3, -513, -235, -4, 0, 0, 0
L -513, -235, -4, -514, -235, -3, 0, 0, 0
L -514, -235, -3, -516, -234, -3, 0, 0, 0
L -516, -234, -3, -519, -231, -3, 0, 0, 0
L -519, -231, -3, -532, -214, -1, 0, 0, 0
L -532, -214, -1, -542, -216, -2, 0, 0, 0
L -542, -216, -2, -552, -219, -3, 0, 0, 0
L -552, -219, -3, -561, -220, -3, 0, 0, 0
L -561, -220, -3, -565, -221, -4, 0, 0, 0
L -565, -221, -4, -565, -219, -3, 0, 0, 0
L -565, -219, -3, -564, -217, -2, 0, 0, 0
L -564, -217, -2, -562, -211, 0, 0, 0, 0
L -562, -211, 0, -561, -209, 0, 0, 0, 0
L -561, -209, 0, -559, -202, 2, 0, 0, 0
L -559, -202, 2, -558, -201, 2, 0, 0, 0
L -558, -201, 2, -558, -199, 2, 0, 0, 0
L -558, -199, 2, -557, -197, 2, 0, 0, 0
L -557, -197, 2, -556, -195, 1, 0, 0, 0
L -556, -195, 1, -554, -192, 0, 0, 0, 0
L -554, -192, 0, -554, -191, 1, 0, 0, 0
L -554, -191, 1, -553, -189, 2, 0, 0, 0
L -553, -189, 2, -551, -188, 2, 0, 0, 0
L -551, -188, 2, -548, -183, 2, 0, 0, 0
L -548, -183, 2, -547, -182, 2, 0, 0, 0
L -547, -182, 2, -545, -181, 2, 0, 0, 0
L -545, -181, 2, -544, -180, 1, 0, 0, 0
L -544, -180, 1, -536, -177, 2, 0, 0, 0
L -536, -177, 2, -534, -176, 3, 0, 0, 0
L -534, -176, 3, -524, -169, 1, 0, 0, 0
L -524, -169, 1, -520, -167, 2, 0, 0, 0
L -520, -167, 2, -516, -166, 2, 0, 0, 0
L -516, -166, 2, -514, -166, 2, 0, 0, 0
L -514, -166, 2, -513, -165, 2, 0, 0, 0
L -513, -165, 2, -504, -162, -2, 0, 0, 0
L -504, -162, -2, -497, -159, -3, 0, 0, 0
L -497, -159, -3, -496, -158, -3, 0, 0, 0
L -496, -158, -3, -491, -153, -2, 0, 0, 0
L -491, -153, -2, -490, -151, -1, 0, 0, 0
L -490, -151, -1, -483, -141, 1, 0, 0, 0
L -483, -141, 1, -482, -140, 0, 0, 0, 0
L -482, -140, 0, -479, -137, 2, 0, 0, 0
L -479, -137, 2, -478, -136, 1, 0, 0, 0
L -478, -136, 1, -476, -134, 2, 0, 0, 0
L -476, -134, 2, -475, -132, 2, 0, 0, 0
L -475, -132, 2, -470, -125, -3, 0, 0, 0
L -470, -125, -3, -470, -123, -3, 0, 0, 0
L -470, -123, -3, -470, -115, 2, 0, 0, 0
L -558, -264, -3, -558, -264, -3, 0, 0, 0
L -559, -263, -3, -552, -266, -3, 0, 0, 0
L -552, -266, -3, -534, -277, -1, 0, 0, 0
L -534, -277, -1, -524, -282, -2, 0, 0, 0
L -524, -282, -2, -511, -287, -2, 0, 0, 0
L -511, -287, -2, -501, -291, -1, 0, 0, 0
L -501, -291, -1, -500, -289, -1, 0, 0, 0
L -500, -289, -1, -486, -271, -3, 0, 0, 0
L -486, -271, -3, -482, -272, -4, 0, 0, 0
L -482, -272, -4, -480, -273, -3, 0, 0, 0
L -480, -273, -3, -479, -273, -3, 0, 0, 0
L -479, -273, -3, -471, -279, -2, 0, 0, 0
L -471, -279, -2, -465, -284, -2, 0, 0, 0
L -465, -284, -2, -463, -285, -2, 0, 0, 0
L -463, -285, -2, -458, -290, -1, 0, 0, 0
L -458, -290, -1, -456, -290, -1, 0, 0, 0
L -456, -290, -1, -447, -286, -2, 0, 0, 0
L -447, -286, -2, -438, -282, -2, 0, 0, 0
L -438, -282, -2, -418, -272, -2, 0, 0, 0
L -418, -272, -2, -417, -271, -3, 0, 0, 0
L -417, -271, -3, -416, -270, -3, 0, 0, 0
L -416, -270, -3, -416, -265, -3, 0, 0, 0
L -416, -265, -3, -415, -264, -4, 0, 0, 0
L -415, -264, -4, -416, -262, -4, 0, 0, 0
L -416, -262, -4, -416, -261, -4, 0, 0, 0
L -416, -261, -4, -431, -251, -2, 0, 0, 0
L -431, -251, -2, -429, -245, -2, 0, 0, 0
L -429, -245, -2, -427, -243, -2, 0, 0, 0
L -427, -243, -2, -423, -239, -3, 0, 0, 0
L -423, -239, -3, -415, -231, -4, 0, 0, 0
L -415, -231, -4, -414, -230, -4, 0, 0, 0
L -414, -230, -4, -405, -223, -3, 0, 0, 0
L -405, -223, -3, -401, -221, -2, 0, 0, 0
L -401, -221, -2, -397, -222, -1, 0, 0, 0
L -397, -222, -1, -395, -222, -1, 0, 0, 0
L -395, -222, -1, -384, -226, -2, 0, 0, 0
L -384, -226, -2, -377, -236, -2, 0, 0, 0
L -377, -236, -2, -370, -252, -1, 0, 0, 0
L -370, -252, -1, -368, -254, -1, 0, 0, 0
L -368, -254, -1, -356, -271, -1, 0, 0, 0
L -356, -271, -1, -355, -272, -1, 0, 0, 0
L -355, -272, -1, -354, -274, -2, 0, 0, 0
L -354, -274, -2, -350, -274, -2, 0, 0, 0
L -350, -274, -2, -341, -275, -4, 0, 0, 0
L -341, -275, -4, -338, -276, -3, 0, 0, 0
L -338, -276, -3, -335, -273, -3, 0, 0, 0
L -335, -273, -3, -330, -268, -2, 0, 0, 0
L -330, -268, -2, -328, -268, -1, 0, 0, 0
L -328, -268, -1, -321, -269, -1, 0, 0, 0
L -321, -269, -1, -315, -270, -2, 0, 0, 0
L -315, -270, -2, -312, -271, -2, 0, 0, 0
L -312, -271, -2, -299, -277, -3, 0, 0, 0
L -299, -277, -3, -297, -277, -3, 0, 0, 0
L -297, -277, -3, -294, -279, -2, 0, 0, 0
L -294, -279, -2, -294, -284, 3, 0, 0, 0
L -294, -284, 3, -296, -290, 3, 0, 0, 0
L -296, -290, 3, -297, -292, 2, 0, 0, 0
L -297, -292, 2, -303, -298, 2, 0, 0, 0
L -303, -298, 2, -306, -300, 2, 0, 0, 0
L -306, -300, 2, -307, -301, 2, 0, 0, 0
L -307, -301, 2, -319, -307, 2, 0, 0, 0
L -319, -307, 2, -320, -307, 2, 0, 0, 0
L -320, -307, 2, -326, -310, 1, 0, 0, 0
L -326, -310, 1, -327, -312, 2, 0, 0, 0
L -327, -312, 2, -330, -315, 3, 0, 0, 0
L -330, -315, 3, -331, -316, 3, 0, 0, 0
L -331, -316, 3, -334, -321, -1, 0, 0, 0
L -334, -321, -1, -332, -327, 2, 0, 0, 0
L -332, -327, 2, -332, -330, 2, 0, 0, 0
L -332, -330, 2, -334, -334, 1, 0, 0, 0
L -334, -334, 1, -334, -336, 1, 0, 0, 0
L -334, -336, 1, -333, -348, 0, 0, 0, 0
L -333, -348, 0, -334, -355, -1, 0, 0, 0
L -334, -355, -1, -334, -360, -1, 0, 0, 0
L -334, -360, -1, -336, -368, 1, 0, 0, 0
L -336, -368, 1, -336, -370, 1, 0, 0, 0
L -336, -370, 1, -338, -374, 1, 0, 0, 0
L -338, -374, 1, -347, -381, 5, 0, 0, 0
L -347, -381, 5, -348, -382, 5, 0, 0, 0
L -348, -382, 5, -362, -393, 0, 0, 0, 0
L -362, -393, 0, -363, -394, -1, 0, 0, 0
L -363, -394, -1, -376, -399, 2, 0, 0, 0
L -376, -399, 2, -378, -400, 2, 0, 0, 0
L -378, -400, 2, -380, -400, 2, 0, 0, 0
L -380, -400, 2, -388, -402, 0, 0, 0, 0
L -388, -402, 0, -390, -402, -1, 0, 0, 0
L -390, -402, -1, -393, -402, -2, 0, 0, 0
L -393, -402, -2, -395, -401, -2, 0, 0, 0
L -395, -401, -2, -396, -401, -2, 0, 0, 0
L -396, -401, -2, -405, -396, 1, 0, 0, 0
L -405, -396, 1, -410, -394, 2, 0, 0, 0
L -410, -394, 2, -415, -391, 2, 0, 0, 0
L -415, -391, 2, -416, -391, 1, 0, 0, 0
L -416, -391, 1, -428, -396, -1, 0, 0, 0
L -428, -396, -1, -437, -402, -1, 0, 0, 0
L -437, -402, -1, -439, -402, -2, 0, 0, 0
L -439, -402, -2, -443, -402, -2, 0, 0, 0
L -443, -402, -2, -445, -402, -1, 0, 0, 0
L -445, -402, -1, -454, -401, 2, 0, 0, 0
L -454, -401, 2, -456, -400, 2, 0, 0, 0
L -456, -400, 2, -465, -394, 0, 0, 0, 0
L -465, -394, 0, -467, -395, 1, 0, 0, 0
L -467, -395, 1, -475, -398, 1, 0, 0, 0
L -475, -398, 1, -477, -399, 1, 0, 0, 0
L -477, -399, 1, -481, -399, 1, 0, 0, 0
L -481, -399, 1, -490, -399, -2, 0, 0, 0
L -490, -399, -2, -504, -396, -1, 0, 0, 0
L -504, -396, -1, -506, -395, -1, 0, 0, 0
L -506, -395, -1, -507, -395, 0, 0, 0, 0
L -507, -395, 0, -509, -394, 1, 0, 0, 0
L -509, -394, 1, -510, -392, 2, 0, 0, 0
L -510, -392, 2, -511, -391, 3, 0, 0, 0
L -511, -391, 3, -511, -386, 3, 0, 0, 0
L -511, -386, 3, -510, -384, 3, 0, 0, 0
L -510, -384, 3, -508, -377, 1, 0, 0, 0
L -508, -377, 1, -509, -375, 2, 0, 0, 0
L -509, -375, 2, -509, -377, 2, 0, 0, 0
L -509, -377, 2, -509, -369, 1, 0, 0, 0
L -509, -369, 1, -507, -363, 2, 0, 0, 0
L -507, -363, 2, -504, -357, 2, 0, 0, 0
L -504, -357, 2, -507, -347, 3, 0, 0, 0
L -507, -347, 3, -508, -345, 3, 0, 0, 0
L -508, -345, 3, -510, -339, 3, 0, 0, 0
L -510, -339, 3, -510, -336, 3, 0, 0, 0
L -510, -336, 3, -511, -334, 3, 0, 0, 0
L -511, -334, 3, -511, -333, 2, 0, 0, 0
L -511, -333, 2, -512, -330, 2, 0, 0, 0
L -512, -330, 2, -512, -328, 2, 0, 0, 0
L -512, -328, 2, -513, -320, 0, 0, 0, 0
L -513, -320, 0, -514, -318, 0, 0, 0, 0
L -514, -318, 0, -515, -317, 1, 0, 0, 0
L -515, -317, 1, -516, -315, 2, 0, 0, 0
L -516, -315, 2, -516, -314, 1, 0, 0, 0
L -516, -314, 1, -517, -313, 1, 0, 0, 0
L -517, -313, 1, -530, -300, -3, 0, 0, 0
L -530, -300, -3, -531, -299, -4, 0, 0, 0
L -531, -299, -4, -549, -287, -2, 0, 0, 0
L -549, -287, -2, -551, -285, -2, 0, 0, 0
L -551, -285, -2, -552, -283, -2, 0, 0, 0
L -552, -283, -2, -553, -282, -2, 0, 0, 0
L -553, -282, -2, -554, -279, -1, 0, 0, 0
L -554, -279, -1, -560, -262, -2, 0, 0, 0
L -481, -143, -2, -477, -134, 2, 0, 0, 0
L -477, -134, 2, -476, -133, 2, 0, 0, 0
L -476, -133, 2, -476, -132, 2, 0, 0, 0
L -476, -132, 2, -475, -130, 2, 0, 0, 0
L -475, -130, 2, -475, -129, 2, 0, 0, 0
L -475, -129, 2, -474, -128, 1, 0, 0, 0
L -474, -128, 1, -474, -126, 0, 0, 0, 0
L -474, -126, 0, -474, -119, -1, 0, 0, 0
L -474, -119, -1, -475, -113, 1, 0, 0, 0
L -475, -113, 1, -476, -109, 3, 0, 0, 0
L -476, -109, 3, -476, -107, 3, 0, 0, 0
L -476, -107, 3, -477, -106, 3, 0, 0, 0
L -477, -106, 3, -477, -103, 2, 0, 0, 0
L -477, -103, 2, -477, -102, 1, 0, 0, 0
L -477, -102, 1, -477, -74, 0, 0, 0, 0
L -477, -74, 0, -476, -73, 0, 0, 0, 0
L -476, -73, 0, -476, -71, -1, 0, 0, 0
L -476, -71, -1, -474, -62, 0, 0, 0, 0
L -474, -62, 0, -471, -48, -3, 0, 0, 0
L -471, -48, -3, -470, -43, -2, 0, 0, 0
L -470, -43, -2, -469, -39, -1, 0, 0, 0
L -469, -39, -1, -468, -35, -1, 0, 0, 0
L -468, -35, -1, -468, -33, -2, 0, 0, 0
L -468, -33, -2, -468, -31, -2, 0, 0, 0
L -468, -31, -2, -467, -24, -1, 0, 0, 0
L -467, -24, -1, -466, -22, 0, 0, 0, 0
L -466, -22, 0, -466, 8, -3, 0, 0, 0
L -466, 8, -3, -466, 9, -4, 0, 0, 0
L -466, 9, -4, -466, 22, -4, 0, 0, 0
L -466, 22, -4, -467, 23, -3, 0, 0, 0
L -467, 23, -3, -469, 23, -2, 0, 0, 0
L -469, 23, -2, -471, 23, -2, 0, 0, 0
L -471, 23, -2, -477, 24, -3, 0, 0, 0
L -477, 24, -3, -479, 25, -4, 0, 0, 0
L -479, 25, -4, -483, 25, -4, 0, 0, 0
L -483, 25, -4, -491, 26, -4, 0, 0, 0
L -491, 26, -4, -492, 27, -4, 0, 0, 0
L -492, 27, -4, -507, 32, -4, 0, 0, 0
L -507, 32, -4, -509, 33, -4, 0, 0, 0
L -509, 33, -4, -511, 37, -4, 0, 0, 0
L -511, 37, -4, -512, 38, -4, 0, 0, 0
L -512, 38, -4, -518, 43, -3, 0, 0, 0
L -518, 43, -3, -523, 49, 5, 0, 0, 0
L -523, 49, 5, -524, 51, 5, 0, 0, 0
L -524, 51, 5, -524, 53, 4, 0, 0, 0
L -524, 53, 4, -524, 58, 1, 0, 0, 0
L -524, 58, 1, -523, 60, 2, 0, 0, 0
L -523, 60, 2, -522, 61, 1, 0, 0, 0
L -522, 61, 1, -521, 63, 1, 0, 0, 0
L -521, 63, 1, -521, 64, 0, 0, 0, 0
L -521, 64, 0, -520, 65, -1, 0, 0, 0
L -520, 65, -1, -518, 68, -4, 0, 0, 0
L -518, 68, -4, -517, 72, -4, 0, 0, 0
L -517, 72, -4, -516, 74, -4, 0, 0, 0
L -516, 74, -4, -515, 75, -4, 0, 0, 0
L -515, 75, -4, -514, 77, -4, 0, 0, 0
L -514, 77, -4, -514, 78, -4, 0, 0, 0
L -514, 78, -4, -515, 88, -4, 0, 0, 0
L -515, 88, -4, -517, 95, -4, 0, 0, 0
L -517, 95, -4, -518, 96, -4, 0, 0, 0
L -518, 96, -4, -518, 98, -4, 0, 0, 0
L -518, 98, -4, -518, 105, -1, 0, 0, 0
L -518, 105, -1, -518, 107, 0, 0, 0, 0
L -518, 107, 0, -517, 108, 1, 0, 0, 0
L -517, 108, 1, -516, 110, 0, 0, 0, 0
L -516, 110, 0, -515, 111, 0, 0, 0, 0
L -515, 111, 0, -514, 113, -1, 0, 0, 0
L -514, 113, -1, -512, 114, -2, 0, 0, 0
L -512, 114, -2, -511, 115, -4, 0, 0, 0
L -511, 115, -4, -510, 117, -4, 0, 0, 0
L -510, 117, -4, -508, 123, -4, 0, 0, 0
L -508, 123, -4, -508, 127, -4, 0, 0, 0
L -508, 127, -4, -507, 134, -4, 0, 0, 0
L -507, 134, -4, -474, 134, -3, 0, 0, 0
L -474, 134, -3, -476, 133, -4, 0, 0, 0
L -476, 133, -4, -474, 133, -4, 0, 0, 0
L -474, 133, -4, -464, 133, -3, 0, 0, 0
L -464, 133, -3, -460, 133, -4, 0, 0, 0
L -460, 133, -4, -459, 135, -4, 0, 0, 0
L -459, 135, -4, -459, 148, -4, 0, 0, 0
L -459, 148, -4, -461, 151, -4, 0, 0, 0
L -461, 151, -4, -463, 151, -4, 0, 0, 0
L -463, 151, -4, -464, 150, -3, 0, 0, 0
L -464, 150, -3, -466, 148, -3, 0, 0, 0
L -466, 148, -3, -466, 146, -3, 0, 0, 0
L -466, 146, -3, -466, 274, 2, 0, 0, 0
L -466, 274, 2, -464, 274, 2, 0, 0, 0
L -464, 274, 2, -449, 274, -4, 0, 0, 0
L -449, 274, -4, -448, 272, -4, 0, 0, 0
L -448, 272, -4, -448, 220, -4, 0, 0, 0
L -448, 220, -4, -445, 217, -4, 0, 0, 0
L -445, 217, -4, -443, 218, -3, 0, 0, 0
L -443, 218, -3, -400, 218, -4, 0, 0, 0
L -400, 218, -4, -401, 216, -4, 0, 0, 0
L -401, 216, -4, -401, 213, -4, 0, 0, 0
L -401, 213, -4, -399, 211, -4, 0, 0, 0
L -399, 211, -4, -386, 211, -4, 0, 0, 0
L -386, 211, -4, -385, 212, -4, 0, 0, 0
L -385, 212, -4, -384, 214, -4, 0, 0, 0
L -384, 214, -4, -384, 218, -4, 0, 0, 0
L -384, 218, -4, -390, 223, -4, 0, 0, 0
L -390, 223, -4, -390, 225, -4, 0, 0, 0
L -390, 225, -4, -390, 242, 0, 0, 0, 0
L -390, 242, 0, -388, 242, 0, 0, 0, 0
L -388, 242, 0, -372, 242, -4, 0, 0, 0
L -372, 242, -4, -370, 243, -4, 0, 0, 0
L -370, 243, -4, -370, 245, -4, 0, 0, 0
L -370, 245, -4, -369, 276, -1, 0, 0, 0
L -369, 276, -1, -368, 277, -1, 0, 0, 0
L -368, 277, -1, -348, 290, -4, 0, 0, 0
L -348, 290, -4, -346, 290, -4, 0, 0, 0
L -346, 290, -4, -335, 290, -1, 0, 0, 0
L -335, 290, -1, -333, 289, -1, 0, 0, 0
L -333, 289, -1, -331, 289, 0, 0, 0, 0
L -331, 289, 0, -325, 290, -2, 0, 0, 0
L -325, 290, -2, -324, 289, -3, 0, 0, 0
L -324, 289, -3, -322, 289, -4, 0, 0, 0
L -322, 289, -4, -320, 289, -4, 0, 0, 0
L -320, 289, -4, -319, 291, -4, 0, 0, 0
L -319, 291, -4, -319, 305, -4, 0, 0, 0
L -319, 305, -4, -320, 306, -4, 0, 0, 0
L -320, 306, -4, -322, 306, -4, 0, 0, 0
L -322, 306, -4, -324, 307, -4, 0, 0, 0
L -324, 307, -4, -326, 304, -4, 0, 0, 0
L -326, 304, -4, -326, 302, -4, 0, 0, 0
L -326, 302, -4, -326, 347, -4, 0, 0, 0
L -326, 347, -4, -328, 348, -4, 0, 0, 0
L -328, 348, -4, -382, 348, -4, 0, 0, 0
L -382, 348, -4, -382, 350, -4, 0, 0, 0
L -382, 350, -4, -382, 366, -3, 0, 0, 0
L -382, 366, -3, -252, 366, -4, 0, 0, 0
L -252, 366, -4, -253, 364, -4, 0, 0, 0
L -253, 364, -4, -253, 360, -4, 0, 0, 0
L -253, 360, -4, -252, 359, -4, 0, 0, 0
L -252, 359, -4, -250, 358, -4, 0, 0, 0
L -250, 358, -4, -246, 359, -4, 0, 0, 0
L -246, 359, -4, -238, 359, -4, 0, 0, 0
L -238, 359, -4, -236, 360, -4, 0, 0, 0
L -236, 360, -4, -235, 361, -4, 0, 0, 0
L -235, 361, -4, -236, 363, -4, 0, 0, 0
L -236, 363, -4, -238, 365, -4, 0, 0, 0
L -238, 365, -4, -240, 366, -4, 0, 0, 0
L -240, 366, -4, -220, 366, -4, 0, 0, 0
L -220, 366, -4, -219, 367, -4, 0, 0, 0
L -219, 367, -4, -218, 369, -4, 0, 0, 0
L -218, 369, -4, -218, 374, -4, 0, 0, 0
L -218, 374, -4, -221, 377, -4, 0, 0, 0
L -221, 377, -4, -226, 383, 0, 0, 0, 0
L -226, 383, 0, -226, 384, 0, 0, 0, 0
L -226, 384, 0, -226, 414, -4, 0, 0, 0
L -226, 414, -4, -221, 414, -4, 0, 0, 0
L -221, 414, -4, -219, 413, -4, 0, 0, 0
L -219, 413, -4, -216, 413, -4, 0, 0, 0
L -216, 413, -4, -215, 415, -4, 0, 0, 0
L -215, 415, -4, -215, 429, -4, 0, 0, 0
L -215, 429, -4, -219, 431, -4, 0, 0, 0
L -219, 431, -4, -220, 429, -4, 0, 0, 0
L -220, 429, -4, -225, 424, -4, 0, 0, 0
L -225, 424, -4, -226, 424, -4, 0, 0, 0
L -226, 424, -4, -228, 425, -4, 0, 0, 0
L -228, 425, -4, -232, 425, -4, 0, 0, 0
L -232, 425, -4, -232, 426, -4, 0, 0, 0
L -232, 426, -4, -233, 428, -3, 0, 0, 0
L -233, 428, -3, -234, 429, -3, 0, 0, 0
L -234, 429, -3, -236, 430, -4, 0, 0, 0
L -236, 430, -4, -240, 430, -4, 0, 0, 0
L -240, 430, -4, -241, 428, -3, 0, 0, 0
L -241, 428, -3, -243, 427, -3, 0, 0, 0
L -243, 427, -3, -246, 424, -4, 0, 0, 0
L -246, 424, -4, -248, 424, -4, 0, 0, 0
L -248, 424, -4, -249, 425, -4, 0, 0, 0
L -249, 425, -4, -251, 426, -4, 0, 0, 0
L -251, 426, -4, -268, 426, -4, 0, 0, 0
L -268, 426, -4, -270, 424, -4, 0, 0, 0
L -270, 424, -4, -272, 425, -4, 0, 0, 0
L -272, 425, -4, -274, 429, -4, 0, 0, 0
L -274, 429, -4, -275, 430, -4, 0, 0, 0
L -275, 430, -4, -281, 430, -4, 0, 0, 0
L -281, 430, -4, -282, 429, -4, 0, 0, 0
L -282, 429, -4, -284, 425, -4, 0, 0, 0
L -284, 425, -4, -286, 424, -4, 0, 0, 0
L -286, 424, -4, -287, 424, -4, 0, 0, 0
L -287, 424, -4, -302, 424, 1, 0, 0, 0
L -302, 424, 1, -302, 426, 1, 0, 0, 0
L -302, 426, 1, -302, 442, -4, 0, 0, 0
L -302, 442, -4, -300, 442, -4, 0, 0, 0
L -300, 442, -4, -298, 443, -4, 0, 0, 0
L -298, 443, -4, -296, 445, -4, 0, 0, 0
L -296, 445, -4, -296, 447, -4, 0, 0, 0
L -296, 447, -4, -295, 448, -4, 0, 0, 0
L -295, 448, -4, -295, 450, -4, 0, 0, 0
L -295, 450, -4, -300, 459, -4, 0, 0, 0
L -300, 459, -4, -302, 460, -1, 0, 0, 0
L -302, 460, -1, -302, 462, 3, 0, 0, 0
L -302, 462, 3, -301, 471, 1, 0, 0, 0
L -301, 471, 1, -301, 473, -1, 0, 0, 0
L -301, 473, -1, -301, 476, 3, 0, 0, 0
L -301, 476, 3, -300, 477, 2, 0, 0, 0
L -300, 477, 2, -300, 483, 0, 0, 0, 0
L -300, 483, 0, -299, 484, -3, 0, 0, 0
L -299, 484, -3, -297, 484, -4, 0, 0, 0
L -297, 484, -4, -296, 486, -4, 0, 0, 0
L -296, 486, -4, -296, 487, -4, 0, 0, 0
L -296, 487, -4, -295, 489, -4, 0, 0, 0
L -295, 489, -4, -296, 491, -4, 0, 0, 0
L -296, 491, -4, -300, 500, -3, 0, 0, 0
L -300, 500, -3, -299, 502, -3, 0, 0, 0
L -299, 502, -3, -300, 526, -4, 0, 0, 0
L -300, 526, -4, -302, 531, -4, 0, 0, 0
L -302, 531, -4, -299, 532, -4, 0, 0, 0
L -299, 532, -4, -297, 533, -4, 0, 0, 0
L -297, 533, -4, -296, 535, -4, 0, 0, 0
L -296, 535, -4, -296, 536, -4, 0, 0, 0
L -296, 536, -4, -295, 538, -4, 0, 0, 0
L -295, 538, -4, -296, 540, -4, 0, 0, 0
L -296, 540, -4, -301, 548, -4, 0, 0, 0
L -301, 548, -4, -300, 549, -4, 0, 0, 0
L -300, 549, -4, -300, 567, -4, 0, 0, 0
L -300, 567, -4, -302, 570, -4, 0, 0, 0
L -302, 570, -4, -301, 572, -4, 0, 0, 0
L -301, 572, -4, -299, 573, -4, 0, 0, 0
L -299, 573, -4, -297, 575, -4, 0, 0, 0
L -297, 575, -4, -296, 577, -4, 0, 0, 0
L -296, 577, -4, -295, 578, -4, 0, 0, 0
L -295, 578, -4, -295, 580, -4, 0, 0, 0
L -295, 580, -4, -302, 586, -4, 0, 0, 0
L -302, 586, -4, -302, 588, -4, 0, 0, 0
L -302, 588, -4, -302, 602, 3, 0, 0, 0
L -302, 602, 3, -300, 602, 3, 0, 0, 0
L -300, 602, 3, -284, 602, -4, 0, 0, 0
L -284, 602, -4, -284, 600, -4, 0, 0, 0
L -284, 600, -4, -283, 599, -4, 0, 0, 0
L -283, 599, -4, -282, 597, -4, 0, 0, 0
L -282, 597, -4, -278, 595, -4, 0, 0, 0
L -278, 595, -4, -268, 600, -4, 0, 0, 0
L -268, 600, -4, -266, 600, -2, 0, 0, 0
L -266, 600, -2, -265, 600, 2, 0, 0, 0
L -265, 600, 2, -260, 601, 4, 0, 0, 0
L -260, 601, 4, -258, 601, 3, 0, 0, 0
L -258, 601, 3, -256, 602, 3, 0, 0, 0
L -256, 602, 3, -255, 602, 2, 0, 0, 0
L -255, 602, 2, -245, 602, 1, 0, 0, 0
L -245, 602, 1, -244, 601, -4, 0, 0, 0
L -244, 601, -4, -242, 597, -4, 0, 0, 0
L -242, 597, -4, -240, 596, -4, 0, 0, 0
L -240, 596, -4, -235, 596, -4, 0, 0, 0
L -235, 596, -4, -233, 597, -4, 0, 0, 0
L -233, 597, -4, -227, 602, -4, 0, 0, 0
L -227, 602, -4, -225, 602, -4, 0, 0, 0
L -225, 602, -4, -195, 602, -2, 0, 0, 0
L -195, 602, -2, -194, 600, -2, 0, 0, 0
L -194, 600, -2, -194, 599, -3, 0, 0, 0
L -194, 599, -3, -192, 597, -4, 0, 0, 0
L -192, 597, -4, -191, 596, -4, 0, 0, 0
L -191, 596, -4, -189, 595, -4, 0, 0, 0
L -189, 595, -4, -182, 594, -4, 0, 0, 0
L -182, 594, -4, -168, 600, -4, 0, 0, 0
L -168, 600, -4, -157, 600, -4, 0, 0, 0
L -157, 600, -4, -156, 601, -4, 0, 0, 0
L -156, 601, -4, -154, 600, -4, 0, 0, 0
L -154, 600, -4, -153, 598, -4, 0, 0, 0
L -153, 598, -4, -152, 597, -4, 0, 0, 0
L -152, 597, -4, -150, 596, -4, 0, 0, 0
L -150, 596, -4, -149, 595, -4, 0, 0, 0
L -149, 595, -4, -147, 596, -4, 0, 0, 0
L -147, 596, -4, -144, 596, -4, 0, 0, 0
L -144, 596, -4, -138, 602, -4, 0, 0, 0
L -138, 602, -4, -124, 602, 1, 0, 0, 0
L -124, 602, 1, -124, 600, 1, 0, 0, 0
L -124, 600, 1, -125, 590, -3, 0, 0, 0
L -125, 590, -3, -125, 589, -3, 0, 0, 0
L -125, 589, -3, -125, 584, -4, 0, 0, 0
L -125, 584, -4, -127, 583, -4, 0, 0, 0
L -127, 583, -4, -128, 583, -4, 0, 0, 0
L -128, 583, -4, -129, 581, -4, 0, 0, 0
L -129, 581, -4, -130, 580, -4, 0, 0, 0
L -130, 580, -4, -131, 578, -4, 0, 0, 0
L -131, 578, -4, -131, 576, -4, 0, 0, 0
L -131, 576, -4, -127, 569, -4, 0, 0, 0
L -127, 569, -4, -126, 544, -4, 0, 0, 0
L -126, 544, -4, -130, 540, -4, 0, 0, 0
L -130, 540, -4, -131, 538, -4, 0, 0, 0
L -131, 538, -4, -131, 537, -4, 0, 0, 0
L -131, 537, -4, -130, 535, -4, 0, 0, 0
L -130, 535, -4, -127, 528, -4, 0, 0, 0
L -127, 528, -4, -126, 526, -4, 0, 0, 0
L -126, 526, -4, -126, 525, -4, 0, 0, 0
L -126, 525, -4, -127, 523, -4, 0, 0, 0
L -127, 523, -4, -126, 500, -4, 0, 0, 0
L -126, 500, -4, -124, 495, -4, 0, 0, 0
L -124, 495, -4, -126, 494, -4, 0, 0, 0
L -126, 494, -4, -127, 493, -4, 0, 0, 0
L -127, 493, -4, -129, 492, -4, 0, 0, 0
L -129, 492, -4, -130, 491, -4, 0, 0, 0
L -130, 491, -4, -131, 489, -4, 0, 0, 0
L -131, 489, -4, -130, 488, -4, 0, 0, 0
L -130, 488, -4, -126, 477, -4, 0, 0, 0
L -126, 477, -4, -126, 456, -4, 0, 0, 0
L -126, 456, -4, -125, 454, -4, 0, 0, 0
L -125, 454, -4, -129, 452, -4, 0, 0, 0
L -129, 452, -4, -130, 451, -4, 0, 0, 0
L -130, 451, -4, -130, 445, -4, 0, 0, 0
L -130, 445, -4, -124, 439, -4, 0, 0, 0
L -124, 439, -4, -124, 437, -4, 0, 0, 0
L -124, 437, -4, -124, 424, 4, 0, 0, 0
L -124, 424, 4, -126, 424, 4, 0, 0, 0
L -126, 424, 4, -142, 424, -4, 0, 0, 0
L -142, 424, -4, -143, 426, -4, 0, 0, 0
L -143, 426, -4, -143, 428, -4, 0, 0, 0
L -143, 428, -4, -145, 429, -3, 0, 0, 0
L -145, 429, -3, -147, 430, -4, 0, 0, 0
L -147, 430, -4, -150, 430, -4, 0, 0, 0
L -150, 430, -4, -151, 429, -4, 0, 0, 0
L -151, 429, -4, -159, 426, -4, 0, 0, 0
L -159, 426, -4, -176, 426, -4, 0, 0, 0
L -176, 426, -4, -182, 424, -4, 0, 0, 0
L -182, 424, -4, -184, 428, -4, 0, 0, 0
L -184, 428, -4, -185, 429, -4, 0, 0, 0
L -185, 429, -4, -189, 431, -4, 0, 0, 0
L -189, 431, -4, -191, 430, -4, 0, 0, 0
L -191, 430, -4, -193, 428, -4, 0, 0, 0
L -193, 428, -4, -195, 427, -4, 0, 0, 0
L -195, 427, -4, -197, 425, -4, 0, 0, 0
L -197, 425, -4, -199, 425, -4, 0, 0, 0
L -199, 425, -4, -200, 424, -4, 0, 0, 0
L -211, 421, -4, -211, 414, -4, 0, 0, 0
L -211, 414, -4, -209, 413, -4, 0, 0, 0
L -209, 413, -4, -208, 412, -4, 0, 0, 0
L -208, 412, -4, -197, 412, -2, 0, 0, 0
L -197, 412, -2, -196, 411, -3, 0, 0, 0
L -196, 411, -3, -189, 404, -4, 0, 0, 0
L -189, 404, -4, -188, 402, -4, 0, 0, 0
L -188, 402, -4, -186, 401, -4, 0, 0, 0
L -186, 401, -4, -185, 400, -4, 0, 0, 0
L -185, 400, -4, -175, 391, -1, 0, 0, 0
L -175, 391, -1, -173, 390, 0, 0, 0, 0
L -173, 390, 0, -172, 390, 1, 0, 0, 0
L -172, 390, 1, -170, 390, 0, 0, 0, 0
L -170, 390, 0, -168, 390, 0, 0, 0, 0
L -168, 390, 0, -142, 390, -4, 0, 0, 0
L -142, 390, -4, -141, 389, -4, 0, 0, 0
L -141, 389, -4, -122, 366, -2, 0, 0, 0
L -122, 366, -2, -121, 364, -4, 0, 0, 0
L -121, 364, -4, -121, 361, -4, 0, 0, 0
L -121, 361, -4, -120, 359, -4, 0, 0, 0
L -120, 359, -4, -105, 359, -4, 0, 0, 0
L -105, 359, -4, -104, 361, -4, 0, 0, 0
L -104, 361, -4, -104, 363, -4, 0, 0, 0
L -104, 363, -4, -104, 366, -3, 0, 0, 0
L -104, 366, -3, -106, 366, -3, 0, 0, 0
L -106, 366, -3, -57, 366, -4, 0, 0, 0
L -57, 366, -4, -56, 365, -4, 0, 0, 0
L -56, 365, -4, -54, 365, -4, 0, 0, 0
L -54, 365, -4, -52, 366, -4, 0, 0, 0
L -52, 366, -4, -51, 367, -4, 0, 0, 0
L -51, 367, -4, -51, 381, -4, 0, 0, 0
L -51, 381, -4, -52, 382, -4, 0, 0, 0
L -52, 382, -4, -56, 382, -4, 0, 0, 0
L -56, 382, -4, -57, 380, -4, 0, 0, 0
L -57, 380, -4, -58, 379, -4, 0, 0, 0
L -58, 379, -4, -58, 377, -4, 0, 0, 0
L -58, 377, -4, -58, 432, 13, 0, 0, 0
L -58, 432, 13, -56, 431, 13, 0, 0, 0
L -56, 431, 13, -54, 431, 12, 0, 0, 0
L -54, 431, 12, -52, 431, 12, 0, 0, 0
L -52, 431, 12, -51, 433, 12, 0, 0, 0
L -51, 433, 12, -51, 447, 12, 0, 0, 0
L -51, 447, 12, -53, 448, 12, 0, 0, 0
L -53, 448, 12, -55, 448, 12, 0, 0, 0
L -55, 448, 12, -57, 446, 12, 0, 0, 0
L -57, 446, 12, -58, 442, 12, 0, 0, 0
L -58, 442, 12, -88, 442, 12, 0, 0, 0
L -88, 442, 12, -88, 444, 12, 0, 0, 0
L -88, 444, 12, -87, 446, 14, 0, 0, 0
L -87, 446, 14, -88, 448, 14, 0, 0, 0
L -88, 448, 14, -88, 449, 13, 0, 0, 0
L -88, 449, 13, -89, 450, 12, 0, 0, 0
L -89, 450, 12, -91, 452, 12, 0, 0, 0
L -91, 452, 12, -93, 452, 12, 0, 0, 0
L -93, 452, 12, -95, 453, 14, 0, 0, 0
L -95, 453, 14, -96, 452, 14, 0, 0, 0
L -96, 452, 14, -98, 453, 12, 0, 0, 0
L -98, 453, 12, -98, 455, 12, 0, 0, 0
L -98, 455, 12, -98, 510, 15, 0, 0, 0
L -98, 510, 15, -96, 511, 15, 0, 0, 0
L -96, 511, 15, -68, 540, 12, 0, 0, 0
L -68, 540, 12, -59, 540, 12, 0, 0, 0
L -59, 540, 12, -58, 538, 12, 0, 0, 0
L -58, 538, 12, -40, 538, 12, 0, 0, 0
L -40, 538, 12, -39, 539, 12, 0, 0, 0
L -39, 539, 12, -37, 540, 12, 0, 0, 0
L -37, 540, 12, -32, 540, 12, 0, 0, 0
L -32, 540, 12, -32, 509, 13, 0, 0, 0
L -32, 509, 13, -30, 508, 12, 0, 0, 0
L -30, 508, 12, 0, 508, 12, 0, 0, 0
L 0, 508, 12, 0, 506, 12, 0, 0, 0
L 0, 506, 12, -1, 499, 12, 0, 0, 0
L -1, 499, 12, -1, 495, 12, 0, 0, 0
L -1, 495, 12, 0, 494, 12, 0, 0, 0
L 0, 494, 12, 2, 493, 12, 0, 0, 0
L 2, 493, 12, 15, 493, 12, 0, 0, 0
L 15, 493, 12, 16, 495, 12, 0, 0, 0
L 16, 495, 12, 16, 497, 12, 0, 0, 0
L 16, 497, 12, 15, 499, 12, 0, 0, 0
L 15, 499, 12, 13, 499, 12, 0, 0, 0
L 13, 499, 12, 12, 500, 12, 0, 0, 0
L 12, 500, 12, 15, 500, 12, 0, 0, 0
L 15, 500, 12, 66, 500, -4, 0, 0, 0
L 66, 500, -4, 65, 498, -4, 0, 0, 0
L 65, 498, -4, 65, 490, -4, 0, 0, 0
L 65, 490, -4, 68, 493, -4, 0, 0, 0
L 68, 493, -4, 66, 493, -4, 0, 0, 0
L 66, 493, -4, 64, 492, -4, 0, 0, 0
L 68, 493, -4, 73, 493, -4, 0, 0, 0
L 73, 493, -4, 75, 494, -4, 0, 0, 0
L 75, 494, -4, 76, 496, -4, 0, 0, 0
L 76, 496, -4, 76, 497, -4, 0, 0, 0
L 76, 497, -4, 75, 499, -4, 0, 0, 0
L 75, 499, -4, 75, 501, -3, 0, 0, 0
L 75, 501, -3, 74, 502, -1, 0, 0, 0
L 74, 502, -1, 74, 504, 1, 0, 0, 0
L 74, 504, 1, 74, 510, 4, 0, 0, 0
L 74, 510, 4, 76, 509, 5, 0, 0, 0
L 76, 509, 5, 78, 509, 5, 0, 0, 0
L 78, 509, 5, 87, 506, 1, 0, 0, 0
L 87, 506, 1, 88, 507, 2, 0, 0, 0
L 88, 507, 2, 96, 513, 2, 0, 0, 0
L 96, 513, 2, 97, 513, 2, 0, 0, 0
L 97, 513, 2, 98, 514, 2, 0, 0, 0
L 98, 514, 2, 100, 514, 2, 0, 0, 0
L 100, 514, 2, 102, 515, 2, 0, 0, 0
L 102, 515, 2, 104, 515, 2, 0, 0, 0
L 104, 515, 2, 113, 516, 2, 0, 0, 0
L 113, 516, 2, 123, 516, 1, 0, 0, 0
L 123, 516, 1, 134, 516, 2, 0, 0, 0
L 134, 516, 2, 137, 515, 2, 0, 0, 0
L 137, 515, 2, 139, 515, 2, 0, 0, 0
L 139, 515, 2, 148, 512, 1, 0, 0, 0
L 148, 512, 1, 150, 512, 1, 0, 0, 0
L 150, 512, 1, 164, 513, 2, 0, 0, 0
L 164, 513, 2, 166, 512, 2, 0, 0, 0
L 166, 512, 2, 176, 510, 2, 0, 0, 0
L 176, 510, 2, 184, 509, -1, 0, 0, 0
L 184, 509, -1, 186, 510, -3, 0, 0, 0
L 186, 510, -3, 188, 519, -4, 0, 0, 0
L 188, 519, -4, 189, 558, 0, 0, 0, 0
L 189, 558, 0, 189, 559, 0, 0, 0, 0
L 189, 559, 0, 189, 566, 1, 0, 0, 0
L 189, 566, 1, 190, 576, 1, 0, 0, 0
L 190, 576, 1, 190, 594, 0, 0, 0, 0
L 190, 594, 0, 189, 597, 0, 0, 0, 0
L 189, 597, 0, 189, 599, 0, 0, 0, 0
L 189, 599, 0, 188, 606, -2, 0, 0, 0
L 188, 606, -2, 187, 610, -2, 0, 0, 0
L 187, 610, -2, 186, 617, -2, 0, 0, 0
L 186, 617, -2, 183, 626, 2, 0, 0, 0
L 183, 626, 2, 182, 628, 2, 0, 0, 0
L 182, 628, 2, 181, 630, 1, 0, 0, 0
L 181, 630, 1, 180, 632, -3, 0, 0, 0
L 180, 632, -3, 179, 634, -3, 0, 0, 0
L 179, 634, -3, 178, 635, -4, 0, 0, 0
L 178, 635, -4, 177, 636, -3, 0, 0, 0
L 177, 636, -3, 174, 640, -2, 0, 0, 0
L 174, 640, -2, 166, 649, -2, 0, 0, 0
L 166, 649, -2, 165, 651, -3, 0, 0, 0
L 165, 651, -3, 159, 659, 0, 0, 0, 0
L 159, 659, 0, 154, 667, 2, 0, 0, 0
L 154, 667, 2, 153, 668, 2, 0, 0, 0
L 153, 668, 2, 151, 669, 2, 0, 0, 0
L 151, 669, 2, 150, 670, 2, 0, 0, 0
L 150, 670, 2, 148, 671, 2, 0, 0, 0
L 148, 671, 2, 140, 676, -2, 0, 0, 0
L 140, 676, -2, 129, 677, -2, 0, 0, 0
L 129, 677, -2, 116, 675, -1, 0, 0, 0
L 116, 675, -1, 111, 674, -1, 0, 0, 0
L 111, 674, -1, 101, 674, 1, 0, 0, 0
L 101, 674, 1, 98, 674, 2, 0, 0, 0
L 98, 674, 2, 96, 675, 2, 0, 0, 0
L 96, 675, 2, 91, 676, 2, 0, 0, 0
L 91, 676, 2, 89, 677, 2, 0, 0, 0
L 89, 677, 2, 88, 678, 1, 0, 0, 0
L 88, 678, 1, 86, 679, 1, 0, 0, 0
L 86, 679, 1, 77, 687, 8, 0, 0, 0
L 77, 687, 8, 76, 689, 9, 0, 0, 0
L 76, 689, 9, 74, 699, 5, 0, 0, 0
L 74, 699, 5, 73, 700, 4, 0, 0, 0
L 73, 700, 4, 72, 706, 0, 0, 0, 0
L 72, 706, 0, 71, 708, -2, 0, 0, 0
L 71, 708, -2, 69, 712, -1, 0, 0, 0
L 69, 712, -1, 69, 714, -1, 0, 0, 0
L 69, 714, -1, 68, 715, -1, 0, 0, 0
L 68, 715, -1, 67, 721, -1, 0, 0, 0
L 67, 721, -1, 66, 730, -3, 0, 0, 0
L 66, 730, -3, 65, 738, -3, 0, 0, 0
L 65, 738, -3, 66, 745, -3, 0, 0, 0
L 66, 745, -3, 66, 747, -3, 0, 0, 0
L 66, 747, -3, 69, 756, 0, 0, 0, 0
L 69, 756, 0, 70, 758, 1, 0, 0, 0
L 70, 758, 1, 70, 762, 3, 0, 0, 0
L 70, 762, 3, 71, 764, 3, 0, 0, 0
L 71, 764, 3, 71, 768, 1, 0, 0, 0
L 71, 768, 1, 72, 770, -3, 0, 0, 0
L 72, 770, -3, 72, 772, -3, 0, 0, 0
L 72, 772, -3, 71, 776, -3, 0, 0, 0
L 71, 776, -3, 70, 783, -4, 0, 0, 0
L 70, 783, -4, 70, 803, -1, 0, 0, 0
L 70, 803, -1, 70, 804, 1, 0, 0, 0
L 70, 804, 1, 69, 810, 1, 0, 0, 0
L 69, 810, 1, 69, 811, 0, 0, 0, 0
L 69, 811, 0, 69, 814, 0, 0, 0, 0
L 69, 814, 0, 67, 824, -3, 0, 0, 0
L 67, 824, -3, 67, 826, -3, 0, 0, 0
L 67, 826, -3, 67, 829, -2, 0, 0, 0
L 67, 829, -2, 66, 836, 0, 0, 0, 0
L 66, 836, 0, 66, 844, 2, 0, 0, 0
L 66, 844, 2, 67, 845, 2, 0, 0, 0
L 67, 845, 2, 75, 851, 3, 0, 0, 0
L 75, 851, 3, 77, 851, 3, 0, 0, 0
L 77, 851, 3, 79, 850, 3, 0, 0, 0
L 79, 850, 3, 88, 848, 1, 0, 0, 0
L 88, 848, 1, 90, 848, 1, 0, 0, 0
L 90, 848, 1, 94, 848, 0, 0, 0, 0
L 94, 848, 0, 103, 848, -4, 0, 0, 0
L 103, 848, -4, 113, 848, -4, 0, 0, 0
L 113, 848, -4, 121, 849, -4, 0, 0, 0
L 121, 849, -4, 122, 849, -4, 0, 0, 0
L 122, 849, -4, 132, 851, -1, 0, 0, 0
L 132, 851, -1, 142, 853, 0, 0, 0, 0
L 142, 853, 0, 148, 855, 2, 0, 0, 0
L 148, 855, 2, 150, 855, 2, 0, 0, 0
L 150, 855, 2, 154, 859, 2, 0, 0, 0
L 154, 859, 2, 156, 862, 1, 0, 0, 0
L 156, 862, 1, 157, 864, 1, 0, 0, 0
L 157, 864, 1, 164, 874, -1, 0, 0, 0
L 164, 874, -1, 166, 877, -1, 0, 0, 0
L 166, 877, -1, 172, 885, 1, 0, 0, 0
L 172, 885, 1, 173, 888, 2, 0, 0, 0
L 173, 888, 2, 174, 889, 2, 0, 0, 0
L 174, 889, 2, 179, 893, 2, 0, 0, 0
L 179, 893, 2, 181, 893, 2, 0, 0, 0
L 181, 893, 2, 183, 894, 3, 0, 0, 0
L 183, 894, 3, 188, 896, 6, 0, 0, 0
L 188, 896, 6, 194, 897, 9, 0, 0, 0
L 194, 897, 9, 198, 897, 11, 0, 0, 0
L 198, 897, 11, 199, 897, 12, 0, 0, 0
L 199, 897, 12, 201, 896, 12, 0, 0, 0
L 201, 896, 12, 202, 895, 12, 0, 0, 0
L 202, 895, 12, 211, 890, 11, 0, 0, 0
L 211, 890, 11, 219, 886, -1, 0, 0, 0
L 219, 886, -1, 230, 889, -2, 0, 0, 0
L 230, 889, -2, 255, 895, -1, 0, 0, 0
L 255, 895, -1, 257, 895, -1, 0, 0, 0
L 257, 895, -1, 266, 896, -1, 0, 0, 0
L 266, 896, -1, 269, 896, -1, 0, 0, 0
L 269, 896, -1, 270, 895, 0, 0, 0, 0
L 270, 895, 0, 272, 894, 0, 0, 0, 0
L 272, 894, 0, 274, 893, -1, 0, 0, 0
L 274, 893, -1, 275, 892, 0, 0, 0, 0
L 275, 892, 0, 282, 886, 1, 0, 0, 0
L 282, 886, 1, 284, 885, 1, 0, 0, 0
L 284, 885, 1, 286, 883, 1, 0, 0, 0
L 286, 883, 1, 290, 877, 0, 0, 0, 0
L 290, 877, 0, 290, 876, 0, 0, 0, 0
L 290, 876, 0, 291, 874, -1, 0, 0, 0
L 291, 874, -1, 292, 873, -1, 0, 0, 0
L 292, 873, -1, 296, 864, 1, 0, 0, 0
L 296, 864, 1, 298, 860, 2, 0, 0, 0
L 298, 860, 2, 299, 858, 2, 0, 0, 0
L 299, 858, 2, 299, 854, 2, 0, 0, 0
L 299, 854, 2, 300, 852, 2, 0, 0, 0
L 300, 852, 2, 302, 848, 0, 0, 0, 0
L 302, 848, 0, 303, 847, -2, 0, 0, 0
L 303, 847, -2, 305, 841, -4, 0, 0, 0
L 305, 841, -4, 306, 840, -4, 0, 0, 0
L 306, 840, -4, 306, 839, -4, 0, 0, 0
L 306, 839, -4, 308, 837, -4, 0, 0, 0
L 308, 837, -4, 310, 834, -4, 0, 0, 0
L 310, 834, -4, 320, 824, -1, 0, 0, 0
L 320, 824, -1, 322, 822, -1, 0, 0, 0
L 322, 822, -1, 322, 820, -1, 0, 0, 0
L 322, 820, -1, 323, 819, -1, 0, 0, 0
L 323, 819, -1, 323, 811, -1, 0, 0, 0
L 323, 811, -1, 320, 800, 2, 0, 0, 0
L 320, 800, 2, 319, 799, 2, 0, 0, 0
L 319, 799, 2, 317, 795, 2, 0, 0, 0
L 317, 795, 2, 316, 794, 2, 0, 0, 0
L 316, 794, 2, 316, 792, 3, 0, 0, 0
L 316, 792, 3, 316, 781, -3, 0, 0, 0
L 316, 781, -3, 317, 779, -3, 0, 0, 0
L 317, 779, -3, 319, 760, -3, 0, 0, 0
L 319, 760, -3, 319, 747, -1, 0, 0, 0
L 319, 747, -1, 318, 739, 0, 0, 0, 0
L 318, 739, 0, 317, 733, 2, 0, 0, 0
L 317, 733, 2, 317, 729, 2, 0, 0, 0
L 317, 729, 2, 316, 727, 2, 0, 0, 0
L 316, 727, 2, 316, 722, 0, 0, 0, 0
L 316, 722, 0, 316, 720, -2, 0, 0, 0
L 316, 720, -2, 314, 710, 1, 0, 0, 0
L 314, 710, 1, 314, 708, 2, 0, 0, 0
L 314, 708, 2, 313, 705, 2, 0, 0, 0
L 313, 705, 2, 313, 703, 3, 0, 0, 0
L 313, 703, 3, 311, 699, 3, 0, 0, 0
L 311, 699, 3, 311, 698, 3, 0, 0, 0
L 311, 698, 3, 310, 696, 2, 0, 0, 0
L 310, 696, 2, 308, 693, -1, 0, 0, 0
L 308, 693, -1, 307, 691, 0, 0, 0, 0
L 307, 691, 0, 306, 690, 1, 0, 0, 0
L 306, 690, 1, 305, 688, 1, 0, 0, 0
L 305, 688, 1, 304, 687, 1, 0, 0, 0
L 304, 687, 1, 297, 681, 1, 0, 0, 0
L 297, 681, 1, 295, 680, 1, 0, 0, 0
L 295, 680, 1, 293, 679, 2, 0, 0, 0
L 293, 679, 2, 290, 679, 2, 0, 0, 0
L 290, 679, 2, 281, 678, -2, 0, 0, 0
L 281, 678, -2, 279, 678, -2, 0, 0, 0
L 279, 678, -2, 275, 677, -2, 0, 0, 0
L 275, 677, -2, 273, 677, -2, 0, 0, 0
L 273, 677, -2, 263, 673, 0, 0, 0, 0
L 263, 673, 0, 259, 671, 2, 0, 0, 0
L 259, 671, 2, 257, 670, 2, 0, 0, 0
L 257, 670, 2, 256, 670, 2, 0, 0, 0
L 256, 670, 2, 247, 661, -1, 0, 0, 0
L 247, 661, -1, 240, 653, -3, 0, 0, 0
L 240, 653, -3, 239, 652, -3, 0, 0, 0
L 239, 652, -3, 223, 632, -3, 0, 0, 0
L 223, 632, -3, 222, 630, -2, 0, 0, 0
L 222, 630, -2, 221, 629, -1, 0, 0, 0
L 221, 629, -1, 220, 627, 0, 0, 0, 0
L 220, 627, 0, 220, 609, 0, 0, 0, 0
L 220, 609, 0, 221, 603, 0, 0, 0, 0
L 220, 614, 1, 221, 611, 1, 0, 0, 0
L 221, 611, 1, 223, 596, 1, 0, 0, 0
L 223, 596, 1, 224, 592, 1, 0, 0, 0
L 224, 592, 1, 224, 591, 1, 0, 0, 0
L 224, 591, 1, 225, 589, 0, 0, 0, 0
L 225, 589, 0, 225, 587, 0, 0, 0, 0
L 225, 587, 0, 226, 585, -1, 0, 0, 0
L 226, 585, -1, 226, 581, -1, 0, 0, 0
L 226, 581, -1, 227, 579, -1, 0, 0, 0
L 227, 579, -1, 226, 558, 2, 0, 0, 0
L 226, 558, 2, 226, 554, 2, 0, 0, 0
L 226, 554, 2, 225, 552, 2, 0, 0, 0
L 225, 552, 2, 224, 551, 2, 0, 0, 0
L 224, 551, 2, 224, 547, 2, 0, 0, 0
L 224, 547, 2, 223, 544, 1, 0, 0, 0
L 223, 544, 1, 223, 534, 0, 0, 0, 0
L 223, 534, 0, 222, 532, 0, 0, 0, 0
L 222, 532, 0, 222, 519, 2, 0, 0, 0
L 222, 519, 2, 222, 518, 2, 0, 0, 0
L 222, 518, 2, 219, 499, 2, 0, 0, 0
L 219, 499, 2, 219, 497, 2, 0, 0, 0
L 219, 497, 2, 218, 495, 2, 0, 0, 0
L 218, 495, 2, 216, 492, 2, 0, 0, 0
L 216, 492, 2, 214, 491, 2, 0, 0, 0
L 214, 491, 2, 213, 490, 2, 0, 0, 0
L 213, 490, 2, 206, 483, 4, 0, 0, 0
L 206, 483, 4, 204, 481, 4, 0, 0, 0
L 204, 481, 4, 182, 473, 1, 0, 0, 0
L 182, 473, 1, 180, 472, 2, 0, 0, 0
L 180, 472, 2, 173, 472, 2, 0, 0, 0
L 173, 472, 2, 163, 473, 1, 0, 0, 0
L 163, 473, 1, 154, 474, 2, 0, 0, 0
L 154, 474, 2, 148, 475, 2, 0, 0, 0
L 148, 475, 2, 144, 476, 2, 0, 0, 0
L 144, 476, 2, 131, 478, 0, 0, 0, 0
L 131, 478, 0, 130, 478, 0, 0, 0, 0
L 130, 478, 0, 119, 478, 2, 0, 0, 0
L 119, 478, 2, 117, 479, 1, 0, 0, 0
L 117, 479, 1, 106, 484, -3, 0, 0, 0
L 106, 484, -3, 105, 484, -3, 0, 0, 0
L 105, 484, -3, 102, 484, -2, 0, 0, 0
L 102, 484, -2, 100, 483, -2, 0, 0, 0
L 100, 483, -2, 91, 481, -2, 0, 0, 0
L 91, 481, -2, 89, 481, -2, 0, 0, 0
L 89, 481, -2, 81, 481, -3, 0, 0, 0
L 81, 481, -3, 80, 481, -4, 0, 0, 0
L 80, 481, -4, 74, 482, -4, 0, 0, 0
L 74, 482, -4, 75, 484, -4, 0, 0, 0
L 75, 484, -4, 75, 489, -4, 0, 0, 0
L 75, 489, -4, 74, 490, -4, 0, 0, 0
L 74, 490, -4, 66, 489, -4, 0, 0, 0
L 66, 489, -4, 61, 489, -4, 0, 0, 0
L 61, 489, -4, 59, 487, -4, 0, 0, 0
L 59, 487, -4, 60, 482, -4, 0, 0, 0
L 60, 482, -4, 62, 482, -4, 0, 0, 0
L 62, 482, -4, 53, 482, -3, 0, 0, 0
L 53, 482, -3, 10, 482, 12, 0, 0, 0
L 10, 482, 12, 11, 484, 12, 0, 0, 0
L 11, 484, 12, 11, 488, 12, 0, 0, 0
L 11, 488, 12, 13, 488, 12, 0, 0, 0
L 13, 488, 12, 11, 489, 12, 0, 0, 0
L 11, 489, 12, 1, 489, 12, 0, 0, 0
L 1, 489, 12, -2, 488, 12, 0, 0, 0
L -2, 488, 12, -3, 486, 12, 0, 0, 0
L -3, 486, 12, -2, 481, 12, 0, 0, 0
L -2, 481, 12, -1, 479, 13, 0, 0, 0
L -1, 479, 13, -1, 477, 14, 0, 0, 0
L -1, 477, 14, 0, 476, 15, 0, 0, 0
L 0, 476, 15, 0, 474, 16, 0, 0, 0
L 0, 474, 16, -1, 465, 13, 0, 0, 0
L -1, 465, 13, -2, 464, 12, 0, 0, 0
L -2, 464, 12, -2, 446, 12, 0, 0, 0
L -2, 446, 12, 0, 443, 12, 0, 0, 0
L 0, 443, 12, -2, 442, 12, 0, 0, 0
L -2, 442, 12, -41, 442, 12, 0, 0, 0
L -41, 442, 12, -42, 443, 12, 0, 0, 0
L -42, 443, 12, -49, 443, 12, 0, 0, 0
L -49, 443, 12, -48, 441, 12, 0, 0, 0
L -48, 441, 12, -47, 440, 12, 0, 0, 0
L -47, 440, 12, -47, 432, 12, 0, 0, 0
L -47, 432, 12, -46, 431, 12, 0, 0, 0
L -46, 431, 12, -42, 431, 12, 0, 0, 0
L -42, 431, 12, -40, 430, 12, 0, 0, 0
L -40, 430, 12, -40, 429, 12, 0, 0, 0
L -40, 429, 12, -40, 376, -3, 0, 0, 0
L -40, 376, -3, -42, 377, -4, 0, 0, 0
L -42, 377, -4, -50, 377, -4, 0, 0, 0
L -50, 377, -4, -48, 376, -4, 0, 0, 0
L -48, 376, -4, -47, 375, -4, 0, 0, 0
L -47, 375, -4, -47, 366, -4, 0, 0, 0
L -47, 366, -4, -45, 365, -4, 0, 0, 0
L -45, 365, -4, -42, 365, -4, 0, 0, 0
L -42, 365, -4, -40, 366, -4, 0, 0, 0
L -40, 366, -4, -38, 366, -4, 0, 0, 0
L -38, 366, -4, -28, 366, -1, 0, 0, 0
L -28, 366, -1, 12, 366, 1, 0, 0, 0
L 12, 366, 1, 12, 364, 1, 0, 0, 0
L 12, 364, 1, 12, 348, -4, 0, 0, 0
L 12, 348, -4, -41, 348, -4, 0, 0, 0
L -41, 348, -4, -42, 349, -4, 0, 0, 0
L -42, 349, -4, -46, 349, -4, 0, 0, 0
L -46, 349, -4, -47, 347, -4, 0, 0, 0
L -47, 347, -4, -47, 333, -4, 0, 0, 0
L -47, 333, -4, -45, 332, -4, 0, 0, 0
L -45, 332, -4, -44, 331, -3, 0, 0, 0
L -44, 331, -3, -41, 334, -3, 0, 0, 0
L -41, 334, -3, -41, 335, -3, 0, 0, 0
L -41, 335, -3, -40, 337, -3, 0, 0, 0
L -40, 337, -3, -40, 285, -4, 0, 0, 0
L -40, 285, -4, -41, 283, -4, 0, 0, 0
L -41, 283, -4, -41, 281, -4, 0, 0, 0
L -41, 281, -4, -40, 280, -4, 0, 0, 0
L -40, 280, -4, -38, 279, -4, 0, 0, 0
L -38, 279, -4, -26, 279, -4, 0, 0, 0
L -26, 279, -4, -25, 280, -4, 0, 0, 0
L -25, 280, -4, -23, 281, -4, 0, 0, 0
L -23, 281, -4, -22, 282, -4, 0, 0, 0
L -22, 282, -4, -21, 284, -3, 0, 0, 0
L -21, 284, -3, -22, 285, -3, 0, 0, 0
L -22, 285, -3, -23, 286, -2, 0, 0, 0
L -23, 286, -2, -27, 286, -2, 0, 0, 0
L -27, 286, -2, 100, 286, -4, 0, 0, 0
L 100, 286, -4, 99, 284, -4, 0, 0, 0
L 99, 284, -4, 99, 276, -4, 0, 0, 0
L 99, 276, -4, 103, 279, -4, 0, 0, 0
L 103, 279, -4, 109, 279, -4, 0, 0, 0
L 109, 279, -4, 110, 280, -4, 0, 0, 0
L 110, 280, -4, 111, 282, -4, 0, 0, 0
L 111, 282, -4, 111, 284, -4, 0, 0, 0
L 111, 284, -4, 113, 285, -4, 0, 0, 0
L 113, 285, -4, 140, 285, -4, 0, 0, 0
L 140, 285, -4, 141, 286, -4, 0, 0, 0
L 141, 286, -4, 142, 288, -4, 0, 0, 0
L 142, 288, -4, 142, 289, -4, 0, 0, 0
L 142, 289, -4, 143, 294, -4, 0, 0, 0
L 143, 294, -4, 144, 295, -4, 0, 0, 0
L 144, 295, -4, 144, 297, -4, 0, 0, 0
L 144, 297, -4, 143, 313, -4, 0, 0, 0
L 143, 313, -4, 142, 315, -4, 0, 0, 0
L 142, 315, -4, 142, 322, -4, 0, 0, 0
L 142, 322, -4, 140, 323, -4, 0, 0, 0
L 140, 323, -4, 112, 323, -4, 0, 0, 0
L 112, 323, -4, 112, 341, -4, 0, 0, 0
L 112, 341, -4, 224, 341, -4, 0, 0, 0
L 224, 341, -4, 224, 267, -4, 0, 0, 0
L 224, 267, -4, 222, 267, -4, 0, 0, 0
L 222, 267, -4, 220, 268, -4, 0, 0, 0
L 220, 268, -4, 218, 270, -4, 0, 0, 0
L 218, 270, -4, 196, 270, -4, 0, 0, 0
L 196, 270, -4, 194, 269, -4, 0, 0, 0
L 194, 269, -4, 193, 268, -3, 0, 0, 0
L 193, 268, -3, 191, 267, -2, 0, 0, 0
L 191, 267, -2, 189, 267, -1, 0, 0, 0
L 189, 267, -1, 110, 267, -4, 0, 0, 0
L 110, 267, -4, 110, 269, -4, 0, 0, 0
L 110, 269, -4, 111, 271, -4, 0, 0, 0
L 111, 271, -4, 111, 272, -4, 0, 0, 0
L 111, 272, -4, 110, 274, -4, 0, 0, 0
L 110, 274, -4, 109, 275, -4, 0, 0, 0
L 109, 275, -4, 96, 275, -4, 0, 0, 0
L 96, 275, -4, 94, 274, -4, 0, 0, 0
L 94, 274, -4, 92, 270, -4, 0, 0, 0
L 92, 270, -4, 93, 268, -4, 0, 0, 0
L 93, 268, -4, 96, 268, -4, 0, 0, 0
L 96, 268, -4, 46, 268, -4, 0, 0, 0
L 46, 268, -4, 45, 267, -4, 0, 0, 0
L 45, 267, -4, 44, 265, -4, 0, 0, 0
L 44, 265, -4, 44, 264, -3, 0, 0, 0
L 44, 264, -3, 43, 220, -4, 0, 0, 0
L 43, 220, -4, 42, 221, -4, 0, 0, 0
L 42, 221, -4, 39, 221, -4, 0, 0, 0
L 39, 221, -4, 37, 220, -4, 0, 0, 0
L 37, 220, -4, 37, 205, -4, 0, 0, 0
L 37, 205, -4, 41, 201, -4, 0, 0, 0
L 41, 201, -4, 44, 206, -4, 0, 0, 0
L 44, 206, -4, 43, 210, -4, 0, 0, 0
L 43, 210, -4, 59, 210, -4, 0, 0, 0
L 59, 210, -4, 68, 210, -5, 0, 0, 0
L 68, 210, -5, 77, 210, -8, 0, 0, 0
L 77, 210, -8, 78, 208, -8, 0, 0, 0
L 78, 208, -8, 96, 208, -8, 0, 0, 0
L 96, 208, -8, 100, 210, -8, 0, 0, 0
L 100, 210, -8, 102, 210, -8, 0, 0, 0
L 102, 210, -8, 108, 210, -5, 0, 0, 0
L 108, 210, -5, 108, 208, -5, 0, 0, 0
L 108, 208, -5, 107, 185, -8, 0, 0, 0
L 107, 185, -8, 107, 179, -8, 0, 0, 0
L 107, 179, -8, 105, 179, -8, 0, 0, 0
L 105, 179, -8, 118, 179, -8, 0, 0, 0
L 118, 179, -8, 119, 181, -8, 0, 0, 0
L 119, 181, -8, 119, 186, -8, 0, 0, 0
L 119, 186, -8, 172, 186, -8, 0, 0, 0
L 172, 186, -8, 173, 187, -8, 0, 0, 0
L 173, 187, -8, 175, 188, -8, 0, 0, 0
L 175, 188, -8, 174, 190, -8, 0, 0, 0
L 174, 190, -8, 175, 234, -6, 0, 0, 0
L 175, 234, -6, 176, 234, -7, 0, 0, 0
L 176, 234, -7, 192, 234, -8, 0, 0, 0
L 192, 234, -8, 192, 187, -8, 0, 0, 0
L 192, 187, -8, 194, 186, -8, 0, 0, 0
L 194, 186, -8, 248, 186, -8, 0, 0, 0
L 248, 186, -8, 248, 184, -7, 0, 0, 0
L 248, 184, -7, 248, 168, -7, 0, 0, 0
L 248, 168, -7, 118, 168, -8, 0, 0, 0
L 118, 168, -8, 119, 170, -8, 0, 0, 0
L 119, 170, -8, 119, 174, -8, 0, 0, 0
L 119, 174, -8, 117, 175, -8, 0, 0, 0
L 117, 175, -8, 103, 175, -8, 0, 0, 0
L 103, 175, -8, 102, 173, -8, 0, 0, 0
L 102, 173, -8, 102, 169, -8, 0, 0, 0
L 102, 169, -8, 108, 166, -8, 0, 0, 0
L 108, 166, -8, 108, 165, -8, 0, 0, 0
L 108, 165, -8, 108, 144, -4, 0, 0, 0
L 108, 144, -4, 106, 144, -4, 0, 0, 0
L 106, 144, -4, 90, 144, -8, 0, 0, 0
L 90, 144, -8, 88, 142, -8, 0, 0, 0
L 88, 142, -8, 88, 140, -8, 0, 0, 0
L 88, 140, -8, 87, 110, -5, 0, 0, 0
L 87, 110, -5, 86, 109, -5, 0, 0, 0
L 86, 109, -5, 66, 96, -8, 0, 0, 0
L 66, 96, -8, 64, 96, -8, 0, 0, 0
L 64, 96, -8, 53, 96, -6, 0, 0, 0
L 53, 96, -6, 52, 96, -5, 0, 0, 0
L 52, 96, -5, 50, 97, -4, 0, 0, 0
L 50, 97, -4, 49, 96, -4, 0, 0, 0
L 49, 96, -4, 39, 96, -8, 0, 0, 0
L 39, 96, -8, 0, 96, -8, 0, 0, 0
L 0, 96, -8, -2, 98, -8, 0, 0, 0
L -2, 98, -8, -18, 115, -4, 0, 0, 0
L -18, 115, -4, -18, 117, -5, 0, 0, 0
L -18, 117, -5, -18, 131, -8, 0, 0, 0
L -18, 131, -8, -16, 132, -8, 0, 0, 0
L -16, 132, -8, -16, 150, -8, 0, 0, 0
L -16, 150, -8, -17, 152, -8, 0, 0, 0
L -17, 152, -8, -18, 153, -8, 0, 0, 0
L -18, 153, -8, -18, 155, -8, 0, 0, 0
L -18, 155, -8, -18, 210, -5, 0, 0, 0
L -18, 210, -5, -16, 210, -4, 0, 0, 0
L -16, 210, -4, 27, 210, -4, 0, 0, 0
L 27, 210, -4, 29, 209, -4, 0, 0, 0
L 29, 209, -4, 32, 209, -4, 0, 0, 0
L 32, 209, -4, 33, 211, -4, 0, 0, 0
L 33, 211, -4, 33, 219, -4, 0, 0, 0
L 33, 219, -4, 32, 221, -4, 0, 0, 0
L 32, 221, -4, 31, 222, -4, 0, 0, 0
L 31, 222, -4, 29, 222, -4, 0, 0, 0
L 29, 222, -4, 28, 221, -4, 0, 0, 0
L 28, 221, -4, 26, 222, -4, 0, 0, 0
L 26, 222, -4, 26, 267, -4, 0, 0, 0
L 26, 267, -4, 24, 268, -4, 0, 0, 0
L 24, 268, -4, -30, 268, -4, 0, 0, 0
L -30, 268, -4, -29, 270, -4, 0, 0, 0
L -29, 270, -4, -29, 275, -4, 0, 0, 0
L -29, 275, -4, -30, 275, -4, 0, 0, 0
L -30, 275, -4, -40, 274, -4, 0, 0, 0
L -40, 274, -4, -41, 273, -4, 0, 0, 0
L -41, 273, -4, -41, 271, -4, 0, 0, 0
L -41, 271, -4, -40, 267, -4, 0, 0, 0
L -40, 267, -4, -40, 266, -4, 0, 0, 0
L -40, 266, -4, -41, 216, 1, 0, 0, 0
L -41, 216, 1, -44, 216, 1, 0, 0, 0
L -44, 216, 1, -46, 216, -1, 0, 0, 0
L -46, 216, -1, -58, 216, -4, 0, 0, 0
L -58, 216, -4, -57, 273, -4, 0, 0, 0
L -57, 273, -4, -59, 275, -4, 0, 0, 0
L -59, 275, -4, -73, 275, -4, 0, 0, 0
L -73, 275, -4, -74, 273, -4, 0, 0, 0
L -74, 273, -4, -76, 272, -3, 0, 0, 0
L -76, 272, -3, -76, 270, -1, 0, 0, 0
L -76, 270, -1, -75, 269, -1, 0, 0, 0
L -75, 269, -1, -73, 269, -1, 0, 0, 0
L -73, 269, -1, -72, 268, -2, 0, 0, 0
L -72, 268, -2, -70, 268, -3, 0, 0, 0
L -70, 268, -3, -194, 268, -4, 0, 0, 0
L -194, 268, -4, -195, 267, -4, 0, 0, 0
L -195, 267, -4, -196, 265, -4, 0, 0, 0
L -196, 265, -4, -197, 140, -4, 0, 0, 0
L -197, 140, -4, -198, 141, -4, 0, 0, 0
L -198, 141, -4, -202, 141, -4, 0, 0, 0
L -202, 141, -4, -203, 140, -4, 0, 0, 0
L -203, 140, -4, -203, 131, -4, 0, 0, 0
L -203, 131, -4, -202, 129, -4, 0, 0, 0
L -202, 129, -4, -198, 129, -4, 0, 0, 0
L -198, 129, -4, -197, 127, -4, 0, 0, 0
L -197, 127, -4, -197, 124, -4, 0, 0, 0
P 144, -626, -24, 0, 0, 240, 2, ZI
P 113, -171, -24, 240, 0, 0, 1, Trap
P -49, -324, -24, 240, 0, 0, 1, Trap
P -69, 279, -4, 0, 0, 240, 1, Flavor
P -441, -81, 2, 240, 0, 0, 1, Trap
P -409, -294, -3, 0, 0, 240, 2, Rescuee
P -218, 505, -2, 0, 0, 240, 1, Library
P 191, 694, -4, 0, 0, 240, 2, Taarna_statue
