L 27, 1215, -15, 0, 1215, -1, 0, 0, 0
L 0, 1215, -1, -2, 1214, -1, 0, 0, 0
L -2, 1214, -1, -7, 1193, -1, 0, 0, 0
L -7, 1193, -1, -7, 1173, -1, 0, 0, 0
L -7, 1173, -1, 12, 1133, -1, 0, 0, 0
L 12, 1133, -1, 12, 1114, 3, 0, 0, 0
L 12, 1114, 3, 2, 1094, 3, 0, 0, 0
L 2, 1094, 3, -2, 1073, 3, 0, 0, 0
L -2, 1073, 3, 12, 1053, 3, 0, 0, 0
L 12, 1053, 3, 2, 1034, 3, 0, 0, 0
L 2, 1034, 3, -2, 1013, 3, 0, 0, 0
L -2, 1013, 3, 7, 976, 12, 0, 0, 0
L 7, 976, 12, 7, 967, 13, 0, 0, 0
L 7, 967, 13, 7, 964, 13, 0, 0, 0
L -18, 964, 134, -18, 967, 13, 0, 0, 0
L -18, 967, 13, -19, 976, 12, 0, 0, 0
L -19, 976, 12, -18, 1013, 3, 0, 0, 0
L -18, 1013, 3, 1, 1053, 3, 0, 0, 0
L 1, 1053, 3, 1, 1054, 3, 0, 0, 0
L 1, 1054, 3, -8, 1074, 3, 0, 0, 0
L -8, 1074, 3, -3, 1093, 3, 0, 0, 0
L -3, 1093, 3, 6, 1113, 3, 0, 0, 0
L 6, 1113, 3, 6, 1134, -1, 0, 0, 0
L 6, 1134, -1, -13, 1174, -1, 0, 0, 0
L -13, 1174, -1, -13, 1227, -1, 0, 0, 0
L -13, 1227, -1, 14, 1227, -1, 0, 0, 0
L 14, 1227, -1, 16, 1228, -1, 0, 0, 0
L 16, 1228, -1, 16, 1230, -1, 0, 0, 0
L 27, 1215, -15, 27, 1226, -1, 0, 0, 0
L 2, 933, 134, 2, 755, 13, 153, 0, 0
L -13, 933, 134, -13, 754, 13, 153, 0, 0
L 7, 721, 169, 0, 721, 13, 0, 0, 0
L 0, 721, 13, -2, 719, 13, 0, 0, 0
L -2, 719, 13, -2, 685, 13, 0, 0, 0
L -18, 721, 169, -10, 721, 13, 0, 0, 0
L -10, 721, 13, -8, 719, 13, 0, 0, 0
L -8, 719, 13, -8, 685, 13, 0, 0, 0
L -2, 681, 134, -2, 673, 13, 0, 0, 0
L -2, 673, 13, 9, 667, 13, 0, 0, 0
L 9, 667, 13, 13, 667, 13, 0, 0, 0
L 13, 667, 13, 17, 663, 13, 0, 0, 0
L 17, 663, 13, 17, 660, 13, 0, 0, 0
L 17, 660, 13, 13, 655, 13, 0, 0, 0
L 13, 655, 13, 12, 653, 13, 0, 0, 0
L 12, 653, 13, 12, 648, 13, 0, 0, 0
L 12, 648, 13, 17, 643, 13, 0, 0, 0
L 17, 643, 13, 17, 640, 13, 0, 0, 0
L 17, 640, 13, 13, 636, 13, 0, 0, 0
L 13, 636, 13, 0, 636, 13, 0, 0, 0
L 0, 636, 13, -2, 634, 13, 0, 0, 0
L -2, 634, 13, -2, 631, 13, 0, 0, 0
L -8, 631, 134, -8, 634, 13, 0, 0, 0
L -8, 634, 13, -10, 636, 13, 0, 0, 0
L -10, 636, 13, -24, 636, 13, 0, 0, 0
L -24, 636, 13, -28, 640, 13, 0, 0, 0
L -28, 640, 13, -28, 643, 13, 0, 0, 0
L -28, 643, 13, -23, 648, 13, 0, 0, 0
L -23, 648, 13, -23, 655, 13, 0, 0, 0
L -23, 655, 13, -28, 660, 13, 0, 0, 0
L -28, 660, 13, -28, 663, 13, 0, 0, 0
L -28, 663, 13, -24, 667, 13, 0, 0, 0
L -24, 667, 13, -20, 667, 13, 0, 0, 0
L -20, 667, 13, -8, 673, 13, 0, 0, 0
L -8, 673, 13, -8, 681, 13, 0, 0, 0
L -2, 627, 134, -2, 584, 8, 0, 0, 0
L -2, 584, 8, 7, 563, 3, 0, 0, 0
L 7, 563, 3, 7, 562, 3, 0, 0, 0
L 7, 562, 3, 10, 560, 3, 0, 0, 0
L 10, 560, 3, 10, 554, 3, 0, 0, 0
L 10, 554, 3, 12, 552, 3, 0, 0, 0
L 12, 552, 3, 13, 552, 4, 0, 0, 0
L 13, 552, 4, 16, 554, 8, 0, 0, 0
L 16, 554, 8, 16, 564, 13, 0, 0, 0
L 16, 564, 13, 14, 566, 13, 0, 0, 0
L 14, 566, 13, 11, 566, 13, 0, 0, 0
L 11, 566, 13, 2, 584, 15, 0, 0, 0
L 2, 584, 15, 2, 622, 16, 0, 0, 0
L 2, 622, 16, 2, 622, 13, 0, 0, 0
L 2, 622, 13, 11, 613, 13, 0, 0, 0
L 11, 613, 13, 11, 603, 13, 0, 0, 0
L 11, 603, 13, 13, 601, 13, 0, 0, 0
L 13, 601, 13, 14, 601, 13, 0, 0, 0
L 14, 601, 13, 16, 603, 13, 0, 0, 0
L 16, 603, 13, 16, 615, 18, 0, 0, 0
L 16, 615, 18, 6, 625, 23, 0, 0, 0
L 6, 625, 23, 6, 631, 23, 0, 0, 0
L 6, 631, 23, 12, 631, 23, 0, 0, 0
L 12, 631, 23, 12, 623, 22, 0, 0, 0
L 12, 623, 22, 22, 613, 17, 0, 0, 0
L 22, 613, 17, 22, 596, 13, 0, 0, 0
L 22, 596, 13, 16, 596, 13, 0, 0, 0
L 16, 596, 13, 11, 595, 13, 0, 0, 0
L 11, 595, 13, 11, 584, 13, 0, 0, 0
L 11, 584, 13, 13, 582, 13, 0, 0, 0
L 13, 582, 13, 67, 582, 13, 0, 0, 0
L 67, 582, 13, 67, 576, 13, 0, 0, 0
L 67, 576, 13, 26, 576, 13, 0, 0, 0
L 26, 576, 13, 21, 575, 13, 0, 0, 0
L 21, 575, 13, 22, 572, 13, 0, 0, 0
L 22, 572, 13, 22, 546, 6, 0, 0, 0
L 22, 546, 6, 12, 546, 3, 0, 0, 0
L 12, 546, 3, 10, 544, 3, 0, 0, 0
L 10, 544, 3, 10, 536, 8, 0, 0, 0
L 10, 536, 8, 3, 536, 3, 0, 0, 0
L 3, 536, 3, 2, 534, 3, 0, 0, 0
L 2, 534, 3, 2, 519, 3, 0, 0, 0
L 2, 519, 3, 4, 517, 3, 0, 0, 0
L 4, 517, 3, 23, 517, 3, 0, 0, 0
L 23, 517, 3, 26, 527, 3, 0, 0, 0
L -45, 522, 34, -34, 527, 9, 0, 0, 0
L -34, 527, 9, -34, 517, 3, 0, 0, 0
L -34, 517, 3, -15, 517, 3, 0, 0, 0
L -15, 517, 3, -13, 519, 3, 0, 0, 0
L -13, 519, 3, -13, 534, 3, 0, 0, 0
L -13, 534, 3, -14, 536, 3, 0, 0, 0
L -14, 536, 3, -21, 536, 12, 0, 0, 0
L -21, 536, 12, -21, 544, 3, 0, 0, 0
L -21, 544, 3, -23, 546, 3, 0, 0, 0
L -23, 546, 3, -33, 546, 6, 0, 0, 0
L -33, 546, 6, -33, 572, 13, 0, 0, 0
L -33, 572, 13, -37, 576, 13, 0, 0, 0
L -37, 576, 13, -71, 576, 13, 0, 0, 0
L -71, 576, 13, -71, 571, 13, 0, 0, 0
L -71, 571, 13, -67, 571, 13, 0, 0, 0
L -67, 571, 13, -67, 526, 8, 0, 0, 0
L -67, 526, 8, -113, 526, 8, 0, 0, 0
L -113, 526, 8, -113, 571, 8, 0, 0, 0
L -113, 571, 8, -79, 571, 13, 0, 0, 0
L -79, 571, 13, -78, 575, 13, 0, 0, 0
L -78, 575, 13, -78, 582, 13, 0, 0, 0
L -78, 582, 13, -77, 584, 13, 0, 0, 0
L -73, 584, 134, -71, 582, 13, 0, 0, 0
L -71, 582, 13, -24, 582, 13, 0, 0, 0
L -24, 582, 13, -22, 584, 13, 0, 0, 0
L -22, 584, 13, -22, 595, 13, 0, 0, 0
L -22, 595, 13, -27, 596, 13, 0, 0, 0
L -27, 596, 13, -33, 596, 13, 0, 0, 0
L -33, 596, 13, -33, 613, 17, 0, 0, 0
L -33, 613, 17, -24, 622, 22, 0, 0, 0
L -24, 622, 22, -23, 631, 23, 0, 0, 0
L -23, 631, 23, -17, 631, 23, 0, 0, 0
L -17, 631, 23, -17, 625, 23, 0, 0, 0
L -17, 625, 23, -26, 615, 19, 0, 0, 0
L -26, 615, 19, -27, 603, 13, 0, 0, 0
L -27, 603, 13, -22, 603, 13, 0, 0, 0
L -22, 603, 13, -22, 613, 13, 0, 0, 0
L -22, 613, 13, -13, 622, 13, 0, 0, 0
L -13, 622, 13, -13, 584, 13, 0, 0, 0
L -13, 584, 13, -22, 566, 13, 0, 0, 0
L -22, 566, 13, -25, 566, 13, 0, 0, 0
L -25, 566, 13, -27, 564, 13, 0, 0, 0
L -27, 564, 13, -27, 554, 8, 0, 0, 0
L -27, 554, 8, -25, 552, 4, 0, 0, 0
L -25, 552, 4, -21, 554, 3, 0, 0, 0
L -21, 554, 3, -21, 560, 3, 0, 0, 0
L -21, 560, 3, -18, 561, 3, 0, 0, 0
L -18, 561, 3, -18, 563, 3, 0, 0, 0
L -18, 563, 3, -8, 584, 8, 0, 0, 0
L -8, 584, 8, -8, 627, 13, 0, 0, 0
L -76, 544, 103, -76, 554, 16, 0, 0, 0
L -76, 554, 16, -85, 562, 16, 0, 0, 0
L -85, 562, 16, -94, 562, 10, 0, 0, 0
L -77, 589, 134, -78, 590, 13, 0, 0, 0
L -78, 590, 13, -78, 704, 13, 0, 0, 0
L -78, 704, 13, -88, 724, 13, 0, 0, 0
L -88, 724, 13, -88, 777, 13, 0, 0, 0
L -88, 777, 13, -87, 779, 13, 0, 0, 0
L -87, 783, 134, -88, 785, 13, 0, 0, 0
L -88, 785, 13, -88, 902, 13, 0, 0, 0
L -88, 902, 13, -81, 902, 13, 0, 0, 0
L -81, 902, 13, -79, 898, 13, 0, 0, 0
L -79, 898, 13, -79, 789, 13, 0, 0, 0
L -79, 789, 13, -81, 786, 13, 0, 0, 0
L -81, 786, 13, -83, 784, 13, 0, 0, 0
L -83, 779, 134, -82, 777, 13, 0, 0, 0
L -82, 777, 13, -82, 724, 13, 0, 0, 0
L -82, 724, 13, -72, 703, 13, 0, 0, 0
L -72, 703, 13, -72, 653, 13, 0, 0, 0
L -72, 653, 13, -63, 653, 13, 0, 0, 0
L -63, 653, 13, -63, 672, 15, 0, 0, 0
L -63, 672, 15, -42, 672, 13, 0, 0, 0
L -42, 672, 13, -42, 628, 13, 0, 0, 0
L -42, 628, 13, -52, 626, 13, 0, 0, 0
L -52, 626, 13, -53, 626, 13, 0, 0, 0
L -53, 626, 13, -63, 628, 13, 0, 0, 0
L -63, 628, 13, -63, 645, 13, 0, 0, 0
L -63, 645, 13, -65, 647, 13, 0, 0, 0
L -65, 647, 13, -70, 647, 13, 0, 0, 0
L -70, 647, 13, -72, 645, 13, 0, 0, 0
L -72, 645, 13, -72, 590, 13, 0, 0, 0
L -72, 590, 13, -73, 589, 13, 0, 0, 0
L 26, 527, 34, 39, 527, 3, 0, 0, 0
L 39, 527, 3, 69, 542, 3, 0, 0, 0
L 69, 542, 3, 79, 542, 3, 0, 0, 0
L 79, 542, 3, 118, 522, 3, 0, 0, 0
L 118, 522, 3, 127, 504, 3, 0, 0, 0
L 127, 504, 3, 147, 497, -1, 0, 0, 0
L 147, 497, -15, 129, 502, -1, 0, 153, 153
L 129, 502, -1, 49, 502, -1, 0, 153, 153
L 49, 502, -1, 19, 492, -1, 0, 153, 153
L 19, 492, -1, -21, 493, -1, 0, 153, 153
L -21, 493, -1, -50, 492, -1, 0, 153, 153
L -50, 492, -1, -80, 482, -1, 0, 153, 153
L -80, 482, -1, -109, 482, -1, 0, 153, 153
L -109, 482, -1, -124, 467, -1, 0, 153, 153
L -124, 467, -1, -133, 464, -1, 0, 153, 153
L -133, 464, -1, -133, 461, -1, 0, 153, 153
L -133, 461, -1, -80, 461, -1, 0, 153, 153
L -80, 461, -1, -51, 471, -1, 0, 153, 153
L -51, 471, -1, 19, 471, -1, 0, 153, 153
L 19, 471, -1, 48, 481, -1, 0, 153, 153
L 48, 481, -1, 129, 481, -1, 0, 153, 153
L 129, 481, -1, 147, 485, -1, 0, 153, 153
L 147, 485, -1, 149, 495, -1, 0, 153, 153
L -45, 522, 34, -50, 522, 3, 0, 0, 0
L -50, 522, 3, -69, 512, 3, 0, 0, 0
L -69, 512, 3, -79, 502, 3, 0, 0, 0
L -79, 502, 3, -89, 502, 3, 0, 0, 0
L -89, 502, 3, -98, 483, 3, 0, 0, 0
L -13, 504, 45, -13, 459, 4, 153, 0, 0
L 2, 504, 44, 2, 459, 4, 153, 0, 0
L 107, 479, 34, 88, 451, 3, 0, 0, 0
L 88, 451, 3, 79, 451, 3, 0, 0, 0
L 79, 451, 3, 68, 441, 3, 0, 0, 0
L 68, 441, 3, 48, 440, 3, 0, 0, 0
L 48, 440, 3, 28, 426, 3, 0, 0, 0
L 28, 426, 3, 18, 425, 3, 0, 0, 0
L 18, 425, 3, 13, 415, 3, 0, 0, 0
L 13, 415, 3, 2, 415, 2, 0, 0, 0
L 2, 415, 2, 2, 404, 2, 0, 0, 0
L 2, 404, 2, 4, 402, 3, 0, 0, 0
L 4, 402, 3, 13, 402, 3, 0, 0, 0
L 13, 402, 3, 18, 393, 3, 0, 0, 0
L 18, 393, 3, 30, 392, 3, 0, 0, 0
L 30, 392, 3, 35, 397, 3, 0, 0, 0
L -88, 459, 32, -79, 450, 3, 0, 0, 0
L -79, 450, 3, -49, 440, 3, 0, 0, 0
L -49, 440, 3, -42, 430, 3, 0, 0, 0
L -42, 430, 3, -35, 435, 3, 0, 0, 0
L -35, 435, 3, -18, 426, 3, 0, 0, 0
L -18, 426, 3, -19, 419, 3, 0, 0, 0
L -19, 419, 3, -23, 415, 3, 0, 0, 0
L -23, 415, 3, -15, 415, 3, 0, 0, 0
L -15, 415, 3, -13, 414, 2, 0, 0, 0
L -13, 414, 2, -13, 404, 2, 0, 0, 0
L -13, 404, 2, -15, 402, 3, 0, 0, 0
L -15, 402, 3, -24, 402, 3, 0, 0, 0
L -24, 402, 3, -29, 392, 3, 0, 0, 0
L -29, 392, 3, -41, 392, 3, 0, 0, 0
L -41, 392, 3, -46, 397, 3, 0, 0, 0
L 35, 397, 34, 43, 397, 3, 0, 0, 0
L 43, 397, 3, 49, 392, 3, 0, 0, 0
L 49, 392, 3, 60, 402, 3, 0, 0, 0
L 60, 402, 3, 84, 402, 3, 0, 0, 0
L 84, 402, 3, 98, 397, 3, 0, 0, 0
L 98, 397, 3, 110, 398, 3, 0, 0, 0
L 110, 398, 3, 115, 397, 3, 0, 0, 0
L 115, 397, 3, 126, 397, 3, 0, 0, 0
L 126, 402, 34, 117, 402, 3, 0, 0, 0
L 117, 402, 3, 117, 409, 3, 0, 0, 0
L 117, 409, 3, 115, 411, 3, 0, 0, 0
L 115, 411, 3, 111, 411, 3, 0, 0, 0
L 111, 411, 3, 111, 437, 3, 0, 0, 0
L 111, 437, 3, 147, 437, 3, 0, 0, 0
L 147, 437, 3, 147, 411, 3, 0, 0, 0
L 147, 411, 3, 143, 411, 3, 0, 0, 0
L 143, 411, 3, 141, 409, 3, 0, 0, 0
L 141, 409, 3, 141, 402, 3, 0, 0, 0
L 141, 402, 3, 133, 402, 3, 0, 0, 0
L 132, 397, 34, 137, 397, 3, 0, 0, 0
L 137, 397, 3, 143, 397, 3, 0, 0, 0
L 143, 397, 3, 146, 400, 3, 0, 0, 0
L 146, 400, 3, 146, 405, 3, 0, 0, 0
L 146, 405, 3, 147, 405, 4, 0, 0, 0
L 147, 405, 4, 158, 397, 3, 0, 0, 0
L 158, 397, 3, 173, 397, 3, 0, 0, 0
L 173, 397, 3, 178, 387, 3, 0, 0, 0
L 178, 387, 3, 188, 387, 3, 0, 0, 0
L 188, 387, 3, 198, 382, 3, 0, 0, 0
L 198, 382, 3, 208, 382, 3, 0, 0, 0
L 208, 382, 3, 212, 378, 3, 0, 0, 0
L 212, 378, 3, 214, 375, 3, 0, 0, 0
L 214, 375, 3, 212, 372, 3, 0, 0, 0
L 212, 372, 3, 213, 368, 3, 0, 0, 0
L 213, 368, 3, 216, 365, 3, 0, 0, 0
L 216, 365, 3, 219, 363, 3, 0, 0, 0
L 219, 363, 3, 225, 361, 3, 0, 0, 0
L 225, 361, 3, 230, 365, 3, 0, 0, 0
L 230, 365, 3, 237, 362, 3, 0, 0, 0
L 237, 362, 3, 242, 353, 3, 0, 0, 0
L 242, 353, 3, 253, 347, 3, 0, 0, 0
L 253, 347, 3, 257, 343, 3, 0, 0, 0
L 257, 343, 3, 257, 340, 3, 0, 0, 0
L 257, 340, 3, 247, 329, 3, 0, 0, 0
L 247, 329, 3, 252, 314, 3, 0, 0, 0
L 252, 314, 3, 252, 308, 3, 0, 0, 0
L 252, 308, 3, 257, 298, 3, 0, 0, 0
L 257, 298, 3, 257, 295, 3, 0, 0, 0
L 257, 295, 3, 252, 288, 3, 0, 0, 0
L 252, 288, 3, 262, 268, 3, 0, 0, 0
L 262, 268, 3, 262, 249, 3, 0, 0, 0
L 262, 249, 3, 272, 238, 3, 0, 0, 0
L 272, 238, 3, 277, 219, 3, 0, 0, 0
L 277, 219, 3, 274, 216, 3, 0, 0, 0
L 274, 216, 34, 267, 214, 3, 153, 0, 0
L 267, 214, 3, 268, 205, 7, 153, 0, 0
L 268, 205, 7, 263, 205, 3, 153, 0, 0
L 272, 214, 84, 272, 203, 7, 153, 0, 0
L 272, 203, 7, 277, 203, 8, 153, 0, 0
L 277, 203, 8, 277, 211, 10, 153, 0, 0
L 277, 211, 10, 312, 212, 11, 153, 0, 0
L 312, 212, 11, 312, 176, 8, 153, 0, 0
L 312, 176, 8, 277, 176, 8, 153, 0, 0
L 277, 176, 8, 277, 194, 8, 153, 0, 0
L 272, 195, 74, 272, 174, 8, 153, 0, 0
L 274, 172, 34, 269, 172, 3, 153, 0, 0
L 269, 172, 3, 267, 192, 3, 153, 0, 0
L 267, 192, 3, 264, 192, 3, 153, 0, 0
L 274, 172, 34, 282, 168, 3, 0, 0, 0
L 282, 168, 3, 282, 165, 3, 0, 0, 0
L 282, 165, 3, 272, 154, 3, 0, 0, 0
L 272, 154, 3, 287, 123, 3, 0, 0, 0
L 287, 123, 3, 287, 120, 3, 0, 0, 0
L 287, 120, 3, 282, 114, 3, 0, 0, 0
L 282, 114, 3, 293, 102, 3, 0, 0, 0
L 293, 102, 3, 293, 96, 3, 0, 0, 0
L 293, 96, 3, 288, 96, 3, 0, 0, 0
L 288, 96, 3, 287, 94, 3, 0, 0, 0
L 287, 94, 3, 287, 88, 3, 0, 0, 0
L 292, 86, 34, 296, 87, 3, 0, 0, 0
L 296, 87, 3, 322, 87, 3, 0, 0, 0
L 322, 87, 3, 322, 51, 3, 0, 0, 0
L 322, 51, 3, 296, 51, 3, 0, 0, 0
L 296, 51, 3, 296, 80, 3, 0, 0, 0
L 296, 80, 3, 294, 82, 3, 0, 0, 0
L 294, 82, 3, 292, 82, 3, 0, 0, 0
L 287, 80, 34, 287, 59, 3, 0, 0, 0
L 287, 59, 3, 287, 49, 3, 0, 0, 0
L 287, 49, 3, 282, 34, 3, 0, 0, 0
L 282, 34, 3, 287, 28, 3, 0, 0, 0
L 287, 28, 3, 287, 25, 3, 0, 0, 0
L 287, 25, 3, 282, 19, 4, 0, 0, 0
L 282, 19, 4, 282, 15, 3, 0, 0, 0
L 282, 15, 3, 278, 11, 3, 0, 0, 0
L 278, 11, 3, 270, 11, 3, 0, 0, 0
L 270, 11, 3, 265, 16, 3, 0, 0, 0
L 265, 16, 3, 243, 6, 3, 0, 0, 0
L 243, 6, 3, 234, 6, 3, 0, 0, 0
L 234, 6, 3, 212, 10, 3, 0, 0, 0
L 212, 10, 3, 212, 3, 3, 0, 0, 0
L 212, 3, 3, 252, -16, 3, 0, 0, 0
L 252, -16, 3, 256, -23, 3, 0, 0, 0
L 256, -23, 3, 248, -24, 3, 0, 0, 0
L 248, -24, 3, 248, -36, 2, 0, 0, 0
L 248, -36, 2, 257, -37, 3, 0, 0, 0
L 257, -37, 3, 257, -56, 3, 0, 0, 0
L 257, -56, 3, 263, -57, 3, 0, 0, 0
L 263, -57, 3, 284, -67, 3, 0, 0, 0
L 284, -67, 3, 285, -67, 3, 0, 0, 0
L 285, -67, 3, 294, -62, 9, 0, 0, 0
L 294, -62, 9, 298, -62, 13, 0, 0, 0
L 298, -62, 13, 305, -67, 3, 0, 0, 0
L 305, -67, 3, 320, -61, 3, 0, 0, 0
L 320, -61, 3, 321, 3, 3, 0, 0, 0
L 321, 3, 3, 350, 28, 3, 0, 0, 0
L 350, 28, 3, 351, 33, 3, 0, 0, 0
L 351, 40, 34, 351, 57, 4, 153, 153, 153
L 351, 57, 4, 362, 57, 3, 153, 153, 153
L 362, 57, 3, 362, 41, 3, 153, 153, 153
L 362, 41, 3, 357, 40, 3, 153, 153, 153
L 357, 33, 34, 357, 29, 3, 0, 0, 0
L 357, 29, 3, 360, 27, 3, 0, 0, 0
L 360, 27, 3, 369, 32, 3, 0, 0, 0
L 369, 32, 3, 390, 33, 3, 0, 0, 0
L 390, 33, 3, 391, 39, 3, 0, 0, 0
L 391, 39, 3, 373, 57, 3, 0, 0, 0
L 373, 57, 3, 389, 57, 3, 0, 0, 0
L 389, 57, 3, 391, 58, 3, 0, 0, 0
L 391, 58, 3, 391, 65, 3, 0, 0, 0
L 391, 65, 3, 389, 66, 3, 0, 0, 0
L 389, 66, 3, 376, 66, 3, 0, 0, 0
L 376, 66, 3, 376, 102, 3, 0, 0, 0
L 376, 102, 3, 402, 102, 3, 0, 0, 0
L 402, 102, 3, 402, 66, 3, 0, 0, 0
L 402, 66, 3, 397, 65, 3, 0, 0, 0
L 397, 65, 3, 397, 58, 3, 0, 0, 0
L 397, 58, 3, 399, 57, 3, 0, 0, 0
L 399, 57, 3, 409, 57, 3, 0, 0, 0
L 409, 57, 3, 411, 59, 3, 0, 0, 0
L 411, 59, 3, 411, 108, 3, 0, 0, 0
L 411, 108, 3, 416, 113, 3, 0, 0, 0
L 416, 120, 34, 411, 121, 3, 153, 153, 153
L 411, 121, 3, 411, 137, 3, 153, 153, 153
L 411, 137, 3, 422, 137, 3, 153, 153, 153
L 422, 137, 3, 422, 120, 3, 153, 153, 153
L 422, 113, 34, 422, 108, 3, 0, 0, 0
L 422, 108, 3, 430, 102, 3, 0, 0, 0
L 430, 102, 3, 431, 108, 3, 0, 0, 0
L 437, 108, 34, 438, 102, 3, 0, 0, 0
L 438, 102, 3, 450, 103, 3, 0, 0, 0
L 450, 103, 3, 451, 113, 3, 0, 0, 0
L 457, 113, 34, 457, 108, 3, 0, 0, 0
L 457, 108, 3, 465, 108, 3, 0, 0, 0
L 465, 108, 3, 466, 113, 3, 0, 0, 0
L 472, 113, 34, 472, 108, 3, 0, 0, 0
L 472, 108, 3, 480, 108, 3, 0, 0, 0
L 480, 108, 3, 481, 113, 3, 0, 0, 0
L 487, 113, 34, 488, 107, 3, 0, 0, 0
L 488, 107, 3, 495, 112, 3, 0, 0, 0
L 495, 112, 3, 498, 112, 3, 0, 0, 0
L 498, 112, 3, 504, 107, 3, 0, 0, 0
L 504, 107, 3, 513, 107, 3, 0, 0, 0
L 513, 101, 34, 507, 99, 3, 0, 0, 0
L 507, 99, 3, 518, 87, 3, 0, 0, 0
L 518, 87, 3, 523, 87, 3, 0, 0, 0
L 523, 81, 34, 518, 81, 3, 0, 0, 0
L 518, 81, 3, 507, 75, 3, 0, 0, 0
L 507, 75, 3, 502, 63, 3, 0, 0, 0
L 502, 63, 3, 508, 62, 3, 0, 0, 0
L 508, 56, 34, 512, 39, 3, 0, 0, 0
L 512, 39, 3, 513, 37, 3, 0, 0, 0
L 513, 37, 3, 522, 28, 3, 0, 0, 0
L 522, 28, 3, 533, 27, 3, 0, 0, 0
L 533, 21, 34, 528, 20, 3, 0, 0, 0
L 528, 20, 3, 527, 10, 3, 0, 0, 0
L 527, 10, 3, 522, 4, 3, 0, 0, 0
L 522, 4, 3, 528, 2, 3, 0, 0, 0
L 528, -3, 34, 522, -4, 3, 0, 0, 0
L 522, -4, 3, 517, -15, 3, 0, 0, 0
L 517, -15, 3, 517, -18, 3, 0, 0, 0
L 517, -18, 3, 518, -32, 8, 0, 0, 0
L 518, -32, 8, 524, -32, 3, 0, 0, 0
L 524, -32, 3, 528, -32, 3, 0, 0, 0
L 528, -32, 3, 534, -37, 3, 0, 0, 0
L 534, -37, 3, 550, -31, 0, 0, 0, 0
L 550, -31, 0, 555, -21, -1, 0, 0, 0
L 555, -21, -1, 556, -16, -1, 0, 0, 0
L 556, -16, -1, 564, -12, -1, 0, 0, 0
L 564, -12, -1, 573, -12, -1, 0, 0, 0
L 573, -12, -1, 582, -16, -1, 0, 0, 0
L 582, -16, -1, 587, -30, -1, 0, 0, 0
L 587, -30, -1, 592, -40, -1, 0, 0, 0
L 592, -40, -1, 592, -54, -1, 0, 0, 0
L 592, -54, -1, 587, -59, -1, 0, 0, 0
L 587, -59, -1, 582, -69, -1, 0, 0, 0
L 582, -69, -1, 574, -73, -1, 0, 0, 0
L 574, -73, -1, 560, -68, -1, 0, 0, 0
L 560, -68, -1, 555, -59, -1, 0, 0, 0
L 555, -59, -1, 534, -53, 3, 0, 0, 0
L 534, -53, 3, 524, -50, 3, 0, 0, 0
L 524, -50, 3, 513, -48, 3, 0, 0, 0
L 513, -48, 3, 507, -60, 3, 0, 0, 0
L 507, -60, 3, 507, -64, 3, 0, 0, 0
L 501, -64, 34, 499, -58, 3, 0, 0, 0
L 499, -58, 3, 487, -59, 3, 0, 0, 0
L 487, -59, 3, 487, -64, 3, 0, 0, 0
L 481, -64, 34, 480, -59, 3, 0, 0, 0
L 480, -59, 3, 469, -53, 3, 0, 0, 0
L 469, -53, 3, 457, -54, 3, 0, 0, 0
L 457, -54, 3, 457, -59, 3, 0, 0, 0
L 451, -59, 34, 450, -54, 3, 0, 0, 0
L 450, -54, 3, 437, -54, 3, 0, 0, 0
L 437, -54, 3, 437, -59, 3, 0, 0, 0
L 431, -59, 34, 430, -53, 3, 0, 0, 0
L 430, -53, 3, 415, -34, 4, 0, 0, 0
L 415, -34, 4, 411, -33, 3, 0, 0, 0
L 411, -33, 3, 410, 0, 2, 0, 0, 0
L 410, 0, 2, 402, 0, 3, 0, 0, 0
L 402, 0, 3, 402, -83, 3, 0, 0, 0
L 402, -83, 3, 398, -83, 3, 0, 0, 0
L 398, -83, 3, 398, -97, -1, 0, 0, 0
L 398, -97, -1, 457, -97, 3, 0, 0, 0
L 457, -97, 3, 457, -123, 2, 0, 0, 0
L 457, -123, 2, 381, -123, -1, 0, 0, 0
L 381, -123, -1, 381, -85, 3, 0, 0, 0
L 381, -85, 3, 376, -83, 3, 0, 0, 0
L 376, -83, 3, 376, -6, 5, 0, 0, 0
L 376, -6, 5, 394, -7, 3, 0, 0, 0
L 394, -7, 3, 396, -5, 3, 0, 0, 0
L 396, -5, 3, 396, 0, 3, 0, 0, 0
L 396, 0, 3, 394, 1, 3, 0, 0, 0
L 394, 1, 3, 369, 1, 3, 0, 0, 0
L 369, 1, 3, 348, 0, 3, 0, 0, 0
L 348, 0, 3, 347, -1, 3, 0, 0, 0
L 347, -1, 3, 352, -10, 7, 0, 0, 0
L 352, -10, 7, 352, -60, 3, 0, 0, 0
L 352, -60, 3, 347, -69, 3, 0, 0, 0
L 347, -69, 3, 343, -73, 3, 0, 0, 0
L 343, -73, 3, 333, -79, 3, 0, 0, 0
L 333, -79, 3, 332, -84, 3, 0, 0, 0
L 431, 115, 34, 431, 132, 3, 153, 153, 153
L 431, 132, 3, 442, 132, 3, 153, 153, 153
L 442, 132, 3, 442, 116, 3, 153, 153, 153
L 442, 116, 3, 438, 116, 3, 153, 153, 153
L 438, 116, 3, 437, 115, 3, 153, 153, 153
L 451, 120, 34, 451, 134, 3, 153, 153, 153
L 451, 134, 3, 449, 136, 3, 153, 153, 153
L 449, 136, 3, 446, 136, 3, 153, 153, 153
L 446, 136, 3, 446, 147, 3, 153, 153, 153
L 446, 147, 3, 457, 147, 3, 153, 153, 153
L 457, 147, 3, 457, 120, 3, 153, 153, 153
L 466, 120, 34, 466, 147, 3, 153, 153, 153
L 466, 147, 3, 472, 147, 4, 153, 153, 153
L 472, 147, 4, 472, 120, 3, 153, 153, 153
L 481, 120, 34, 481, 137, 3, 153, 153, 153
L 481, 137, 3, 497, 137, 3, 153, 153, 153
L 497, 137, 3, 497, 121, 3, 153, 153, 153
L 497, 121, 3, 489, 121, 3, 153, 153, 153
L 489, 121, 3, 487, 120, 3, 153, 153, 153
L 520, 107, 34, 521, 109, 3, 153, 153, 153
L 521, 109, 3, 521, 117, 3, 153, 153, 153
L 521, 117, 3, 537, 117, 3, 153, 153, 153
L 537, 117, 3, 537, 101, 3, 153, 153, 153
L 537, 101, 3, 519, 101, 3, 153, 153, 153
L 529, 87, 34, 547, 87, 4, 153, 153, 153
L 547, 87, 4, 547, 76, 3, 153, 153, 153
L 547, 76, 3, 531, 76, 3, 153, 153, 153
L 531, 76, 3, 531, 79, 3, 153, 153, 153
L 531, 79, 3, 530, 81, 3, 153, 153, 153
L 540, 27, 34, 541, 32, 3, 153, 153, 153
L 541, 32, 3, 557, 32, 4, 153, 153, 153
L 557, 32, 4, 557, 16, 3, 153, 153, 153
L 557, 16, 3, 541, 16, 3, 153, 153, 153
L 541, 16, 3, 541, 19, 3, 153, 153, 153
L 541, 19, 3, 540, 21, 3, 153, 153, 153
L 535, 2, 34, 536, 7, 3, 153, 153, 153
L 536, 7, 3, 552, 7, 3, 153, 153, 153
L 552, 7, 3, 552, -8, 3, 153, 153, 153
L 552, -8, 3, 536, -8, 3, 153, 153, 153
L 536, -8, 3, 535, -3, 3, 153, 153, 153
L 507, -71, 34, 512, -72, 3, 153, 153, 153
L 512, -72, 3, 512, -88, 3, 153, 153, 153
L 512, -88, 3, 496, -88, 3, 153, 153, 153
L 496, -88, 3, 496, -72, 3, 153, 153, 153
L 496, -72, 3, 499, -72, 3, 153, 153, 153
L 499, -72, 3, 501, -71, 3, 153, 153, 153
L 487, -71, 34, 487, -88, 3, 153, 153, 153
L 487, -88, 3, 471, -88, 3, 153, 153, 153
L 471, -88, 3, 471, -72, 3, 153, 153, 153
L 471, -72, 3, 479, -72, 3, 153, 153, 153
L 479, -72, 3, 481, -71, 3, 153, 153, 153
L 457, -66, 34, 462, -67, 3, 153, 153, 153
L 462, -67, 3, 462, -83, 3, 153, 153, 153
L 462, -83, 3, 446, -83, 3, 153, 153, 153
L 446, -83, 3, 446, -67, 3, 153, 153, 153
L 446, -67, 3, 449, -67, 3, 153, 153, 153
L 449, -67, 3, 451, -66, 3, 153, 153, 153
L 437, -66, 34, 437, -83, 4, 153, 153, 153
L 437, -83, 4, 421, -83, 3, 153, 153, 153
L 421, -83, 3, 421, -67, 3, 153, 153, 153
L 421, -67, 3, 431, -66, 3, 153, 153, 153
L 332, -84, 34, 328, -88, 3, 0, 0, 0
L 328, -88, 3, 323, -88, 3, 0, 0, 0
L 323, -88, 3, 318, -93, 3, 0, 0, 0
L 318, -93, 3, 303, -88, 3, 0, 0, 0
L 303, -88, 3, 298, -93, 3, 0, 0, 0
L 298, -93, 3, 294, -93, 3, 0, 0, 0
L 294, -93, 3, 284, -88, 3, 0, 0, 0
L 284, -88, 3, 267, -82, 3, 0, 0, 0
L 267, -82, 3, 264, -78, 3, 0, 0, 0
L 264, -78, 3, 253, -83, 3, 0, 0, 0
L 253, -83, 3, 250, -83, 3, 0, 0, 0
L 250, -83, 3, 230, -69, 3, 0, 0, 0
L 230, -69, 3, 226, -64, 3, 0, 0, 0
L 226, -64, 3, 226, -61, 3, 0, 0, 0
L 226, -61, 3, 231, -56, 3, 0, 0, 0
L 231, -56, 3, 222, -37, 3, 0, 0, 0
L 222, -37, 3, 229, -37, 3, 0, 0, 0
L 229, -37, 3, 231, -35, 2, 0, 0, 0
L 231, -35, 2, 231, -24, 2, 0, 0, 0
L 231, -24, 2, 229, -23, 2, 0, 0, 0
L 229, -23, 2, 221, -23, 3, 0, 0, 0
L 221, -23, 3, 221, -20, 3, 0, 0, 0
L 221, -20, 3, 215, -13, 3, 0, 0, 0
L 215, -13, 3, 208, -14, 3, 0, 0, 0
L 208, -14, 3, 207, -23, 3, 0, 0, 0
L 207, -23, 3, 199, -23, 3, 0, 0, 0
L 199, -23, 3, 197, -25, 2, 0, 0, 0
L 197, -25, 2, 197, -35, 2, 0, 0, 0
L 197, -35, 2, 199, -37, 3, 0, 0, 0
L 199, -37, 3, 207, -36, 3, 0, 0, 0
L 207, -36, 3, 207, -45, 3, 0, 0, 0
L 207, -45, 3, 202, -55, 3, 0, 0, 0
L 202, -55, 3, 212, -75, 3, 0, 0, 0
L 212, -75, 3, 212, -89, 3, 0, 0, 0
L 212, -89, 3, 207, -100, 3, 0, 0, 0
L 207, -100, 3, 212, -110, 7, 0, 0, 0
L 212, -110, 7, 212, -114, 8, 0, 0, 0
L 194, -112, 109, 188, -106, 3, 0, 0, 0
L 188, -106, 3, 181, -99, 3, 0, 0, 0
L 181, -99, 3, 181, -55, 3, 0, 0, 0
L 181, -55, 3, 172, -37, 3, 0, 0, 0
L 172, -37, 3, 179, -37, 3, 0, 0, 0
L 179, -37, 3, 181, -35, 2, 0, 0, 0
L 181, -35, 2, 181, -25, 2, 0, 0, 0
L 181, -25, 2, 179, -23, 3, 0, 0, 0
L 179, -23, 3, 170, -23, 3, 0, 0, 0
L 170, -23, 3, 164, -18, 3, 0, 0, 0
L 164, -18, 3, 146, -27, 3, 0, 0, 0
L 146, -27, 3, 146, -21, 3, 0, 0, 0
L 146, -21, 3, 143, -18, 3, 0, 0, 0
L 143, -18, 3, 122, -18, 3, 0, 0, 0
L 122, -18, 3, 121, -20, 3, 0, 0, 0
L 121, -25, 34, 123, -27, 3, 0, 0, 0
L 123, -27, 3, 137, -27, 3, 0, 0, 0
L 137, -27, 3, 137, -35, 3, 0, 0, 0
L 137, -35, 3, 139, -37, 3, 0, 0, 0
L 139, -37, 3, 142, -37, 6, 0, 0, 0
L 142, -37, 6, 142, -53, 5, 0, 0, 0
L 142, -53, 5, 117, -53, 6, 0, 0, 0
L 117, -53, 6, 106, -53, 3, 0, 0, 0
L 106, -53, 3, 106, -41, 5, 0, 0, 0
L 106, -41, 5, 108, -37, 5, 0, 0, 0
L 108, -37, 5, 109, -37, 5, 0, 0, 0
L 109, -37, 5, 111, -35, 3, 0, 0, 0
L 111, -35, 3, 111, -27, 3, 0, 0, 0
L 111, -27, 3, 115, -27, 3, 0, 0, 0
L 115, -27, 3, 117, -25, 3, 0, 0, 0
L 117, -20, 34, 116, -18, 3, 0, 0, 0
L 116, -18, 3, 105, -18, 3, 0, 0, 0
L 105, -18, 3, 102, -21, 3, 0, 0, 0
L 102, -21, 3, 102, -29, 3, 0, 0, 0
L 102, -29, 3, 98, -33, 3, 0, 0, 0
L 98, -33, 3, 94, -33, 3, 0, 0, 0
L 94, -33, 3, 85, -28, 3, 0, 0, 0
L 85, -28, 3, 44, -28, 3, 0, 0, 0
L 44, -28, 3, 36, -32, 3, 0, 0, 0
L 36, -32, 3, 36, -25, 3, 0, 0, 0
L 36, -25, 3, 34, -23, 2, 0, 0, 0
L 34, -23, 2, 24, -23, 2, 0, 0, 0
L 24, -23, 2, 22, -25, 3, 0, 0, 0
L 22, -25, 3, 22, -34, 3, 0, 0, 0
L 22, -34, 3, 13, -43, 3, 0, 0, 0
L 13, -43, 3, 4, -43, 3, 0, 0, 0
L 4, -43, 3, 2, -45, 2, 0, 0, 0
L 2, -45, 2, 2, -55, 2, 0, 0, 0
L 2, -55, 2, 4, -57, 3, 0, 0, 0
L 4, -57, 3, 11, -57, 3, 0, 0, 0
L 11, -57, 3, 7, -65, 3, 0, 0, 0
L 7, -65, 3, 12, -74, 3, 0, 0, 0
L 12, -74, 3, 4, -74, 3, 0, 0, 0
L 4, -74, 3, 2, -76, 2, 0, 0, 0
L 2, -76, 2, 2, -86, 2, 0, 0, 0
L 2, -86, 2, 4, -88, 3, 0, 0, 0
L 4, -88, 3, 12, -87, 3, 0, 0, 0
L 12, -87, 3, 12, -101, 3, 0, 0, 0
L 12, -101, 3, 14, -104, 3, 0, 0, 0
L 14, -104, 3, 17, -110, 3, 0, 0, 0
L 17, -110, 3, 17, -114, 3, 0, 0, 0
L 17, -114, 3, 16, -116, 3, 0, 0, 0
L 16, -116, 3, 12, -119, 3, 0, 0, 0
L 12, -119, 3, 12, -145, 3, 0, 0, 0
L 12, -145, 3, 7, -160, 3, 0, 0, 0
L 7, -160, 3, 12, -166, 3, 0, 0, 0
L 12, -166, 3, 12, -175, 3, 0, 0, 0
L 12, -175, 3, 8, -193, 3, 0, 0, 0
L 8, -193, 3, 4, -193, 3, 0, 0, 0
L 4, -193, 3, 2, -195, 2, 0, 0, 0
L 2, -195, 2, 2, -233, 2, 0, 0, 0
L 2, -233, 2, -25, -233, 2, 0, 0, 0
L -25, -233, 2, -27, -235, 2, 0, 0, 0
L -27, -235, 2, -27, -245, 2, 0, 0, 0
L -43, -217, 24, -43, -236, 2, 0, 0, 0
L -43, -217, 24, -14, -216, 2, 0, 0, 0
L -14, -216, 2, -13, -195, 2, 0, 0, 0
L -13, -195, 2, -15, -193, 3, 0, 0, 0
L -15, -193, 3, -19, -193, 3, 0, 0, 0
L -19, -193, 3, -23, -175, 3, 0, 0, 0
L -23, -175, 3, -23, -159, 3, 0, 0, 0
L -23, -159, 3, -28, -154, 3, 0, 0, 0
L -28, -154, 3, -28, -151, 3, 0, 0, 0
L -28, -151, 3, -23, -146, 3, 0, 0, 0
L -23, -146, 3, -23, -117, 3, 0, 0, 0
L -23, -117, 3, -15, -117, 3, 0, 0, 0
L -15, -117, 3, -13, -116, 2, 0, 0, 0
L -13, -116, 2, -13, -106, 2, 0, 0, 0
L -13, -106, 2, -15, -104, 3, 0, 0, 0
L -15, -104, 3, -23, -104, 3, 0, 0, 0
L -23, -104, 3, -23, -88, 3, 0, 0, 0
L -23, -88, 3, -15, -88, 3, 0, 0, 0
L -15, -88, 3, -13, -86, 2, 0, 0, 0
L -13, -86, 2, -13, -76, 2, 0, 0, 0
L -13, -76, 2, -15, -74, 3, 0, 0, 0
L -15, -74, 3, -23, -74, 3, 0, 0, 0
L -23, -74, 3, -23, -71, 3, 0, 0, 0
L -23, -71, 3, -18, -65, 3, 0, 0, 0
L -18, -65, 3, -22, -57, 3, 0, 0, 0
L -22, -57, 3, -15, -57, 3, 0, 0, 0
L -15, -57, 3, -13, -55, 2, 0, 0, 0
L -13, -55, 2, -13, -45, 2, 0, 0, 0
L -13, -45, 2, -15, -43, 3, 0, 0, 0
L -15, -43, 3, -24, -43, 3, 0, 0, 0
L -24, -43, 3, -33, -34, 3, 0, 0, 0
L -33, -34, 3, -33, -25, 3, 0, 0, 0
L -33, -25, 3, -35, -23, 2, 0, 0, 0
L -35, -23, 2, -45, -23, 2, 0, 0, 0
L -45, -23, 2, -47, -25, 3, 0, 0, 0
L -47, -25, 3, -46, -32, 3, 0, 0, 0
L -46, -32, 3, -55, -28, 3, 0, 0, 0
L -55, -28, 3, -65, -33, 3, 0, 0, 0
L -65, -33, 3, -75, -33, 3, 0, 0, 0
L -75, -33, 3, -114, -18, 3, 0, 0, 0
L -114, -18, 3, -124, -18, 3, 0, 0, 0
L -124, -18, 3, -134, -13, 3, 0, 0, 0
L -134, -13, 3, -148, -13, 3, 0, 0, 0
L -148, -13, 3, -153, -15, 3, 0, 0, 0
L -153, -15, 3, -152, -21, 3, 0, 0, 0
L -152, -21, 3, -142, -22, 3, 0, 0, 0
L -142, -22, 3, -142, -48, 5, 0, 0, 0
L -142, -48, 5, -160, -48, 3, 0, 0, 0
L -160, -48, 3, -162, -50, 4, 0, 0, 0
L -162, -50, 4, -162, -60, 9, 0, 0, 0
L -162, -60, 9, -160, -62, 13, 0, 0, 0
L -160, -62, 13, -150, -62, 18, 0, 0, 0
L -150, -62, 18, -148, -60, 18, 0, 0, 0
L -148, -60, 18, -148, -50, 18, 0, 0, 0
L -148, -50, 18, -168, -48, 18, 0, 0, 0
L -168, -48, 18, -168, -22, 18, 0, 0, 0
L -168, -22, 18, -142, -22, 20, 0, 0, 0
L -142, -22, 20, -142, -68, 18, 0, 0, 0
L -142, -68, 18, -168, -68, 11, 0, 0, 0
L -168, -68, 11, -168, -49, 3, 0, 0, 0
L -168, -49, 3, -168, -32, 5, 0, 0, 0
L -168, -32, 5, -167, -22, 3, 0, 0, 0
L -167, -22, 3, -159, -22, 3, 0, 0, 0
L -159, -22, 3, -157, -20, 3, 0, 0, 0
L -157, -20, 3, -157, -16, 3, 0, 0, 0
L -157, -16, 3, -162, -13, 3, 0, 0, 0
L -162, -13, 3, -168, -13, 3, 0, 0, 0
L -168, -13, 3, -173, -9, 3, 0, 0, 0
L -173, -9, 3, -184, -3, 3, 0, 0, 0
L -184, -3, 3, -188, 0, 3, 0, 0, 0
L -188, 0, 3, -194, 11, 3, 0, 0, 0
L -194, 11, 3, -210, 6, 3, 0, 0, 0
L -210, 6, 3, -214, 6, 3, 0, 0, 0
L -214, 6, 3, -224, 11, 3, 0, 0, 0
L -224, 11, 3, -229, 16, 3, 0, 0, 0
L -229, 16, 3, -240, 11, 12, 0, 0, 0
L -240, 11, 12, -253, 25, 13, 0, 0, 0
L -253, 25, 13, -253, 28, 11, 0, 0, 0
L -253, 28, 11, -248, 36, 3, 0, 0, 0
L -248, 36, 3, -253, 54, 3, 0, 0, 0
L -253, 54, 3, -257, 62, 3, 0, 0, 0
L -257, 62, 3, -250, 62, 3, 0, 0, 0
L -250, 62, 3, -248, 64, 2, 0, 0, 0
L -248, 64, 2, -248, 74, 2, 0, 0, 0
L -248, 74, 2, -250, 76, 3, 0, 0, 0
L -250, 76, 3, -256, 75, 3, 0, 0, 0
L -256, 75, 3, -253, 79, 3, 0, 0, 0
L -253, 79, 3, -266, 93, 3, 0, 0, 0
L -266, 93, 3, -266, 105, 3, 0, 0, 0
L -266, 105, 3, -271, 107, 3, 0, 0, 0
L -271, 107, 3, -272, 105, 3, 0, 0, 0
L -272, 105, 3, -272, 96, 3, 0, 0, 0
L -272, 96, 3, -298, 96, 3, 0, 0, 0
L -298, 96, 3, -298, 115, 3, 0, 0, 0
L -298, 115, 3, -300, 117, 3, 0, 0, 0
L -300, 117, 3, -310, 117, -1, 0, 0, 0
L -310, 117, -1, -312, 115, -1, 0, 0, 0
L -312, 115, -1, -312, 106, 0, 0, 0, 0
L -312, 106, 0, -328, 106, 0, 0, 0, 0
L -328, 106, 0, -325, 122, -1, 0, 0, 0
L -325, 122, -1, -315, 122, -1, 0, 0, 0
L -315, 122, -1, -310, 121, -1, 0, 0, 0
L -310, 121, -1, -300, 121, 3, 0, 0, 0
L -300, 121, 3, -298, 122, 3, 0, 0, 0
L -298, 122, 3, -272, 122, 3, 0, 0, 0
L -272, 122, 3, -271, 111, 3, 0, 0, 0
L -271, 111, 3, -266, 113, 3, 0, 0, 0
L -266, 113, 3, -266, 124, 3, 0, 0, 0
L -266, 124, 3, -268, 126, 3, 0, 0, 0
L -268, 126, 3, -268, 129, 3, 0, 0, 0
L -268, 129, 3, -269, 131, 3, 0, 0, 0
L -269, 131, 3, -282, 140, 3, 0, 0, 0
L -282, 140, 3, -285, 143, 19, 0, 0, 0
L -285, 143, 19, -284, 156, 5, 0, 0, 0
L -284, 156, 5, -278, 169, 3, 0, 0, 0
L -278, 169, 3, -288, 195, 3, 0, 0, 0
L -288, 195, 3, -293, 200, 3, 0, 0, 0
L -293, 200, 3, -293, 223, 3, 0, 0, 0
L -293, 223, 3, -288, 234, 3, 0, 0, 0
L -288, 234, 3, -293, 240, 3, 0, 0, 0
L -293, 240, 3, -303, 259, 3, 0, 0, 0
L -303, 259, 3, -303, 263, 3, 0, 0, 0
L -303, 263, 3, -298, 273, 3, 0, 0, 0
L -298, 273, 3, -298, 298, 3, 0, 0, 0
L -298, 298, 3, -288, 315, 5, 0, 0, 0
L -288, 315, 5, -325, 316, -1, 0, 0, 0
L -325, 316, -1, -331, 311, -4, 0, 0, 0
L -331, 311, -4, -334, 311, -6, 0, 0, 0
L -334, 311, -6, -345, 316, -11, 0, 0, 0
L -345, 316, -11, -366, 310, -16, 0, 0, 0
L -366, 310, -16, -375, 306, -16, 0, 0, 0
L -375, 306, -16, -379, 306, -16, 0, 0, 0
L -379, 306, -16, -385, 311, -16, 0, 0, 0
L -385, 311, -16, -395, 306, -16, 0, 0, 0
L -395, 306, -16, -406, 305, -17, 0, 0, 0
L -406, 305, -17, -411, 296, -21, 0, 0, 0
L -411, 296, -21, -421, 296, -21, 0, 0, 0
L -421, 296, -21, -426, 290, -21, 0, 0, 0
L -426, 290, -21, -447, 279, -21, 0, 0, 0
L -447, 279, -21, -447, 268, -21, 0, 0, 0
L -447, 268, -21, -441, 263, -21, 0, 0, 0
L -441, 263, -21, -432, 243, -21, 0, 0, 0
L -432, 243, -21, -432, 235, -21, 0, 0, 0
L -432, 235, -21, -440, 231, -21, 0, 0, 0
L -440, 231, -21, -446, 230, -21, 0, 0, 0
L -446, 230, -21, -447, 221, -21, 0, 0, 0
L -447, 221, -21, -453, 221, -21, 0, 0, 0
L -453, 221, -21, -453, 224, -21, 0, 0, 0
L -453, 224, -21, -455, 226, -21, 0, 0, 0
L -455, 226, -21, -458, 226, -21, 0, 0, 0
L -458, 226, -21, -458, 235, -21, 0, 0, 0
L -458, 235, -21, -464, 240, -21, 0, 0, 0
L -464, 240, -21, -466, 241, -21, 0, 0, 0
L -466, 241, -21, -466, 262, -21, 0, 0, 0
L -466, 262, -21, -464, 262, -21, 0, 0, 0
L -464, 262, -21, -464, 275, -21, 0, 0, 0
L -464, 275, -21, -476, 275, -21, 0, 0, 0
L -476, 275, -21, -477, 273, -21, 0, 0, 0
L -477, 273, -21, -493, 273, -21, 0, 0, 0
L -493, 273, -21, -494, 275, -21, 0, 0, 0
L -494, 275, -21, -506, 275, -21, 0, 0, 0
L -506, 275, -21, -506, 263, -21, 0, 0, 0
L -506, 263, -21, -494, 262, -21, 0, 0, 0
L -494, 262, -21, -493, 265, -21, 0, 0, 0
L -493, 265, -21, -477, 265, -21, 0, 0, 0
L -477, 265, -21, -476, 263, -21, 0, 0, 0
L -476, 263, -21, -474, 262, -21, 0, 0, 0
L -474, 262, -21, -474, 241, -21, 0, 0, 0
L -474, 241, -21, -476, 240, -21, 0, 0, 0
L -476, 240, -21, -481, 235, -21, 0, 0, 0
L -481, 235, -21, -482, 226, -21, 0, 0, 0
L -482, 226, -21, -507, 226, -17, 0, 0, 0
L -507, 226, -17, -509, 224, -16, 0, 0, 0
L -509, 224, -16, -509, 214, -16, 0, 0, 0
L -509, 214, -16, -507, 212, -16, 0, 0, 0
L -507, 212, -16, -503, 212, -16, 0, 0, 0
L -503, 212, -16, -500, 210, -16, 0, 0, 0
L -500, 210, -16, -482, 209, -16, 0, 0, 0
L -482, 209, -16, -482, 193, -14, 0, 0, 0
L -482, 193, -14, -480, 187, -16, 0, 0, 0
L -480, 187, -16, -474, 187, -16, 0, 0, 0
L -474, 187, -16, -473, 189, -15, 0, 0, 0
L -473, 189, -15, -473, 217, -6, 0, 0, 0
L -473, 217, -6, -472, 219, -6, 0, 0, 0
L -472, 219, -6, -472, 224, -6, 0, 0, 0
L -472, 224, -6, -474, 226, -6, 0, 0, 0
L -474, 226, -6, -478, 226, -6, 0, 0, 0
L -478, 226, -6, -478, 233, -6, 0, 0, 0
L -478, 233, -6, -474, 237, -6, 0, 0, 0
L -474, 237, -6, -466, 237, -6, 0, 0, 0
L -466, 237, -6, -462, 233, -6, 0, 0, 0
L -462, 233, -6, -462, 226, -6, 0, 0, 0
L -462, 226, -6, -466, 226, -6, 0, 0, 0
L -466, 226, -6, -468, 224, -6, 0, 0, 0
L -468, 224, -6, -468, 219, -6, 0, 0, 0
L -468, 219, -6, -467, 217, -6, 0, 0, 0
L -467, 217, -6, -467, 181, -16, 0, 0, 0
L -467, 181, -16, -480, 181, -16, 0, 0, 0
L -480, 181, -16, -483, 180, -16, 0, 0, 0
L -483, 180, -16, -483, 175, -16, 0, 0, 0
L -483, 175, -16, -482, 175, -16, 0, 0, 0
L -482, 175, -16, -482, 158, -15, 0, 0, 0
L -482, 158, -15, -484, 156, -11, 0, 0, 0
L -484, 156, -11, -546, 156, -11, 0, 0, 0
L -546, 156, -11, -548, 158, -12, 0, 0, 0
L -548, 158, -12, -548, 175, -16, 0, 0, 0
L -548, 175, -16, -549, 181, -16, 0, 0, 0
L -549, 181, -16, -563, 181, -16, 0, 0, 0
L -563, 181, -16, -563, 217, -6, 0, 0, 0
L -563, 217, -6, -562, 219, -6, 0, 0, 0
L -562, 219, -6, -562, 224, -6, 0, 0, 0
L -562, 224, -6, -564, 226, -6, 0, 0, 0
L -564, 226, -6, -568, 226, -6, 0, 0, 0
L -568, 226, -6, -568, 233, -6, 0, 0, 0
L -568, 233, -6, -564, 237, -6, 0, 0, 0
L -564, 237, -6, -556, 237, -6, 0, 0, 0
L -556, 237, -6, -552, 233, -6, 0, 0, 0
L -552, 233, -6, -552, 226, -6, 0, 0, 0
L -552, 226, -6, -556, 226, -6, 0, 0, 0
L -556, 226, -6, -558, 224, -6, 0, 0, 0
L -558, 224, -6, -558, 219, -6, 0, 0, 0
L -558, 219, -6, -557, 217, -6, 0, 0, 0
L -557, 217, -6, -557, 189, -15, 0, 0, 0
L -557, 189, -15, -556, 187, -16, 0, 0, 0
L -556, 187, -16, -549, 187, -16, 0, 0, 0
L -549, 187, -16, -548, 193, -16, 0, 0, 0
L -548, 193, -16, -548, 210, -14, 0, 0, 0
L -548, 210, -14, -546, 212, -16, 0, 0, 0
L -546, 212, -16, -523, 212, -16, 0, 0, 0
L -523, 212, -16, -521, 214, -16, 0, 0, 0
L -521, 214, -16, -521, 224, -16, 0, 0, 0
L -521, 224, -16, -523, 226, -17, 0, 0, 0
L -523, 226, -17, -548, 226, -21, 0, 0, 0
L -548, 226, -21, -548, 234, -21, 0, 0, 0
L -548, 234, -21, -556, 241, -21, 0, 0, 0
L -556, 241, -21, -556, 262, -21, 0, 0, 0
L -556, 262, -21, -553, 265, -21, 0, 0, 0
L -553, 265, -21, -537, 265, -21, 0, 0, 0
L -537, 265, -21, -536, 263, -21, 0, 0, 0
L -536, 263, -21, -535, 262, -21, 0, 0, 0
L -535, 262, -21, -525, 262, -21, 0, 0, 0
L -525, 262, -21, -523, 264, -21, 0, 0, 0
L -523, 264, -21, -523, 274, -21, 0, 0, 0
L -523, 274, -21, -525, 276, -21, 0, 0, 0
L -525, 276, -21, -535, 276, -21, 0, 0, 0
L -535, 276, -21, -537, 273, -21, 0, 0, 0
L -537, 273, -21, -553, 273, -21, 0, 0, 0
L -553, 273, -21, -554, 276, -21, 0, 0, 0
L -554, 276, -21, -565, 276, -21, 0, 0, 0
L -565, 276, -21, -567, 274, -21, 0, 0, 0
L -567, 274, -21, -567, 264, -21, 0, 0, 0
L -567, 264, -21, -566, 263, -21, 0, 0, 0
L -566, 263, -21, -564, 262, -21, 0, 0, 0
L -564, 262, -21, -564, 241, -21, 0, 0, 0
L -564, 241, -21, -566, 241, -21, 0, 0, 0
L -566, 241, -21, -571, 235, -21, 0, 0, 0
L -571, 235, -21, -572, 231, -21, 0, 0, 0
L -572, 231, -21, -583, 245, -21, 0, 0, 0
L -583, 245, -21, -598, 270, -21, 0, 0, 0
L -598, 270, -21, -600, 281, -21, 0, 0, 0
L -600, 281, -21, -610, 296, -20, 0, 0, 0
L -610, 296, -20, -625, 296, -16, 0, 0, 0
L -625, 296, -16, -645, 281, -16, 0, 0, 0
L -645, 281, -16, -666, 260, -16, 0, 0, 0
L -666, 260, -16, -685, 251, -16, 0, 0, 0
L -685, 251, -16, -689, 251, -16, 0, 0, 0
L -689, 251, -16, -694, 256, -16, 0, 0, 0
L -694, 256, -16, -704, 256, -16, 0, 0, 0
L -704, 256, -16, -714, 260, -16, 0, 0, 0
L -714, 260, -16, -728, 275, -16, 0, 0, 0
L -728, 275, -16, -728, 277, -16, 0, 0, 0
L -728, 277, -16, -715, 277, -16, 0, 0, 0
L -715, 277, -16, -713, 279, -11, 0, 0, 0
L -713, 279, -11, -713, 289, -11, 0, 0, 0
L -713, 289, -11, -715, 290, -11, 0, 0, 0
L -715, 290, -11, -723, 290, -11, 0, 0, 0
L -723, 290, -11, -723, 310, -11, 0, 0, 0
L -723, 310, -11, -725, 312, -11, 0, 0, 0
L -725, 312, -11, -731, 311, -11, 0, 0, 0
L -731, 311, -11, -740, 311, -11, 0, 0, 0
L -740, 311, -11, -750, 310, -16, 0, 0, 0
L -750, 310, -16, -750, 305, -16, 0, 0, 0
L -750, 305, -16, -742, 306, -14, 0, 0, 0
L -742, 306, -14, -742, 282, -16, 0, 0, 0
L -742, 282, -16, -743, 281, -16, 0, 0, 0
L -743, 281, -16, -770, 281, -16, 0, 0, 0
L -770, 281, -16, -773, 278, -16, 0, 0, 0
L -773, 278, -16, -773, 275, -16, 0, 0, 0
L -773, 275, -16, -770, 272, -16, 0, 0, 0
L -770, 272, -16, -763, 272, -16, 0, 0, 0
L -763, 272, -16, -762, 270, -16, 0, 0, 0
L -762, 270, -16, -762, 237, -16, 0, 0, 0
L -762, 237, -16, -763, 235, -16, 0, 0, 0
L -763, 235, -16, -762, 232, -16, 0, 0, 0
L -762, 232, -16, -759, 231, -16, 0, 0, 0
L -759, 231, -16, -757, 229, -16, 0, 0, 0
L -757, 229, -16, -745, 229, -16, 0, 0, 0
L -745, 229, -16, -744, 216, -16, 0, 0, 0
L -744, 216, -16, -743, 215, -16, 0, 0, 0
L -743, 215, -16, -743, 213, -16, 0, 0, 0
L -743, 213, -16, -745, 212, -16, 0, 0, 0
L -745, 212, -16, -745, 197, -16, 0, 0, 0
L -745, 197, -16, -743, 195, -16, 0, 0, 0
L -743, 195, -16, -743, 193, -16, 0, 0, 0
L -743, 193, -16, -745, 191, -16, 0, 0, 0
L -745, 191, -16, -745, 177, -16, 0, 0, 0
L -745, 177, -16, -743, 175, -16, 0, 0, 0
L -743, 175, -16, -743, 173, -16, 0, 0, 0
L -743, 173, -16, -745, 172, -16, 0, 0, 0
L -745, 172, -16, -745, 159, -16, 0, 0, 0
L -745, 159, -16, -757, 159, -16, 0, 0, 0
L -757, 159, -16, -759, 157, -16, 0, 0, 0
L -759, 157, -16, -761, 157, -16, 0, 0, 0
L -761, 157, -16, -763, 159, -16, 0, 0, 0
L -763, 159, -16, -777, 159, -16, 0, 0, 0
L -777, 159, -16, -779, 157, -16, 0, 0, 0
L -779, 157, -16, -781, 157, -16, 0, 0, 0
L -781, 157, -16, -782, 159, -16, 0, 0, 0
L -782, 159, -16, -798, 158, -16, 0, 0, 0
L -798, 158, -16, -799, 157, -16, 0, 0, 0
L -799, 157, -16, -801, 157, -16, 0, 0, 0
L -801, 157, -16, -802, 158, -16, 0, 0, 0
L -802, 158, -16, -815, 159, -16, 0, 0, 0
L -815, 159, -16, -815, 172, -16, 0, 0, 0
L -815, 172, -16, -817, 173, -16, 0, 0, 0
L -817, 173, -16, -817, 175, -16, 0, 0, 0
L -817, 175, -16, -815, 176, -16, 0, 0, 0
L -815, 176, -16, -815, 192, -16, 0, 0, 0
L -815, 192, -16, -817, 193, -16, 0, 0, 0
L -817, 193, -16, -817, 195, -16, 0, 0, 0
L -817, 195, -16, -815, 196, -16, 0, 0, 0
L -815, 196, -16, -815, 212, -16, 0, 0, 0
L -815, 212, -16, -817, 213, -16, 0, 0, 0
L -817, 213, -16, -817, 215, -16, 0, 0, 0
L -817, 215, -16, -815, 216, -16, 0, 0, 0
L -815, 216, -16, -815, 229, -14, 0, 0, 0
L -815, 229, -14, -802, 229, -16, 0, 0, 0
L -802, 229, -16, -801, 231, -16, 0, 0, 0
L -801, 231, -16, -797, 232, -16, 0, 0, 0
L -797, 232, -16, -798, 237, -16, 0, 0, 0
L -798, 237, -16, -798, 270, -16, 0, 0, 0
L -767, 214, -165, -770, 213, -16, 0, 0, 0
L -770, 213, -16, -770, 175, -16, 0, 0, 0
L -770, 175, -16, -767, 174, -16, 0, 0, 0
L -767, 174, -16, -758, 174, -16, 0, 0, 0
L -758, 174, -16, -758, 214, -16, 0, 0, 0
L -758, 214, -16, -760, 216, -16, 0, 0, 0
L -760, 216, -16, -767, 214, -16, 0, 0, 0
L -793, 214, -165, -790, 213, -16, 0, 0, 0
L -790, 213, -16, -790, 176, -16, 0, 0, 0
L -790, 176, -16, -793, 174, -16, 0, 0, 0
L -793, 174, -16, -802, 174, -16, 0, 0, 0
L -802, 174, -16, -802, 214, -16, 0, 0, 0
L -802, 214, -16, -793, 214, -16, 0, 0, 0
L -798, 270, -165, -796, 272, -16, 0, 0, 0
L -796, 272, -16, -790, 272, -16, 0, 0, 0
L -790, 272, -16, -788, 273, -16, 0, 0, 0
L -788, 273, -16, -788, 280, -16, 0, 0, 0
L -788, 280, -16, -790, 281, -16, 0, 0, 0
L -790, 281, -16, -818, 281, -16, 0, 0, 0
L -818, 281, -16, -818, 351, -16, 0, 0, 0
L -818, 351, -16, -817, 356, -16, 0, 0, 0
L -817, 356, -16, -817, 357, -16, 0, 0, 0
L -817, 357, -16, -743, 357, -16, 0, 0, 0
L -743, 357, -16, -742, 356, -16, 0, 0, 0
L -742, 356, -16, -742, 332, -10, 0, 0, 0
L -742, 332, -10, -750, 332, -16, 0, 0, 0
L -750, 332, -16, -750, 327, -16, 0, 0, 0
L -750, 327, -16, -731, 327, -11, 0, 0, 0
L -731, 327, -11, -730, 326, -11, 0, 0, 0
L -730, 326, -11, -725, 326, -11, 0, 0, 0
L -725, 326, -11, -723, 327, -11, 0, 0, 0
L -723, 327, -11, -723, 349, -9, 0, 0, 0
L -723, 349, -9, -727, 361, -16, 0, 0, 0
L -727, 361, -16, -713, 392, -16, 0, 0, 0
L -713, 392, -16, -707, 392, -16, 0, 0, 0
L -707, 392, -16, -681, 389, 5, 0, 0, 0
L -681, 389, 5, -671, 383, -8, 0, 0, 0
L -671, 383, -8, -665, 372, -16, 0, 0, 0
L -665, 372, -16, -656, 367, -16, 0, 0, 0
L -656, 367, -16, -651, 363, -16, 0, 0, 0
L -651, 363, -16, -645, 352, -16, 0, 0, 0
L -645, 352, -16, -631, 347, -16, 0, 0, 0
L -631, 347, -16, -626, 343, -16, 0, 0, 0
L -626, 343, -16, -604, 342, -21, 0, 0, 0
L -604, 342, -21, -599, 347, -21, 0, 0, 0
L -599, 347, -21, -589, 352, -21, 0, 0, 0
L -589, 352, -21, -584, 352, -21, 0, 0, 0
L -584, 352, -21, -579, 357, -21, 0, 0, 0
L -579, 357, -21, -572, 362, -21, 0, 0, 0
L -572, 362, -21, -560, 362, -21, 0, 0, 0
L -560, 362, -21, -558, 363, -21, 0, 0, 0
L -558, 363, -21, -557, 365, -21, 0, 0, 0
L -557, 365, -21, -558, 370, -21, 0, 0, 0
L -558, 370, -21, -560, 371, -21, 0, 0, 0
L -560, 371, -21, -583, 371, -21, 0, 0, 0
L -583, 371, -21, -583, 397, -19, 0, 0, 0
L -583, 397, -19, -547, 397, -21, 0, 0, 0
L -547, 397, -21, -547, 371, -21, 0, 0, 0
L -547, 371, -21, -550, 371, -21, 0, 0, 0
L -550, 371, -21, -551, 370, -21, 0, 0, 0
L -551, 370, -21, -553, 365, -21, 0, 0, 0
L -553, 365, -21, -552, 363, -21, 0, 0, 0
L -552, 363, -21, -550, 362, -21, 0, 0, 0
L -550, 362, -21, -540, 362, -21, 0, 0, 0
L -540, 362, -21, -538, 364, -21, 0, 0, 0
L -538, 364, -21, -538, 371, -21, 0, 0, 0
L -538, 371, -21, -531, 367, -21, 0, 0, 0
L -531, 367, -21, -527, 363, -21, 0, 0, 0
L -527, 363, -21, -527, 358, -21, 0, 0, 0
L -527, 358, -21, -525, 357, -21, 0, 0, 0
L -525, 357, -21, -509, 357, -21, 0, 0, 0
L -509, 357, -21, -508, 358, -21, 0, 0, 0
L -508, 358, -21, -507, 360, -21, 0, 0, 0
L -507, 360, -21, -508, 365, -21, 0, 0, 0
L -508, 365, -21, -510, 366, -21, 0, 0, 0
L -510, 366, -21, -518, 366, -19, 0, 0, 0
L -518, 366, -19, -518, 388, -21, 0, 0, 0
L -518, 388, -21, -514, 392, -21, 0, 0, 0
L -514, 392, -21, -495, 392, -21, 0, 0, 0
L -495, 392, -21, -492, 389, -21, 0, 0, 0
L -492, 389, -21, -492, 366, -21, 0, 0, 0
L -492, 366, -21, -500, 366, -21, 0, 0, 0
L -500, 366, -21, -502, 365, -21, 0, 0, 0
L -502, 365, -21, -503, 360, -21, 0, 0, 0
L -503, 360, -21, -502, 358, -21, 0, 0, 0
L -502, 358, -21, -484, 357, -21, 0, 0, 0
L -484, 357, -21, -483, 359, -21, 0, 0, 0
L -483, 359, -21, -483, 362, -21, 0, 0, 0
L -483, 362, -21, -467, 362, -21, 0, 0, 0
L -467, 362, -21, -467, 344, -21, 0, 0, 0
L -467, 344, -21, -465, 342, -21, 0, 0, 0
L -465, 342, -21, -455, 342, -21, 0, 0, 0
L -455, 342, -21, -453, 343, -21, 0, 0, 0
L -453, 343, -21, -452, 345, -21, 0, 0, 0
L -452, 345, -21, -453, 350, -21, 0, 0, 0
L -453, 350, -21, -455, 351, -21, 0, 0, 0
L -455, 351, -21, -458, 351, -21, 0, 0, 0
L -458, 351, -21, -458, 396, -19, 0, 0, 0
L -458, 396, -19, -443, 395, -20, 0, 0, 0
L -443, 395, -20, -442, 396, -18, 0, 0, 0
L -442, 396, -18, -442, 351, -21, 0, 0, 0
L -442, 351, -21, -447, 350, -21, 0, 0, 0
L -447, 350, -21, -448, 345, -21, 0, 0, 0
L -448, 345, -21, -447, 343, -21, 0, 0, 0
L -447, 343, -21, -445, 342, -21, 0, 0, 0
L -445, 342, -21, -435, 342, -21, 0, 0, 0
L -435, 342, -21, -433, 344, -21, 0, 0, 0
L -433, 344, -21, -433, 351, -21, 0, 0, 0
L -433, 351, -21, -426, 347, -21, 0, 0, 0
L -426, 347, -21, -421, 342, -21, 0, 0, 0
L -421, 342, -21, -416, 342, -18, 0, 0, 0
L -416, 342, -18, -413, 342, -11, 0, 0, 0
L -413, 342, -11, -406, 338, -10, 0, 0, 0
L -406, 338, -10, -345, 337, -11, 0, 0, 0
L -345, 337, -11, -339, 342, -8, 0, 0, 0
L -339, 342, -8, -326, 338, -2, 0, 0, 0
L -326, 338, -2, -324, 337, -1, 0, 0, 0
L -324, 337, -1, -319, 342, 0, 0, 0, 0
L -319, 342, 0, -315, 342, 0, 0, 0, 0
L -315, 342, 0, -306, 337, 3, 0, 0, 0
L -306, 337, 3, -300, 337, 3, 0, 0, 0
L -300, 337, 3, -290, 332, 3, 0, 0, 0
L -290, 332, 3, -282, 333, 3, 0, 0, 0
L -282, 333, 3, -269, 337, 3, 0, 0, 0
L -269, 337, 3, -258, 343, 3, 0, 0, 0
L -258, 343, 3, -253, 352, 3, 0, 0, 0
L -253, 352, 3, -247, 356, 3, 0, 0, 0
L -247, 356, 3, -247, 349, 3, 0, 0, 0
L -247, 349, 3, -245, 347, 2, 0, 0, 0
L -245, 347, 2, -235, 347, 2, 0, 0, 0
L -235, 347, 2, -233, 349, 3, 0, 0, 0
L -233, 349, 3, -234, 356, 3, 0, 0, 0
L -234, 356, 3, -225, 352, 3, 0, 0, 0
L -225, 352, 3, -214, 352, 3, 0, 0, 0
L -214, 352, 3, -159, 377, 3, 0, 0, 0
L -159, 377, 3, -140, 377, 3, 0, 0, 0
L -140, 377, 3, -108, 393, 3, 0, 0, 0
L -108, 393, 3, -108, 398, 3, 0, 0, 0
L -108, 398, 3, -105, 401, 3, 0, 0, 0
L -105, 401, 3, -85, 401, 3, 0, 0, 0
L -85, 401, 3, -83, 402, 3, 0, 0, 0
L -83, 402, 3, -82, 407, 3, 0, 0, 0
L -82, 407, 3, -84, 411, 3, 0, 0, 0
L -84, 411, 3, -103, 411, 3, 0, 0, 0
L -103, 411, 3, -103, 442, 3, 0, 0, 0
L -103, 442, 3, -72, 442, 3, 0, 0, 0
L -72, 442, 3, -72, 411, 3, 0, 0, 0
L -72, 411, 3, -76, 411, 3, 0, 0, 0
L -76, 411, 3, -77, 410, 3, 0, 0, 0
L -77, 410, 3, -78, 407, 3, 0, 0, 0
L -78, 407, 3, -77, 402, 3, 0, 0, 0
L -77, 402, 3, -75, 401, 3, 0, 0, 0
L -75, 401, 3, -70, 401, 3, 0, 0, 0
L -70, 401, 3, -66, 397, 3, 0, 0, 0
L -66, 397, 3, -46, 397, 3, 0, 0, 0
L 18, 346, 34, 16, 346, 3, 0, 0, 0
L 14, 348, 3, 2, 348, 3, 0, 0, 0
L 2, 348, 3, 0, 349, 3, 0, 0, 0
L 0, 349, 3, -1, 349, 3, 0, 0, 0
L -1, 349, 3, -3, 347, 3, 0, 0, 0
L -3, 347, 3, -3, 344, 3, 0, 0, 0
L -3, 344, 3, -1, 339, 3, 0, 0, 0
L -1, 339, 3, 1, 340, 6, 0, 0, 0
L 1, 340, 6, 12, 340, 6, 0, 0, 0
L 12, 340, 6, 12, 321, 3, 0, 0, 0
L 12, 321, 3, 12, 312, 3, 0, 0, 0
L 12, 312, 3, 12, 286, -3, 0, 0, 0
L 12, 286, -3, -23, 286, -11, 0, 0, 0
L -23, 286, -11, -23, 332, -11, 0, 0, 0
L -23, 332, -11, 31, 332, -11, 0, 0, 0
L 31, 332, -11, 31, 306, -11, 0, 0, 0
L 31, 306, -11, -15, 306, -11, 0, 0, 0
L -15, 306, -11, -17, 304, -11, 0, 0, 0
L -17, 304, -11, -17, 301, -11, 0, 0, 0
L -17, 301, -11, -16, 292, -11, 0, 0, 0
L -16, 292, -11, 4, 292, -4, 0, 0, 0
L 4, 292, -4, 6, 294, -1, 0, 0, 0
L 6, 294, -1, 6, 312, 3, 0, 0, 0
L 6, 312, 3, 7, 314, 3, 0, 0, 0
L 7, 314, 3, 7, 319, 3, 0, 0, 0
L 7, 319, 3, 5, 321, 3, 0, 0, 0
L 5, 321, 3, 3, 320, 3, 0, 0, 0
L 3, 320, 3, 0, 317, 3, 0, 0, 0
L 0, 317, 3, -10, 317, 3, 0, 0, 0
L -10, 317, 3, -15, 321, 3, 0, 0, 0
L -15, 321, 3, -18, 319, 3, 0, 0, 0
L -18, 319, 3, -17, 312, 3, 0, 0, 0
L -17, 312, 3, -17, 294, 9, 0, 0, 0
L -17, 294, 9, -15, 292, 13, 0, 0, 0
L -15, 292, 13, 5, 292, 18, 0, 0, 0
L 5, 292, 18, 7, 294, 18, 0, 0, 0
L 7, 294, 18, 7, 299, 18, 0, 0, 0
L 7, 299, 18, 5, 301, 18, 0, 0, 0
L 5, 301, 18, -23, 301, 18, 0, 0, 0
L -23, 301, 18, -23, 305, 18, 0, 0, 0
L -23, 305, 18, -25, 307, 18, 0, 0, 0
L -25, 307, 18, -26, 307, 18, 0, 0, 0
L -26, 307, 18, -28, 305, 18, 0, 0, 0
L -28, 305, 18, -28, 291, 18, 0, 0, 0
L -28, 291, 18, -43, 291, 20, 0, 0, 0
L -43, 291, 20, -43, 312, 21, 0, 0, 0
L -43, 312, 21, -28, 312, 18, 0, 0, 0
L -28, 312, 18, -26, 311, 18, 0, 0, 0
L -26, 311, 18, -23, 313, 18, 0, 0, 0
L -23, 313, 18, -23, 318, 18, 0, 0, 0
L -23, 318, 18, -21, 321, 18, 0, 0, 0
L -21, 321, 18, -24, 324, 18, 0, 0, 0
L -24, 324, 18, -28, 321, 18, 0, 0, 0
L -28, 321, 18, -43, 321, 18, 0, 0, 0
L -43, 321, 18, -43, 337, 20, 0, 0, 0
L -43, 337, 20, -17, 337, 21, 0, 0, 0
L -17, 337, 21, -17, 332, 18, 0, 0, 0
L -17, 332, 18, -19, 329, 18, 0, 0, 0
L -19, 329, 18, -16, 326, 18, 0, 0, 0
L -16, 326, 18, -14, 327, 18, 0, 0, 0
L -14, 327, 18, 3, 327, 18, 0, 0, 0
L 3, 327, 18, 5, 325, 18, 0, 0, 0
L 5, 325, 18, 7, 326, 18, 0, 0, 0
L 7, 326, 18, 8, 329, 18, 0, 0, 0
L 8, 329, 18, 6, 332, 18, 0, 0, 0
L 6, 332, 18, 6, 337, 21, 0, 0, 0
L 6, 337, 21, 32, 337, 20, 0, 0, 0
L 32, 337, 20, 32, 321, 18, 0, 0, 0
L 32, 321, 18, 17, 321, 18, 0, 0, 0
L 17, 321, 18, 14, 323, 18, 0, 0, 0
L 14, 323, 18, 11, 319, 18, 0, 0, 0
L 11, 319, 18, 12, 318, 18, 0, 0, 0
L 12, 318, 18, 12, 312, 18, 0, 0, 0
L 12, 312, 18, 17, 312, 18, 0, 0, 0
L 17, 312, 18, 32, 312, 21, 0, 0, 0
L 32, 312, 21, 32, 291, 22, 0, 0, 0
L 32, 291, 22, 17, 291, 18, 0, 0, 0
L 17, 291, 18, 17, 305, 18, 0, 0, 0
L 17, 305, 18, 12, 305, 18, 0, 0, 0
L 12, 305, 18, 12, 286, 18, 0, 0, 0
L 12, 286, 18, -23, 286, 11, 0, 0, 0
L -23, 286, 11, -23, 312, 3, 0, 0, 0
L -23, 312, 3, -23, 340, 3, 0, 0, 0
L -23, 340, 3, -13, 340, 5, 0, 0, 0
L -13, 340, 5, -10, 339, 3, 0, 0, 0
L -10, 339, 3, -7, 344, 3, 0, 0, 0
L -7, 344, 3, -7, 347, 3, 0, 0, 0
L -7, 347, 3, -9, 349, 3, 0, 0, 0
L -9, 349, 3, -13, 348, 3, 0, 0, 0
L -13, 348, 3, -25, 348, 3, 0, 0, 0
L -25, 348, 3, -27, 346, 3, 0, 0, 0
L -27, 346, 3, -29, 346, 3, 0, 0, 0
L -29, 346, 3, -36, 353, 3, 0, 0, 0
L -36, 353, 3, -45, 367, 13, 0, 0, 0
L -45, 367, 13, -111, 371, 3, 0, 0, 0
L -111, 371, 3, -122, 365, 3, 0, 0, 0
L -122, 365, 3, -122, 359, 3, 0, 0, 0
L -122, 359, 3, -126, 350, 3, 0, 0, 0
L -126, 350, 3, -132, 344, 3, 0, 0, 0
L -132, 344, 3, -132, 334, 3, 0, 0, 0
L -132, 334, 3, -136, 325, 3, 0, 0, 0
L -136, 325, 3, -147, 314, 3, 0, 0, 0
L -147, 314, 3, -147, 310, 3, 0, 0, 0
L -147, 310, 3, -148, 308, 3, 0, 0, 0
L -148, 308, 3, -148, 324, 3, 0, 0, 0
L -148, 324, 3, -150, 326, 3, 0, 0, 0
L -150, 326, 3, -185, 326, 3, 0, 0, 0
L -185, 326, 3, -187, 324, 3, 0, 0, 0
L -187, 324, 3, -187, 311, 3, 0, 0, 0
L -187, 311, 3, -191, 311, 3, 0, 0, 0
L -191, 311, 3, -193, 309, 3, 0, 0, 0
L -193, 309, 3, -193, 306, 3, 0, 0, 0
L -193, 306, 3, -191, 301, 3, 0, 0, 0
L -191, 301, 3, -179, 301, 3, 0, 0, 0
L -179, 301, 3, -179, 307, 4, 0, 0, 0
L -179, 307, 4, -182, 307, 4, 0, 0, 0
L -182, 307, 4, -182, 321, 4, 0, 0, 0
L -182, 321, 4, -153, 321, 4, 0, 0, 0
L -153, 321, 4, -153, 307, 5, 0, 0, 0
L -153, 307, 5, -156, 307, 4, 0, 0, 0
L -156, 307, 4, -156, 301, 3, 0, 0, 0
L -156, 301, 3, -142, 302, -1, 0, 0, 0
L -142, 302, -1, -127, 301, -1, 0, 0, 0
L -127, 301, -1, -127, 292, -1, 0, 0, 0
L -127, 292, -1, -140, 292, 0, 0, 0, 0
L -140, 292, 0, -140, 286, 0, 0, 0, 0
L -140, 286, 0, -127, 286, -1, 0, 0, 0
L -127, 286, -1, -127, 277, -1, 0, 0, 0
L -127, 277, -1, -140, 277, 0, 0, 0, 0
L -140, 277, 0, -140, 271, 0, 0, 0, 0
L -140, 271, 0, -127, 271, -1, 0, 0, 0
L -127, 271, -1, -127, 262, -1, 0, 0, 0
L -127, 262, -1, -140, 262, 0, 0, 0, 0
L -140, 262, 0, -140, 256, 0, 0, 0, 0
L -140, 256, 0, -127, 256, -1, 0, 0, 0
L -127, 256, -1, -127, 247, -1, 0, 0, 0
L -127, 247, -1, -148, 246, -1, 0, 0, 0
L -148, 246, -1, -149, 265, -1, 0, 0, 0
L -149, 265, -1, -152, 265, -1, 0, 0, 0
L -152, 265, -1, -152, 246, 3, 0, 0, 0
L -152, 246, 3, -217, 246, 3, 0, 0, 0
L -217, 246, 3, -222, 245, 3, 0, 0, 0
L -222, 245, 3, -222, 231, 5, 0, 0, 0
L -222, 231, 5, -233, 231, 3, 0, 0, 0
L -233, 231, 3, -258, 231, 3, 0, 0, 0
L -258, 231, 3, -258, 240, 3, 0, 0, 0
L -258, 240, 3, -263, 240, 3, 0, 0, 0
L -263, 240, 3, -263, 228, 3, 0, 0, 0
L -263, 228, 3, -261, 226, 3, 0, 0, 0
L -261, 226, 3, -252, 226, 3, 0, 0, 0
L -252, 226, 3, -267, 194, 3, 0, 0, 0
L -267, 194, 3, -251, 168, 3, 0, 0, 0
L -251, 168, 3, -242, 158, 3, 0, 0, 0
L -242, 158, 3, -237, 153, 3, 0, 0, 0
L -237, 153, 3, -237, 151, 3, 0, 0, 0
L -237, 151, 3, -239, 146, 3, 0, 0, 0
L -239, 146, 3, -239, 141, 3, 0, 0, 0
L -239, 141, 3, -237, 141, 3, 0, 0, 0
L -237, 141, 3, -232, 143, 3, 0, 0, 0
L -232, 143, 3, -232, 147, 3, 0, 0, 0
L -232, 147, 3, -217, 147, 3, 0, 0, 0
L -217, 147, 3, -217, 111, 3, 0, 0, 0
L -217, 111, 3, -232, 111, 3, 0, 0, 0
L -232, 111, 3, -232, 135, 3, 0, 0, 0
L -232, 135, 3, -237, 137, 3, 0, 0, 0
L -237, 137, 3, -240, 137, 3, 0, 0, 0
L -240, 137, 3, -239, 132, 3, 0, 0, 0
L -239, 132, 3, -239, 109, 3, 0, 0, 0
L -239, 109, 3, -237, 107, 3, 0, 0, 0
L -237, 107, 3, -242, 89, 3, 0, 0, 0
L -242, 89, 3, -226, 77, 3, 0, 0, 0
L -226, 77, 3, -224, 76, 3, 0, 0, 0
L -224, 76, 3, -230, 76, 3, 0, 0, 0
L -230, 76, 3, -232, 74, 2, 0, 0, 0
L -232, 74, 2, -232, 64, 2, 0, 0, 0
L -232, 64, 2, -230, 62, 3, 0, 0, 0
L -230, 62, 3, -222, 62, 3, 0, 0, 0
L -222, 62, 3, -222, 60, 3, 0, 0, 0
L -222, 60, 3, -226, 52, 6, 0, 0, 0
L -226, 52, 6, -225, 50, 10, 0, 0, 0
L -225, 50, 10, -220, 39, 6, 0, 0, 0
L -220, 39, 6, -217, 33, 3, 0, 0, 0
L -217, 33, 3, -214, 32, 3, 0, 0, 0
L -214, 32, 3, -204, 37, 3, 0, 0, 0
L -204, 37, 3, -201, 37, 3, 0, 0, 0
L -201, 37, 3, -196, 33, 3, 0, 0, 0
L -196, 33, 3, -175, 32, 5, 0, 0, 0
L -175, 32, 5, -141, 17, 3, 0, 0, 0
L -141, 17, 3, -136, 12, 3, 0, 0, 0
L -136, 12, 3, -117, 12, 3, 0, 0, 0
L -117, 12, 3, -117, 9, 3, 0, 0, 0
L -117, 9, 3, -112, 9, 3, 0, 0, 0
L -112, 9, 3, -112, 11, 3, 0, 0, 0
L -112, 11, 3, -113, 16, 3, 0, 0, 0
L -113, 16, 3, -113, 60, 5, 0, 0, 0
L -113, 60, 5, -82, 60, 3, 0, 0, 0
L -82, 60, 3, -82, 16, 3, 0, 0, 0
L -82, 16, 3, -106, 16, 3, 0, 0, 0
L -106, 16, 3, -108, 11, 3, 0, 0, 0
L -108, 11, 3, -108, 9, 3, 0, 0, 0
L -108, 9, 3, -78, 9, 3, 0, 0, 0
L -78, 9, 3, -54, -2, 3, 0, 0, 0
L -54, -2, 3, -47, 1, 3, 0, 0, 0
L -47, 1, 3, -47, -5, 3, 0, 0, 0
L -47, -5, 3, -45, -7, 2, 0, 0, 0
L -45, -7, 2, -35, -7, 2, 0, 0, 0
L -35, -7, 2, -33, -5, 3, 0, 0, 0
L -33, -5, 3, -33, 3, 3, 0, 0, 0
L -33, 3, 3, -24, 13, 3, 0, 0, 0
L -24, 13, 3, -15, 13, 3, 0, 0, 0
L -15, 13, 3, -13, 14, 2, 0, 0, 0
L -13, 14, 2, -13, 24, 2, 0, 0, 0
L -13, 24, 2, -15, 26, 3, 0, 0, 0
L -15, 26, 3, -22, 26, 3, 0, 0, 0
L -22, 26, 3, -18, 34, 3, 0, 0, 0
L -18, 34, 3, -23, 40, 3, 0, 0, 0
L -23, 40, 3, -23, 42, 3, 0, 0, 0
L -23, 42, 3, -15, 42, 3, 0, 0, 0
L -15, 42, 3, -13, 44, 2, 0, 0, 0
L -13, 44, 2, -13, 54, 2, 0, 0, 0
L -13, 54, 2, -15, 56, 3, 0, 0, 0
L -15, 56, 3, -24, 56, 3, 0, 0, 0
L -24, 56, 3, -28, 60, 3, 0, 0, 0
L -28, 60, 3, -33, 69, 3, 0, 0, 0
L -33, 69, 3, -33, 71, 3, 0, 0, 0
L -33, 71, 3, -20, 71, 3, 0, 0, 0
L -20, 71, 3, -18, 73, 3, 0, 0, 0
L -18, 73, 3, -18, 88, 3, 0, 0, 0
L -18, 88, 3, -20, 89, 3, 0, 0, 0
L -20, 89, 3, -33, 89, 3, 0, 0, 0
L -33, 89, 3, -33, 99, 3, 0, 0, 0
L -33, 99, 3, -39, 106, 3, 0, 0, 0
L -39, 106, 3, -48, 118, 3, 0, 0, 0
L -48, 118, 3, -50, 127, 3, 0, 0, 0
L -50, 127, 3, -55, 132, 3, 0, 0, 0
L -55, 132, 3, -61, 136, 3, 0, 0, 0
L -61, 136, 3, -69, 136, 3, 0, 0, 0
L -69, 136, 3, -78, 145, 3, 0, 0, 0
L -78, 145, 3, -78, 164, 3, 0, 0, 0
L -78, 164, 3, -83, 174, 3, 0, 0, 0
L -83, 174, 3, -78, 184, 3, 0, 0, 0
L -78, 184, 3, -78, 193, 3, 0, 0, 0
L -78, 193, 3, -76, 196, 3, 0, 0, 0
L -76, 196, 3, -69, 202, 3, 0, 0, 0
L -69, 202, 3, -47, 225, 3, 0, 0, 0
L -47, 225, 3, -34, 242, 3, 0, 0, 0
L -34, 242, 3, -27, 243, 3, 0, 0, 0
L -27, 243, 3, -24, 245, 3, 0, 0, 0
L -24, 245, 3, -20, 247, 3, 0, 0, 0
L -20, 247, 3, -10, 247, 3, 0, 0, 0
L -10, 247, 3, 0, 242, 3, 0, 0, 0
L 0, 242, 3, 11, 243, 3, 0, 0, 0
L 11, 243, 3, 20, 247, 3, 0, 0, 0
L 20, 247, 3, 29, 247, 3, 0, 0, 0
L 29, 247, 3, 38, 242, 3, 0, 0, 0
L 38, 242, 3, 48, 242, 3, 0, 0, 0
L 48, 242, 3, 57, 223, 3, 0, 0, 0
L 57, 223, 3, 57, 215, 3, 0, 0, 0
L 57, 215, 3, 59, 211, 3, 0, 0, 0
L 59, 211, 3, 67, 203, 3, 0, 0, 0
L 67, 203, 3, 67, 194, 3, 0, 0, 0
L 67, 194, 3, 62, 184, 3, 0, 0, 0
L 62, 184, 3, 67, 164, 3, 0, 0, 0
L 67, 164, 3, 67, 154, 3, 0, 0, 0
L 67, 154, 3, 57, 135, 3, 0, 0, 0
L 57, 135, 3, 47, 125, 3, 0, 0, 0
L 47, 125, 3, 47, 115, 3, 0, 0, 0
L 47, 115, 3, 38, 106, 3, 0, 0, 0
L 38, 106, 3, 22, 100, 3, 0, 0, 0
L 22, 100, 3, 22, 89, 3, 0, 0, 0
L 22, 89, 3, 8, 89, 3, 0, 0, 0
L 8, 89, 3, 7, 88, 3, 0, 0, 0
L 7, 88, 3, 7, 72, 3, 0, 0, 0
L 7, 72, 3, 9, 71, 3, 0, 0, 0
L 9, 71, 3, 13, 71, 3, 0, 0, 0
L 13, 71, 3, 12, 56, 3, 0, 0, 0
L 12, 56, 3, 4, 56, 3, 0, 0, 0
L 4, 56, 3, 2, 54, 2, 0, 0, 0
L 2, 54, 2, 2, 44, 2, 0, 0, 0
L 2, 44, 2, 4, 42, 3, 0, 0, 0
L 4, 42, 3, 12, 42, 3, 0, 0, 0
L 12, 42, 3, 12, 40, 3, 0, 0, 0
L 12, 40, 3, 7, 34, 3, 0, 0, 0
L 7, 34, 3, 11, 26, 3, 0, 0, 0
L 11, 26, 3, 3, 26, 3, 0, 0, 0
L 3, 26, 3, 2, 24, 2, 0, 0, 0
L 2, 24, 2, 2, 14, 2, 0, 0, 0
L 2, 14, 2, 5, 13, 3, 0, 0, 0
L 5, 13, 3, 13, 13, 3, 0, 0, 0
L 13, 13, 3, 22, 3, 3, 0, 0, 0
L 22, 3, 3, 22, -5, 3, 0, 0, 0
L 22, -5, 3, 24, -7, 2, 0, 0, 0
L 24, -7, 2, 34, -7, 2, 0, 0, 0
L 34, -7, 2, 36, -5, 3, 0, 0, 0
L 36, -5, 3, 36, 1, 3, 0, 0, 0
L 36, 1, 3, 44, -2, 3, 0, 0, 0
L 44, -2, 3, 50, 2, 3, 0, 0, 0
L 50, 2, 3, 54, 2, 3, 0, 0, 0
L 54, 2, 3, 65, -2, 3, 0, 0, 0
L 65, -2, 3, 70, 2, 3, 0, 0, 0
L 70, 2, 3, 85, 8, 3, 0, 0, 0
L 85, 8, 3, 86, 18, 3, 0, 0, 0
L 86, 18, 3, 87, 19, 3, 0, 0, 0
L 87, 19, 3, 89, 16, 3, 0, 0, 0
L 89, 16, 3, 105, 17, 3, 0, 0, 0
L 105, 17, 3, 107, 19, 3, 0, 0, 0
L 107, 19, 3, 107, 22, 3, 0, 0, 0
L 107, 22, 3, 105, 27, 3, 0, 0, 0
L 105, 27, 3, 91, 27, 3, 0, 0, 0
L 91, 27, 3, 91, 52, 5, 0, 0, 0
L 91, 52, 5, 127, 52, 5, 0, 0, 0
L 127, 52, 5, 127, 27, 3, 0, 0, 0
L 127, 27, 3, 113, 27, 3, 0, 0, 0
L 113, 27, 3, 111, 22, 3, 0, 0, 0
L 111, 22, 3, 111, 19, 3, 0, 0, 0
L 111, 19, 3, 113, 17, 3, 0, 0, 0
L 113, 17, 3, 129, 17, 3, 0, 0, 0
L 129, 17, 3, 131, 19, 3, 0, 0, 0
L 131, 19, 3, 131, 23, 3, 0, 0, 0
L 131, 23, 3, 135, 27, 3, 0, 0, 0
L 135, 27, 3, 144, 27, 3, 0, 0, 0
L 144, 27, 3, 150, 32, 3, 0, 0, 0
L 150, 32, 3, 180, 32, 3, 0, 0, 0
L 180, 32, 3, 189, 37, 3, 0, 0, 0
L 189, 37, 3, 215, 37, 3, 0, 0, 0
L 215, 37, 3, 234, 42, 3, 0, 0, 0
L 234, 42, 3, 244, 42, 3, 0, 0, 0
L 244, 42, 3, 265, 48, 3, 0, 0, 0
L 265, 48, 3, 266, 54, 3, 0, 0, 0
L 266, 54, 3, 261, 60, 3, 0, 0, 0
L 261, 60, 3, 261, 64, 3, 0, 0, 0
L 261, 64, 3, 266, 75, 3, 0, 0, 0
L 266, 75, 3, 260, 80, 3, 0, 0, 0
L 260, 80, 3, 256, 89, 3, 0, 0, 0
L 256, 89, 3, 256, 128, 3, 0, 0, 0
L 256, 128, 3, 261, 133, 3, 0, 0, 0
L 261, 133, 3, 250, 155, 3, 0, 0, 0
L 250, 155, 3, 246, 160, 3, 0, 0, 0
L 246, 160, 3, 246, 168, 3, 0, 0, 0
L 246, 168, 3, 251, 174, 3, 0, 0, 0
L 251, 174, 3, 236, 190, 3, 0, 0, 0
L 236, 190, 3, 236, 194, 3, 0, 0, 0
L 236, 194, 3, 230, 200, 3, 0, 0, 0
L 230, 200, 3, 225, 201, 3, 0, 0, 0
L 225, 201, 3, 222, 207, 4, 0, 0, 0
L 222, 207, 4, 230, 206, 3, 0, 0, 0
L 230, 206, 3, 232, 208, 3, 0, 0, 0
L 232, 208, 3, 232, 214, 3, 0, 0, 0
L 232, 214, 3, 231, 216, 3, 0, 0, 0
L 231, 216, 3, 226, 215, 3, 0, 0, 0
L 226, 215, 3, 226, 212, 3, 0, 0, 0
L 226, 212, 3, 219, 212, 3, 0, 0, 0
L 219, 212, 3, 217, 211, 3, 0, 0, 0
L 217, 211, 3, 201, 211, 3, 0, 0, 0
L 201, 211, 3, 201, 227, 3, 0, 0, 0
L 201, 227, 3, 217, 227, 3, 0, 0, 0
L 217, 227, 3, 226, 226, 5, 0, 0, 0
L 226, 226, 5, 226, 223, 3, 0, 0, 0
L 226, 223, 3, 231, 222, 3, 0, 0, 0
L 231, 222, 3, 232, 230, 3, 0, 0, 0
L 232, 230, 3, 230, 232, 3, 0, 0, 0
L 230, 232, 3, 222, 231, 4, 0, 0, 0
L 222, 231, 4, 226, 243, 3, 0, 0, 0
L 226, 243, 3, 231, 249, 3, 0, 0, 0
L 231, 249, 3, 226, 264, 3, 0, 0, 0
L 226, 264, 3, 226, 289, 3, 0, 0, 0
L 226, 289, 3, 221, 295, 3, 0, 0, 0
L 221, 295, 3, 220, 330, 3, 0, 0, 0
L 220, 330, 3, 199, 331, 3, 0, 0, 0
L 199, 331, 3, 185, 336, 3, 0, 0, 0
L 185, 336, 3, 181, 340, 3, 0, 0, 0
L 181, 340, 3, 180, 345, 3, 0, 0, 0
L 180, 345, 3, 170, 350, 3, 0, 0, 0
L 170, 350, 3, 165, 355, 3, 0, 0, 0
L 165, 355, 3, 160, 365, 3, 0, 0, 0
L 160, 365, 3, 138, 366, 3, 0, 0, 0
L 138, 366, 3, 128, 361, 3, 0, 0, 0
L 128, 361, 3, 125, 361, 3, 0, 0, 0
L 125, 361, 3, 119, 366, 3, 0, 0, 0
L 119, 366, 3, 109, 366, 3, 0, 0, 0
L 109, 366, 3, 97, 370, 3, 0, 0, 0
L 97, 370, 3, 93, 365, 3, 0, 0, 0
L 93, 365, 3, 84, 361, 3, 0, 0, 0
L 84, 361, 3, 81, 361, 3, 0, 0, 0
L 81, 361, 3, 81, 362, 3, 0, 0, 0
L 81, 362, 3, 77, 366, 3, 0, 0, 0
L 77, 366, 3, 72, 366, 3, 0, 0, 0
L 72, 366, 3, 71, 364, 3, 0, 0, 0
L 71, 364, 3, 71, 359, 3, 0, 0, 0
L 71, 359, 3, 73, 357, 3, 0, 0, 0
L 73, 357, 3, 77, 357, 3, 0, 0, 0
L 77, 357, 3, 77, 331, 3, 0, 0, 0
L 77, 331, 3, 51, 331, 3, 0, 0, 0
L 51, 331, 3, 51, 336, 3, 0, 0, 0
L 51, 336, 3, 53, 338, 3, 0, 0, 0
L 53, 338, 3, 53, 350, 3, 0, 0, 0
L 53, 350, 3, 51, 352, 3, 0, 0, 0
L 51, 352, 3, 51, 357, 3, 0, 0, 0
L 51, 357, 3, 65, 357, 3, 0, 0, 0
L 65, 357, 3, 67, 359, 3, 0, 0, 0
L 67, 359, 3, 67, 364, 3, 0, 0, 0
L 67, 364, 3, 65, 366, 3, 0, 0, 0
L 65, 366, 3, 61, 366, 3, 0, 0, 0
L 61, 366, 3, 57, 367, 3, 0, 0, 0
L 57, 367, 3, 54, 371, 3, 0, 0, 0
L 54, 371, 3, 48, 370, 3, 0, 0, 0
L 48, 370, 3, 18, 346, 3, 0, 0, 0
L 18, 346, 3, 16, 346, 3, 0, 0, 0
L 16, 346, 3, 14, 348, 3, 0, 0, 0
L -203, 311, 34, -199, 311, 3, 0, 0, 0
L -199, 311, 3, -197, 309, 3, 0, 0, 0
L -197, 309, 3, -197, 306, 3, 0, 0, 0
L -197, 306, 3, -198, 301, 3, 0, 0, 0
L -198, 301, 3, -198, 257, -1, 0, 0, 0
L -198, 257, -1, -187, 257, -1, 0, 0, 0
L -187, 257, -1, -187, 263, -1, 0, 0, 0
L -187, 263, -1, -185, 265, -1, 0, 0, 0
L -185, 265, -1, -175, 265, -1, 0, 0, 0
L -175, 265, -1, -173, 263, -1, 0, 0, 0
L -173, 263, -1, -173, 257, -1, 0, 0, 0
L -173, 257, -1, -162, 257, -1, 0, 0, 0
L -162, 257, -1, -161, 264, -1, 0, 0, 0
L -161, 264, -1, -160, 265, -1, 0, 0, 0
L -160, 265, -1, -159, 265, -1, 0, 0, 0
L -159, 265, -1, -158, 264, -1, 0, 0, 0
L -158, 264, -1, -158, 254, 3, 0, 0, 0
L -158, 254, 3, -159, 253, 3, 0, 0, 0
L -159, 253, 3, -176, 253, 3, 0, 0, 0
L -176, 253, 3, -177, 254, 3, 0, 0, 0
L -177, 254, 3, -177, 261, 3, 0, 0, 0
L -177, 261, 3, -183, 261, 3, 0, 0, 0
L -183, 261, 3, -183, 254, 3, 0, 0, 0
L -183, 254, 3, -184, 253, 3, 0, 0, 0
L -184, 253, 3, -198, 253, 3, 0, 0, 0
L -198, 253, 3, -198, 252, 3, 0, 0, 0
L -198, 252, 3, -222, 252, 3, 0, 0, 0
L -222, 252, 3, -233, 252, 5, 0, 0, 0
L -233, 252, 5, -233, 238, 3, 0, 0, 0
L -233, 238, 3, -235, 236, 3, 0, 0, 0
L -235, 236, 3, -240, 236, 3, 0, 0, 0
L -240, 236, 3, -242, 238, 3, 0, 0, 0
L -242, 238, 3, -242, 257, 5, 0, 0, 0
L -242, 257, 5, -258, 257, 3, 0, 0, 0
L -258, 257, 3, -258, 248, 3, 0, 0, 0
L -258, 248, 3, -263, 248, 3, 0, 0, 0
L -263, 248, 3, -263, 260, 3, 0, 0, 0
L -263, 260, 3, -261, 262, 3, 0, 0, 0
L -261, 262, 3, -252, 262, 3, 0, 0, 0
L -252, 262, 3, -252, 263, 3, 0, 0, 0
L -252, 263, 3, -262, 281, 5, 0, 0, 0
L -262, 281, 5, -270, 287, 3, 0, 0, 0
L -270, 287, 3, -272, 288, 3, 0, 0, 0
L -272, 288, 3, -272, 300, 3, 0, 0, 0
L -272, 300, 3, -262, 310, 3, 0, 0, 0
L -262, 310, 3, -262, 320, 3, 0, 0, 0
L -262, 320, 3, -255, 326, 3, 0, 0, 0
L -255, 326, 3, -247, 322, 3, 0, 0, 0
L -247, 322, 3, -247, 329, 3, 0, 0, 0
L -247, 329, 3, -245, 331, 2, 0, 0, 0
L -245, 331, 2, -235, 331, 2, 0, 0, 0
L -235, 331, 2, -233, 329, 3, 0, 0, 0
L -233, 329, 3, -233, 322, 3, 0, 0, 0
L -233, 322, 3, -226, 325, 3, 0, 0, 0
L -226, 325, 3, -214, 326, 3, 0, 0, 0
L -214, 326, 3, -206, 317, 3, 0, 0, 0
L -206, 317, 3, -203, 313, 3, 0, 0, 0
L -203, 313, 3, -203, 311, 3, 0, 0, 0
P -35, -240, 0, 0, 0, 255, 2, Icewell_Keep
P 21, 1229, 0, 0, 0, 0, 2, The_Great_Divide
P -134, 278, 0, 0, 0, 0, 2, Milk
P 215, 219, 0, 0, 0, 0, 2, Food
P -173, 319, 0, 0, 0, 255, 2, Bank
P -95, 546, 0, 0, 0, 255, 2, Arena
P -9, 325, 0, 0, 255, 255, 2, Brd
P -221, 111, 0, 0, 255, 255, 2, Dru
P -809, 182, 0, 0, 255, 255, 2, Enc
P -230, 111, 0, 0, 255, 255, 2, Mag
P -470, 226, 0, 0, 255, 255, 2, Pal
P 297, 202, 0, 0, 255, 255, 2, Rng
P 135, -42, 0, 0, 255, 255, 2, Rog
P 127, 434, 0, 0, 255, 255, 2, Shd
P -217, 147, 0, 0, 255, 255, 2, Wiz
