L -4301, -1163, 280, -3557, -1062, 42, 153, 153, 153
L -3557, -1062, 42, -3557, -711, 96, 153, 153, 153
L -3557, -711, 96, -3557, -687, 114, 153, 153, 153
L -3557, -687, 114, -3557, -619, 113, 153, 153, 153
L -3557, -619, 113, -3558, -471, 119, 153, 153, 153
L -3558, -471, 119, -3558, 219, 124, 153, 153, 153
L -3558, 219, 124, -3559, 1023, 115, 153, 153, 153
L -3559, 1023, 115, -3561, 1907, 101, 153, 153, 153
L -3561, 1907, 101, -3260, 1908, 107, 153, 153, 153
L -3260, 1908, 107, -3229, 1908, 141, 153, 153, 153
L -3229, 1908, 141, -3161, 1823, 132, 153, 153, 153
L -3161, 1823, 132, -3111, 1513, 122, 153, 153, 153
L -3111, 1513, 122, -3022, 1324, 109, 153, 153, 153
L -3022, 1324, 109, -2783, 1311, 102, 153, 153, 153
L -2783, 1311, 102, -2726, 1340, 67, 153, 153, 153
L -2726, 1340, 67, -2769, 1351, 121, 153, 153, 153
L -2769, 1351, 121, -2889, 1378, 103, 153, 153, 153
L -2889, 1378, 103, -2944, 1391, 75, 153, 153, 153
L -2944, 1391, 75, -2974, 1398, 108, 153, 153, 153
L -2974, 1398, 108, -3051, 1615, 101, 153, 153, 153
L -3051, 1615, 101, -3086, 1865, 94, 153, 153, 153
L -3086, 1865, 94, -3204, 1989, 74, 153, 153, 153
L -3204, 1989, 74, -3561, 1995, 89, 153, 153, 153
L -3561, 1995, 89, -3712, 1997, 73, 153, 153, 153
L -3712, 1997, 73, -3809, 2063, 87, 153, 153, 153
L -3809, 2063, 87, -3882, 2480, 43, 153, 153, 153
L -3882, 2480, 43, -3745, 2474, 6, 153, 153, 153
L -3745, 2474, 6, -3738, 2407, 6, 153, 153, 153
L 161, 1901, -1293, 308, 1902, -54, 153, 153, 153
L 308, 1902, -54, 308, 1940, -54, 153, 153, 153
L 308, 1940, -54, 211, 1940, -54, 153, 153, 153
L 211, 1940, -54, 211, 1843, -54, 153, 153, 153
L 211, 1843, -54, 308, 1843, -54, 153, 153, 153
L 308, 1843, -54, 308, 1882, -53, 153, 153, 153
L 308, 1882, -53, 161, 1883, -129, 153, 153, 153
L -247, 2068, -541, -151, 2191, -40, 153, 153, 153
L -151, 2191, -40, 105, 2216, -41, 153, 153, 153
L 105, 2216, -41, 301, 2079, -54, 153, 153, 153
L 301, 2079, -54, 485, 1877, -38, 153, 153, 153
L 485, 1877, -38, 534, 1687, -42, 153, 153, 153
L 534, 1687, -42, 552, 1430, -36, 153, 153, 153
L 552, 1430, -36, 508, 1255, -10, 153, 153, 153
L 508, 1255, -10, 378, 1192, -40, 153, 153, 153
L 378, 1192, -40, 180, 1203, -54, 153, 153, 153
L 180, 1203, -54, 5, 1266, -49, 153, 153, 153
L 5, 1266, -49, -109, 1442, -54, 153, 153, 153
L -109, 1442, -54, -180, 1587, -50, 153, 153, 153
L -180, 1587, -50, -243, 1815, -50, 153, 153, 153
L -243, 1815, -50, -246, 1940, -54, 153, 153, 153
L -246, 1940, -54, -279, 1939, -54, 153, 153, 153
L -279, 1939, -54, -279, 1829, -48, 153, 153, 153
L -279, 1829, -48, -205, 1575, -48, 153, 153, 153
L -205, 1575, -48, -134, 1422, -54, 153, 153, 153
L -134, 1422, -54, -10, 1246, -48, 153, 153, 153
L -10, 1246, -48, 172, 1167, -53, 153, 153, 153
L 172, 1167, -53, 378, 1160, -35, 153, 153, 153
L 378, 1160, -35, 536, 1235, -5, 153, 153, 153
L 536, 1235, -5, 581, 1415, -24, 153, 153, 153
L 581, 1415, -24, 562, 1688, -28, 153, 153, 153
L 562, 1688, -28, 514, 1882, -30, 153, 153, 153
L 514, 1882, -30, 323, 2102, -54, 153, 153, 153
L 323, 2102, -54, 326, 2106, -54, 153, 153, 153
L 326, 2106, -54, 115, 2251, -32, 153, 153, 153
L 115, 2251, -32, 112, 2249, -33, 153, 153, 153
L 112, 2249, -33, -159, 2226, -35, 153, 153, 153
L -159, 2226, -35, -279, 2069, -54, 153, 153, 153
L -279, 2069, -54, -279, 1992, -54, 153, 153, 153
L -279, 1992, -54, -246, 1992, -54, 153, 153, 153
L -246, 1992, -54, -247, 2068, -54, 153, 153, 153
L -3380, 2789, 62, -3445, 2795, 6, 153, 153, 153
L -3445, 2795, 6, -3456, 2936, 70, 153, 153, 153
L -3456, 2936, 70, -3413, 2905, 77, 153, 153, 153
L -3413, 2905, 77, -2900, 2922, 131, 153, 153, 153
L -2900, 2922, 131, -2785, 2897, 143, 153, 153, 153
L -2785, 2897, 143, -2718, 2442, 64, 153, 153, 153
L -2718, 2442, 64, -2626, 2301, 62, 153, 153, 153
L -2626, 2301, 62, -2353, 2309, 65, 153, 153, 153
L -2353, 2309, 65, -2352, 2369, 73, 153, 153, 153
L -2352, 2369, 73, -2383, 2373, 93, 153, 153, 153
L -2383, 2373, 93, -2543, 2394, 76, 153, 153, 153
L -2543, 2394, 76, -2625, 2485, 90, 153, 153, 153
L -2625, 2485, 90, -2642, 3113, 35, 153, 153, 153
L -2642, 3113, 35, -2518, 3179, 57, 153, 153, 153
L -2518, 3179, 57, -1691, 3170, 55, 153, 153, 153
L -1691, 3170, 55, -1567, 3137, 96, 153, 153, 153
L -1567, 3137, 96, -1493, 2700, 53, 153, 153, 153
L -1493, 2700, 53, -1435, 2599, 57, 153, 153, 153
L -1435, 2599, 57, -762, 2599, 81, 153, 153, 153
L -762, 2599, 81, -713, 2650, 70, 153, 153, 153
L -713, 2650, 70, -780, 2701, 66, 153, 153, 153
L -780, 2701, 66, -1024, 2697, 76, 153, 153, 153
L -1024, 2697, 76, -1359, 2692, 105, 153, 153, 153
L -1359, 2692, 105, -1408, 2758, 79, 153, 153, 153
L -1408, 2758, 79, -1388, 2980, 42, 153, 153, 153
L -1388, 2980, 42, -1353, 3356, 36, 153, 153, 153
L -1338, -776, -561, -1351, -859, -55, 153, 0, 0
L -1351, -859, -55, -1376, -893, -55, 153, 0, 0
L -1376, -893, -55, -1419, -929, -56, 153, 0, 0
L -1419, -929, -56, -1434, -992, -56, 153, 0, 0
L -1434, -992, -56, -1437, -1020, -56, 153, 0, 0
L -1437, -1020, -56, -1435, -1063, -56, 153, 0, 0
L -1435, -1063, -56, -1440, -1140, -56, 153, 0, 0
L -1440, -1140, -56, -1452, -1172, -56, 153, 0, 0
L -1452, -1172, -56, -1482, -1203, -56, 153, 0, 0
L -1482, -1203, -56, -1508, -1221, -56, 153, 0, 0
L -1508, -1221, -56, -1524, -1243, -56, 153, 0, 0
L -1524, -1243, -56, -1532, -1289, -56, 153, 0, 0
L -1532, -1289, -56, -1542, -1322, -56, 153, 0, 0
L -1542, -1322, -56, -1536, -1362, -56, 153, 0, 0
L -1536, -1362, -56, -1503, -1393, -56, 153, 0, 0
L -1503, -1393, -56, -1481, -1411, -56, 153, 0, 0
L -1481, -1411, -56, -1444, -1475, -56, 153, 0, 0
L -1444, -1475, -56, -1443, -1517, -56, 153, 0, 0
L -1443, -1517, -56, -1435, -1573, -56, 153, 0, 0
L -1435, -1573, -56, -1447, -1708, -56, 153, 0, 0
L -1536, -1299, -563, -1562, -1306, -56, 153, 0, 0
L -1562, -1306, -56, -1606, -1300, -56, 153, 0, 0
L -1606, -1300, -56, -1635, -1265, -56, 153, 0, 0
L -1635, -1265, -56, -1686, -1212, -56, 153, 0, 0
L -1686, -1212, -56, -1726, -1176, -56, 153, 0, 0
L -1726, -1176, -56, -1749, -1146, -56, 153, 0, 0
L -1749, -1146, -56, -1786, -1109, -56, 153, 0, 0
L -1786, -1109, -56, -1829, -1074, -56, 153, 0, 0
L -1829, -1074, -56, -1846, -1047, -56, 153, 0, 0
L -1846, -1047, -56, -1878, -1016, -56, 153, 0, 0
L -1878, -1016, -56, -1922, -1009, -55, 153, 0, 0
L -1922, -1009, -55, -1952, -1008, -54, 153, 0, 0
L -1952, -1008, -54, -1999, -1008, -54, 153, 0, 0
L -1999, -1008, -54, -2046, -1013, -55, 153, 0, 0
L -2046, -1013, -55, -2095, -1010, -53, 153, 0, 0
L -2095, -1010, -53, -2153, -1010, -52, 153, 0, 0
L -2153, -1010, -52, -2199, -1009, -55, 153, 0, 0
L -2199, -1009, -55, -2266, -1011, -56, 153, 0, 0
L -2266, -1011, -56, -2303, -1010, -52, 153, 0, 0
L -2303, -1010, -52, -2339, -1009, -47, 153, 0, 0
L -2339, -1009, -47, -2385, -1006, -40, 153, 0, 0
L -2385, -1006, -40, -2454, -1002, -52, 153, 0, 0
L -2454, -1002, -52, -2485, -1000, -56, 153, 0, 0
L -2485, -1000, -56, -2544, -947, -56, 153, 0, 0
L -2544, -947, -56, -2593, -913, -55, 153, 0, 0
L -2593, -913, -55, -2643, -913, -49, 153, 0, 0
L -2643, -913, -49, -2730, -913, -41, 153, 0, 0
L -2730, -913, -41, -2762, -910, -34, 153, 0, 0
L -2762, -910, -34, -2801, -900, -25, 153, 0, 0
L -2801, -900, -25, -2836, -862, -25, 153, 0, 0
L -2836, -862, -25, -2905, -796, -25, 153, 0, 0
L -2905, -796, -25, -2924, -781, -25, 153, 0, 0
L -2924, -781, -25, -2949, -745, -25, 153, 0, 0
L -2949, -745, -25, -2993, -708, -25, 153, 0, 0
L -2993, -708, -25, -3026, -682, -25, 153, 0, 0
L -3026, -682, -25, -3042, -660, -25, 153, 0, 0
L -3042, -660, -25, -3084, -612, -25, 153, 0, 0
L -3084, -612, -25, -3135, -636, -25, 153, 0, 0
L -3135, -636, -25, -3159, -682, -25, 153, 0, 0
L -3159, -682, -25, -3195, -710, -25, 153, 0, 0
L -3195, -710, -25, -3231, -742, -25, 153, 0, 0
L -3231, -742, -25, -3287, -799, -25, 153, 0, 0
L -3287, -799, -25, -3300, -803, -25, 153, 0, 0
L -3300, -803, -25, -3357, -801, -25, 153, 0, 0
L -1601, 1685, -537, -1646, 1688, -54, 153, 0, 0
L -1646, 1688, -54, -1720, 1711, -54, 153, 0, 0
L -1720, 1711, -54, -1753, 1752, -54, 153, 0, 0
L -1753, 1752, -54, -1809, 1806, -54, 153, 0, 0
L -1809, 1806, -54, -1841, 1839, -54, 153, 0, 0
L -1841, 1839, -54, -1901, 1899, -54, 153, 0, 0
L -1901, 1899, -54, -1929, 1921, -54, 153, 0, 0
L -1929, 1921, -54, -1947, 1947, -54, 153, 0, 0
L -1947, 1947, -54, -1978, 1982, -54, 153, 0, 0
L -1978, 1982, -54, -2020, 1984, -53, 153, 0, 0
L -2020, 1984, -53, -2045, 1990, -52, 153, 0, 0
L -2045, 1990, -52, -2085, 1992, -54, 153, 0, 0
L -2085, 1992, -54, -2117, 1986, -54, 153, 0, 0
L -2117, 1986, -54, -2164, 1987, -52, 153, 0, 0
L -2164, 1987, -52, -2205, 1984, -51, 153, 0, 0
L -2205, 1984, -51, -2265, 1989, -53, 153, 0, 0
L -2265, 1989, -53, -2300, 1987, -52, 153, 0, 0
L -2300, 1987, -52, -2362, 1985, -37, 153, 0, 0
L -2362, 1985, -37, -2423, 1989, -16, 153, 0, 0
L -2423, 1989, -16, -2465, 1992, -8, 153, 0, 0
L -2465, 1992, -8, -2508, 1987, 7, 153, 0, 0
L -2508, 1987, 7, -2579, 1989, 6, 153, 0, 0
L -2579, 1989, 6, -2632, 2028, 8, 153, 0, 0
L -2632, 2028, 8, -2654, 2062, 10, 153, 0, 0
L -2654, 2062, 10, -2675, 2082, 10, 153, 0, 0
L -2675, 2082, 10, -2712, 2087, 10, 153, 0, 0
L -2712, 2087, 10, -2741, 2083, 10, 153, 0, 0
L -2741, 2083, 10, -2777, 2095, 10, 153, 0, 0
L -2777, 2095, 10, -2818, 2085, 10, 153, 0, 0
L -2818, 2085, 10, -2883, 2090, 10, 153, 0, 0
L -2883, 2090, 10, -2936, 2120, 10, 153, 0, 0
L -2936, 2120, 10, -2949, 2154, 10, 153, 0, 0
L -2949, 2154, 10, -2978, 2184, 10, 153, 0, 0
L -2978, 2184, 10, -2998, 2199, 10, 153, 0, 0
L -2998, 2199, 10, -3026, 2221, 10, 153, 0, 0
L -3026, 2221, 10, -3044, 2245, 10, 153, 0, 0
L -3044, 2245, 10, -3080, 2285, 10, 153, 0, 0
L -3080, 2285, 10, -3107, 2307, 10, 153, 0, 0
L -3107, 2307, 10, -3132, 2329, 10, 153, 0, 0
L -3132, 2329, 10, -3146, 2351, 10, 153, 0, 0
L -3146, 2351, 10, -3167, 2372, 10, 153, 0, 0
L -3167, 2372, 10, -3193, 2387, 10, 153, 0, 0
L -3193, 2387, 10, -3260, 2398, 10, 153, 0, 0
L -1975, 638, -567, -1908, 644, -68, 153, 153, 153
L -1908, 644, -68, -1845, 698, -60, 153, 153, 153
L -1845, 698, -60, -1734, 810, -65, 153, 153, 153
L -1734, 810, -65, -1654, 886, -62, 153, 153, 153
L -1654, 886, -62, -1618, 924, -73, 153, 153, 153
L -1618, 924, -73, -1572, 973, -60, 153, 153, 153
L -1572, 973, -60, -1500, 1081, -67, 153, 153, 153
L -1500, 1081, -67, -1500, 1111, -60, 153, 153, 153
L -1500, 1111, -60, -1576, 1145, -57, 153, 153, 153
L -1573, 1241, -579, -1512, 1239, -70, 153, 153, 153
L -1512, 1239, -70, -1498, 1361, -73, 153, 153, 153
L -1498, 1361, -73, -1496, 1416, -70, 153, 153, 153
L -1496, 1416, -70, -1450, 1492, -60, 153, 153, 153
L -1450, 1492, -60, -1422, 1519, -72, 153, 153, 153
L -1422, 1519, -72, -1392, 1587, -72, 153, 153, 153
L -1392, 1587, -72, -1401, 1636, -61, 153, 153, 153
L -1401, 1636, -61, -1471, 1645, -58, 153, 153, 153
L -1469, 1741, -588, -1415, 1742, -69, 153, 153, 153
L -1415, 1742, -69, -1392, 1778, -73, 153, 153, 153
L -1392, 1778, -73, -1399, 1816, -60, 153, 153, 153
L -1399, 1816, -60, -1353, 1888, -60, 153, 153, 153
L -1353, 1888, -60, -1321, 1921, -72, 153, 153, 153
L -1321, 1921, -72, -1299, 2026, -63, 153, 153, 153
L -1299, 2026, -63, -1242, 2094, -68, 153, 153, 153
L -1242, 2094, -68, -1212, 2131, -69, 153, 153, 153
L -1212, 2131, -69, -1111, 2233, -70, 153, 153, 153
L -1111, 2233, -70, -1087, 2258, -60, 153, 153, 153
L -1087, 2258, -60, -1088, 2332, -56, 153, 153, 153
L -991, 2326, -579, -990, 2273, -69, 153, 153, 153
L -990, 2273, -69, -960, 2253, -72, 153, 153, 153
L -960, 2253, -72, -916, 2253, -63, 153, 153, 153
L -916, 2253, -63, -834, 2200, -60, 153, 153, 153
L -834, 2200, -60, -797, 2167, -64, 153, 153, 153
L -797, 2167, -64, -732, 2100, -60, 153, 153, 153
L -732, 2100, -60, -692, 2060, -69, 153, 153, 153
L -692, 2060, -69, -610, 2041, -59, 153, 153, 153
L -605, 1943, -580, -678, 1943, -73, 153, 153, 153
L -678, 1943, -73, -683, 1898, -71, 153, 153, 153
L -683, 1898, -71, -733, 1786, -60, 153, 153, 153
L -733, 1786, -60, -756, 1762, -72, 153, 153, 153
L -756, 1762, -72, -789, 1697, -74, 153, 153, 153
L -789, 1697, -74, -776, 1655, -60, 153, 153, 153
L -776, 1655, -60, -782, 1598, -67, 153, 153, 153
L -782, 1598, -67, -781, 1523, -73, 153, 153, 153
L -781, 1523, -73, -780, 1508, -71, 153, 153, 153
L -780, 1508, -71, -781, 1419, -73, 153, 153, 153
L -781, 1419, -73, -780, 1373, -63, 153, 153, 153
L -780, 1373, -63, -751, 1304, -73, 153, 153, 153
L -751, 1304, -73, -703, 1262, -69, 153, 153, 153
L -703, 1262, -69, -646, 1205, -69, 153, 153, 153
L -646, 1205, -69, -590, 1153, -62, 153, 153, 153
L -590, 1153, -62, -547, 1106, -70, 153, 153, 153
L -547, 1106, -70, -489, 1054, -61, 153, 153, 153
L -489, 1054, -61, -400, 1040, -56, 153, 153, 153
L -404, 945, -571, -470, 944, -71, 153, 153, 153
L -470, 944, -71, -536, 891, -68, 153, 153, 153
L -536, 891, -68, -570, 850, -66, 153, 153, 153
L -570, 850, -66, -666, 755, -73, 153, 153, 153
L -666, 755, -73, -730, 693, -66, 153, 153, 153
L -730, 693, -66, -762, 662, -73, 153, 153, 153
L -762, 662, -73, -832, 590, -62, 153, 153, 153
L -832, 590, -62, -864, 556, -72, 153, 153, 153
L -864, 556, -72, -888, 516, -74, 153, 153, 153
L -888, 516, -74, -876, 446, -60, 153, 153, 153
L -876, 446, -60, -807, 440, -57, 153, 153, 153
L -806, 344, -578, -861, 343, -69, 153, 153, 153
L -861, 343, -69, -880, 309, -72, 153, 153, 153
L -880, 309, -72, -880, 215, -73, 153, 153, 153
L -880, 215, -73, -933, 92, -63, 153, 153, 153
L -933, 92, -63, -970, 50, -64, 153, 153, 153
L -970, 50, -64, -992, 1, -76, 153, 153, 153
L -992, 1, -76, -978, -53, -60, 153, 153, 153
L -978, -53, -60, -907, -60, -57, 153, 153, 153
L -907, -156, -577, -967, -155, -70, 153, 153, 153
L -967, -155, -70, -987, -187, -73, 153, 153, 153
L -987, -187, -73, -980, -239, -60, 153, 153, 153
L -980, -239, -60, -1023, -299, -60, 153, 153, 153
L -1023, -299, -60, -1071, -350, -63, 153, 153, 153
L -1071, -350, -63, -1081, -389, -70, 153, 153, 153
L -1081, -389, -70, -1120, -389, -76, 153, 153, 153
L -1120, -389, -76, -1143, -511, -70, 153, 153, 153
L -1143, -511, -70, -1144, -522, -64, 153, 153, 153
L -1144, -522, -64, -1172, -550, -65, 153, 153, 153
L -1172, -550, -65, -1233, -610, -60, 153, 153, 153
L -1233, -610, -60, -1262, -640, -73, 153, 153, 153
L -1262, -640, -73, -1292, -738, -59, 153, 153, 153
L -1379, -738, -589, -1389, -685, -69, 153, 153, 153
L -1389, -685, -69, -1434, -665, -68, 153, 153, 153
L -1434, -665, -68, -1466, -664, -71, 153, 153, 153
L -1466, -664, -71, -1537, -622, -63, 153, 153, 153
L -1537, -622, -63, -1569, -592, -72, 153, 153, 153
L -1569, -592, -72, -1636, -523, -66, 153, 153, 153
L -1636, -523, -66, -1687, -473, -71, 153, 153, 153
L -1687, -473, -71, -1780, -454, -56, 153, 153, 153
L -1778, -359, -571, -1712, -357, -70, 153, 153, 153
L -1712, -357, -70, -1696, -320, -73, 153, 153, 153
L -1696, -320, -73, -1704, -269, -60, 153, 153, 153
L -1704, -269, -60, -1644, -199, -60, 153, 153, 153
L -1644, -199, -60, -1614, -168, -71, 153, 153, 153
L -1614, -168, -71, -1598, -106, -62, 153, 153, 153
L -1598, -106, -62, -1600, -88, -62, 153, 153, 153
L -1600, -88, -62, -1600, -22, -71, 153, 153, 153
L -1600, -22, -71, -1601, 61, -71, 153, 153, 153
L -1601, 61, -71, -1600, 179, -69, 153, 153, 153
L -1600, 179, -69, -1602, 223, -60, 153, 153, 153
L -1602, 223, -60, -1630, 279, -72, 153, 153, 153
L -1630, 279, -72, -1685, 326, -61, 153, 153, 153
L -1685, 326, -61, -1719, 360, -70, 153, 153, 153
L -1719, 360, -70, -1771, 416, -64, 153, 153, 153
L -1771, 416, -64, -1835, 479, -67, 153, 153, 153
L -1835, 479, -67, -1866, 510, -62, 153, 153, 153
L -1866, 510, -62, -1967, 542, -58, 153, 153, 153
L -1975, 640, -567, -1920, 639, -68, 153, 153, 153
L -1920, 639, -68, -1866, 678, -60, 153, 153, 153
L -1866, 678, -60, -1800, 747, -61, 153, 153, 153
L -1800, 747, -61, -1751, 792, -60, 153, 153, 153
L -1751, 792, -60, -1645, 896, -60, 153, 153, 153
L -1645, 896, -60, -1548, 995, -60, 153, 153, 153
L -1548, 995, -60, -1508, 1036, -68, 153, 153, 153
L -1508, 1036, -68, -1493, 1075, -73, 153, 153, 153
L -1493, 1075, -73, -1500, 1129, -66, 153, 153, 153
L -1500, 1129, -66, -1572, 1144, -58, 153, 153, 153
L -3846, -2600, -71, -3846, -2600, -6, 153, 153, 153
L -3846, -2600, -6, -3798, -2595, -23, 153, 153, 153
L -3798, -2595, -23, -3691, -2597, -19, 153, 153, 153
L -3691, -2597, -19, -3658, -2603, -39, 153, 153, 153
L -3658, -2603, -39, -3654, -2550, -25, 153, 153, 153
L -3654, -2550, -25, -3654, -2393, -25, 153, 153, 153
L -3654, -2393, -25, -3653, -2258, -26, 153, 153, 153
L -3653, -2258, -26, -3654, -2245, -31, 153, 153, 153
L -3654, -2245, -31, -3690, -2161, -51, 153, 153, 153
L -3690, -2161, -51, -3688, -2087, -55, 153, 153, 153
L -3688, -2087, -55, -3672, -2065, -56, 153, 153, 153
L -3672, -2065, -56, -3591, -2054, -52, 153, 153, 153
L -3591, -2054, -52, -3571, -2073, -54, 153, 153, 153
L -3571, -2073, -54, -3558, -2072, -55, 153, 153, 153
L -3558, -2072, -55, -3497, -2056, -52, 153, 153, 153
L -3497, -2056, -52, -3452, -2066, -55, 153, 153, 153
L -3452, -2066, -55, -3390, -2057, -52, 153, 153, 153
L -3390, -2057, -52, -3374, -2031, -54, 153, 153, 153
L -3374, -2031, -54, -3384, -1995, -55, 153, 153, 153
L -3384, -1995, -55, -3391, -1949, -49, 153, 153, 153
L -3391, -1949, -49, -3291, -1861, -54, 153, 153, 153
L -3291, -1861, -54, -3215, -1861, -54, 153, 153, 153
L -3215, -1861, -54, -3188, -1964, -52, 153, 153, 153
L -3188, -1964, -52, -3126, -1989, -40, 153, 153, 153
L -3126, -1989, -40, -3094, -1993, -28, 153, 153, 153
L -3094, -1993, -28, -3056, -1953, -25, 153, 153, 153
L -3056, -1953, -25, -3043, -1918, -29, 153, 153, 153
L -3043, -1918, -29, -2993, -1892, -26, 153, 153, 153
L -2993, -1892, -26, -2908, -1889, -27, 153, 153, 153
L -2908, -1889, -27, -2799, -1890, -25, 153, 153, 153
L -2799, -1890, -25, -2731, -1946, -25, 153, 153, 153
L -2731, -1946, -25, -2687, -1992, -20, 153, 153, 153
L -2687, -1992, -20, -2597, -1992, -25, 153, 153, 153
L -2597, -1992, -25, -2562, -1958, -24, 153, 153, 153
L -2562, -1958, -24, -2544, -1923, -28, 153, 153, 153
L -2544, -1923, -28, -2500, -1897, -26, 153, 153, 153
L -2500, -1897, -26, -2455, -1908, -29, 153, 153, 153
L -2455, -1908, -29, -2437, -1937, -26, 153, 153, 153
L -2437, -1937, -26, -2424, -2035, -28, 153, 153, 153
L -2424, -2035, -28, -2388, -2085, -10, 153, 153, 153
L -2388, -2085, -10, -2387, -2085, -11, 153, 153, 153
L -2387, -2085, -11, -2352, -2034, -18, 153, 153, 153
L -2352, -2034, -18, -2325, -2011, -23, 153, 153, 153
L -2325, -2011, -23, -2257, -1956, -25, 153, 153, 153
L -2257, -1956, -25, -2248, -1916, -29, 153, 153, 153
L -2248, -1916, -29, -2199, -1896, -26, 153, 153, 153
L -2199, -1896, -26, -2008, -1893, -26, 153, 153, 153
L -2008, -1893, -26, -1962, -1905, -28, 153, 153, 153
L -1962, -1905, -28, -1925, -1950, -26, 153, 153, 153
L -1925, -1950, -26, -1892, -1981, -30, 153, 153, 153
L -1892, -1981, -30, -1799, -1991, -27, 153, 153, 153
L -1799, -1991, -27, -1772, -1985, -27, 153, 153, 153
L -1772, -1985, -27, -1642, -1964, -47, 153, 153, 153
L -1642, -1964, -47, -1591, -1961, -53, 153, 153, 153
L -1591, -1961, -53, -1499, -1960, -53, 153, 153, 153
L -1499, -1960, -53, -1489, -1911, -52, 153, 153, 153
L -1489, -1911, -52, -1482, -1834, -52, 153, 153, 153
L -1482, -1834, -52, -1474, -1767, -55, 153, 153, 153
L -1423, -1776, -606, -1423, -1776, -60, 153, 153, 153
L -1423, -1776, -60, -1405, -1814, -52, 153, 153, 153
L -1405, -1814, -52, -1401, -1863, -56, 153, 153, 153
L -1401, -1863, -56, -1393, -1907, -56, 153, 153, 153
L -1393, -1907, -56, -1388, -1956, -52, 153, 153, 153
L -1388, -1956, -52, -1350, -1968, -56, 153, 153, 153
L -1350, -1968, -56, -1303, -1960, -53, 153, 153, 153
L -1303, -1960, -53, -1247, -1959, -53, 153, 153, 153
L -1247, -1959, -53, -1189, -1960, -53, 153, 153, 153
L -1189, -1960, -53, -1093, -2054, -52, 153, 153, 153
L -1093, -2054, -52, -1085, -2056, -52, 153, 153, 153
L -1085, -2056, -52, -1012, -2062, -54, 153, 153, 153
L -1012, -2062, -54, -985, -2159, -51, 153, 153, 153
L -985, -2159, -51, -976, -2166, -50, 153, 153, 153
L -976, -2166, -50, -889, -2197, -26, 153, 153, 153
L -889, -2197, -26, -846, -2206, -30, 153, 153, 153
L -846, -2206, -30, -831, -2244, -26, 153, 153, 153
L -831, -2244, -26, -825, -2346, -26, 153, 153, 153
L -825, -2346, -26, -793, -2388, -22, 153, 153, 153
L -793, -2388, -22, -768, -2394, -27, 153, 153, 153
L -768, -2394, -27, -754, -2366, -28, 153, 153, 153
L -754, -2366, -28, -738, -2323, -29, 153, 153, 153
L -738, -2323, -29, -696, -2297, -26, 153, 153, 153
L -696, -2297, -26, -673, -2274, -25, 153, 153, 153
L -673, -2274, -25, -640, -2218, -30, 153, 153, 153
L -640, -2218, -30, -606, -2200, -27, 153, 153, 153
L -606, -2200, -27, -403, -2191, -26, 153, 153, 153
L -403, -2191, -26, -366, -2197, -28, 153, 153, 153
L -366, -2197, -28, -327, -2244, -27, 153, 153, 153
L -327, -2244, -27, -292, -2292, -27, 153, 153, 153
L -292, -2292, -27, -146, -2290, -26, 153, 153, 153
L -146, -2290, -26, -56, -2302, -30, 153, 153, 153
L -56, -2302, -30, -27, -2356, -25, 153, 153, 153
L -27, -2356, -25, -4, -2379, -26, 153, 153, 153
L -4, -2379, -26, 352, -2394, -25, 153, 153, 153
L 352, -2394, -25, 448, -2409, -29, 153, 153, 153
L 448, -2409, -29, 468, -2451, -26, 153, 153, 153
L 468, -2451, -26, 514, -2499, -68, 153, 153, 153
L 514, -2499, -68, 584, -2502, -107, 153, 153, 153
L -3846, -2648, -1716, -3846, -2648, -171, 0, 0, 255
L -3846, -2648, -171, -3817, -2646, -171, 0, 0, 255
L -3817, -2646, -171, -3713, -2652, -170, 0, 0, 255
L -3713, -2652, -170, -3597, -2694, -174, 0, 0, 255
L -3597, -2694, -174, -3556, -2660, -174, 0, 0, 255
L -3556, -2660, -174, -3554, -2603, -174, 0, 0, 255
L -3554, -2603, -174, -3553, -2382, -174, 0, 0, 255
L -3553, -2382, -174, -3561, -2292, -174, 0, 0, 255
L -3561, -2292, -174, -3559, -2213, -173, 0, 0, 255
L -3559, -2213, -173, -3454, -2197, -173, 0, 0, 255
L -3454, -2197, -173, -3412, -2166, -174, 0, 0, 255
L -3412, -2166, -174, -3398, -2145, -175, 0, 0, 255
L -3398, -2145, -175, -3313, -2143, -174, 0, 0, 255
L -3313, -2143, -174, -3303, -2060, -175, 0, 0, 255
L -3303, -2060, -175, -3282, -2049, -174, 0, 0, 255
L -3282, -2049, -174, -3261, -2086, -175, 0, 0, 255
L -3261, -2086, -175, -3261, -2155, -175, 0, 0, 255
L -3261, -2155, -175, -3184, -2161, -172, 0, 0, 255
L -3184, -2161, -172, -3091, -2166, -173, 0, 0, 255
L -3091, -2166, -173, -3084, -2154, -173, 0, 0, 255
L -3084, -2154, -173, -3067, -2084, -174, 0, 0, 255
L -3067, -2084, -174, -3037, -2067, -174, 0, 0, 255
L -3037, -2067, -174, -2994, -2037, -174, 0, 0, 255
L -2994, -2037, -174, -2935, -2028, -174, 0, 0, 255
L -2935, -2028, -174, -2835, -2050, -175, 0, 0, 255
L -2835, -2050, -175, -2780, -2069, -175, 0, 0, 255
L -2780, -2069, -175, -2696, -2118, -174, 0, 0, 255
L -2696, -2118, -174, -2599, -2124, -174, 0, 0, 255
L -2599, -2124, -174, -2564, -2137, -172, 0, 0, 255
L -2564, -2137, -172, -2499, -2174, -175, 0, 0, 255
L -2499, -2174, -175, -2390, -2170, -173, 0, 0, 255
L -2390, -2170, -173, -2321, -2135, -173, 0, 0, 255
L -2321, -2135, -173, -2264, -2105, -173, 0, 0, 255
L -2264, -2105, -173, -2230, -2070, -175, 0, 0, 255
L -2230, -2070, -175, -2207, -2019, -172, 0, 0, 255
L -2207, -2019, -172, -2016, -2033, -172, 0, 0, 255
L -2016, -2033, -172, -1916, -2101, -174, 0, 0, 255
L -1916, -2101, -174, -1802, -2133, -174, 0, 0, 255
L -1802, -2133, -174, -1724, -2135, -173, 0, 0, 255
L -1724, -2135, -173, -1669, -2119, -175, 0, 0, 255
L -1669, -2119, -175, -1614, -2051, -174, 0, 0, 255
L -1614, -2051, -174, -1531, -2066, -174, 0, 0, 255
L -1531, -2066, -174, -1428, -2086, -175, 0, 0, 255
L -1428, -2086, -175, -1318, -2050, -174, 0, 0, 255
L -1318, -2050, -174, -1196, -2088, -173, 0, 0, 255
L -1196, -2088, -173, -1154, -2128, -173, 0, 0, 255
L -1154, -2128, -173, -1092, -2172, -171, 0, 0, 255
L -1092, -2172, -171, -1036, -2237, -171, 0, 0, 255
L -1036, -2237, -171, -1000, -2293, -173, 0, 0, 255
L -1000, -2293, -173, -943, -2342, -174, 0, 0, 255
L -943, -2342, -174, -912, -2407, -174, 0, 0, 255
L -912, -2407, -174, -899, -2464, -173, 0, 0, 255
L -899, -2464, -173, -877, -2479, -174, 0, 0, 255
L -877, -2479, -174, -856, -2456, -174, 0, 0, 255
L -856, -2456, -174, -777, -2439, -170, 0, 0, 255
L -777, -2439, -170, -722, -2412, -171, 0, 0, 255
L -722, -2412, -171, -686, -2405, -174, 0, 0, 255
L -686, -2405, -174, -605, -2367, -173, 0, 0, 255
L -605, -2367, -173, -552, -2349, -175, 0, 0, 255
L -552, -2349, -175, -396, -2358, -174, 0, 0, 255
L -396, -2358, -174, -335, -2380, -173, 0, 0, 255
L -335, -2380, -173, -271, -2398, -172, 0, 0, 255
L -271, -2398, -172, -200, -2381, -174, 0, 0, 255
L -200, -2381, -174, -136, -2425, -172, 0, 0, 255
L -136, -2425, -172, -101, -2479, -174, 0, 0, 255
L -101, -2479, -174, -38, -2511, -175, 0, 0, 255
L -38, -2511, -175, 47, -2508, -175, 0, 0, 255
L 47, -2508, -175, 84, -2518, -174, 0, 0, 255
L 84, -2518, -174, 140, -2531, -174, 0, 0, 255
L 140, -2531, -174, 260, -2519, -174, 0, 0, 255
L 260, -2519, -174, 329, -2547, -175, 0, 0, 255
L 329, -2547, -175, 353, -2591, -175, 0, 0, 255
L 353, -2591, -175, 391, -2654, -174, 0, 0, 255
L 391, -2654, -174, 405, -2666, -173, 0, 0, 255
L 405, -2666, -173, 520, -2673, -175, 0, 0, 255
L 520, -2673, -175, 609, -2676, -174, 0, 0, 255
L 609, -2676, -174, 624, -2681, -172, 0, 0, 255
L 624, -2681, -172, 669, -2638, -173, 0, 0, 255
L 669, -2638, -173, 708, -2634, -171, 0, 0, 255
L 708, -2634, -171, 776, -2715, -169, 0, 0, 255
L 776, -2715, -169, 797, -2768, -175, 0, 0, 255
L 797, -2768, -175, 802, -2825, -174, 0, 0, 255
L 802, -2825, -174, 884, -2915, -168, 0, 0, 255
L 884, -2915, -168, 939, -2952, -178, 0, 0, 255
L 939, -2952, -178, 939, -3821, -179, 0, 0, 255
L 939, -3821, -179, -3841, -3829, -179, 0, 0, 255
L -3841, -3829, -179, -3846, -2649, -172, 0, 0, 255
L -2587, -3663, -1651, -2587, -3663, -165, 153, 153, 153
L -2587, -3663, -165, -2501, -3573, -170, 153, 153, 153
L -2501, -3573, -170, -2470, -3500, -171, 153, 153, 153
L -2470, -3500, -171, -2462, -3477, -171, 153, 153, 153
L -2462, -3477, -171, -2450, -3430, -170, 153, 153, 153
L -2450, -3430, -170, -2453, -3361, -171, 153, 153, 153
L -2453, -3361, -171, -2483, -3276, -172, 153, 153, 153
L -2483, -3276, -172, -2510, -3217, -171, 153, 153, 153
L -2510, -3217, -171, -2550, -3127, -172, 153, 153, 153
L -2550, -3127, -172, -2504, -3127, -193, 153, 153, 153
L -2504, -3127, -193, -2503, -3098, -200, 153, 153, 153
L -2503, -3098, -200, -2557, -3097, -177, 153, 153, 153
L -2557, -3097, -177, -2595, -3097, -152, 153, 153, 153
L -2595, -3097, -152, -2633, -3097, -148, 153, 153, 153
L -2633, -3097, -148, -2721, -3100, -152, 153, 153, 153
L -2721, -3100, -152, -2722, -3126, -149, 153, 153, 153
L -2722, -3126, -149, -2636, -3127, -141, 153, 153, 153
L -2636, -3127, -141, -2554, -3127, -169, 153, 153, 153
L -2554, -3127, -169, -2541, -3127, -178, 153, 153, 153
L -2559, -3097, -1757, -2559, -3097, -175, 153, 153, 153
L -2559, -3097, -175, -2568, -3082, -174, 153, 153, 153
L -2568, -3082, -174, -2567, -3066, -175, 153, 153, 153
L -2567, -3066, -175, -2585, -3049, -174, 153, 153, 153
L -2585, -3049, -174, -2672, -3041, -172, 153, 153, 153
L -2672, -3041, -172, -2775, -3046, -169, 153, 153, 153
L -2775, -3046, -169, -2816, -3054, -171, 153, 153, 153
L -2816, -3054, -171, -2858, -3097, -173, 153, 153, 153
L -2858, -3097, -173, -2932, -3097, -179, 153, 153, 153
L -2932, -3097, -179, -2943, -3120, -176, 153, 153, 153
L -2943, -3120, -176, -2761, -3127, -148, 153, 153, 153
L -2761, -3127, -148, -2762, -3098, -154, 153, 153, 153
L -2762, -3098, -154, -2892, -3097, -175, 153, 153, 153
L -2940, -3127, -1749, -2940, -3127, -174, 153, 153, 153
L -2940, -3127, -174, -2938, -3144, -173, 153, 153, 153
L -2938, -3144, -173, -2944, -3191, -172, 153, 153, 153
L -2944, -3191, -172, -2987, -3230, -173, 153, 153, 153
L -2987, -3230, -173, -3013, -3243, -176, 153, 153, 153
L -3013, -3243, -176, -3011, -3259, -173, 153, 153, 153
L -3011, -3259, -173, -3065, -3350, -173, 153, 153, 153
L -3065, -3350, -173, -3065, -3386, -174, 153, 153, 153
L -3065, -3386, -174, -3062, -3443, -173, 153, 153, 153
L -3062, -3443, -173, -2968, -3559, -174, 153, 153, 153
L -2968, -3559, -174, -2982, -3636, -171, 153, 153, 153
L -2982, -3636, -171, -2988, -3655, -171, 153, 153, 153
L -2988, -3655, -171, -2928, -3692, -172, 153, 153, 153
L -2928, -3692, -172, -2816, -3689, -167, 153, 153, 153
L -2816, -3689, -167, -2698, -3660, -170, 153, 153, 153
L -2698, -3660, -170, -2615, -3668, -170, 153, 153, 153
L -2615, -3668, -170, -2588, -3665, -167, 153, 153, 153
L -2091, -3428, -1752, -2091, -3428, -175, 153, 153, 153
L -2091, -3428, -175, -2019, -3427, -175, 153, 153, 153
L -2019, -3427, -175, -1994, -3422, -175, 153, 153, 153
L -1994, -3422, -175, -1943, -3414, -175, 153, 153, 153
L -1943, -3414, -175, -1919, -3362, -175, 153, 153, 153
L -1919, -3362, -175, -1906, -3263, -175, 153, 153, 153
L -1906, -3263, -175, -1900, -3183, -174, 153, 153, 153
L -1900, -3183, -174, -1916, -3081, -175, 153, 153, 153
L -1916, -3081, -175, -1973, -3049, -175, 153, 153, 153
L -1973, -3049, -175, -2081, -3051, -173, 153, 153, 153
L -2081, -3051, -173, -2211, -3117, -174, 153, 153, 153
L -2211, -3117, -174, -2220, -3207, -176, 153, 153, 153
L -2220, -3207, -176, -2222, -3317, -174, 153, 153, 153
L -2222, -3317, -174, -2131, -3419, -171, 153, 153, 153
L -2131, -3419, -171, -2086, -3430, -175, 153, 153, 153
L 939, -2948, -1742, 939, -2948, -174, 153, 153, 153
L 939, -2948, -174, 939, -2302, 63, 153, 153, 153
L 939, -2302, 63, 862, -2173, 37, 153, 153, 153
L 862, -2173, 37, 530, -2138, 60, 153, 153, 153
L 530, -2138, 60, 192, -2058, 35, 153, 153, 153
L 192, -2058, 35, 146, -1792, 58, 153, 153, 153
L 146, -1792, 58, -12, -1516, 70, 153, 153, 153
L -12, -1516, 70, -164, -1437, 56, 153, 153, 153
L -164, -1437, 56, 20, -1411, 78, 153, 153, 153
L 20, -1411, 78, 206, -1466, 62, 153, 153, 153
L 206, -1466, 62, 254, -1724, 81, 153, 153, 153
L 254, -1724, 81, 267, -1788, 90, 153, 153, 153
L 267, -1788, 90, 303, -1961, 88, 153, 153, 153
L 303, -1961, 88, 438, -2010, 92, 153, 153, 153
L 438, -2010, 92, 641, -2017, 86, 153, 153, 153
L 641, -2017, 86, 641, -1717, 62, 153, 153, 153
L 641, -1717, 62, 641, 516, 69, 153, 153, 153
L 641, 516, 69, 696, 925, 47, 153, 153, 153
L 696, 925, 47, 753, 919, 82, 153, 153, 153
L 753, 919, 82, 988, 1015, 69, 153, 153, 153
L 988, 1015, 69, 1122, 1066, 48, 153, 153, 153
L 1122, 1066, 48, 1215, 1173, 32, 153, 153, 153
L 1215, 1173, 32, 1213, 1375, 33, 153, 153, 153
L 1213, 1375, 33, 1211, 1570, 40, 153, 153, 153
L 1211, 1570, 40, 1225, 1674, 41, 153, 153, 153
L 1225, 1674, 41, 1248, 1723, 44, 153, 153, 153
L 1248, 1723, 44, 1258, 1745, 41, 153, 153, 153
L 1169, 2132, 253, 1169, 2132, 25, 153, 153, 153
L 1169, 2132, 25, 1259, 2117, 20, 153, 153, 153
L 1183, 2130, 231, 1183, 2130, 23, 153, 153, 153
L 1183, 2130, 23, 1002, 2160, 73, 153, 153, 153
L 1002, 2160, 73, 870, 2035, 81, 153, 153, 153
L 870, 2035, 81, 875, 1736, 71, 153, 153, 153
L 875, 1736, 71, 876, 1635, 66, 153, 153, 153
L 876, 1635, 66, 812, 1450, 62, 153, 153, 153
L 812, 1450, 62, 770, 1504, 63, 153, 153, 153
L 770, 1504, 63, 758, 1544, 78, 153, 153, 153
L 758, 1544, 78, 762, 1665, 117, 153, 153, 153
L 762, 1665, 117, 757, 1839, 64, 153, 153, 153
L 757, 1839, 64, 752, 2018, 78, 153, 153, 153
L 752, 2018, 78, 758, 2187, 65, 153, 153, 153
L 758, 2187, 65, 821, 2281, 46, 153, 153, 153
L 821, 2281, 46, 947, 2395, 27, 153, 153, 153
L 947, 2395, 27, 1035, 2295, 67, 153, 153, 153
L 1035, 2295, 67, 1146, 2325, 65, 153, 153, 153
L 1146, 2325, 65, 1184, 2356, 83, 153, 153, 153
L 1184, 2356, 83, 1189, 2448, 85, 153, 153, 153
L 1189, 2448, 85, 1144, 2449, 81, 153, 153, 153
L 1144, 2449, 81, 1061, 2450, 68, 153, 153, 153
L 1061, 2450, 68, 865, 2453, 45, 153, 153, 153
L 865, 2453, 45, 530, 2458, 46, 153, 153, 153
L 530, 2458, 46, 308, 2461, 53, 153, 153, 153
L 308, 2461, 53, 84, 2465, 56, 153, 153, 153
L 84, 2465, 56, -283, 2566, 51, 153, 153, 153
L -283, 2566, 51, -239, 2700, 60, 153, 153, 153
L -239, 2700, 60, -258, 2840, 61, 153, 153, 153
L -258, 2840, 61, -282, 3013, 68, 153, 153, 153
L -282, 3013, 68, -336, 3050, 78, 153, 153, 153
L -336, 3050, 78, -485, 3067, 61, 153, 153, 153
L -485, 3067, 61, -725, 3095, 59, 153, 153, 153
L -725, 3095, 59, -843, 3216, 38, 153, 153, 153
L -843, 3216, 38, -882, 3367, 38, 153, 153, 153
L -3846, -2600, -88, -3846, -2600, -8, 153, 153, 153
L -3846, -2600, -8, -3847, -2373, 64, 153, 153, 153
L -3847, -2373, 64, -3848, -2173, 59, 153, 153, 153
L -3848, -2173, 59, -3829, -1878, 62, 153, 153, 153
L -3829, -1878, 62, -3677, -1814, 63, 153, 153, 153
L -3677, -1814, 63, -3527, -1788, 70, 153, 153, 153
L -3527, -1788, 70, -3376, -1737, 81, 153, 153, 153
L -3376, -1737, 81, -3262, -1663, 80, 153, 153, 153
L -3262, -1663, 80, -3258, -1541, 81, 153, 153, 153
L -3258, -1541, 81, -3273, -1404, 51, 153, 153, 153
L -3273, -1404, 51, -3356, -1382, 3, 153, 153, 153
L -3356, -1382, 3, -3325, -1495, 65, 153, 153, 153
L -3325, -1495, 65, -3327, -1567, 68, 153, 153, 153
L -3327, -1567, 68, -3392, -1673, 85, 153, 153, 153
L -3392, -1673, 85, -3508, -1695, 54, 153, 153, 153
L -3508, -1695, 54, -3668, -1725, 83, 153, 153, 153
L -3668, -1725, 83, -3772, -1759, 142, 153, 153, 153
L -3772, -1759, 142, -3850, -1744, 82, 153, 153, 153
L -3850, -1744, 82, -3890, -1633, 18, 153, 153, 153
L -3890, -1633, 18, -4012, -1672, 41, 153, 153, 153
L -4012, -1672, 41, -4087, -1667, 35, 153, 153, 153
L -4087, -1667, 35, -4255, -1658, 20, 153, 153, 153
L -4255, -1658, 20, -4306, -1655, 19, 153, 153, 153
L -3658, 2543, 78, -3602, 2608, 7, 153, 153, 153
L -3602, 2608, 7, -3567, 2573, 7, 153, 153, 153
L -3567, 2573, 7, -3587, 2550, 8, 153, 153, 153
L -3587, 2550, 8, -3588, 2544, 8, 153, 153, 153
L -3588, 2544, 8, -3545, 2498, 7, 153, 153, 153
L -3545, 2498, 7, -3562, 2477, 7, 153, 153, 153
L -3562, 2477, 7, -3617, 2516, 7, 153, 153, 153
L -3617, 2516, 7, -3655, 2474, 7, 153, 153, 153
L -3655, 2474, 7, -3705, 2473, 7, 153, 153, 153
L -3705, 2473, 7, -3711, 2408, 7, 153, 153, 153
L -3711, 2408, 7, -3737, 2406, 7, 153, 153, 153
L -3628, 2639, 78, -3685, 2568, 7, 153, 153, 153
L -3685, 2568, 7, -3687, 2567, 7, 153, 153, 153
L -3628, 2639, 78, -3545, 2743, 7, 153, 153, 153
L -3517, 2711, 78, -3517, 2725, 7, 153, 153, 153
L -3517, 2711, 78, -3572, 2644, 7, 153, 153, 153
L -3572, 2644, 7, -3537, 2607, 7, 153, 153, 153
L -3537, 2607, 7, -3524, 2619, 8, 153, 153, 153
L -3524, 2619, 8, -3520, 2624, 8, 153, 153, 153
L -3520, 2624, 8, -3466, 2585, 7, 153, 153, 153
L -3466, 2585, 7, -3447, 2604, 7, 153, 153, 153
L -3447, 2604, 7, -3493, 2655, 7, 153, 153, 153
L -3493, 2655, 7, -3445, 2708, 7, 153, 153, 153
L -3445, 2708, 7, -3445, 2756, 7, 153, 153, 153
L -3445, 2756, 7, -3379, 2762, 7, 153, 153, 153
L -3379, 2762, 7, -3378, 2789, 7, 153, 153, 153
L -3266, 2714, 78, -3277, 2702, 7, 153, 153, 153
L -3277, 2702, 7, -3279, 2702, 7, 153, 153, 153
L -3279, 2702, 7, -3283, 2705, 7, 153, 153, 153
L -3283, 2705, 7, -3269, 2722, 7, 153, 153, 153
L -3269, 2722, 7, -3225, 2722, 7, 153, 153, 153
L -3225, 2722, 7, -3194, 2691, 7, 153, 153, 153
L -3194, 2691, 7, -3193, 2649, 7, 153, 153, 153
L -3193, 2649, 7, -3151, 2608, 7, 153, 153, 153
L -3151, 2608, 7, -3098, 2611, 7, 153, 153, 153
L -3098, 2611, 7, -3089, 2602, 7, 153, 153, 153
L -3089, 2602, 7, -3099, 2590, 7, 153, 153, 153
L -3099, 2590, 7, -3100, 2590, 7, 153, 153, 153
L -3100, 2590, 7, -3107, 2594, 7, 153, 153, 153
L -3107, 2594, 7, -3153, 2590, 7, 153, 153, 153
L -3153, 2590, 7, -3154, 2601, 7, 153, 153, 153
L -3154, 2601, 7, -3194, 2642, 7, 153, 153, 153
L -3194, 2642, 7, -3208, 2630, 7, 153, 153, 153
L -3208, 2630, 7, -3213, 2635, 7, 153, 153, 153
L -3213, 2635, 7, -3208, 2642, 7, 153, 153, 153
L -3208, 2642, 7, -3216, 2651, 7, 153, 153, 153
L -3216, 2651, 7, -3213, 2657, 7, 153, 153, 153
L -3213, 2657, 7, -3212, 2684, 8, 153, 153, 153
L -3212, 2684, 8, -3231, 2703, 7, 153, 153, 153
L -3231, 2703, 7, -3255, 2704, 7, 153, 153, 153
L -3255, 2704, 7, -3258, 2714, 7, 153, 153, 153
L -3258, 2714, 7, -3266, 2714, 7, 153, 153, 153
L -3258, 2714, 78, -3228, 2714, 23, 153, 153, 153
L -3228, 2714, 23, -3201, 2687, 33, 153, 153, 153
L -3201, 2687, 33, -3201, 2649, 48, 153, 153, 153
L -3201, 2649, 48, -3213, 2637, 48, 153, 153, 153
L -3085, 2573, 78, -3089, 2577, 7, 153, 153, 153
L -3089, 2577, 7, -3078, 2589, 7, 153, 153, 153
L -3078, 2589, 7, -3067, 2581, 7, 153, 153, 153
L -3067, 2581, 7, -3071, 2528, 7, 153, 153, 153
L -3071, 2528, 7, -3030, 2486, 7, 153, 153, 153
L -3030, 2486, 7, -3006, 2469, 7, 153, 153, 153
L -3006, 2469, 7, -2982, 2479, 7, 153, 153, 153
L -2982, 2479, 7, -2967, 2466, 7, 153, 153, 153
L -2967, 2466, 7, -2926, 2508, 7, 153, 153, 153
L -2926, 2508, 7, -2908, 2491, 7, 153, 153, 153
L -2908, 2491, 7, -2912, 2487, 7, 153, 153, 153
L -2912, 2487, 7, -2925, 2499, 8, 153, 153, 153
L -2925, 2499, 8, -2967, 2457, 7, 153, 153, 153
L -2967, 2457, 7, -2983, 2471, 7, 153, 153, 153
L -2983, 2471, 7, -3007, 2461, 7, 153, 153, 153
L -3007, 2461, 7, -3031, 2478, 7, 153, 153, 153
L -3031, 2478, 7, -3043, 2466, 7, 153, 153, 153
L -3043, 2466, 7, -3049, 2471, 7, 153, 153, 153
L -3049, 2471, 7, -3038, 2484, 7, 153, 153, 153
L -3038, 2484, 7, -3078, 2525, 7, 153, 153, 153
L -3078, 2525, 7, -3074, 2578, 26, 153, 153, 153
L -3074, 2578, 26, -3099, 2603, 36, 153, 153, 153
L -3099, 2603, 36, -3153, 2601, 47, 153, 153, 153
L -3085, 2573, 78, -3088, 2526, 7, 153, 153, 153
L -3088, 2526, 7, -3078, 2525, 7, 153, 153, 153
L -3085, 2573, 78, -3107, 2594, 7, 153, 153, 153
L -3304, 2675, 78, -3291, 2689, 7, 153, 153, 153
L -3291, 2689, 7, -3296, 2694, 7, 153, 153, 153
L -3296, 2694, 7, -3312, 2679, 7, 153, 153, 153
L -3312, 2679, 7, -3312, 2634, 7, 153, 153, 153
L -3312, 2634, 7, -3318, 2627, 7, 153, 153, 153
L -3318, 2627, 7, -3309, 2618, 7, 153, 153, 153
L -3309, 2618, 7, -3298, 2628, 7, 153, 153, 153
L -3298, 2628, 7, -3304, 2637, 7, 153, 153, 153
L -3304, 2637, 7, -3304, 2675, 7, 153, 153, 153
L -3240, 2610, 78, -3225, 2624, 7, 153, 153, 153
L -3225, 2624, 7, -3219, 2619, 7, 153, 153, 153
L -3219, 2619, 7, -3231, 2606, 7, 153, 153, 153
L -3231, 2606, 7, -3190, 2566, 7, 153, 153, 153
L -3190, 2566, 7, -3192, 2513, 7, 153, 153, 153
L -3192, 2513, 7, -3186, 2505, 7, 153, 153, 153
L -3186, 2505, 7, -3189, 2501, 7, 153, 153, 153
L -3189, 2501, 7, -3199, 2509, 7, 153, 153, 153
L -3199, 2509, 7, -3197, 2562, 7, 153, 153, 153
L -3197, 2562, 7, -3237, 2602, 7, 153, 153, 153
L -3237, 2602, 7, -3280, 2602, 7, 153, 153, 153
L -3280, 2602, 7, -3287, 2596, 7, 153, 153, 153
L -3287, 2596, 7, -3297, 2606, 7, 153, 153, 153
L -3297, 2606, 7, -3287, 2617, 7, 153, 153, 153
L -3287, 2617, 7, -3273, 2610, 7, 153, 153, 153
L -3273, 2610, 7, -3240, 2610, 7, 153, 153, 153
L -3191, 2501, 78, -3197, 2496, 7, 153, 153, 153
L -3197, 2496, 7, -3204, 2504, 7, 153, 153, 153
L -3204, 2504, 7, -3199, 2509, 7, 153, 153, 153
L -3205, 2502, 78, -3213, 2494, 7, 153, 153, 153
L -3213, 2494, 7, -3205, 2487, 7, 153, 153, 153
L -3205, 2487, 7, -3198, 2495, 7, 153, 153, 153
L -3198, 2495, 7, -3205, 2502, 7, 153, 153, 153
L -3178, 2489, 78, -3178, 2489, 7, 153, 153, 153
L -3178, 2489, 7, -3174, 2493, 7, 153, 153, 153
L -3174, 2493, 7, -3166, 2487, 7, 153, 153, 153
L -3166, 2487, 7, -3115, 2489, 7, 153, 153, 153
L -3115, 2489, 7, -3073, 2449, 7, 153, 153, 153
L -3073, 2449, 7, -3060, 2460, 7, 153, 153, 153
L -3060, 2460, 7, -3055, 2455, 7, 153, 153, 153
L -3055, 2455, 7, -3066, 2442, 7, 153, 153, 153
L -3066, 2442, 7, -2988, 2363, 7, 153, 153, 153
L -2988, 2363, 7, -2975, 2375, 7, 153, 153, 153
L -2975, 2375, 7, -2970, 2370, 7, 153, 153, 153
L -2970, 2370, 7, -2981, 2356, 7, 153, 153, 153
L -2981, 2356, 7, -2981, 2351, 7, 153, 153, 153
L -2981, 2351, 7, -2945, 2315, 7, 153, 153, 153
L -2945, 2315, 7, -2942, 2270, 7, 153, 153, 153
L -2942, 2270, 7, -2937, 2266, 7, 153, 153, 153
L -2937, 2266, 7, -2943, 2259, 7, 153, 153, 153
L -2943, 2259, 7, -2950, 2267, 7, 153, 153, 153
L -2950, 2267, 7, -2952, 2311, 7, 153, 153, 153
L -2952, 2311, 7, -2994, 2352, 7, 153, 153, 153
L -2994, 2352, 7, -2992, 2357, 7, 153, 153, 153
L -2992, 2357, 7, -3117, 2482, 7, 153, 153, 153
L -3117, 2482, 7, -3168, 2479, 7, 153, 153, 153
L -3168, 2479, 7, -3178, 2488, 8, 153, 153, 153
L -3178, 2488, 8, -3183, 2482, 7, 153, 153, 153
L -3183, 2482, 7, -3175, 2475, 7, 153, 153, 153
L -3175, 2475, 7, -3170, 2480, 7, 153, 153, 153
L -3177, 2474, 78, -3184, 2481, 7, 153, 153, 153
L -3184, 2481, 7, -3192, 2475, 7, 153, 153, 153
L -3192, 2475, 7, -3184, 2466, 7, 153, 153, 153
L -3184, 2466, 7, -3177, 2475, 7, 153, 153, 153
L -3177, 2475, 7, -3184, 2481, 7, 153, 153, 153
L -3142, 2475, 78, -3132, 2476, 7, 153, 153, 153
L -3132, 2476, 7, -3131, 2465, 7, 153, 153, 153
L -3131, 2465, 7, -3141, 2465, 7, 153, 153, 153
L -3141, 2465, 7, -3142, 2476, 7, 153, 153, 153
L -3142, 2476, 7, -3132, 2476, 7, 153, 153, 153
L -2921, 2250, 78, -2924, 2252, 7, 153, 153, 153
L -2924, 2252, 7, -2930, 2247, 7, 153, 153, 153
L -2930, 2247, 7, -2921, 2239, 7, 153, 153, 153
L -2921, 2239, 7, -2881, 2279, 7, 153, 153, 153
L -2881, 2279, 7, -2886, 2284, 7, 153, 153, 153
L -2886, 2284, 7, -2921, 2250, 7, 153, 153, 153
L -2856, 2330, 78, -2881, 2305, 7, 153, 153, 153
L -2881, 2305, 7, -2868, 2292, 7, 153, 153, 153
L -2868, 2292, 7, -2829, 2331, 7, 153, 153, 153
L -2829, 2331, 7, -2857, 2361, 7, 153, 153, 153
L -2857, 2361, 7, -2906, 2359, 7, 153, 153, 153
L -2906, 2359, 7, -2945, 2397, 7, 153, 153, 153
L -2945, 2397, 7, -2909, 2434, 7, 153, 153, 153
L -2909, 2434, 7, -2923, 2447, 7, 153, 153, 153
L -2923, 2447, 7, -2968, 2402, 7, 153, 153, 153
L -2968, 2402, 7, -2960, 2392, 8, 153, 153, 153
L -2960, 2392, 8, -2963, 2388, 7, 153, 153, 153
L -2963, 2388, 7, -2959, 2380, 7, 153, 153, 153
L -2959, 2380, 7, -2947, 2389, 7, 153, 153, 153
L -2947, 2389, 7, -2910, 2354, 7, 153, 153, 153
L -2910, 2354, 7, -2909, 2342, 7, 153, 153, 153
L -2909, 2342, 7, -2869, 2343, 7, 153, 153, 153
L -2869, 2343, 7, -2856, 2330, 7, 153, 153, 153
L -2910, 2353, 78, -2861, 2353, 24, 153, 153, 153
L -2861, 2353, 24, -2839, 2332, 32, 153, 153, 153
L -2839, 2332, 32, -2874, 2297, 47, 153, 153, 153
L -2960, 2391, 84, -2889, 2463, 47, 153, 153, 153
L -2899, 2472, 78, -2900, 2475, 7, 153, 153, 153
L -2900, 2475, 7, -2896, 2479, 7, 153, 153, 153
L -2896, 2479, 7, -2880, 2464, 7, 153, 153, 153
L -2880, 2464, 7, -2897, 2446, 7, 153, 153, 153
L -2897, 2446, 7, -2911, 2460, 7, 153, 153, 153
L -2911, 2460, 7, -2899, 2472, 7, 153, 153, 153
L -2899, 2472, 78, -2939, 2432, 7, 153, 153, 153
L -2982, 2562, 78, -2970, 2550, 7, 153, 153, 153
L -2970, 2550, 7, -2974, 2544, 7, 153, 153, 153
L -2974, 2544, 7, -2990, 2561, 7, 153, 153, 153
L -2990, 2561, 7, -2949, 2604, 7, 153, 153, 153
L -2949, 2604, 7, -2962, 2616, 7, 153, 153, 153
L -2962, 2616, 7, -2952, 2643, 7, 153, 153, 153
L -2952, 2643, 7, -2969, 2666, 7, 153, 153, 153
L -2969, 2666, 7, -2953, 2684, 7, 153, 153, 153
L -2953, 2684, 7, -2949, 2680, 7, 153, 153, 153
L -2949, 2680, 7, -2960, 2667, 7, 153, 153, 153
L -2960, 2667, 7, -2944, 2642, 7, 153, 153, 153
L -2944, 2642, 7, -2954, 2620, 7, 153, 153, 153
L -2954, 2620, 7, -2940, 2605, 7, 153, 153, 153
L -2940, 2605, 7, -2982, 2562, 7, 153, 153, 153
L -2955, 2535, 78, -2957, 2536, 7, 153, 153, 153
L -2957, 2536, 7, -2961, 2534, 7, 153, 153, 153
L -2961, 2534, 7, -2946, 2517, 7, 153, 153, 153
L -2946, 2517, 7, -2929, 2534, 7, 153, 153, 153
L -2929, 2534, 7, -2942, 2547, 7, 153, 153, 153
L -2942, 2547, 7, -2955, 2535, 7, 153, 153, 153
L -2904, 2557, 78, -2866, 2596, 7, 153, 153, 153
L -2866, 2596, 7, -2869, 2600, 7, 153, 153, 153
L -2869, 2600, 7, -2873, 2598, 7, 153, 153, 153
L -2873, 2598, 7, -2881, 2607, 7, 153, 153, 153
L -2881, 2607, 7, -2930, 2558, 7, 153, 153, 153
L -2930, 2558, 7, -2916, 2546, 7, 153, 153, 153
L -2916, 2546, 7, -2904, 2557, 7, 153, 153, 153
L -2873, 2598, 78, -2945, 2525, 47, 153, 153, 153
L -2945, 2525, 47, -2957, 2537, 48, 153, 153, 153
L -2957, 2537, 48, -2955, 2535, 7, 153, 153, 153
L -2955, 2535, 7, -2930, 2558, 7, 153, 153, 153
L -2846, 2625, 81, -2857, 2613, 7, 153, 153, 153
L -2857, 2613, 7, -2854, 2608, 7, 153, 153, 153
L -2854, 2608, 7, -2838, 2624, 10, 153, 153, 153
L -2838, 2624, 10, -2924, 2712, 7, 153, 153, 153
L -2924, 2712, 7, -2941, 2695, 7, 153, 153, 153
L -2941, 2695, 7, -2937, 2691, 7, 153, 153, 153
L -2937, 2691, 7, -2925, 2702, 7, 153, 153, 153
L -2925, 2702, 7, -2846, 2625, 8, 153, 153, 153
L -3024, 2682, 78, -3023, 2675, 7, 153, 153, 153
L -3023, 2675, 7, -3007, 2675, 7, 153, 153, 153
L -3007, 2675, 7, -3006, 2697, 7, 153, 153, 153
L -3006, 2697, 7, -3070, 2697, 7, 153, 153, 153
L -3070, 2697, 7, -3070, 2677, 7, 153, 153, 153
L -3070, 2677, 7, -3063, 2675, 7, 153, 153, 153
L -3063, 2675, 7, -3061, 2690, 7, 153, 153, 153
L -3061, 2690, 7, -3059, 2690, 7, 153, 153, 153
L -3059, 2690, 7, -3059, 2684, 7, 153, 153, 153
L -3059, 2684, 7, -3024, 2682, 7, 153, 153, 153
L -3061, 2690, 78, -3015, 2690, 25, 153, 153, 153
L -3015, 2690, 25, -3015, 2644, 42, 153, 153, 153
L -3015, 2644, 42, -3061, 2644, 42, 153, 153, 153
L -3061, 2644, 42, -3061, 2690, 42, 153, 153, 153
L -3024, 2682, 78, -3024, 2644, 7, 153, 153, 153
L -3024, 2644, 7, -3024, 2657, 7, 153, 153, 153
L -3024, 2657, 7, -3007, 2659, 7, 153, 153, 153
L -3007, 2659, 7, -3007, 2636, 7, 153, 153, 153
L -3007, 2636, 7, -3030, 2636, 7, 153, 153, 153
L -3030, 2636, 7, -3030, 2642, 7, 153, 153, 153
L -3030, 2642, 7, -3024, 2644, 7, 153, 153, 153
L -3061, 2644, 78, -3048, 2644, 7, 153, 153, 153
L -3048, 2644, 7, -3046, 2636, 7, 153, 153, 153
L -3046, 2636, 7, -3069, 2635, 7, 153, 153, 153
L -3069, 2635, 7, -3070, 2657, 7, 153, 153, 153
L -3070, 2657, 7, -3063, 2659, 7, 153, 153, 153
L -3063, 2659, 7, -3061, 2644, 7, 153, 153, 153
L -3212, 2547, 78, -3202, 2547, 7, 153, 153, 153
L -3202, 2547, 7, -3201, 2536, 7, 153, 153, 153
L -3201, 2536, 7, -3212, 2535, 7, 153, 153, 153
L -3212, 2535, 7, -3212, 2547, 7, 153, 153, 153
L -3167, 2244, 78, -3161, 2237, 7, 153, 153, 153
L -3161, 2237, 7, -3156, 2240, 7, 153, 153, 153
L -3156, 2240, 7, -3165, 2251, 7, 153, 153, 153
L -3165, 2251, 7, -3217, 2248, 7, 153, 153, 153
L -3217, 2248, 7, -3258, 2289, 7, 153, 153, 153
L -3258, 2289, 7, -3258, 2332, 7, 153, 153, 153
L -3258, 2332, 7, -3252, 2338, 8, 153, 153, 153
L -3252, 2338, 8, -3260, 2348, 9, 153, 153, 153
L -3260, 2348, 9, -3273, 2337, 7, 153, 153, 153
L -3273, 2337, 7, -3266, 2329, 7, 153, 153, 153
L -3266, 2329, 7, -3266, 2291, 7, 153, 153, 153
L -3266, 2291, 7, -3279, 2278, 7, 153, 153, 153
L -3279, 2278, 7, -3274, 2270, 7, 153, 153, 153
L -3274, 2270, 7, -3264, 2279, 7, 153, 153, 153
L -3264, 2279, 7, -3259, 2279, 7, 153, 153, 153
L -3259, 2279, 7, -3220, 2242, 7, 153, 153, 153
L -3220, 2242, 7, -3167, 2244, 7, 153, 153, 153
L -3296, 2246, 78, -3257, 2206, 7, 153, 153, 153
L -3257, 2206, 7, -3247, 2203, 7, 153, 153, 153
L -3247, 2203, 7, -3249, 2157, 7, 153, 153, 153
L -3249, 2157, 7, -3245, 2153, 7, 153, 153, 153
L -3245, 2153, 7, -3258, 2141, 7, 153, 153, 153
L -3258, 2141, 7, -3266, 2149, 7, 153, 153, 153
L -3266, 2149, 7, -3263, 2203, 7, 153, 153, 153
L -3263, 2203, 7, -3305, 2244, 7, 153, 153, 153
L -3305, 2244, 7, -3346, 2245, 7, 153, 153, 153
L -3346, 2245, 7, -3377, 2275, 7, 153, 153, 153
L -3377, 2275, 7, -3377, 2318, 7, 153, 153, 153
L -3377, 2318, 7, -3419, 2359, 7, 153, 153, 153
L -3419, 2359, 7, -3404, 2377, 7, 153, 153, 153
L -3404, 2377, 7, -3392, 2366, 7, 153, 153, 153
L -3392, 2366, 7, -3396, 2360, 7, 153, 153, 153
L -3396, 2360, 7, -3376, 2337, 10, 153, 153, 153
L -3376, 2337, 10, -3381, 2334, 10, 153, 153, 153
L -3381, 2334, 10, -3375, 2328, 7, 153, 153, 153
L -3375, 2328, 7, -3366, 2337, 7, 153, 153, 153
L -3366, 2337, 7, -3357, 2330, 7, 153, 153, 153
L -3357, 2330, 7, -3362, 2324, 7, 153, 153, 153
L -3362, 2324, 7, -3354, 2316, 7, 153, 153, 153
L -3354, 2316, 7, -3357, 2310, 7, 153, 153, 153
L -3357, 2310, 7, -3358, 2283, 9, 153, 153, 153
L -3358, 2283, 9, -3339, 2264, 7, 153, 153, 153
L -3339, 2264, 7, -3317, 2264, 7, 153, 153, 153
L -3317, 2264, 7, -3313, 2252, 8, 153, 153, 153
L -3313, 2252, 8, -3305, 2252, 7, 153, 153, 153
L -3305, 2252, 7, -3293, 2264, 7, 153, 153, 153
L -3293, 2264, 7, -3285, 2259, 7, 153, 153, 153
L -3285, 2259, 7, -3296, 2246, 7, 153, 153, 153
L -3330, 2356, 78, -3344, 2342, 7, 153, 153, 153
L -3344, 2342, 7, -3353, 2349, 7, 153, 153, 153
L -3353, 2349, 7, -3343, 2361, 7, 153, 153, 153
L -3343, 2361, 7, -3352, 2370, 7, 153, 153, 153
L -3352, 2370, 7, -3349, 2377, 7, 153, 153, 153
L -3349, 2377, 7, -3335, 2366, 7, 153, 153, 153
L -3335, 2366, 7, -3330, 2364, 7, 153, 153, 153
L -3330, 2364, 7, -3290, 2364, 7, 153, 153, 153
L -3290, 2364, 7, -3282, 2370, 8, 153, 153, 153
L -3282, 2370, 8, -3273, 2362, 9, 153, 153, 153
L -3273, 2362, 9, -3284, 2349, 8, 153, 153, 153
L -3284, 2349, 8, -3292, 2356, 7, 153, 153, 153
L -3292, 2356, 7, -3330, 2356, 7, 153, 153, 153
L -3369, 2387, 78, -3379, 2378, 7, 153, 153, 153
L -3379, 2378, 7, -3391, 2389, 7, 153, 153, 153
L -3391, 2389, 7, -3376, 2405, 7, 153, 153, 153
L -3376, 2405, 7, -3359, 2390, 7, 153, 153, 153
L -3359, 2390, 7, -3364, 2384, 7, 153, 153, 153
L -3364, 2384, 7, -3369, 2387, 7, 153, 153, 153
L -3256, 2206, 78, -3260, 2152, 26, 153, 153, 153
L -3260, 2152, 26, -3234, 2126, 36, 153, 153, 153
L -3234, 2126, 36, -3179, 2128, 46, 153, 153, 153
L -3183, 2123, 78, -3236, 2119, 7, 153, 153, 153
L -3236, 2119, 7, -3245, 2128, 7, 153, 153, 153
L -3245, 2128, 7, -3233, 2140, 7, 153, 153, 153
L -3233, 2140, 7, -3230, 2139, 7, 153, 153, 153
L -3230, 2139, 7, -3223, 2136, 7, 153, 153, 153
L -3223, 2136, 7, -3181, 2140, 7, 153, 153, 153
L -3181, 2140, 7, -3180, 2129, 7, 153, 153, 153
L -3180, 2129, 7, -3140, 2088, 7, 153, 153, 153
L -3140, 2088, 7, -3127, 2100, 7, 153, 153, 153
L -3127, 2100, 7, -3123, 2096, 7, 153, 153, 153
L -3123, 2096, 7, -3139, 2080, 7, 153, 153, 153
L -3139, 2080, 7, -3183, 2123, 7, 153, 153, 153
L -3230, 2139, 78, -3249, 2157, 7, 153, 153, 153
L -3103, 2124, 79, -3114, 2113, 7, 153, 153, 153
L -3114, 2113, 7, -3111, 2108, 8, 153, 153, 153
L -3111, 2108, 8, -3095, 2125, 8, 153, 153, 153
L -3095, 2125, 8, -3137, 2168, 7, 153, 153, 153
L -3137, 2168, 7, -3135, 2220, 7, 153, 153, 153
L -3135, 2220, 7, -3144, 2229, 7, 153, 153, 153
L -3144, 2229, 7, -3148, 2224, 7, 153, 153, 153
L -3148, 2224, 7, -3142, 2217, 7, 153, 153, 153
L -3142, 2217, 7, -3144, 2166, 7, 153, 153, 153
L -3144, 2166, 7, -3103, 2124, 7, 153, 153, 153
L -3487, 2224, 78, -3487, 2235, 7, 153, 153, 153
L -3487, 2235, 7, -3510, 2237, 7, 153, 153, 153
L -3510, 2237, 7, -3511, 2221, 7, 153, 153, 153
L -3511, 2221, 7, -3496, 2220, 7, 153, 153, 153
L -3496, 2220, 7, -3496, 2215, 7, 153, 153, 153
L -3496, 2215, 7, -3479, 2214, 7, 153, 153, 153
L -3479, 2214, 7, -3478, 2223, 7, 153, 153, 153
L -3478, 2223, 7, -3487, 2224, 7, 153, 153, 153
L -3487, 2178, 78, -3487, 2186, 7, 153, 153, 153
L -3487, 2186, 7, -3480, 2186, 7, 153, 153, 153
L -3480, 2186, 7, -3479, 2197, 7, 153, 153, 153
L -3479, 2197, 7, -3496, 2196, 7, 153, 153, 153
L -3496, 2196, 7, -3496, 2182, 7, 153, 153, 153
L -3496, 2182, 7, -3510, 2182, 7, 153, 153, 153
L -3510, 2182, 7, -3512, 2173, 7, 153, 153, 153
L -3512, 2173, 7, -3441, 2171, 7, 153, 153, 153
L -3441, 2171, 7, -3439, 2176, 7, 153, 153, 153
L -3439, 2176, 7, -3487, 2178, 7, 153, 153, 153
L -3405, 2171, 78, -3422, 2171, 7, 153, 153, 153
L -3422, 2171, 7, -3422, 2178, 7, 153, 153, 153
L -3422, 2178, 7, -3398, 2177, 7, 153, 153, 153
L -3398, 2177, 7, -3397, 2156, 7, 153, 153, 153
L -3397, 2156, 7, -3403, 2154, 7, 153, 153, 153
L -3403, 2154, 7, -3405, 2171, 7, 153, 153, 153
L -3405, 2120, 78, -3404, 2138, 7, 153, 153, 153
L -3404, 2138, 7, -3399, 2138, 7, 153, 153, 153
L -3399, 2138, 7, -3398, 2115, 7, 153, 153, 153
L -3398, 2115, 7, -3457, 2113, 7, 153, 153, 153
L -3457, 2113, 7, -3457, 2095, 7, 153, 153, 153
L -3457, 2095, 7, -3483, 2084, 7, 153, 153, 153
L -3483, 2084, 7, -3488, 2054, 7, 153, 153, 153
L -3488, 2054, 7, -3511, 2054, 7, 153, 153, 153
L -3511, 2054, 7, -3512, 2059, 7, 153, 153, 153
L -3512, 2059, 7, -3494, 2061, 7, 153, 153, 153
L -3494, 2061, 7, -3490, 2088, 7, 153, 153, 153
L -3490, 2088, 7, -3466, 2099, 7, 153, 153, 153
L -3466, 2099, 7, -3465, 2118, 7, 153, 153, 153
L -3465, 2118, 7, -3405, 2120, 7, 153, 153, 153
L -3544, 2061, 78, -3529, 2061, 7, 153, 153, 153
L -3529, 2061, 7, -3528, 2054, 7, 153, 153, 153
L -3528, 2054, 7, -3551, 2054, 7, 153, 153, 153
L -3551, 2054, 7, -3552, 2177, 7, 153, 153, 153
L -3552, 2177, 7, -3551, 2177, 7, 153, 153, 153
L -3551, 2177, 7, -3551, 2236, 7, 153, 153, 153
L -3551, 2236, 7, -3528, 2237, 8, 153, 153, 153
L -3528, 2237, 8, -3527, 2221, 7, 153, 153, 153
L -3527, 2221, 7, -3535, 2220, 7, 153, 153, 153
L -3535, 2220, 7, -3535, 2188, 7, 153, 153, 153
L -3535, 2188, 7, -3542, 2186, 8, 153, 153, 153
L -3542, 2186, 8, -3542, 2182, 7, 153, 153, 153
L -3542, 2182, 7, -3529, 2182, 7, 153, 153, 153
L -3529, 2182, 7, -3527, 2173, 7, 153, 153, 153
L -3527, 2173, 7, -3545, 2171, 7, 153, 153, 153
L -3545, 2171, 7, -3544, 2061, 7, 153, 153, 153
L -3542, 2182, 78, -3542, 2228, 25, 153, 153, 153
L -3542, 2228, 25, -3496, 2228, 42, 153, 153, 153
L -3496, 2228, 42, -3496, 2215, 42, 153, 153, 153
L -3496, 2220, 78, -3535, 2220, 7, 153, 153, 153
L -3389, 2081, 78, -3355, 2116, 7, 153, 153, 153
L -3355, 2116, 7, -3359, 2121, 7, 153, 153, 153
L -3359, 2121, 7, -3400, 2080, 7, 153, 153, 153
L -3400, 2080, 7, -3372, 2052, 7, 153, 153, 153
L -3372, 2052, 7, -3324, 2052, 7, 153, 153, 153
L -3324, 2052, 7, -3299, 2029, 50, 153, 153, 153
L -3299, 2029, 50, -3294, 2036, 45, 153, 153, 153
L -3294, 2036, 45, -3312, 2053, 7, 153, 153, 153
L -3312, 2053, 7, -3302, 2064, 7, 153, 153, 153
L -3302, 2064, 7, -3308, 2070, 7, 153, 153, 153
L -3308, 2070, 7, -3319, 2060, 7, 153, 153, 153
L -3319, 2060, 7, -3368, 2059, 7, 153, 153, 153
L -3368, 2059, 7, -3389, 2081, 7, 153, 153, 153
L -3307, 2163, 78, -3342, 2128, 7, 153, 153, 153
L -3342, 2128, 7, -3348, 2132, 7, 153, 153, 153
L -3348, 2132, 7, -3308, 2173, 7, 153, 153, 153
L -3308, 2173, 7, -3299, 2165, 7, 153, 153, 153
L -3299, 2165, 7, -3302, 2160, 7, 153, 153, 153
L -3302, 2160, 7, -3307, 2163, 7, 153, 153, 153
L -3287, 2143, 78, -3292, 2149, 7, 153, 153, 153
L -3292, 2149, 7, -3286, 2153, 7, 153, 153, 153
L -3286, 2153, 7, -3278, 2145, 7, 153, 153, 153
L -3278, 2145, 7, -3276, 2101, 7, 153, 153, 153
L -3276, 2101, 7, -3235, 2059, 7, 153, 153, 153
L -3235, 2059, 7, -3267, 2025, 42, 153, 153, 153
L -3267, 2025, 42, -3277, 2028, 46, 153, 153, 153
L -3277, 2028, 46, -3245, 2059, 7, 153, 153, 153
L -3245, 2059, 7, -3276, 2089, 7, 153, 153, 153
L -3276, 2089, 7, -3290, 2075, 7, 153, 153, 153
L -3290, 2075, 7, -3296, 2080, 7, 153, 153, 153
L -3296, 2080, 7, -3283, 2096, 7, 153, 153, 153
L -3283, 2096, 7, -3284, 2098, 7, 153, 153, 153
L -3284, 2098, 7, -3287, 2141, 7, 153, 153, 153
L -3004, 2089, 154, -2984, 2083, 15, 153, 153, 153
L -2984, 2083, 15, -2990, 2064, 16, 153, 153, 153
L -2990, 2064, 16, -3010, 2069, 15, 153, 153, 153
L -3010, 2069, 15, -3005, 2088, 15, 153, 153, 153
L -2908, 2052, 132, -2888, 2045, 13, 153, 153, 153
L -2888, 2045, 13, -2894, 2026, 13, 153, 153, 153
L -2894, 2026, 13, -2914, 2033, 13, 153, 153, 153
L -2914, 2033, 13, -2908, 2051, 13, 153, 153, 153
L -2814, 2015, 132, -2794, 2009, 13, 153, 153, 153
L -2794, 2009, 13, -2801, 1990, 13, 153, 153, 153
L -2801, 1990, 13, -2820, 1997, 13, 153, 153, 153
L -2820, 1997, 13, -2814, 2015, 13, 153, 153, 153
L -2812, 1956, 151, -2742, 2032, 11, 153, 153, 153
L -2742, 2032, 11, -2726, 2018, 9, 153, 153, 153
L -2726, 2018, 9, -2795, 1942, 15, 153, 153, 153
L -2795, 1942, 15, -2810, 1955, 15, 153, 153, 153
L -2733, 1959, 74, -2722, 1989, 7, 153, 153, 153
L -2722, 1989, 7, -2692, 1978, 6, 153, 153, 153
L -2692, 1978, 6, -2703, 1949, 3, 153, 153, 153
L -2703, 1949, 3, -2733, 1959, 7, 153, 153, 153
L -2649, 2112, 191, -2664, 2120, 19, 153, 153, 153
L -2664, 2120, 19, -2671, 2105, 13, 153, 153, 153
L -2671, 2105, 13, -2654, 2099, 14, 153, 153, 153
L -2654, 2099, 14, -2649, 2112, 19, 153, 153, 153
L -2748, 2132, 120, -2767, 2138, 12, 153, 153, 153
L -2767, 2138, 12, -2762, 2155, 12, 153, 153, 153
L -2762, 2155, 12, -2742, 2149, 12, 153, 153, 153
L -2742, 2149, 12, -2748, 2132, 12, 153, 153, 153
L -2843, 2166, 105, -2862, 2173, 10, 153, 153, 153
L -2862, 2173, 10, -2856, 2191, 9, 153, 153, 153
L -2856, 2191, 9, -2835, 2184, 9, 153, 153, 153
L -2835, 2184, 9, -2842, 2166, 10, 153, 153, 153
L -2936, 2201, 102, -2956, 2208, 10, 153, 153, 153
L -2956, 2208, 10, -2950, 2226, 9, 153, 153, 153
L -2950, 2226, 9, -2930, 2219, 9, 153, 153, 153
L -2930, 2219, 9, -2936, 2201, 10, 153, 153, 153
L -2189, 2045, -494, -2168, 2047, -49, 153, 153, 153
L -2168, 2047, -49, -2166, 2028, -50, 153, 153, 153
L -2166, 2028, -50, -2187, 2025, -49, 153, 153, 153
L -2187, 2025, -49, -2189, 2044, -49, 153, 153, 153
L -2124, 2038, -516, -2123, 2019, -52, 153, 153, 153
L -2123, 2019, -52, -2102, 2019, -52, 153, 153, 153
L -2102, 2019, -52, -2103, 2039, -52, 153, 153, 153
L -2103, 2039, -52, -2122, 2039, -51, 153, 153, 153
L -2198, 1890, -505, -2179, 1890, -50, 153, 153, 153
L -2179, 1890, -50, -2179, 1869, -50, 153, 153, 153
L -2179, 1869, -50, -2198, 1868, -50, 153, 153, 153
L -2198, 1868, -50, -2199, 1889, -50, 153, 153, 153
L -2107, 1886, -498, -2086, 1891, -50, 153, 153, 153
L -2086, 1891, -50, -2082, 1872, -50, 153, 153, 153
L -2082, 1872, -50, -2102, 1867, -49, 153, 153, 153
L -2102, 1867, -49, -2107, 1885, -49, 153, 153, 153
L -2168, 1088, -502, -2182, 1088, -51, 153, 153, 153
L -2182, 1088, -51, -2181, 1096, -51, 153, 153, 153
L -2181, 1096, -51, -2162, 1097, -49, 153, 153, 153
L -2162, 1097, -49, -2155, 1039, -49, 153, 153, 153
L -2155, 1039, -49, -2116, 1010, -48, 153, 153, 153
L -2116, 1010, -48, -2112, 969, -52, 153, 153, 153
L -2112, 969, -52, -2170, 964, -52, 153, 153, 153
L -2170, 964, -52, -2171, 981, -52, 153, 153, 153
L -2171, 981, -52, -2135, 985, -52, 153, 153, 153
L -2135, 985, -52, -2137, 1003, -51, 153, 153, 153
L -2137, 1003, -51, -2165, 1025, -51, 153, 153, 153
L -2165, 1025, -51, -2155, 1030, -49, 153, 153, 153
L -2155, 1030, -49, -2161, 1035, -50, 153, 153, 153
L -2161, 1035, -50, -2168, 1088, -50, 153, 153, 153
L -2160, 1034, -501, -2124, 1006, -36, 153, 153, 153
L -2124, 1006, -36, -2121, 976, -27, 153, 153, 153
L -2121, 976, -27, -2170, 970, -52, 153, 153, 153
L -2236, 964, -431, -2187, 969, -52, 153, 153, 153
L -2187, 969, -52, -2186, 962, -52, 153, 153, 153
L -2186, 962, -52, -2243, 955, -40, 153, 153, 153
L -2243, 955, -40, -2244, 970, -41, 153, 153, 153
L -2244, 970, -41, -2238, 970, -43, 153, 153, 153
L -2238, 970, -43, -2236, 964, -43, 153, 153, 153
L -2239, 992, -453, -2240, 984, -44, 153, 153, 153
L -2240, 984, -44, -2246, 983, -42, 153, 153, 153
L -2246, 983, -42, -2248, 995, -43, 153, 153, 153
L -2248, 995, -43, -2221, 1031, -48, 153, 153, 153
L -2221, 1031, -48, -2227, 1090, -44, 153, 153, 153
L -2227, 1090, -44, -2199, 1093, -50, 153, 153, 153
L -2199, 1093, -50, -2198, 1087, -50, 153, 153, 153
L -2198, 1087, -50, -2218, 1083, -46, 153, 153, 153
L -2218, 1083, -46, -2213, 1031, -49, 153, 153, 153
L -2213, 1031, -49, -2239, 992, -45, 153, 153, 153
L -2714, 920, -137, -2718, 899, -13, 153, 153, 153
L -2718, 899, -13, -2737, 904, -13, 153, 153, 153
L -2737, 904, -13, -2733, 924, -13, 153, 153, 153
L -2733, 924, -13, -2714, 920, -13, 153, 153, 153
L -2732, 836, -173, -2737, 815, -15, 153, 153, 153
L -2737, 815, -15, -2756, 819, -17, 153, 153, 153
L -2756, 819, -17, -2751, 840, -17, 153, 153, 153
L -2751, 840, -17, -2732, 836, -17, 153, 153, 153
L -3329, 668, 0, -3344, 664, 1, 153, 153, 153
L -3344, 664, 1, -3347, 669, 1, 153, 153, 153
L -3347, 669, 1, -3325, 675, -1, 153, 153, 153
L -3325, 675, -1, -3310, 616, 3, 153, 153, 153
L -3310, 616, 3, -3265, 591, 0, 153, 153, 153
L -3265, 591, 0, -3262, 578, 0, 153, 153, 153
L -3262, 578, 0, -3266, 576, 0, 153, 153, 153
L -3266, 576, 0, -3270, 586, 0, 153, 153, 153
L -3270, 586, 0, -3315, 611, 3, 153, 153, 153
L -3315, 611, 3, -3332, 608, 4, 153, 153, 153
L -3332, 608, 4, -3335, 614, 4, 153, 153, 153
L -3335, 614, 4, -3318, 619, 3, 153, 153, 153
L -3318, 619, 3, -3329, 668, 0, 153, 153, 153
L -3378, 657, 52, -3377, 649, 6, 153, 153, 153
L -3377, 649, 6, -3382, 648, 7, 153, 153, 153
L -3382, 648, 7, -3386, 660, 5, 153, 153, 153
L -3386, 660, 5, -3363, 666, 2, 153, 153, 153
L -3363, 666, 2, -3362, 662, 3, 153, 153, 153
L -3362, 662, 3, -3378, 657, 5, 153, 153, 153
L -3367, 608, 70, -3353, 610, 6, 153, 153, 153
L -3353, 610, 6, -3352, 604, 5, 153, 153, 153
L -3352, 604, 5, -3366, 600, 6, 153, 153, 153
L -3366, 600, 6, -3377, 586, 7, 153, 153, 153
L -3377, 586, 7, -3382, 589, 8, 153, 153, 153
L -3382, 589, 8, -3373, 602, 7, 153, 153, 153
L -3373, 602, 7, -3376, 621, 7, 153, 153, 153
L -3376, 621, 7, -3371, 622, 7, 153, 153, 153
L -3371, 622, 7, -3367, 608, 7, 153, 153, 153
L -3398, 558, 115, -3394, 564, 10, 153, 153, 153
L -3394, 564, 10, -3397, 568, 11, 153, 153, 153
L -3397, 568, 11, -3404, 560, 13, 153, 153, 153
L -3404, 560, 13, -3396, 519, 10, 153, 153, 153
L -3396, 519, 10, -3348, 492, 5, 153, 153, 153
L -3348, 492, 5, -3346, 484, 5, 153, 153, 153
L -3346, 484, 5, -3341, 484, 5, 153, 153, 153
L -3341, 484, 5, -3341, 488, 5, 153, 153, 153
L -3341, 488, 5, -3324, 491, 4, 153, 153, 153
L -3324, 491, 4, -3325, 499, 4, 153, 153, 153
L -3325, 499, 4, -3343, 495, 5, 153, 153, 153
L -3343, 495, 5, -3343, 496, 5, 153, 153, 153
L -3343, 496, 5, -3390, 522, 9, 153, 153, 153
L -3390, 522, 9, -3398, 558, 11, 153, 153, 153
L -3042, -410, 54, -3039, -377, 5, 153, 153, 153
L -3039, -377, 5, -3009, -379, 5, 153, 153, 153
L -3009, -379, 5, -3012, -412, 7, 153, 153, 153
L -3012, -412, 7, -3041, -410, 5, 153, 153, 153
L -3035, -297, 83, -3032, -264, 9, 153, 153, 153
L -3032, -264, 9, -3003, -266, 10, 153, 153, 153
L -3003, -266, 10, -3004, -299, 8, 153, 153, 153
L -3004, -299, 8, -3035, -296, 8, 153, 153, 153
L -3032, -196, 53, -3044, -166, 3, 153, 153, 153
L -3044, -166, 3, -3016, -156, 3, 153, 153, 153
L -3016, -156, 3, -3005, -187, 4, 153, 153, 153
L -3005, -187, 4, -3032, -196, 5, 153, 153, 153
L -3046, -148, 18, -3052, -45, -4, 153, 153, 153
L -3052, -45, -4, -3037, -44, -5, 153, 153, 153
L -3037, -44, -5, -3025, -146, 2, 153, 153, 153
L -3025, -146, 2, -3045, -148, 1, 153, 153, 153
L -3285, 506, 16, -3272, 447, 1, 153, 153, 153
L -3272, 447, 1, -3296, 441, 2, 153, 153, 153
L -3296, 441, 2, -3296, 447, 2, 153, 153, 153
L -3296, 447, 2, -3280, 451, 1, 153, 153, 153
L -3280, 451, 1, -3291, 499, 1, 153, 153, 153
L -3291, 499, 1, -3306, 497, 2, 153, 153, 153
L -3306, 497, 2, -3308, 503, 2, 153, 153, 153
L -3308, 503, 2, -3293, 507, 1, 153, 153, 153
L -3293, 507, 1, -3292, 508, 1, 153, 153, 153
L -3292, 508, 1, -3263, 550, 0, 153, 153, 153
L -3263, 550, 0, -3265, 559, 0, 153, 153, 153
L -3265, 559, 0, -3259, 562, 0, 153, 153, 153
L -3259, 562, 0, -3255, 549, 0, 153, 153, 153
L -3255, 549, 0, -3285, 506, 1, 153, 153, 153
L -2957, 950, 696, -2956, 920, 79, 153, 153, 153
L -2956, 920, 79, -2956, 888, 86, 153, 153, 153
L -2956, 888, 86, -2956, 842, 95, 153, 153, 153
L -2956, 842, 95, -2956, 809, 92, 153, 153, 153
L -2956, 809, 92, -2956, 766, 89, 153, 153, 153
L -2956, 766, 89, -2955, 740, 101, 153, 153, 153
L -2955, 740, 101, -2955, 713, 90, 153, 153, 153
L -2955, 713, 90, -2955, 659, 98, 153, 153, 153
L -2955, 659, 98, -2955, 632, 103, 153, 153, 153
L -2955, 632, 103, -2955, 600, 106, 153, 153, 153
L -2955, 600, 106, -2955, 582, 103, 153, 153, 153
L -2955, 582, 103, -2954, 559, 93, 153, 153, 153
L -2954, 559, 93, -2954, 513, 84, 153, 153, 153
L -2954, 513, 84, -2954, 489, 82, 153, 153, 153
L -2954, 489, 82, -2954, 466, 85, 153, 153, 153
L -2954, 466, 85, -2954, 443, 91, 153, 153, 153
L -2954, 443, 91, -2953, 396, 86, 153, 153, 153
L -2953, 396, 86, -2953, 373, 84, 153, 153, 153
L -2953, 373, 84, -2953, 349, 91, 153, 153, 153
L -2953, 349, 91, -2953, 306, 83, 153, 153, 153
L -2953, 306, 83, -2953, 285, 85, 153, 153, 153
L -2953, 285, 85, -2956, 256, 105, 153, 153, 153
L -2956, 256, 105, -2968, 227, 137, 153, 153, 153
L -2968, 227, 137, -2975, 212, 122, 153, 153, 153
L -2975, 212, 122, -3014, 187, 66, 153, 153, 153
L -3014, 187, 66, -3013, 226, 132, 153, 153, 153
L -3013, 226, 132, -3022, 243, 107, 153, 153, 153
L -3022, 243, 107, -3028, 253, 90, 153, 153, 153
L -3028, 253, 90, -3034, 264, 73, 153, 153, 153
L -3034, 264, 73, -3033, 309, 62, 153, 153, 153
L -3033, 309, 62, -3033, 353, 91, 153, 153, 153
L -3033, 353, 91, -3033, 378, 83, 153, 153, 153
L -3033, 378, 83, -3032, 427, 75, 153, 153, 153
L -3032, 427, 75, -3032, 452, 72, 153, 153, 153
L -3032, 452, 72, -3032, 500, 67, 153, 153, 153
L -3032, 500, 67, -3031, 525, 57, 153, 153, 153
L -3031, 525, 57, -3031, 576, 77, 153, 153, 153
L -3031, 576, 77, -3031, 596, 79, 153, 153, 153
L -3031, 596, 79, -3030, 642, 70, 153, 153, 153
L -3030, 642, 70, -3030, 687, 58, 153, 153, 153
L -3030, 687, 58, -3030, 709, 59, 153, 153, 153
L -3030, 709, 59, -3030, 731, 75, 153, 153, 153
L -3030, 731, 75, -3029, 776, 75, 153, 153, 153
L -3029, 776, 75, -3029, 798, 75, 153, 153, 153
L -3029, 798, 75, -3029, 843, 76, 153, 153, 153
L -3029, 843, 76, -3029, 866, 76, 153, 153, 153
L -3029, 866, 76, -3028, 911, 69, 153, 153, 153
L -3028, 911, 69, -3028, 937, 53, 153, 153, 153
L -3028, 937, 53, -3028, 970, 54, 153, 153, 153
L -3028, 970, 54, -3027, 1010, 59, 153, 153, 153
L -3027, 1010, 59, -3027, 1030, 57, 153, 153, 153
L -3027, 1030, 57, -3019, 1060, 68, 153, 153, 153
L -3019, 1060, 68, -3008, 1081, 56, 153, 153, 153
L -3008, 1081, 56, -2990, 1114, 32, 153, 153, 153
L -2990, 1114, 32, -2979, 1098, 43, 153, 153, 153
L -2979, 1098, 43, -2973, 1083, 57, 153, 153, 153
L -2973, 1083, 57, -2965, 1061, 76, 153, 153, 153
L -2965, 1061, 76, -2957, 939, 68, 153, 153, 153
L -3330, 439, 50, -3311, 443, 3, 153, 153, 153
L -3311, 443, 3, -3312, 437, 2, 153, 153, 153
L -3312, 437, 2, -3334, 433, 4, 153, 153, 153
L -3334, 433, 4, -3335, 442, 8, 153, 153, 153
L -3335, 442, 8, -3331, 442, 5, 153, 153, 153
L -3331, 442, 5, -3330, 439, 5, 153, 153, 153
L -2945, -204, 338, -2945, -293, 46, 153, 153, 153
L -2945, -293, 46, -2945, -390, 36, 153, 153, 153
L -2945, -390, 36, -2945, -444, 43, 153, 153, 153
L -2945, -444, 43, -2945, -497, 29, 153, 153, 153
L -2945, -497, 29, -2945, -559, 38, 153, 153, 153
L -2945, -559, 38, -2936, -570, 56, 153, 153, 153
L -2936, -570, 56, -2929, -578, 69, 153, 153, 153
L -2929, -578, 69, -2906, -601, 72, 153, 153, 153
L -2906, -601, 72, -2894, -614, 61, 153, 153, 153
L -2894, -614, 61, -2872, -587, 95, 153, 153, 153
L -2872, -587, 95, -2858, -562, 94, 153, 153, 153
L -2858, -562, 94, -2855, -542, 85, 153, 153, 153
L -2855, -542, 85, -2855, -495, 71, 153, 153, 153
L -2855, -495, 71, -2856, -448, 87, 153, 153, 153
L -2856, -448, 87, -2856, -414, 75, 153, 153, 153
L -2856, -414, 75, -2856, -349, 90, 153, 153, 153
L -2856, -349, 90, -2857, -317, 81, 153, 153, 153
L -2857, -317, 81, -2857, -263, 58, 153, 153, 153
L -2857, -263, 58, -2857, -223, 61, 153, 153, 153
L -2857, -223, 61, -2857, -203, 64, 153, 153, 153
L -2857, -203, 64, -2863, -145, 61, 153, 153, 153
L -2863, -145, 61, -2880, -115, 45, 153, 153, 153
L -2880, -115, 45, -2888, -103, 37, 153, 153, 153
L -2888, -103, 37, -2903, -112, 40, 153, 153, 153
L -2903, -112, 40, -2909, -119, 43, 153, 153, 153
L -2909, -119, 43, -2925, -136, 50, 153, 153, 153
L -2925, -136, 50, -2935, -147, 38, 153, 153, 153
L -2935, -147, 38, -2945, -246, 30, 153, 153, 153
L -2785, -1216, -41, -2759, -1237, -4, 153, 153, 153
L -2759, -1237, -4, -2780, -1260, -4, 153, 153, 153
L -2780, -1260, -4, -2804, -1239, -4, 153, 153, 153
L -2804, -1239, -4, -2785, -1215, -4, 153, 153, 153
L -1800, -1192, -521, -1784, -1169, -52, 153, 153, 153
L -1784, -1169, -52, -1758, -1187, -53, 153, 153, 153
L -1758, -1187, -53, -1776, -1211, -52, 153, 153, 153
L -1776, -1211, -52, -1800, -1193, -52, 153, 153, 153
L -1713, -1256, -529, -1696, -1233, -52, 153, 153, 153
L -1696, -1233, -52, -1670, -1251, -52, 153, 153, 153
L -1670, -1251, -52, -1687, -1275, -52, 153, 153, 153
L -1687, -1275, -52, -1713, -1256, -52, 153, 153, 153
L -1650, -1168, -518, -1633, -1145, -52, 153, 153, 153
L -1633, -1145, -52, -1607, -1163, -52, 153, 153, 153
L -1607, -1163, -52, -1623, -1187, -53, 153, 153, 153
L -1623, -1187, -53, -1649, -1168, -51, 153, 153, 153
L -1712, -1123, -526, -1737, -1105, -53, 153, 153, 153
L -1737, -1105, -53, -1721, -1081, -52, 153, 153, 153
L -1721, -1081, -52, -1695, -1099, -52, 153, 153, 153
L -1695, -1099, -52, -1712, -1123, -52, 153, 153, 153
L -1614, -1183, -530, -1605, -1172, -52, 153, 153, 153
L -1605, -1172, -52, -1586, -1187, -52, 153, 153, 153
L -1586, -1187, -52, -1594, -1198, -53, 153, 153, 153
L -1594, -1198, -53, -1614, -1185, -53, 153, 153, 153
L -1674, -1259, -530, -1654, -1271, -53, 153, 153, 153
L -1654, -1271, -53, -1660, -1283, -53, 153, 153, 153
L -1660, -1283, -53, -1682, -1270, -52, 153, 153, 153
L -1682, -1270, -52, -1674, -1259, -53, 153, 153, 153
L -1144, -514, -156, -1144, -651, -36, 153, 153, 153
L -1144, -651, -36, -938, -652, -51, 153, 153, 153
L -938, -652, -51, -956, -621, -43, 153, 153, 153
L -956, -621, -43, -872, -621, -52, 153, 153, 153
L -872, -621, -52, -871, -421, -39, 153, 153, 153
L -871, -421, -39, -978, -421, -25, 153, 153, 153
L -978, -421, -25, -979, -389, -13, 153, 153, 153
L -979, -389, -13, -1092, -388, -15, 153, 153, 153
L -944, -621, -449, -1110, -621, 4, 153, 153, 153
L -1110, -621, 4, -1111, -421, 36, 153, 153, 153
L -1111, -421, 36, -1017, -423, 65, 153, 153, 153
L -910, -431, 650, -885, -431, 65, 153, 153, 153
L -885, -431, 65, -886, -610, 65, 153, 153, 153
L -886, -610, 65, -1098, -610, 65, 153, 153, 153
L -1098, -610, 65, -1098, -432, 65, 153, 153, 153
L -1098, -432, 65, -1034, -431, 65, 153, 153, 153
L -1034, -431, 65, -1032, -430, 65, 153, 153, 153
L -1032, -430, 65, -1009, -429, 65, 153, 153, 153
L -1009, -429, 65, -1009, -447, 65, 153, 153, 153
L -1009, -447, 65, -1026, -449, 65, 153, 153, 153
L -1009, -468, 650, -1025, -468, 65, 153, 153, 153
L -1013, -468, 650, -968, -468, 65, 153, 153, 153
L -910, -431, 650, -958, -431, 65, 153, 153, 153
L -958, -431, 65, -958, -429, 65, 153, 153, 153
L -958, -429, 65, -981, -429, 65, 153, 153, 153
L -981, -429, 65, -981, -447, 65, 153, 153, 153
L -981, -447, 65, -968, -448, 65, 153, 153, 153
L -195, -1954, -498, -165, -1956, -45, 153, 153, 153
L -165, -1956, -45, -163, -1984, -49, 153, 153, 153
L -163, -1984, -49, -196, -1984, -49, 153, 153, 153
L -196, -1984, -49, -196, -1954, -50, 153, 153, 153
L -281, -2101, -479, -280, -2119, -45, 153, 153, 153
L -280, -2119, -45, -299, -2119, -43, 153, 153, 153
L -299, -2119, -43, -301, -2103, -45, 153, 153, 153
L -301, -2103, -45, -280, -2101, -47, 153, 153, 153
L -189, -2066, -525, -158, -2066, -52, 153, 153, 153
L -158, -2066, -52, -158, -2099, -52, 153, 153, 153
L -158, -2099, -52, -189, -2098, -52, 153, 153, 153
L -189, -2098, -52, -189, -2067, -52, 153, 153, 153
L -139, -2066, -525, -108, -2066, -52, 153, 153, 153
L -108, -2066, -52, -107, -2098, -52, 153, 153, 153
L -107, -2098, -52, -140, -2096, -52, 153, 153, 153
L -140, -2096, -52, -140, -2067, -52, 153, 153, 153
L -157, -2117, -525, -158, -2149, -52, 153, 153, 153
L -158, -2149, -52, -189, -2149, -52, 153, 153, 153
L -189, -2149, -52, -189, -2117, -52, 153, 153, 153
L -189, -2117, -52, -158, -2116, -52, 153, 153, 153
L -139, -2117, -525, -108, -2116, -52, 153, 153, 153
L -108, -2116, -52, -108, -2148, -52, 153, 153, 153
L -108, -2148, -52, -139, -2148, -52, 153, 153, 153
L -139, -2148, -52, -139, -2116, -52, 153, 153, 153
L 491, -2858, -1807, 485, -2855, -180, 153, 153, 153
L 485, -2855, -180, 485, -2848, -184, 153, 153, 153
L 485, -2848, -184, 490, -2844, -187, 153, 153, 153
L 490, -2844, -187, 497, -2848, -182, 153, 153, 153
L 497, -2848, -182, 497, -2853, -181, 153, 153, 153
L 497, -2853, -181, 493, -2857, -180, 153, 153, 153
L 480, -2860, -2557, 500, -2862, -255, 153, 153, 153
L 500, -2862, -255, 500, -2844, -250, 153, 153, 153
L 500, -2844, -250, 484, -2841, -250, 153, 153, 153
L 484, -2841, -250, 482, -2860, -249, 153, 153, 153
L 439, -2840, -2498, 438, -2856, -247, 153, 153, 153
L 438, -2856, -247, 421, -2859, -255, 153, 153, 153
L 421, -2859, -255, 422, -2840, -249, 153, 153, 153
L 422, -2840, -249, 438, -2839, -249, 153, 153, 153
L 248, -2240, -1728, 421, -2330, -219, 255, 255, 0
L 421, -2330, -219, 471, -2622, -252, 255, 255, 0
L 471, -2622, -252, 471, -2842, -252, 255, 255, 0
L 443, -2844, -2523, 443, -2623, -252, 255, 255, 0
L 443, -2623, -252, 399, -2341, -219, 255, 255, 0
L 399, -2341, -219, 254, -2269, -173, 255, 255, 0
L 254, -2269, -173, -84, -2268, -172, 255, 255, 0
L -84, -2268, -172, -91, -2266, -172, 255, 255, 0
L -91, -2266, -172, -157, -2210, -172, 255, 255, 0
L -157, -2210, -172, -251, -2210, -172, 255, 255, 0
L -251, -2210, -172, -255, -2206, -172, 255, 255, 0
L -255, -2206, -172, -255, -2050, -172, 255, 255, 0
L -255, -2050, -172, -252, -2043, -172, 255, 255, 0
L -252, -2043, -172, -159, -2043, -172, 255, 255, 0
L -159, -2043, -172, -159, -2004, -172, 255, 255, 0
L -159, -2004, -172, -245, -2003, -172, 255, 255, 0
L -245, -2003, -172, -249, -2000, -172, 255, 255, 0
L -249, -2000, -172, -248, -1866, -172, 255, 255, 0
L -248, -1866, -172, -245, -1863, -172, 255, 255, 0
L -245, -1863, -172, -107, -1863, -172, 255, 255, 0
L -107, -1863, -172, -108, -1968, -172, 255, 255, 0
L -108, -1968, -172, -42, -1969, -172, 255, 255, 0
L -42, -1969, -172, -42, -1827, -172, 255, 255, 0
L -42, -1827, -172, 101, -1827, -172, 255, 255, 0
L 101, -1827, -172, 101, -2058, -172, 255, 255, 0
L 101, -2058, -172, 98, -2062, -172, 255, 255, 0
L 98, -2062, -172, -28, -2061, -172, 255, 255, 0
L -28, -2061, -172, -36, -2059, -172, 255, 255, 0
L -36, -2059, -172, -36, -2001, -172, 255, 255, 0
L -36, -2001, -172, -107, -2001, -172, 255, 255, 0
L -107, -2001, -172, -108, -2057, -172, 255, 255, 0
L -108, -2057, -172, -124, -2093, -172, 255, 255, 0
L -124, -2093, -172, -124, -2191, -172, 255, 255, 0
L -124, -2191, -172, -75, -2237, -172, 255, 255, 0
L -75, -2237, -172, 248, -2240, -172, 255, 255, 0
L -2068, -3322, -1590, -2078, -3339, -159, 153, 153, 153
L -2078, -3339, -159, -2097, -3329, -159, 153, 153, 153
L -2097, -3329, -159, -2086, -3312, -156, 153, 153, 153
L -2086, -3312, -156, -2069, -3322, -159, 153, 153, 153
L -3052, -1294, 1031, -3051, -1309, 95, 153, 153, 153
L -3051, -1309, 95, -3050, -1355, 105, 153, 153, 153
L -3050, -1355, 105, -3050, -1363, 105, 153, 153, 153
L -3050, -1363, 105, -3052, -1374, 115, 153, 153, 153
L -3052, -1374, 115, -3061, -1392, 99, 153, 153, 153
L -3061, -1392, 99, -3072, -1415, 73, 153, 153, 153
L -3072, -1415, 73, -3081, -1427, 59, 153, 153, 153
L -3081, -1427, 59, -3096, -1431, 50, 153, 153, 153
L -3096, -1431, 50, -3099, -1417, 77, 153, 153, 153
L -3099, -1417, 77, -3101, -1413, 83, 153, 153, 153
L -3101, -1413, 83, -3124, -1389, 70, 153, 153, 153
L -3124, -1389, 70, -3129, -1385, 65, 153, 153, 153
L -3129, -1385, 65, -3137, -1378, 52, 153, 153, 153
L -3137, -1378, 52, -3139, -1354, 52, 153, 153, 153
L -3139, -1354, 52, -3128, -1331, 76, 153, 153, 153
L -3128, -1331, 76, -3127, -1328, 73, 153, 153, 153
L -3127, -1328, 73, -3127, -1319, 61, 153, 153, 153
L -3127, -1319, 61, -3127, -1304, 44, 153, 153, 153
L -3127, -1304, 44, -3127, -1270, 52, 153, 153, 153
L -3127, -1270, 52, -3127, -1246, 51, 153, 153, 153
L -3127, -1246, 51, -3127, -1240, 48, 153, 153, 153
L -3127, -1240, 48, -3126, -1207, 45, 153, 153, 153
L -3126, -1207, 45, -3126, -1178, 53, 153, 153, 153
L -3126, -1178, 53, -3126, -1129, 73, 153, 153, 153
L -3126, -1129, 73, -3126, -1121, 73, 153, 153, 153
L -3126, -1121, 73, -3125, -1084, 77, 153, 153, 153
L -3125, -1084, 77, -3125, -1053, 77, 153, 153, 153
L -3125, -1053, 77, -3125, -1037, 75, 153, 153, 153
L -3125, -1037, 75, -3123, -981, 58, 153, 153, 153
L -3123, -981, 58, -3109, -951, 79, 153, 153, 153
L -3109, -951, 79, -3096, -927, 68, 153, 153, 153
L -3096, -927, 68, -3072, -904, 36, 153, 153, 153
L -3072, -904, 36, -3078, -918, 57, 153, 153, 153
L -3078, -918, 57, -3068, -951, 81, 153, 153, 153
L -3068, -951, 81, -3061, -983, 73, 153, 153, 153
L -3061, -983, 73, -3059, -1020, 78, 153, 153, 153
L -3059, -1020, 78, -3059, -1038, 68, 153, 153, 153
L -3059, -1038, 68, -3058, -1073, 70, 153, 153, 153
L -3058, -1073, 70, -3057, -1090, 88, 153, 153, 153
L -3057, -1090, 88, -3056, -1125, 85, 153, 153, 153
L -3056, -1125, 85, -3056, -1142, 91, 153, 153, 153
L -3056, -1142, 91, -3055, -1176, 103, 153, 153, 153
L -3055, -1176, 103, -3054, -1193, 107, 153, 153, 153
L -3054, -1193, 107, -3053, -1228, 114, 153, 153, 153
L -3053, -1228, 114, -3052, -1263, 123, 153, 153, 153
L -3052, -1263, 123, -3052, -1282, 111, 153, 153, 153
L -3052, -1282, 111, -3051, -1318, 92, 153, 153, 153
L -3051, -1318, 92, -3052, -1375, 115, 153, 153, 153
L -2667, 300, 167, -2428, 305, -90, 255, 255, 0
L -2428, 305, -90, -2427, 377, -90, 255, 255, 0
L -2427, 377, -90, -2499, 378, -90, 255, 255, 0
L -2499, 378, -90, -2501, 458, -90, 255, 255, 0
L -2501, 458, -90, -2417, 458, -90, 255, 255, 0
L -2417, 458, -90, -2414, 512, -90, 255, 255, 0
L -2414, 512, -90, -2494, 512, -90, 255, 255, 0
L -2494, 512, -90, -2497, 516, -90, 255, 255, 0
L -2497, 516, -90, -2495, 595, -90, 255, 255, 0
L -2495, 595, -90, -2341, 595, -90, 255, 255, 0
L -2341, 595, -90, -2338, 592, -90, 255, 255, 0
L -2338, 592, -90, -2338, 522, -90, 255, 255, 0
L -2338, 522, -90, -2341, 518, -90, 255, 255, 0
L -2341, 518, -90, -2395, 517, -90, 255, 255, 0
L -2395, 517, -90, -2398, 376, -90, 255, 255, 0
L -2398, 376, -90, -2254, 376, -90, 255, 255, 0
L -2254, 376, -90, -2253, 426, -90, 255, 255, 0
L -2253, 426, -90, -2164, 426, -90, 255, 255, 0
L -2164, 426, -90, -2166, 274, -90, 255, 255, 0
L -2166, 274, -90, -2169, 271, -90, 255, 255, 0
L -2169, 271, -90, -2257, 271, -90, 255, 255, 0
L -2257, 271, -90, -2258, 352, -90, 255, 255, 0
L -2258, 352, -90, -2398, 352, -90, 255, 255, 0
L -2398, 352, -90, -2399, 223, -90, 255, 255, 0
L -2399, 223, -90, -2346, 222, -90, 255, 255, 0
L -2346, 222, -90, -2344, 155, -90, 255, 255, 0
L -2344, 155, -90, -2474, 155, -90, 255, 255, 0
L -2474, 155, -90, -2477, 159, -90, 255, 255, 0
L -2477, 159, -90, -2477, 224, -90, 255, 255, 0
L -2477, 224, -90, -2432, 225, -90, 255, 255, 0
L -2432, 225, -90, -2431, 275, -90, 255, 255, 0
L -2431, 275, -90, -2648, 288, 9, 255, 255, 0
L -2648, 288, 9, -2667, 288, 16, 255, 255, 0
L -2515, -203, 236, -2534, -203, 16, 255, 255, 0
L -2534, -203, 16, -2703, -201, -44, 255, 255, 0
L -2703, -201, -44, -2704, -123, -44, 255, 255, 0
L -2704, -123, -44, -2774, -123, -44, 255, 255, 0
L -2774, -123, -44, -2775, -198, -44, 255, 255, 0
L -2775, -198, -44, -2867, -199, -80, 255, 255, 0
L -2867, -199, -80, -2868, -167, -80, 255, 255, 0
L -2868, -167, -80, -2933, -167, -80, 255, 255, 0
L -2933, -167, -80, -2933, -262, -80, 255, 255, 0
L -2933, -262, -80, -2903, -262, -80, 255, 255, 0
L -2903, -262, -80, -2903, -371, -80, 255, 255, 0
L -2903, -371, -80, -2964, -372, -80, 255, 255, 0
L -2964, -372, -80, -2964, -452, -80, 255, 255, 0
L -2964, -452, -80, -2877, -453, -80, 255, 255, 0
L -2877, -453, -80, -2876, -261, -80, 255, 255, 0
L -2876, -261, -80, -2874, -261, -80, 255, 255, 0
L -2874, -261, -80, -2873, -256, -80, 255, 255, 0
L -2873, -256, -80, -2868, -255, -80, 255, 255, 0
L -2868, -255, -80, -2868, -235, -80, 255, 255, 0
L -2868, -235, -80, -2775, -234, -44, 255, 255, 0
L -2775, -234, -44, -2774, -307, -44, 255, 255, 0
L -2774, -307, -44, -2729, -307, -44, 255, 255, 0
L -2729, -307, -44, -2728, -364, -44, 255, 255, 0
L -2728, -364, -44, -2794, -364, -44, 255, 255, 0
L -2794, -364, -44, -2794, -459, -44, 255, 255, 0
L -2794, -459, -44, -2647, -459, -44, 255, 255, 0
L -2647, -459, -44, -2647, -361, -44, 255, 255, 0
L -2647, -361, -44, -2710, -360, -44, 255, 255, 0
L -2710, -360, -44, -2709, -307, -44, 255, 255, 0
L -2709, -307, -44, -2689, -306, -44, 255, 255, 0
L -2689, -306, -44, -2689, -217, -44, 255, 255, 0
L -2689, -217, -44, -2534, -214, 16, 255, 255, 0
L -2534, -214, 16, -2517, -214, 22, 255, 255, 0
L -3257, -1864, -1150, -3256, -1845, -116, 255, 255, 0
L -3256, -1845, -116, -3254, -1833, -121, 255, 255, 0
L -3254, -1833, -121, -3242, -1764, -148, 255, 255, 0
L -3242, -1764, -148, -3239, -1676, -148, 255, 255, 0
L -3239, -1676, -148, -3224, -1625, -148, 255, 255, 0
L -3224, -1625, -148, -3207, -1604, -148, 255, 255, 0
L 437, -1010, -171, 436, -1041, -12, 153, 153, 153
L 436, -1041, -12, 411, -1043, -14, 153, 153, 153
L 411, -1043, -14, 408, -1017, -13, 153, 153, 153
L 408, -1017, -13, 435, -1013, -12, 153, 153, 153
L -292, 1921, -505, -318, 1919, -50, 153, 153, 153
L -318, 1919, -50, -320, 1946, -50, 153, 153, 153
L -320, 1946, -50, -295, 1947, -50, 153, 153, 153
L -295, 1947, -50, -292, 1921, -50, 153, 153, 153
L -360, 1943, -500, -358, 1917, -48, 153, 153, 153
L -358, 1917, -48, -381, 1914, -48, 153, 153, 153
L -381, 1914, -48, -385, 1940, -48, 153, 153, 153
L -385, 1940, -48, -360, 1943, -49, 153, 153, 153
L -387, 1978, -503, -390, 2005, -50, 153, 153, 153
L -390, 2005, -50, -365, 2008, -50, 153, 153, 153
L -365, 2008, -50, -362, 1980, -50, 153, 153, 153
L -362, 1980, -50, -387, 1978, -50, 153, 153, 153
L -322, 1983, -505, -325, 2010, -50, 153, 153, 153
L -325, 2010, -50, -300, 2012, -50, 153, 153, 153
L -300, 2012, -50, -297, 1985, -50, 153, 153, 153
L -297, 1985, -50, -322, 1983, -50, 153, 153, 153
L -84, 2044, -464, -197, 1972, -52, 153, 153, 153
L -197, 1972, -52, -174, 1937, -51, 153, 153, 153
L -174, 1937, -51, -125, 1929, -50, 153, 153, 153
L -125, 1929, -50, -90, 1882, -43, 153, 153, 153
L -90, 1882, -43, -72, 1892, -46, 153, 153, 153
L -72, 1892, -46, -75, 1898, -44, 153, 153, 153
L -75, 1898, -44, -87, 1891, -41, 153, 153, 153
L -87, 1891, -41, -116, 1934, -34, 153, 153, 153
L -116, 1934, -34, -168, 1943, -45, 153, 153, 153
L -168, 1943, -45, -183, 1968, -33, 153, 153, 153
L -183, 1968, -33, -85, 2033, -42, 153, 153, 153
L -85, 2033, -42, -79, 2028, -43, 153, 153, 153
L -79, 2028, -43, -75, 2032, -46, 153, 153, 153
L -75, 2032, -46, -83, 2044, -46, 153, 153, 153
L -60, 2011, -479, -68, 1970, -50, 153, 153, 153
L -68, 1970, -50, -35, 1917, -50, 153, 153, 153
L -35, 1917, -50, -58, 1901, -49, 153, 153, 153
L -58, 1901, -49, -62, 1907, -47, 153, 153, 153
L -62, 1907, -47, -46, 1919, -51, 153, 153, 153
L -46, 1919, -51, -75, 1964, -44, 153, 153, 153
L -75, 1964, -44, -69, 2009, -45, 153, 153, 153
L -69, 2009, -45, -71, 2014, -45, 153, 153, 153
L -71, 2014, -45, -67, 2017, -47, 153, 153, 153
L -67, 2017, -47, -61, 2010, -48, 153, 153, 153
L 17, 2137, -522, 113, 2137, -52, 153, 153, 153
L 113, 2137, -52, 112, 2041, -46, 153, 153, 153
L 112, 2041, -46, 17, 2040, -52, 153, 153, 153
L 17, 2040, -52, 18, 2137, -52, 153, 153, 153
L 219, 2046, -515, 252, 2046, -51, 153, 153, 153
L 252, 2046, -51, 253, 2014, -51, 153, 153, 153
L 253, 2014, -51, 219, 2015, -51, 153, 153, 153
L 219, 2015, -51, 220, 2046, -51, 153, 153, 153
L 95, 1931, -475, 34, 1932, -51, 153, 153, 153
L 34, 1932, -51, 33, 1907, -51, 153, 153, 153
L 33, 1907, -51, 40, 1908, -52, 153, 153, 153
L 40, 1908, -52, 41, 1923, -51, 153, 153, 153
L 41, 1923, -51, 87, 1922, -39, 153, 153, 153
L 87, 1922, -39, 87, 1875, -27, 153, 153, 153
L 87, 1875, -27, 78, 1877, -52, 153, 153, 153
L 78, 1877, -52, 70, 1876, -52, 153, 153, 153
L 70, 1876, -52, 69, 1870, -51, 153, 153, 153
L 69, 1870, -51, 95, 1869, -51, 153, 153, 153
L 95, 1869, -51, 95, 1894, -50, 153, 153, 153
L 95, 1894, -50, 95, 1930, -47, 153, 153, 153
L 95, 1930, -47, 95, 1931, -47, 153, 153, 153
L 41, 1877, -503, 60, 1874, -51, 153, 153, 153
L 60, 1874, -51, 59, 1868, -51, 153, 153, 153
L 59, 1868, -51, 33, 1868, -49, 153, 153, 153
L 33, 1868, -49, 32, 1893, -50, 153, 153, 153
L 32, 1893, -50, 40, 1894, -51, 153, 153, 153
L 40, 1894, -51, 41, 1877, -50, 153, 153, 153
L -12, 1814, -455, 18, 1814, -47, 153, 153, 153
L 18, 1814, -47, 18, 1784, -48, 153, 153, 153
L 18, 1784, -48, -14, 1785, -47, 153, 153, 153
L -14, 1785, -47, -12, 1814, -45, 153, 153, 153
L -48, 1725, -525, -47, 1614, -48, 153, 153, 153
L -47, 1614, -48, -30, 1614, -49, 153, 153, 153
L -30, 1614, -49, -25, 1609, -50, 153, 153, 153
L -25, 1609, -50, -54, 1608, -48, 153, 153, 153
L -54, 1608, -48, -54, 1731, -52, 153, 153, 153
L -54, 1731, -52, -30, 1730, -52, 153, 153, 153
L -30, 1730, -52, -30, 1725, -52, 153, 153, 153
L -30, 1725, -52, -48, 1725, -52, 153, 153, 153
L 2, 1614, -521, -15, 1614, -50, 153, 153, 153
L -15, 1614, -50, -16, 1607, -50, 153, 153, 153
L -16, 1607, -50, 8, 1608, -52, 153, 153, 153
L 8, 1608, -52, 13, 1637, -53, 153, 153, 153
L 13, 1637, -53, 38, 1647, -50, 153, 153, 153
L 38, 1647, -50, 39, 1667, -50, 153, 153, 153
L 39, 1667, -50, 99, 1667, -47, 153, 153, 153
L 99, 1667, -47, 98, 1731, -51, 153, 153, 153
L 98, 1731, -51, -15, 1731, -52, 153, 153, 153
L -15, 1731, -52, -15, 1725, -52, 153, 153, 153
L -15, 1725, -52, 92, 1725, -51, 153, 153, 153
L 92, 1725, -51, 92, 1674, -48, 153, 153, 153
L 92, 1674, -48, 32, 1673, -51, 153, 153, 153
L 32, 1673, -51, 31, 1652, -51, 153, 153, 153
L 31, 1652, -51, 8, 1643, -52, 153, 153, 153
L 8, 1643, -52, 2, 1614, -52, 153, 153, 153
L 188, 1755, -522, 221, 1755, -51, 153, 153, 153
L 221, 1755, -51, 221, 1725, -52, 153, 153, 153
L 221, 1725, -52, 189, 1725, -51, 153, 153, 153
L 189, 1725, -51, 188, 1754, -52, 153, 153, 153
L 265, 2022, -525, 270, 2041, -52, 153, 153, 153
L 270, 2041, -52, 357, 2014, -52, 153, 153, 153
L 357, 2014, -52, 367, 2005, -52, 153, 153, 153
L 367, 2005, -52, 366, 1999, -52, 153, 153, 153
L 366, 1999, -52, 266, 2021, -52, 153, 153, 153
L 343, 1811, -525, 353, 1781, -52, 153, 153, 153
L 353, 1781, -52, 349, 1774, -52, 153, 153, 153
L 349, 1774, -52, 317, 1792, -52, 153, 153, 153
L 317, 1792, -52, 319, 1813, -52, 153, 153, 153
L 319, 1813, -52, 343, 1811, -52, 153, 153, 153
L 338, 1720, -525, 239, 1749, -52, 153, 153, 153
L 239, 1749, -52, 234, 1732, -52, 153, 153, 153
L 234, 1732, -52, 335, 1709, -52, 153, 153, 153
L 335, 1709, -52, 337, 1717, -52, 153, 153, 153
L 309, 1642, -525, 309, 1543, -52, 153, 153, 153
L 309, 1543, -52, 211, 1544, -52, 153, 153, 153
L 211, 1544, -52, 212, 1641, -46, 153, 153, 153
L 212, 1641, -46, 310, 1642, -52, 153, 153, 153
L 479, 1498, -525, 479, 1513, -52, 153, 153, 153
L 479, 1513, -52, 498, 1535, -52, 153, 153, 153
L 498, 1535, -52, 499, 1558, -52, 153, 153, 153
L 499, 1558, -52, 504, 1558, -52, 153, 153, 153
L 504, 1558, -52, 505, 1533, -52, 153, 153, 153
L 505, 1533, -52, 486, 1512, -52, 153, 153, 153
L 486, 1512, -52, 485, 1492, -52, 153, 153, 153
L 485, 1492, -52, 470, 1492, -52, 153, 153, 153
L 470, 1492, -52, 470, 1497, -52, 153, 153, 153
L 470, 1497, -52, 479, 1498, -52, 153, 153, 153
L 478, 1628, -525, 470, 1629, -52, 153, 153, 153
L 470, 1629, -52, 471, 1635, -52, 153, 153, 153
L 471, 1635, -52, 484, 1634, -52, 153, 153, 153
L 484, 1634, -52, 485, 1614, -52, 153, 153, 153
L 485, 1614, -52, 504, 1595, -52, 153, 153, 153
L 504, 1595, -52, 504, 1573, -52, 153, 153, 153
L 504, 1573, -52, 498, 1575, -52, 153, 153, 153
L 498, 1575, -52, 498, 1591, -52, 153, 153, 153
L 498, 1591, -52, 478, 1611, -52, 153, 153, 153
L 478, 1611, -52, 478, 1628, -52, 153, 153, 153
L 446, 1628, -525, 445, 1579, -52, 153, 153, 153
L 445, 1579, -52, 440, 1581, -52, 153, 153, 153
L 440, 1581, -52, 440, 1633, -52, 153, 153, 153
L 440, 1633, -52, 454, 1634, -52, 153, 153, 153
L 454, 1634, -52, 454, 1629, -52, 153, 153, 153
L 454, 1629, -52, 446, 1628, -52, 153, 153, 153
L 447, 1498, -525, 455, 1497, -52, 153, 153, 153
L 455, 1497, -52, 454, 1492, -52, 153, 153, 153
L 454, 1492, -52, 441, 1491, -52, 153, 153, 153
L 441, 1491, -52, 441, 1529, -52, 153, 153, 153
L 441, 1529, -52, 448, 1527, -52, 153, 153, 153
L 448, 1527, -52, 447, 1498, -52, 153, 153, 153
L 368, 1352, -525, 382, 1338, -52, 153, 153, 153
L 382, 1338, -52, 376, 1335, -52, 153, 153, 153
L 376, 1335, -52, 367, 1344, -52, 153, 153, 153
L 367, 1344, -52, 356, 1335, -52, 153, 153, 153
L 356, 1335, -52, 352, 1340, -52, 153, 153, 153
L 352, 1340, -52, 361, 1351, -52, 153, 153, 153
L 361, 1351, -52, 363, 1368, -52, 153, 153, 153
L 363, 1368, -52, 368, 1369, -52, 153, 153, 153
L 368, 1369, -52, 368, 1352, -52, 153, 153, 153
L 366, 1403, -525, 365, 1396, -52, 153, 153, 153
L 365, 1396, -52, 370, 1394, -52, 153, 153, 153
L 370, 1394, -52, 372, 1405, -52, 153, 153, 153
L 372, 1405, -52, 343, 1435, -52, 153, 153, 153
L 343, 1435, -52, 288, 1432, -52, 153, 153, 153
L 288, 1432, -52, 284, 1436, -52, 153, 153, 153
L 284, 1436, -52, 280, 1433, -52, 153, 153, 153
L 280, 1433, -52, 280, 1432, -52, 153, 153, 153
L 280, 1432, -52, 267, 1417, -52, 153, 153, 153
L 267, 1417, -52, 271, 1413, -52, 153, 153, 153
L 271, 1413, -52, 286, 1426, -52, 153, 153, 153
L 286, 1426, -52, 339, 1429, -52, 153, 153, 153
L 339, 1429, -52, 366, 1403, -52, 153, 153, 153
L 245, 1467, -525, 246, 1466, -52, 153, 153, 153
L 246, 1466, -52, 250, 1468, -52, 153, 153, 153
L 250, 1468, -52, 246, 1474, -52, 153, 153, 153
L 246, 1474, -52, 237, 1466, -52, 153, 153, 153
L 237, 1466, -52, 239, 1462, -52, 153, 153, 153
L 239, 1462, -52, 245, 1467, -52, 153, 153, 153
L 224, 1446, -525, 233, 1456, -52, 153, 153, 153
L 233, 1456, -52, 230, 1459, -52, 153, 153, 153
L 230, 1459, -52, 220, 1451, -52, 153, 153, 153
L 220, 1451, -52, 222, 1446, -52, 153, 153, 153
L 209, 1430, -525, 211, 1427, -52, 153, 153, 153
L 211, 1427, -52, 207, 1423, -52, 153, 153, 153
L 207, 1423, -52, 200, 1429, -52, 153, 153, 153
L 200, 1429, -52, 212, 1442, -52, 153, 153, 153
L 212, 1442, -52, 215, 1438, -52, 153, 153, 153
L 215, 1438, -52, 209, 1430, -52, 153, 153, 153
L 217, 1420, -525, 244, 1396, -52, 153, 153, 153
L 244, 1396, -52, 250, 1402, -52, 153, 153, 153
L 250, 1402, -52, 256, 1398, -52, 153, 153, 153
L 256, 1398, -52, 249, 1390, -52, 153, 153, 153
L 249, 1390, -52, 250, 1389, -52, 153, 153, 153
L 250, 1389, -52, 247, 1337, -52, 153, 153, 153
L 247, 1337, -52, 254, 1330, -52, 153, 153, 153
L 254, 1330, -52, 251, 1325, -52, 153, 153, 153
L 251, 1325, -52, 241, 1333, -52, 153, 153, 153
L 241, 1333, -52, 243, 1387, -52, 153, 153, 153
L 243, 1387, -52, 214, 1417, -52, 153, 153, 153
L 214, 1417, -52, 216, 1420, -52, 153, 153, 153
L 273, 1311, -525, 265, 1319, -52, 153, 153, 153
L 265, 1319, -52, 260, 1314, -52, 153, 153, 153
L 260, 1314, -52, 270, 1304, -52, 153, 153, 153
L 270, 1304, -52, 323, 1307, -52, 153, 153, 153
L 323, 1307, -52, 367, 1264, -52, 153, 153, 153
L 367, 1264, -52, 383, 1282, -52, 153, 153, 153
L 383, 1282, -52, 379, 1285, -52, 153, 153, 153
L 379, 1285, -52, 367, 1274, -52, 153, 153, 153
L 367, 1274, -52, 331, 1309, -52, 153, 153, 153
L 331, 1309, -52, 344, 1322, -52, 153, 153, 153
L 344, 1322, -52, 338, 1327, -52, 153, 153, 153
L 338, 1327, -52, 324, 1313, -52, 153, 153, 153
L 324, 1313, -52, 273, 1311, -52, 153, 153, 153
L 402, 1309, -525, 396, 1316, -52, 153, 153, 153
L 396, 1316, -52, 399, 1320, -52, 153, 153, 153
L 399, 1320, -52, 411, 1310, -51, 153, 153, 153
L 411, 1310, -51, 395, 1292, -52, 153, 153, 153
L 395, 1292, -52, 391, 1296, -52, 153, 153, 153
L 391, 1296, -52, 402, 1309, -52, 153, 153, 153
L 108, 1344, -525, 12, 1344, -52, 153, 153, 153
L 12, 1344, -52, 13, 1439, -46, 153, 153, 153
L 13, 1439, -46, 107, 1440, -52, 153, 153, 153
L 107, 1440, -52, 108, 1344, -52, 153, 153, 153
L 268, 1884, -515, 163, 1884, -127, 255, 255, 0
L 268, 1900, -515, 169, 1900, -127, 255, 255, 0
L -3266, -1863, -1176, -3265, -1846, -117, 255, 255, 0
L -3265, -1846, -117, -3254, -1764, -148, 255, 255, 0
L -3254, -1764, -148, -3251, -1678, -149, 255, 255, 0
L -3251, -1678, -149, -3235, -1619, -149, 255, 255, 0
L -3235, -1619, -149, -3219, -1597, -149, 255, 255, 0
L -3219, -1597, -149, -3202, -1546, -149, 255, 255, 0
L -3202, -1546, -149, -3155, -1546, -149, 255, 255, 0
L -3155, -1546, -149, -3153, -1491, -149, 255, 255, 0
L -3153, -1491, -149, -3073, -1491, -149, 255, 255, 0
L -3073, -1491, -149, -3074, -1614, -149, 255, 255, 0
L -3074, -1614, -149, -3023, -1615, -149, 255, 255, 0
L -3023, -1615, -149, -3023, -1576, -149, 255, 255, 0
L -3023, -1576, -149, -2986, -1576, -149, 255, 255, 0
L -2986, -1576, -149, -2982, -1579, -149, 255, 255, 0
L -2982, -1579, -149, -2982, -1680, -149, 255, 255, 0
L -2982, -1680, -149, -3020, -1680, -149, 255, 255, 0
L -3020, -1680, -149, -3023, -1677, -149, 255, 255, 0
L -3023, -1677, -149, -3023, -1632, -149, 255, 255, 0
L -3023, -1632, -149, -3076, -1632, -149, 255, 255, 0
L -3076, -1632, -149, -3075, -1665, -149, 255, 255, 0
L -3075, -1665, -149, -3078, -1668, -149, 255, 255, 0
L -3078, -1668, -149, -3151, -1668, -149, 255, 255, 0
L -3151, -1668, -149, -3154, -1665, -149, 255, 255, 0
L -3154, -1665, -149, -3154, -1561, -149, 255, 255, 0
L -3154, -1561, -149, -3192, -1560, -149, 255, 255, 0
L -3192, -1560, -149, -3206, -1605, -149, 255, 255, 0
P 305, 1892, 0, 255, 255, 0, 2, Kaesora
P 823, 1904, 0, 255, 255, 0, 2, Emerald_Jungle
P -1306, 3211, 0, 255, 255, 0, 2, Swamp_of_No_Hope
P -4182, -1463, 0, 255, 255, 0, 2, Warslilks_Woods
P -3801, 2800, 0, 255, 255, 0, 2, Cabilis_East
P -916, -625, 0, 255, 255, 0, 2, Kurn's_Tower
P -1617, 1684, 0, 255, 255, 255, 2, Succor_Point
