L -1451, -2580, 100, -1371, -2583, 10, 0, 0, 0
L -1371, -2583, 10, -1306, -2587, 10, 0, 0, 0
L -1306, -2587, 10, -1238, -2597, 10, 0, 0, 0
L -1238, -2597, 10, -1153, -2608, 10, 0, 0, 0
L -1153, -2608, 10, -1065, -2621, 10, 0, 0, 0
L -1065, -2621, 10, -871, -2648, 10, 0, 0, 0
L -871, -2648, 10, -656, -2676, 10, 0, 0, 0
L -656, -2676, 10, -542, -2611, 10, 0, 0, 0
L -542, -2611, 10, -470, -2516, 10, 0, 0, 0
L -470, -2516, 10, -457, -2511, 10, 0, 0, 0
L -457, -2511, 10, -322, -2455, 10, 0, 0, 0
L -322, -2455, 10, -161, -2455, 10, 0, 0, 0
L -161, -2455, 10, -13, -2523, 10, 0, 0, 0
L -13, -2523, 10, 24, -2710, 10, 0, 0, 0
L 24, -2710, 10, 228, -2722, 10, 0, 0, 0
L 228, -2722, 10, 379, -2722, 10, 0, 0, 0
L 379, -2722, 10, 448, -2735, 10, 0, 0, 0
L 448, -2735, 10, 610, -2776, 10, 0, 0, 0
L 610, -2776, 10, 942, -2779, 10, 0, 0, 0
L 940, -2845, 100, 743, -2845, 10, 0, 0, 0
L 743, -2845, 10, 618, -2845, 10, 0, 0, 0
L 618, -2845, 10, 485, -2800, 10, 0, 0, 0
L 485, -2800, 10, 377, -2773, 10, 0, 0, 0
L 377, -2773, 10, 14, -2815, 10, 0, 0, 0
L 14, -2815, 10, -47, -2937, 10, 0, 0, 0
L -47, -2937, 10, -245, -2971, 10, 0, 0, 0
L -245, -2971, 10, -395, -2904, 10, 0, 0, 0
L -395, -2904, 10, -474, -2822, 10, 0, 0, 0
L -474, -2822, 10, -538, -2770, 10, 0, 0, 0
L -538, -2770, 10, -662, -2735, 10, 0, 0, 0
L -662, -2735, 10, -774, -2721, 10, 0, 0, 0
L -774, -2721, 10, -978, -2699, 10, 0, 0, 0
L -978, -2699, 10, -1256, -2678, 10, 0, 0, 0
L -1256, -2678, 10, -1317, -2674, 10, 0, 0, 0
L -1317, -2674, 10, -1453, -2644, 10, 0, 0, 0
L -176, -2753, 100, -122, -2750, 10, 0, 0, 0
L -122, -2750, 10, -118, -2803, 10, 0, 0, 0
L -118, -2803, 10, -172, -2807, 10, 0, 0, 0
L -172, -2807, 10, -173, -2784, 10, 0, 0, 0
L -173, -2784, 10, -167, -2783, 10, 0, 0, 0
L -167, -2783, 10, -166, -2800, 10, 0, 0, 0
L -166, -2800, 10, -126, -2797, 10, 0, 0, 0
L -126, -2797, 10, -129, -2757, 10, 0, 0, 0
L -129, -2757, 10, -169, -2759, 10, 0, 0, 0
L -169, -2759, 10, -168, -2773, 10, 0, 0, 0
L -168, -2773, 10, -174, -2774, 10, 0, 0, 0
L -174, -2774, 10, -175, -2753, 10, 0, 0, 0
L -175, -2769, 100, -183, -2770, 10, 0, 0, 0
L -183, -2770, 10, -182, -2795, 10, 0, 0, 0
L -182, -2795, 10, -174, -2795, 10, 0, 0, 0
L -174, -2795, 10, -175, -2771, 10, 0, 0, 0
L -131, -2760, 100, -144, -2761, 10, 0, 0, 0
L -144, -2761, 10, -144, -2772, 10, 0, 0, 0
L -144, -2772, 10, -131, -2771, 10, 0, 0, 0
L -131, -2771, 10, -131, -2761, 10, 0, 0, 0
L -2521, -2446, 100, -2518, -2476, 10, 0, 0, 0
L -2518, -2476, 10, -2507, -2614, 10, 0, 0, 0
L -2507, -2614, 10, -2495, -2695, 10, 0, 0, 0
L -2495, -2695, 10, -2490, -2721, 10, 0, 0, 0
L -2490, -2721, 10, -2488, -2735, 10, 0, 0, 0
L -2488, -2735, 10, -2479, -2786, 10, 0, 0, 0
L -2479, -2786, 10, -2465, -2849, 10, 0, 0, 0
L -2465, -2849, 10, -2421, -2876, 10, 0, 0, 0
L -2421, -2876, 10, -2396, -2915, 10, 0, 0, 0
L -2396, -2915, 10, -2388, -2922, 10, 0, 0, 0
L -2388, -2922, 10, -2357, -2952, 10, 0, 0, 0
L -2521, -2376, 100, -2521, -2344, 10, 0, 0, 0
L -2521, -2344, 10, -2516, -2252, 10, 0, 0, 0
L -2516, -2252, 10, -2501, -2046, 10, 0, 0, 0
L -2501, -2046, 10, -2463, -1993, 10, 0, 0, 0
L -2463, -1993, 10, -2450, -1974, 10, 0, 0, 0
L -2450, -1974, 10, -2379, -1876, 10, 0, 0, 0
L -2080, -1377, 100, -2083, -1339, 10, 0, 153, 0
L -2083, -1339, 10, -2121, -1323, 10, 0, 153, 0
L -2121, -1323, 10, -2125, -1314, 10, 0, 153, 0
L -2125, -1314, 10, -2123, -1311, 10, 0, 153, 0
L -2123, -1311, 10, -2046, -1303, 10, 0, 153, 0
L -2046, -1303, 10, -2024, -1311, 10, 0, 153, 0
L -2024, -1311, 10, -2020, -1343, 10, 0, 153, 0
L -2020, -1343, 10, -1992, -1345, 10, 0, 153, 0
L -1992, -1345, 10, -1979, -1370, 10, 0, 153, 0
L -1979, -1370, 10, -1919, -1372, 10, 0, 153, 0
L -1919, -1372, 10, -1920, -1430, 10, 0, 153, 0
L -1920, -1430, 10, -1936, -1391, 10, 0, 153, 0
L -1936, -1391, 10, -1988, -1392, 10, 0, 153, 0
L -1988, -1392, 10, -2008, -1399, 10, 0, 153, 0
L -2008, -1399, 10, -2053, -1399, 10, 0, 153, 0
L -2053, -1399, 10, -2066, -1384, 10, 0, 153, 0
L -2066, -1384, 10, -2080, -1378, 10, 0, 153, 0
L -2508, -901, 100, -2507, -846, 10, 0, 0, 0
L -2507, -846, 10, -2505, -728, 10, 0, 0, 0
L -2505, -728, 10, -2504, -529, 10, 0, 0, 0
L -2504, -529, 10, -2499, -398, 10, 0, 0, 0
L -2499, -398, 10, -2490, -311, 10, 0, 0, 0
L -2490, -311, 10, -2489, -298, 10, 0, 0, 0
L -2489, -298, 10, -2486, -270, 10, 0, 0, 0
L -2486, -270, 10, -2438, -261, 10, 0, 0, 0
L -2438, -261, 10, -2362, -242, 10, 0, 0, 0
L -2362, -242, 10, -2275, -180, 10, 0, 0, 0
L -2275, -180, 10, -2170, -84, 10, 0, 0, 0
L -2170, -84, 10, -2195, -107, 10, 0, 0, 0
L -2195, -107, 10, -2170, -84, 10, 0, 0, 0
L -2170, -84, 10, -1808, -64, 10, 0, 0, 0
L -2170, -209, 100, -2154, -231, 10, 0, 0, 0
L -2154, -231, 10, -2165, -255, 10, 0, 0, 0
L -2165, -255, 10, -2193, -257, 10, 0, 0, 0
L -2193, -257, 10, -2209, -237, 10, 0, 0, 0
L -2209, -237, 10, -2197, -207, 10, 0, 0, 0
L -2197, -207, 10, -2168, -206, 10, 0, 0, 0
L -2183, -209, 100, -2179, -211, 10, 0, 0, 0
L -2179, -211, 10, -2174, -218, 10, 0, 0, 0
L -2174, -218, 10, -2177, -224, 10, 0, 0, 0
L -2177, -224, 10, -2182, -226, 10, 0, 0, 0
L -2182, -226, 10, -2189, -223, 10, 0, 0, 0
L -2189, -223, 10, -2191, -217, 10, 0, 0, 0
L -2191, -217, 10, -2189, -211, 10, 0, 0, 0
L -2189, -211, 10, -2185, -210, 10, 0, 0, 0
L -2434, -431, 100, -2419, -468, 10, 0, 0, 0
L -2419, -468, 10, -2439, -478, 10, 0, 0, 0
L -2439, -478, 10, -2456, -438, 10, 0, 0, 0
L -2456, -438, 10, -2435, -430, 10, 0, 0, 0
L -2412, -554, 100, -2414, -560, 10, 0, 0, 0
L -2414, -560, 10, -2455, -558, 10, 0, 0, 0
L -2455, -558, 10, -2454, -535, 10, 0, 0, 0
L -2454, -535, 10, -2412, -540, 10, 0, 0, 0
L -2412, -540, 10, -2413, -546, 10, 0, 0, 0
L -2404, -533, 100, -2422, -533, 10, 0, 0, 0
L -2422, -533, 10, -2413, -531, 10, 0, 0, 0
L -2413, -531, 10, -2414, -526, 10, 0, 0, 0
L -2414, -526, 10, -2421, -526, 10, 0, 0, 0
L -2421, -526, 10, -2403, -525, 10, 0, 0, 0
L -2403, -525, 10, -2403, -531, 10, 0, 0, 0
L -2414, -623, 100, -2415, -628, 10, 0, 0, 0
L -2415, -628, 10, -2457, -621, 10, 0, 0, 0
L -2457, -621, 10, -2453, -599, 10, 0, 0, 0
L -2453, -599, 10, -2411, -607, 10, 0, 0, 0
L -2411, -607, 10, -2412, -612, 10, 0, 0, 0
L -2402, -732, 100, -2399, -737, 10, 0, 0, 0
L -2399, -737, 10, -2416, -750, 10, 0, 0, 0
L -2416, -750, 10, -2430, -733, 10, 0, 0, 0
L -2430, -733, 10, -2412, -719, 10, 0, 0, 0
L -2412, -719, 10, -2409, -724, 10, 0, 0, 0
L -2239, -643, 100, -2229, -626, 10, 0, 0, 0
L -2229, -626, 10, -2205, -630, 10, 0, 0, 0
L -2205, -630, 10, -2212, -645, 10, 0, 0, 0
L -2212, -645, 10, -2236, -641, 10, 0, 0, 0
L -2284, -707, 100, -2282, -726, 10, 0, 0, 0
L -2282, -726, 10, -2298, -734, 10, 0, 0, 0
L -2298, -734, 10, -2306, -714, 10, 0, 0, 0
L -2306, -714, 10, -2288, -710, 10, 0, 0, 0
L -2129, -686, 100, -2149, -742, 10, 0, 0, 0
L -2149, -742, 10, -2135, -748, 10, 0, 0, 0
L -2135, -748, 10, -2115, -697, 10, 0, 0, 0
L -2115, -697, 10, -2132, -689, 10, 0, 0, 0
L 1214, 18, 100, 1218, 71, 10, 0, 0, 0
L 1218, 71, 10, 1273, 67, 10, 0, 0, 0
L 1273, 67, 10, 1267, 13, 10, 0, 0, 0
L 1267, 13, 10, 1246, 15, 10, 0, 0, 0
L 1246, 15, 10, 1247, 22, 10, 0, 0, 0
L 1247, 22, 10, 1262, 21, 10, 0, 0, 0
L 1262, 21, 10, 1265, 61, 10, 0, 0, 0
L 1265, 61, 10, 1225, 64, 10, 0, 0, 0
L 1225, 64, 10, 1222, 24, 10, 0, 0, 0
L 1222, 24, 10, 1237, 22, 10, 0, 0, 0
L 1237, 22, 10, 1236, 16, 10, 0, 0, 0
L 1236, 16, 10, 1214, 18, 10, 0, 0, 0
L 1231, 16, 100, 1231, 9, 10, 0, 0, 0
L 1231, 9, 10, 1257, 7, 10, 0, 0, 0
L 1257, 7, 10, 1258, 14, 10, 0, 0, 0
L 919, -181, 100, 946, -136, 10, 0, 0, 0
L 946, -136, 10, 1063, 45, 10, 0, 0, 0
L 1063, 45, 10, 1146, 162, 10, 0, 0, 0
L 1146, 162, 10, 1292, 187, 10, 0, 0, 0
L 1292, 187, 10, 1443, -11, 10, 0, 0, 0
L 1443, -11, 10, 1565, -178, 10, 0, 0, 0
L 1565, -178, 10, 1595, -221, 10, 0, 0, 0
L 1595, -221, 10, 1605, -257, 10, 0, 0, 0
L 1605, -257, 10, 1619, -313, 10, 0, 0, 0
L 1619, -313, 10, 1636, -375, 10, 0, 0, 0
L 1636, -375, 10, 1653, -442, 10, 0, 0, 0
L 941, -178, 100, 915, -210, 10, 0, 0, 0
L 915, -210, 10, 921, -214, 10, 0, 0, 0
L 921, -214, 10, 946, -181, 10, 0, 0, 0
L 946, -181, 10, 940, -179, 10, 0, 0, 0
L 1666, -2165, 100, 1777, -2196, 10, 0, 0, 0
L 1777, -2196, 10, 1831, -2211, 10, 0, 0, 0
L 1831, -2211, 10, 1873, -2246, 10, 0, 0, 0
L 1873, -2246, 10, 1965, -2332, 10, 0, 0, 0
L 1965, -2332, 10, 1972, -2460, 10, 0, 0, 0
L 1972, -2460, 10, 1942, -2711, 10, 0, 0, 0
L 2015, -2843, 100, 1942, -2912, 10, 0, 0, 0
L 1942, -2912, 10, 1954, -2973, 10, 0, 0, 0
L 1954, -2973, 10, 1891, -3101, 10, 0, 0, 0
L 1891, -3101, 10, 1833, -3130, 10, 0, 0, 0
L 1833, -3130, 10, 1754, -3166, 10, 0, 0, 0
L 1754, -3166, 10, 1677, -3199, 10, 0, 0, 0
L 1677, -3199, 10, 1581, -3222, 10, 0, 0, 0
L 1581, -3222, 10, 1572, -3219, 10, 0, 0, 0
L 1814, -3098, 100, 1827, -3096, 10, 0, 0, 0
L 1827, -3096, 10, 1832, -3125, 10, 0, 0, 0
L 1801, -3100, 100, 1788, -3104, 10, 0, 0, 0
L 1788, -3104, 10, 1796, -3144, 10, 0, 0, 0
L 1796, -3144, 10, 1805, -3143, 10, 0, 0, 0
L 1845, -3054, 100, 1853, -3041, 10, 0, 0, 0
L 1853, -3041, 10, 1887, -3063, 10, 0, 0, 0
L 1887, -3063, 10, 1863, -3104, 10, 0, 0, 0
L 1863, -3104, 10, 1828, -3080, 10, 0, 0, 0
L 1828, -3080, 10, 1839, -3062, 10, 0, 0, 0
L 1849, -2423, 100, 1873, -2431, 10, 0, 0, 0
L 1873, -2431, 10, 1882, -2402, 10, 0, 0, 0
L 1794, -2438, 100, 1748, -2408, 10, 0, 0, 0
L 1748, -2408, 10, 1770, -2376, 10, 0, 0, 0
L 1764, -2360, 100, 1760, -2341, 10, 0, 0, 0
L 1760, -2341, 10, 1782, -2336, 10, 0, 0, 0
L 1782, -2336, 10, 1785, -2358, 10, 0, 0, 0
L 1785, -2358, 10, 1766, -2361, 10, 0, 0, 0
L 1813, -2346, 100, 1828, -2332, 10, 0, 0, 0
L 1828, -2332, 10, 1841, -2347, 10, 0, 0, 0
L 1841, -2347, 10, 1826, -2362, 10, 0, 0, 0
L 1826, -2362, 10, 1812, -2347, 10, 0, 0, 0
L 528, -2614, 100, 565, -2577, 10, 0, 0, 0
L 565, -2577, 10, 603, -2613, 10, 0, 0, 0
L 603, -2613, 10, 566, -2653, 10, 0, 0, 0
L 566, -2653, 10, 520, -2608, 10, 0, 0, 0
L 520, -2608, 10, 564, -2563, 10, 0, 0, 0
L 564, -2563, 10, 598, -2596, 10, 0, 0, 0
L 598, -2596, 10, 593, -2603, 10, 0, 0, 0
L 1440, -3333, 100, 1437, -3350, 10, 0, 0, 0
L 1437, -3350, 10, 1424, -3419, 10, 0, 0, 0
L 1424, -3419, 10, 1367, -3493, 10, 0, 0, 0
L 1367, -3493, 10, 1333, -3540, 10, 0, 0, 0
L 1333, -3540, 10, 1150, -3616, 10, 0, 0, 0
L 1150, -3616, 10, 1066, -3579, 10, 0, 0, 0
L 1066, -3579, 10, 1049, -3536, 10, 0, 0, 0
L 1049, -3536, 10, 1047, -3530, 10, 0, 0, 0
L 1047, -3530, 10, 1041, -3510, 10, 0, 0, 0
L 1066, -3529, 100, 1076, -3547, 10, 0, 0, 0
L 1076, -3547, 10, 1056, -3558, 10, 0, 0, 0
L 1056, -3558, 10, 1054, -3552, 10, 0, 0, 0
L 1065, -3529, 100, 1049, -3536, 10, 0, 0, 0
L 1088, -3556, 100, 1104, -3569, 10, 0, 0, 0
L 1104, -3569, 10, 1093, -3583, 10, 0, 0, 0
L 1093, -3583, 10, 1075, -3572, 10, 0, 0, 0
L 1075, -3572, 10, 1089, -3556, 10, 0, 0, 0
L 778, -3445, 100, 735, -3521, 10, 0, 0, 0
L 735, -3521, 10, 716, -3552, 10, 0, 0, 0
L 716, -3552, 10, 668, -3618, 10, 0, 0, 0
L 668, -3618, 10, 595, -3593, 10, 0, 0, 0
L 595, -3593, 10, 573, -3585, 10, 0, 0, 0
L 573, -3585, 10, 580, -3425, 10, 0, 0, 0
L 630, -3491, 100, 631, -3493, 10, 0, 0, 0
L 631, -3493, 10, 632, -3502, 10, 0, 0, 0
L 632, -3502, 10, 626, -3508, 10, 0, 0, 0
L 626, -3508, 10, 616, -3510, 10, 0, 0, 0
L 616, -3510, 10, 610, -3506, 10, 0, 0, 0
L 610, -3506, 10, 607, -3493, 10, 0, 0, 0
L 607, -3493, 10, 615, -3484, 10, 0, 0, 0
L 615, -3484, 10, 625, -3486, 10, 0, 0, 0
L 625, -3486, 10, 627, -3489, 10, 0, 0, 0
L 635, -3472, 100, 634, -3475, 10, 0, 0, 0
L 634, -3475, 10, 627, -3480, 10, 0, 0, 0
L 627, -3480, 10, 617, -3479, 10, 0, 0, 0
L 617, -3479, 10, 611, -3472, 10, 0, 0, 0
L 611, -3472, 10, 612, -3463, 10, 0, 0, 0
L 612, -3463, 10, 620, -3455, 10, 0, 0, 0
L 620, -3455, 10, 629, -3456, 10, 0, 0, 0
L 629, -3456, 10, 636, -3463, 10, 0, 0, 0
L 636, -3463, 10, 636, -3467, 10, 0, 0, 0
L -125, -3635, 100, -125, -3648, 10, 0, 0, 0
L -125, -3648, 10, -174, -3648, 10, 0, 0, 0
L -174, -3648, 10, -174, -3636, 10, 0, 0, 0
L -174, -3636, 10, -177, -3636, 10, 0, 0, 0
L -177, -3636, 10, -178, -3627, 10, 0, 0, 0
L -178, -3627, 10, -174, -3625, 10, 0, 0, 0
L -174, -3625, 10, -174, -3611, 10, 0, 0, 0
L -174, -3611, 10, -126, -3611, 10, 0, 0, 0
L -126, -3611, 10, -125, -3626, 10, 0, 0, 0
L 43, -3544, 100, 8, -3636, 10, 0, 0, 0
L 8, -3636, 10, -19, -3661, 10, 0, 0, 0
L -19, -3661, 10, -79, -3684, 10, 0, 0, 0
L -79, -3684, 10, -170, -3666, 10, 0, 0, 0
L -170, -3666, 10, -198, -3660, 10, 0, 0, 0
L -198, -3660, 10, -213, -3635, 10, 0, 0, 0
L -213, -3635, 10, -248, -3579, 10, 0, 0, 0
L -248, -3579, 10, -289, -3511, 10, 0, 0, 0
L -967, -3674, 100, -970, -3712, 10, 0, 0, 0
L -970, -3712, 10, -988, -3910, 10, 0, 0, 0
L -988, -3910, 10, -1121, -3912, 10, 0, 0, 0
L -1121, -3912, 10, -1188, -3978, 10, 0, 0, 0
L -1188, -3978, 10, -1173, -4152, 10, 0, 0, 0
L -1173, -4152, 10, -1227, -4227, 10, 0, 0, 0
L -1227, -4227, 10, -1238, -4273, 10, 0, 0, 0
L -1238, -4273, 10, -1131, -4338, 10, 0, 0, 0
L -1131, -4338, 10, -1132, -4390, 10, 0, 0, 0
L -1132, -4390, 10, -1175, -4391, 10, 0, 0, 0
L -1175, -4391, 10, -1177, -4349, 10, 0, 0, 0
L -1177, -4349, 10, -1289, -4291, 10, 0, 0, 0
L -1289, -4291, 10, -1282, -4231, 10, 0, 0, 0
L -1282, -4231, 10, -1226, -4145, 10, 0, 0, 0
L -1226, -4145, 10, -1241, -4044, 10, 0, 0, 0
L -1241, -4044, 10, -1271, -4018, 10, 0, 0, 0
L -1271, -4018, 10, -1301, -3959, 10, 0, 0, 0
L -1301, -3959, 10, -1332, -3919, 10, 0, 0, 0
L -1332, -3919, 10, -1376, -3856, 10, 0, 0, 0
L -1376, -3856, 10, -1453, -3743, 10, 0, 0, 0
L -1453, -3743, 10, -1524, -3647, 10, 0, 0, 0
L -1421, -3720, 100, -1392, -3720, 10, 0, 0, 0
L -1392, -3720, 10, -1392, -3750, 10, 0, 0, 0
L -1384, -3830, 100, -1384, -3843, 10, 0, 0, 0
L -1257, -3805, 100, -1255, -3780, 10, 0, 153, 0
L -1255, -3780, 10, -1245, -3781, 10, 0, 153, 0
L -1245, -3781, 10, -1246, -3805, 10, 0, 153, 0
L -1246, -3805, 10, -1256, -3806, 10, 0, 153, 0
L -1231, -3753, 100, -1205, -3754, 10, 0, 153, 0
L -1205, -3754, 10, -1207, -3765, 10, 0, 153, 0
L -1207, -3765, 10, -1231, -3763, 10, 0, 153, 0
L -1231, -3763, 10, -1230, -3753, 10, 0, 153, 0
L -1177, -3782, 100, -1178, -3808, 10, 0, 153, 0
L -1178, -3808, 10, -1186, -3808, 10, 0, 153, 0
L -1186, -3808, 10, -1185, -3782, 10, 0, 153, 0
L -1185, -3782, 10, -1176, -3783, 10, 0, 153, 0
L -1208, -3837, 100, -1234, -3834, 10, 0, 153, 0
L -1234, -3834, 10, -1232, -3825, 10, 0, 153, 0
L -1232, -3825, 10, -1207, -3827, 10, 0, 153, 0
L -1207, -3827, 10, -1208, -3837, 10, 0, 153, 0
L -1228, -3803, 100, -1227, -3786, 10, 0, 153, 0
L -1227, -3786, 10, -1209, -3787, 10, 0, 153, 0
L -1209, -3787, 10, -1212, -3805, 10, 0, 153, 0
L -1212, -3805, 10, -1228, -3804, 10, 0, 153, 0
L -1241, -3673, 100, -1240, -3654, 10, 0, 0, 0
L -1240, -3654, 10, -1181, -3659, 10, 0, 0, 0
L -1181, -3659, 10, -1183, -3675, 10, 0, 0, 0
L -1183, -3675, 10, -1238, -3674, 10, 0, 0, 0
L -2109, -3745, 100, -2055, -3742, 10, 0, 0, 0
L -2055, -3742, 10, -2050, -3795, 10, 0, 0, 0
L -2050, -3795, 10, -2104, -3800, 10, 0, 0, 0
L -2104, -3800, 10, -2106, -3776, 10, 0, 0, 0
L -2106, -3776, 10, -2099, -3777, 10, 0, 0, 0
L -2099, -3777, 10, -2098, -3792, 10, 0, 0, 0
L -2098, -3792, 10, -2058, -3789, 10, 0, 0, 0
L -2058, -3789, 10, -2061, -3749, 10, 0, 0, 0
L -2061, -3749, 10, -2101, -3752, 10, 0, 0, 0
L -2101, -3752, 10, -2101, -3767, 10, 0, 0, 0
L -2101, -3767, 10, -2107, -3767, 10, 0, 0, 0
L -2107, -3767, 10, -2109, -3747, 10, 0, 0, 0
L -2108, -3763, 100, -2115, -3763, 10, 0, 0, 0
L -2115, -3763, 10, -2112, -3789, 10, 0, 0, 0
L -2112, -3789, 10, -2106, -3788, 10, 0, 0, 0
L -2194, -3668, 100, -2118, -3674, 10, 0, 0, 0
L -2118, -3674, 10, -1893, -3673, 10, 0, 0, 0
L -1893, -3673, 10, -1894, -3883, 10, 0, 0, 0
L -1894, -3883, 10, -2112, -3895, 10, 0, 0, 0
L -2112, -3895, 10, -2242, -3899, 10, 0, 0, 0
L 1680, -2848, 0, 1713, -2874, 0, 0, 0, 255
L 1713, -2874, 0, 1705, -2914, 0, 0, 0, 255
L 1705, -2914, 0, 1679, -2940, 0, 0, 0, 255
L 1679, -2940, 0, 1611, -2962, 0, 0, 0, 255
L 1611, -2962, 0, 1593, -2979, 0, 0, 0, 255
L 1593, -2979, 0, 1580, -3078, 0, 0, 0, 255
L 1580, -3078, 0, 1568, -3182, 0, 0, 0, 255
L 1568, -3182, 0, 1544, -3199, 0, 0, 0, 255
L 1544, -3199, 0, 1475, -3206, 0, 0, 0, 255
L 1475, -3206, 0, 1433, -3247, 0, 0, 0, 255
L 1433, -3247, 0, 1409, -3313, 0, 0, 0, 255
L 1409, -3313, 0, 1346, -3357, 0, 0, 0, 255
L 1346, -3357, 0, 1241, -3379, 0, 0, 0, 255
L 1241, -3379, 0, 1209, -3387, 0, 0, 0, 255
L 1209, -3387, 0, 1092, -3472, 0, 0, 0, 255
L 1092, -3472, 0, 1014, -3474, 0, 0, 0, 255
L 1014, -3474, 0, 913, -3407, 0, 0, 0, 255
L 913, -3407, 0, 873, -3397, 0, 0, 0, 255
L 873, -3397, 0, 799, -3430, 0, 0, 0, 255
L 799, -3430, 0, 693, -3498, 0, 0, 0, 255
L 693, -3498, 0, 661, -3426, 0, 0, 0, 255
L 661, -3426, 0, 610, -3444, 0, 0, 0, 255
L 610, -3444, 0, 573, -3417, 0, 0, 0, 255
L 573, -3417, 0, 493, -3367, 0, 0, 0, 255
L 493, -3367, 0, 373, -3287, 0, 0, 0, 255
L 373, -3287, 0, 260, -3269, 0, 0, 0, 255
L 260, -3269, 0, 206, -3269, 0, 0, 0, 255
L 206, -3269, 0, 146, -3277, 0, 0, 0, 255
L 146, -3277, 0, 113, -3310, 0, 0, 0, 255
L 113, -3310, 0, 101, -3442, 0, 0, 0, 255
L 101, -3442, 0, 11, -3538, 0, 0, 0, 255
L 11, -3538, 0, -101, -3546, 0, 0, 0, 255
L -101, -3546, 0, -182, -3507, 0, 0, 0, 255
L -182, -3507, 0, -505, -3494, 0, 0, 0, 255
L -505, -3494, 0, -591, -3492, 0, 0, 0, 255
L -591, -3492, 0, -650, -3508, 0, 0, 0, 255
L -650, -3508, 0, -728, -3536, 0, 0, 0, 255
L -728, -3536, 0, -791, -3572, 0, 0, 0, 255
L -791, -3572, 0, -993, -3671, 0, 0, 0, 255
L -993, -3671, 0, -1057, -3678, 0, 0, 0, 255
L -1057, -3678, 0, -1110, -3697, 0, 0, 0, 255
L -1110, -3697, 0, -1173, -3700, 0, 0, 0, 255
L -1173, -3700, 0, -1184, -3682, 0, 0, 0, 255
L -1184, -3682, 0, -1321, -3647, 0, 0, 0, 255
L -1321, -3647, 0, -1516, -3636, 0, 0, 0, 255
L -1516, -3636, 0, -1694, -3550, 0, 0, 0, 255
L -1694, -3550, 0, -1980, -3503, 0, 0, 0, 255
L -1980, -3503, 0, -2122, -3533, 0, 0, 0, 255
L -2122, -3533, 0, -2188, -3575, 0, 0, 0, 255
L -2188, -3575, 0, -2205, -3660, 0, 0, 0, 255
L -2205, -3660, 0, -2185, -3718, 0, 0, 0, 255
L -2185, -3718, 0, -2179, -3835, 0, 0, 0, 255
L -2179, -3835, 0, -2257, -3889, 0, 0, 0, 255
L -2257, -3889, 0, -2315, -3924, 0, 0, 0, 255
L -2315, -3924, 0, -2514, -3944, 0, 0, 0, 255
L -2514, -3944, 0, -2749, -3878, 0, 0, 0, 255
L -2749, -3878, 0, -2865, -3782, 0, 0, 0, 255
L -2865, -3782, 0, -2882, -3503, 0, 0, 0, 255
L -2882, -3503, 0, -2770, -3308, 0, 0, 0, 255
L -2770, -3308, 0, -2576, -3231, 0, 0, 0, 255
L -2576, -3231, 0, -2540, -3268, 0, 0, 0, 255
L -2540, -3268, 0, -2482, -3282, 0, 0, 0, 255
L -2482, -3282, 0, -2314, -3280, 0, 0, 0, 255
L -2314, -3280, 0, -2283, -3247, 0, 0, 0, 255
L -2283, -3247, 0, -2285, -3156, 0, 0, 0, 255
L -2285, -3156, 0, -2292, -3080, 0, 0, 0, 255
L -2292, -3080, 0, -2331, -3001, 0, 0, 0, 255
L -2331, -3001, 0, -2351, -2815, 0, 0, 0, 255
L -2351, -2815, 0, -2328, -2663, 0, 0, 0, 255
L -2328, -2663, 0, -2272, -2525, 0, 0, 0, 255
L -2272, -2525, 0, -2255, -2391, 0, 0, 0, 255
L -2255, -2391, 0, -2252, -2313, 0, 0, 0, 255
L -2252, -2313, 0, -2302, -2303, 0, 0, 0, 255
L -2302, -2303, 0, -2303, -2229, 0, 0, 0, 255
L -2303, -2229, 0, -2330, -2181, 0, 0, 0, 255
L -2330, -2181, 0, -2357, -2152, 0, 0, 0, 255
L -2357, -2152, 0, -2366, -1893, 0, 0, 0, 255
L -2366, -1893, 0, -2409, -1805, 0, 0, 0, 255
L -2409, -1805, 0, -2419, -1749, 0, 0, 0, 255
L -2419, -1749, 0, -2476, -1666, 0, 0, 0, 255
L -2476, -1666, 0, -2490, -1547, 0, 0, 0, 255
L -2490, -1547, 0, -2592, -1358, 0, 0, 0, 255
L -2592, -1358, 0, -2610, -1252, 0, 0, 0, 255
L -2610, -1252, 0, -2550, -1035, 0, 0, 0, 255
L -2550, -1035, 0, -2510, -907, 0, 0, 0, 255
L -2510, -907, 0, -2454, -871, 0, 0, 0, 255
L -2454, -871, 0, -2319, -862, 0, 0, 0, 255
L -2319, -862, 0, -2269, -843, 0, 0, 0, 255
L -2269, -843, 0, -2257, -809, 0, 0, 0, 255
L -2257, -809, 0, -2189, -768, 0, 0, 0, 255
L -2189, -768, 0, -2121, -693, 0, 0, 0, 255
L -2121, -693, 0, -2106, -644, 0, 0, 0, 255
L -2106, -644, 0, -2086, -459, 0, 0, 0, 255
L -2086, -459, 0, -1933, -184, 0, 0, 0, 255
L -1933, -184, 0, -1723, -61, 0, 0, 0, 255
L -1723, -61, 0, -1702, -28, 0, 0, 0, 255
L -1702, -28, 0, -1691, 45, 0, 0, 0, 255
L -1691, 45, 0, -1774, 177, 0, 0, 0, 255
L -1774, 177, 0, -1838, 236, 0, 0, 0, 255
L -1838, 236, 0, -1899, 299, 0, 0, 0, 255
L -1899, 299, 0, -2117, 335, 0, 0, 0, 255
L -2117, 335, 0, -2257, 319, 0, 0, 0, 255
L -2257, 319, 0, -2319, 308, 0, 0, 0, 255
L -2319, 308, 0, -2517, 160, 0, 0, 0, 255
L -2517, 160, 0, -2584, 157, 0, 0, 0, 255
L -2584, 157, 0, -2707, 87, 0, 0, 0, 255
L -2707, 87, 0, -2704, 5, 0, 0, 0, 255
L -2704, 5, 0, -2784, -74, 0, 0, 0, 255
L -2784, -74, 0, -2794, -51, 0, 0, 0, 255
L -2794, -51, 0, -2787, 13, 0, 0, 0, 255
L -2787, 13, 0, -2798, 83, 0, 0, 0, 255
L -2798, 83, 0, -2772, 161, 0, 0, 0, 255
L -2772, 161, 0, -2714, 215, 0, 0, 0, 255
L -2714, 215, 0, -2938, 274, 0, 0, 0, 255
L -2938, 274, 0, -2854, 420, 0, 0, 0, 255
L -2854, 420, 0, -2803, 543, 0, 0, 0, 255
L -2803, 543, 0, -2813, 584, 0, 0, 0, 255
L -2813, 584, 0, -2862, 880, 0, 0, 0, 255
L -2862, 880, 0, -2702, 976, 0, 0, 0, 255
L -2702, 976, 0, -2506, 983, 0, 0, 0, 255
L -2506, 983, 0, -2436, 957, 0, 0, 0, 255
L -2436, 957, 0, -2474, 893, 0, 0, 0, 255
L -2474, 893, 0, -2650, 853, 0, 0, 0, 255
L -2650, 853, 0, -2721, 801, 0, 0, 0, 255
L -2721, 801, 0, -2757, 754, 0, 0, 0, 255
L -2757, 754, 0, -2753, 718, 0, 0, 0, 255
L -2753, 718, 0, -2707, 706, 0, 0, 0, 255
L -2707, 706, 0, -2683, 664, 0, 0, 0, 255
L -2683, 664, 0, -2589, 679, 0, 0, 0, 255
L -2589, 679, 0, -2007, 711, 0, 0, 0, 255
L -2007, 711, 0, -1855, 710, 0, 0, 0, 255
L -1855, 710, 0, -1588, 612, 0, 0, 0, 255
L -1588, 612, 0, -1495, 526, 0, 0, 0, 255
L -1495, 526, 0, -1404, 406, 0, 0, 0, 255
L -1404, 406, 0, -1354, 325, 0, 0, 0, 255
L -1354, 325, 0, -1215, 203, 0, 0, 0, 255
L -1215, 203, 0, -1149, 140, 0, 0, 0, 255
L -1149, 140, 0, -1004, 73, 0, 0, 0, 255
L -1004, 73, 0, -885, 14, 0, 0, 0, 255
L -885, 14, 0, -795, -12, 0, 0, 0, 255
L -795, -12, 0, -754, 20, 0, 0, 0, 255
L -754, 20, 0, -715, 84, 0, 0, 0, 255
L -715, 84, 0, -650, 199, 0, 0, 0, 255
L -650, 199, 0, -494, 282, 0, 0, 0, 255
L -494, 282, 0, -451, 297, 0, 0, 0, 255
L -451, 297, 0, -369, 310, 0, 0, 0, 255
L -369, 310, 0, -62, 320, 0, 0, 0, 255
L -62, 320, 0, 121, 137, 0, 0, 0, 255
L 121, 137, 0, 196, 76, 0, 0, 0, 255
L 196, 76, 0, 280, 67, 0, 0, 0, 255
L 280, 67, 0, 291, 78, 0, 0, 0, 255
L 291, 78, 0, 357, 216, 0, 0, 0, 255
L 357, 216, 0, 436, 351, 0, 0, 0, 255
L 436, 351, 0, 462, 466, 0, 0, 0, 255
L 462, 466, 0, 707, 578, 0, 0, 0, 255
L 707, 578, 0, 743, 585, 0, 0, 0, 255
L 743, 585, 0, 877, 712, 0, 0, 0, 255
L 877, 712, 0, 1002, 753, 0, 0, 0, 255
L 1002, 753, 0, 1091, 774, 0, 0, 0, 255
L 1091, 774, 0, 1178, 719, 0, 0, 0, 255
L 1178, 719, 0, 1239, 715, 0, 0, 0, 255
L 1239, 715, 0, 1233, 695, 0, 0, 0, 255
L 1233, 695, 0, 1167, 631, 0, 0, 0, 255
L 1167, 631, 0, 1082, 605, 0, 0, 0, 255
L 1082, 605, 0, 945, 579, 0, 0, 0, 255
L 945, 579, 0, 875, 526, 0, 0, 0, 255
L 875, 526, 0, 815, 517, 0, 0, 0, 255
L 815, 517, 0, 717, 423, 0, 0, 0, 255
L 717, 423, 0, 674, 297, 0, 0, 0, 255
L 674, 297, 0, 642, 146, 0, 0, 0, 255
L 642, 146, 0, 638, 84, 0, 0, 0, 255
L 638, 84, 0, 624, 25, 0, 0, 0, 255
L 624, 25, 0, 558, -114, 0, 0, 0, 255
L 558, -114, 0, 570, -158, 0, 0, 0, 255
L 570, -158, 0, 606, -163, 0, 0, 0, 255
L 606, -163, 0, 733, -179, 0, 0, 0, 255
L 733, -179, 0, 904, -220, 0, 0, 0, 255
L 904, -220, 0, 979, -406, 0, 0, 0, 255
L 979, -406, 0, 999, -468, 0, 0, 0, 255
L 999, -468, 0, 1143, -463, 0, 0, 0, 255
L 1143, -463, 0, 1650, -475, 0, 0, 0, 255
L 1650, -475, 0, 1730, -826, 0, 0, 0, 255
L 1730, -826, 0, 1613, -1008, 0, 0, 0, 255
L 1613, -1008, 0, 1578, -1049, 0, 0, 0, 255
L 1578, -1049, 0, 1576, -1105, 0, 0, 0, 255
L 1576, -1105, 0, 1644, -1327, 0, 0, 0, 255
L 1644, -1327, 0, 1545, -1472, 0, 0, 0, 255
L 1545, -1472, 0, 1511, -1507, 0, 0, 0, 255
L 1511, -1507, 0, 1476, -1579, 0, 0, 0, 255
L 1476, -1579, 0, 1459, -1642, 0, 0, 0, 255
L 1459, -1642, 0, 1515, -1728, 0, 0, 0, 255
L 1515, -1728, 0, 1574, -1784, 0, 0, 0, 255
L 1574, -1784, 0, 1642, -2011, 0, 0, 0, 255
L 1642, -2011, 0, 1661, -2160, 0, 0, 0, 255
L 1661, -2160, 0, 1644, -2407, 0, 0, 0, 255
L 1644, -2407, 0, 1639, -2513, 0, 0, 0, 255
L 1639, -2513, 0, 1694, -2558, 0, 0, 0, 255
L 1694, -2558, 0, 1679, -2638, 0, 0, 0, 255
L 1679, -2638, 0, 1696, -2725, 0, 0, 0, 255
L 1696, -2725, 0, 1681, -2837, 0, 0, 0, 255
L 2015, -2843, 0, 2248, -2769, 0, 0, 0, 0
L 2248, -2769, 0, 2271, -2565, 0, 0, 0, 0
L 2271, -2565, 0, 2287, -2538, 0, 0, 0, 0
L 2266, -2506, 0, 2228, -2539, 0, 0, 0, 0
L 2228, -2539, 0, 2222, -2708, 0, 0, 0, 0
L 2222, -2708, 0, 2143, -2743, 0, 0, 0, 0
L 2143, -2743, 0, 2013, -2713, 0, 0, 0, 0
L 2013, -2713, 0, 1948, -2712, 0, 0, 0, 0
L 960, -2511, 0, 897, -2576, 0, 0, 153, 0
L 897, -2576, 0, 894, -2627, 0, 0, 153, 0
L 894, -2627, 0, 856, -2712, 0, 0, 153, 0
L 856, -2712, 0, 867, -2723, 0, 0, 153, 0
L 867, -2723, 0, 863, -2780, 0, 0, 153, 0
L 863, -2780, 0, 825, -2843, 0, 0, 153, 0
L 825, -2843, 0, 744, -2839, 0, 0, 153, 0
L 744, -2839, 0, 710, -2818, 0, 0, 153, 0
L 710, -2818, 0, 674, -2783, 0, 0, 153, 0
L 674, -2783, 0, 667, -2730, 0, 0, 153, 0
L 667, -2730, 0, 544, -2721, 0, 0, 153, 0
L 544, -2721, 0, 453, -2740, 0, 0, 153, 0
L 453, -2740, 0, 414, -2725, 0, 0, 153, 0
L 414, -2725, 0, 395, -2728, 0, 0, 153, 0
L 395, -2728, 0, 348, -2723, 0, 0, 153, 0
L 348, -2723, 0, 344, -2713, 0, 0, 153, 0
L 344, -2713, 0, 354, -2704, 0, 0, 153, 0
L 354, -2704, 0, 405, -2696, 0, 0, 153, 0
L 405, -2696, 0, 433, -2649, 0, 0, 153, 0
L 433, -2649, 0, 435, -2624, 0, 0, 153, 0
L 435, -2624, 0, 462, -2582, 0, 0, 153, 0
L 462, -2582, 0, 469, -2528, 0, 0, 153, 0
L 469, -2528, 0, 464, -2451, 0, 0, 153, 0
L 464, -2451, 0, 437, -2419, 0, 0, 153, 0
L 437, -2419, 0, 435, -2415, 0, 0, 153, 0
L 435, -2415, 0, 439, -2346, 0, 0, 153, 0
L 439, -2346, 0, 395, -2332, 0, 0, 153, 0
L 395, -2332, 0, 378, -2280, 0, 0, 153, 0
L 378, -2280, 0, 377, -2244, 0, 0, 153, 0
L 377, -2244, 0, 404, -2216, 0, 0, 153, 0
L 404, -2216, 0, 442, -2212, 0, 0, 153, 0
L 442, -2212, 0, 443, -2245, 0, 0, 153, 0
L 443, -2245, 0, 432, -2291, 0, 0, 153, 0
L 432, -2291, 0, 475, -2283, 0, 0, 153, 0
L 475, -2283, 0, 505, -2283, 0, 0, 153, 0
L 505, -2283, 0, 504, -2306, 0, 0, 153, 0
L 504, -2306, 0, 541, -2367, 0, 0, 153, 0
L 541, -2367, 0, 596, -2379, 0, 0, 153, 0
L 596, -2379, 0, 626, -2436, 0, 0, 153, 0
L 626, -2436, 0, 682, -2436, 0, 0, 153, 0
L 682, -2436, 0, 696, -2489, 0, 0, 153, 0
L 696, -2489, 0, 739, -2494, 0, 0, 153, 0
L 739, -2494, 0, 947, -2504, 0, 0, 153, 0
L 947, -2504, 0, 946, -2527, 0, 0, 153, 0
L -719, -2447, 0, -789, -2451, 0, 0, 153, 0
L -789, -2451, 0, -798, -2392, 0, 0, 153, 0
L -798, -2392, 0, -858, -2389, 0, 0, 153, 0
L -858, -2389, 0, -872, -2375, 0, 0, 153, 0
L -872, -2375, 0, -876, -2334, 0, 0, 153, 0
L -876, -2334, 0, -919, -2324, 0, 0, 153, 0
L -919, -2324, 0, -974, -2381, 0, 0, 153, 0
L -974, -2381, 0, -1006, -2406, 0, 0, 153, 0
L -1006, -2406, 0, -988, -2420, 0, 0, 153, 0
L -988, -2420, 0, -1041, -2533, 0, 0, 153, 0
L -1041, -2533, 0, -1049, -2528, 0, 0, 153, 0
L -1049, -2528, 0, -1043, -2633, 0, 0, 153, 0
L -1043, -2633, 0, -992, -2639, 0, 0, 153, 0
L -992, -2639, 0, -978, -2700, 0, 0, 153, 0
L -978, -2700, 0, -915, -2705, 0, 0, 153, 0
L -915, -2705, 0, -1058, -2718, 0, 0, 153, 0
L -1058, -2718, 0, -1083, -2715, 0, 0, 153, 0
L -1083, -2715, 0, -1092, -2691, 0, 0, 153, 0
L -1092, -2691, 0, -1116, -2682, 0, 0, 153, 0
L -1116, -2682, 0, -1133, -2684, 0, 0, 153, 0
L -1133, -2684, 0, -1248, -2706, 0, 0, 153, 0
L -1248, -2706, 0, -1277, -2679, 0, 0, 153, 0
L -1277, -2679, 0, -1324, -2653, 0, 0, 153, 0
L -1324, -2653, 0, -1384, -2516, 0, 0, 153, 0
L -1384, -2516, 0, -1395, -2469, 0, 0, 153, 0
L -1395, -2469, 0, -1397, -2389, 0, 0, 153, 0
L -1397, -2389, 0, -1385, -2313, 0, 0, 153, 0
L -1385, -2313, 0, -1256, -2191, 0, 0, 153, 0
L -1256, -2191, 0, -1188, -2137, 0, 0, 153, 0
L -1188, -2137, 0, -1123, -2101, 0, 0, 153, 0
L -1123, -2101, 0, -1056, -2094, 0, 0, 153, 0
L -1056, -2094, 0, -1001, -2127, 0, 0, 153, 0
L -1001, -2127, 0, -971, -2158, 0, 0, 153, 0
L -971, -2158, 0, -914, -2174, 0, 0, 153, 0
L -914, -2174, 0, -909, -2230, 0, 0, 153, 0
L -909, -2230, 0, -854, -2235, 0, 0, 153, 0
L -854, -2235, 0, -842, -2300, 0, 0, 153, 0
L -842, -2300, 0, -828, -2310, 0, 0, 153, 0
L -828, -2310, 0, -819, -2336, 0, 0, 153, 0
L -819, -2336, 0, -791, -2346, 0, 0, 153, 0
L -791, -2346, 0, -781, -2367, 0, 0, 153, 0
L -781, -2367, 0, -760, -2381, 0, 0, 153, 0
L -760, -2381, 0, -765, -2421, 0, 0, 153, 0
L -765, -2421, 0, -766, -2424, 0, 0, 153, 0
L -766, -2424, 0, -723, -2437, 0, 0, 153, 0
L -723, -2437, 0, -721, -2447, 0, 0, 153, 0
L -839, -694, 0, -836, -757, 0, 0, 153, 0
L -836, -757, 0, -821, -778, 0, 0, 153, 0
L -821, -778, 0, -852, -819, 0, 0, 153, 0
L -852, -819, 0, -888, -845, 0, 0, 153, 0
L -888, -845, 0, -893, -883, 0, 0, 153, 0
L -893, -883, 0, -912, -911, 0, 0, 153, 0
L -912, -911, 0, -910, -978, 0, 0, 153, 0
L -910, -978, 0, -887, -1010, 0, 0, 153, 0
L -887, -1010, 0, -854, -1031, 0, 0, 153, 0
L -854, -1031, 0, -843, -1032, 0, 0, 153, 0
L -843, -1032, 0, -841, -1046, 0, 0, 153, 0
L -841, -1046, 0, -815, -1071, 0, 0, 153, 0
L -815, -1071, 0, -800, -1112, 0, 0, 153, 0
L -800, -1112, 0, -854, -1163, 0, 0, 153, 0
L -854, -1163, 0, -920, -1162, 0, 0, 153, 0
L -920, -1162, 0, -961, -1154, 0, 0, 153, 0
L -961, -1154, 0, -991, -1125, 0, 0, 153, 0
L -991, -1125, 0, -999, -1125, 0, 0, 153, 0
L -999, -1125, 0, -1003, -1062, 0, 0, 153, 0
L -1003, -1062, 0, -1061, -1054, 0, 0, 153, 0
L -1061, -1054, 0, -1064, -854, 0, 0, 153, 0
L -1064, -854, 0, -1063, -845, 0, 0, 153, 0
L -1063, -845, 0, -1057, -836, 0, 0, 153, 0
L -1057, -836, 0, -939, -713, 0, 0, 153, 0
L -939, -713, 0, -923, -700, 0, 0, 153, 0
L -923, -700, 0, -839, -694, 0, 0, 153, 0
L -1164, -2446, -182, -1006, -2490, 105, 0, 0, 0
L -1006, -2490, 105, -1000, -2491, 108, 0, 0, 0
L -1000, -2491, 108, -998, -2506, 108, 0, 0, 0
L -998, -2506, 108, -976, -2519, 108, 0, 0, 0
L -976, -2519, 108, -955, -2506, 108, 0, 0, 0
L -955, -2506, 108, -955, -2481, 108, 0, 0, 0
L -955, -2481, 108, -978, -2469, 105, 0, 0, 0
L -978, -2469, 105, -989, -2475, 108, 0, 0, 0
L -989, -2475, 108, -998, -2472, 105, 0, 0, 0
L -998, -2472, 105, -1128, -2376, -18, 0, 0, 0
L 290, -1166, -421, 278, -1140, -40, 0, 153, 0
L 278, -1140, -40, 271, -1122, -40, 0, 153, 0
L 271, -1122, -40, 270, -1113, -40, 0, 153, 0
L 270, -1113, -40, 279, -1104, -39, 0, 153, 0
L 279, -1104, -39, 321, -1045, -41, 0, 153, 0
L 321, -1045, -41, 340, -983, -41, 0, 153, 0
L 340, -983, -41, 341, -979, -40, 0, 153, 0
L 341, -979, -40, 412, -910, -43, 0, 153, 0
L 412, -910, -43, 478, -905, -41, 0, 153, 0
L 478, -905, -41, 617, -903, -41, 0, 153, 0
L 617, -903, -41, 684, -904, -42, 0, 153, 0
L 684, -904, -42, 697, -912, -41, 0, 153, 0
L 697, -912, -41, 700, -955, -41, 0, 153, 0
L 700, -955, -41, 736, -978, -41, 0, 153, 0
L 736, -978, -41, 675, -988, -38, 0, 153, 0
L 675, -988, -38, 650, -1007, -42, 0, 153, 0
L 650, -1007, -42, 611, -1008, -41, 0, 153, 0
L 611, -1008, -41, 564, -1047, -40, 0, 153, 0
L 564, -1047, -40, 582, -1076, -42, 0, 153, 0
L 582, -1076, -42, 585, -1112, -41, 0, 153, 0
L 585, -1112, -41, 602, -1121, -40, 0, 153, 0
L 602, -1121, -40, 613, -1148, -42, 0, 153, 0
L 613, -1148, -42, 623, -1169, -41, 0, 153, 0
L 623, -1169, -41, 630, -1180, -43, 0, 153, 0
L 630, -1180, -43, 628, -1230, -39, 0, 153, 0
L 628, -1230, -39, 678, -1231, -39, 0, 153, 0
L 678, -1231, -39, 700, -1244, -41, 0, 153, 0
L 700, -1244, -41, 677, -1263, -41, 0, 153, 0
L 677, -1263, -41, 666, -1256, -41, 0, 153, 0
L 666, -1256, -41, 535, -1255, -41, 0, 153, 0
L 535, -1255, -41, 519, -1247, -40, 0, 153, 0
L 519, -1247, -40, 487, -1236, -41, 0, 153, 0
L 487, -1236, -41, 477, -1227, -40, 0, 153, 0
L 477, -1227, -40, 441, -1211, -40, 0, 153, 0
L 441, -1211, -40, 383, -1208, -44, 0, 153, 0
L 383, -1208, -44, 346, -1189, -41, 0, 153, 0
L 346, -1189, -41, 319, -1179, -41, 0, 153, 0
L 319, -1179, -41, 293, -1167, -41, 0, 153, 0
L 293, -1167, -41, 290, -1166, -42, 0, 153, 0
L 743, -1289, -423, 754, -1303, -41, 0, 153, 0
L 754, -1303, -41, 818, -1302, -41, 0, 153, 0
L 818, -1302, -41, 851, -1311, -42, 0, 153, 0
L 851, -1311, -42, 811, -1346, -41, 0, 153, 0
L 811, -1346, -41, 800, -1323, -41, 0, 153, 0
L 800, -1323, -41, 736, -1322, -41, 0, 153, 0
L 736, -1322, -41, 729, -1315, -41, 0, 153, 0
L 877, -1337, -418, 889, -1370, -40, 0, 153, 0
L 889, -1370, -40, 923, -1378, -41, 0, 153, 0
L 923, -1378, -41, 878, -1406, -41, 0, 153, 0
L 878, -1406, -41, 866, -1389, -42, 0, 153, 0
L 866, -1389, -42, 842, -1379, -43, 0, 153, 0
L 842, -1379, -43, 875, -1339, -41, 0, 153, 0
L 744, -1288, -432, 729, -1310, -41, 0, 153, 0
L 944, -1399, -424, 953, -1436, -42, 0, 153, 0
L 953, -1436, -42, 952, -1445, -39, 0, 153, 0
L 952, -1445, -39, 945, -1458, -43, 0, 153, 0
L 945, -1458, -43, 934, -1453, -41, 0, 153, 0
L 934, -1453, -41, 921, -1447, -41, 0, 153, 0
L 921, -1447, -41, 943, -1401, -41, 0, 153, 0
L -2706, -2358, 100, -2688, -2359, 10, 0, 0, 0
L -2688, -2359, 10, -2687, -2409, 10, 0, 0, 0
L -2687, -2409, 10, -2643, -2438, 10, 0, 0, 0
L -2643, -2438, 10, -2523, -2444, 10, 0, 0, 0
L -2524, -2382, 100, -2661, -2391, 10, 0, 0, 0
L -2661, -2391, 10, -2661, -2331, 10, 0, 0, 0
L -2661, -2331, 10, -2706, -2331, 10, 0, 0, 0
L -2263, -2414, 100, -2251, -2413, 10, 0, 0, 0
L -2251, -2413, 10, -2254, -2472, 10, 0, 0, 0
L -2254, -2472, 10, -2275, -2473, 10, 0, 0, 0
L -2275, -2473, 10, -2273, -2414, 10, 0, 0, 0
L -2273, -2414, 10, -2263, -2414, 10, 0, 0, 0
P -134, -2790, 0, 255, 255, 255, 2, Underwater_Tower
P -2696, -2345, 0, 255, 255, 0, 2, Arena
P -1180, -4250, 0, 255, 255, 0, 2, South_Karana
P -1198, -3813, 0, 0, 0, 0, 2, Gnoll_Camp
P 920, -211, 0, 0, 0, 0, 2, Aviak(1)
P 2150, -2750, 0, 255, 255, 0, 2, Rathe_Mnts
P -1213, -4183, 0, 255, 255, 255, 2, Succor_Point
