L 658, 0, 0, -3197, 0, 0, 140, 140, 140
L  0,1776, 0, 0, -2778, 0, 140, 140, 140
L 500, 1776, 0, 500, -2778, 0, 220, 220, 220
L -500, 1776, 0, -500, -2778, 0, 220, 220, 220
L -1000, 1776, 0, -1000, -2778, 0, 220, 220, 220
L -1500, 1776, 0, -1500, -2778, 0, 220, 220, 220
L -2000, 1776, 0, -2000, -2778, 0, 220, 220, 220
L -2500, 1776, 0, -2500, -2778, 0, 220, 220, 220
L -3000, 1776, 0, -3000, -2778, 0, 220, 220, 220
L 658, 500, 0, -3197, 500, 0, 220, 220, 220
L 658, 1000, 0, -3197, 1000, 0, 220, 220, 220
L 658, 1500, 0, -3197, 1500, 0, 220, 220, 220
L 658, -500, 0, -3197, -500, 0, 220, 220, 220
L 658, -1000, 0, -3197, -1000, 0, 220, 220, 220
L 658, -1500, 0, -3197, -1500, 0, 220, 220, 220
L 658, -2000, 0, -3197, -2000, 0, 220, 220, 220
L 658, -2500, 0, -3197, -2500, 0, 220, 220, 220
P 668, 5, 0, 0, 0, 0, 3, 0
P 5,1786, 0, 0, 0, 0, 3, 0
P 505,1786, 0, 0, 0, 0, 3, 500
P -495,1786, 0, 0, 0, 0, 3, -500
P -995,1786, 0, 0, 0, 0, 3, -1000
P -1495,1786, 0, 0, 0, 0, 3, -1500
P -1995,1786, 0, 0, 0, 0, 3, -2000
P -2495,1786, 0, 0, 0, 0, 3, -2500
P -2995,1786, 0, 0, 0, 0, 3, -3000
P 668, 505, 0, 0, 0, 0, 3, 500
P 668, 1005, 0, 0, 0, 0, 3, 1000
P 668, 1505, 0, 0, 0, 0, 3, 1500
P 668, -495, 0, 0, 0, 0, 3, -500
P 668, -995, 0, 0, 0, 0, 3, -1000
P 668, -1495, 0, 0, 0, 0, 3, -1500
P 668, -1995, 0, 0, 0, 0, 3, -2000
P 668, -2495, 0, 0, 0, 0, 3, -2500
