L 727.0000, 0, 0, -3049.0000, 0, 0, 140, 140, 140
L  0,1178.0000, 0, 0, -1209.0000, 0, 140, 140, 140
L 500, 1178.0000, 0, 500, -1209.0000, 0, 220, 220, 220
L -500, 1178.0000, 0, -500, -1209.0000, 0, 220, 220, 220
L -1000, 1178.0000, 0, -1000, -1209.0000, 0, 220, 220, 220
L -1500, 1178.0000, 0, -1500, -1209.0000, 0, 220, 220, 220
L -2000, 1178.0000, 0, -2000, -1209.0000, 0, 220, 220, 220
L -2500, 1178.0000, 0, -2500, -1209.0000, 0, 220, 220, 220
L -3000, 1178.0000, 0, -3000, -1209.0000, 0, 220, 220, 220
L 727.0000, 500, 0, -3049.0000, 500, 0, 220, 220, 220
L 727.0000, 1000, 0, -3049.0000, 1000, 0, 220, 220, 220
L 727.0000, -500, 0, -3049.0000, -500, 0, 220, 220, 220
L 727.0000, -1000, 0, -3049.0000, -1000, 0, 220, 220, 220
P 737, 5, 0, 0, 0, 0, 3, 0
P 5,1188, 0, 0, 0, 0, 3, 0
P 505,1188, 0, 0, 0, 0, 3, 500
P -495,1188, 0, 0, 0, 0, 3, -500
P -995,1188, 0, 0, 0, 0, 3, -1000
P -1495,1188, 0, 0, 0, 0, 3, -1500
P -1995,1188, 0, 0, 0, 0, 3, -2000
P -2495,1188, 0, 0, 0, 0, 3, -2500
P -2995,1188, 0, 0, 0, 0, 3, -3000
P 737, 505, 0, 0, 0, 0, 3, 500
P 737, 1005, 0, 0, 0, 0, 3, 1000
P 737, -495, 0, 0, 0, 0, 3, -500
P 737, -995, 0, 0, 0, 0, 3, -1000
