L 4492, 5025, 1841, 4492, 5025, 183, 153, 153, 153
L 4492, 5025, 183, 4763, -4105, 228, 153, 153, 153
L 4763, -4105, 228, 3519, -4581, -196, 153, 153, 153
L 3519, -4581, -196, 3358, -4610, -324, 153, 153, 153
L 3358, -4610, -3250, 3358, -4610, -324, 0, 0, 255
L 3358, -4610, -324, 3303, -4594, -324, 0, 0, 255
L 3303, -4594, -324, 3276, -4591, -317, 0, 0, 255
L 3276, -4591, -317, 3124, -4586, -319, 0, 0, 255
L 3124, -4586, -319, 3089, -4504, -323, 0, 0, 255
L 3089, -4504, -323, 2910, -4491, -320, 0, 0, 255
L 2910, -4491, -320, 2824, -4480, -317, 0, 0, 255
L 2824, -4480, -317, 2803, -4391, -317, 0, 0, 255
L 2803, -4391, -317, 2719, -4392, -324, 0, 0, 255
L 2719, -4392, -324, 2700, -4297, -318, 0, 0, 255
L 2700, -4297, -318, 2581, -4300, -319, 0, 0, 255
L 2581, -4300, -319, 2505, -4368, -323, 0, 0, 255
L 2505, -4368, -323, 2435, -4378, -327, 0, 0, 255
L 2435, -4378, -327, 2332, -4383, -322, 0, 0, 255
L 2332, -4383, -322, 2198, -4396, -329, 0, 0, 255
L 2198, -4396, -329, 2100, -4467, -306, 0, 0, 255
L 2100, -4467, -306, 2008, -4485, -317, 0, 0, 255
L 2008, -4485, -317, 1868, -4505, -317, 0, 0, 255
L 1868, -4505, -317, 1798, -4572, -322, 0, 0, 255
L 1798, -4572, -322, 1723, -4574, -319, 0, 0, 255
L 1723, -4574, -319, 1701, -4584, -308, 0, 0, 255
L 1701, -4584, -308, 1556, -4601, -323, 0, 0, 255
L 1556, -4601, -323, 1499, -4651, -324, 0, 0, 255
L 1499, -4651, -324, 1450, -4666, -323, 0, 0, 255
L 1450, -4666, -323, 1397, -4692, -309, 0, 0, 255
L 1397, -4692, -309, 1253, -4693, -316, 0, 0, 255
L 1253, -4693, -316, 1113, -4689, -321, 0, 0, 255
L 1113, -4689, -321, 1109, -4598, -319, 0, 0, 255
L 1109, -4598, -319, 1021, -4588, -315, 0, 0, 255
L 1021, -4588, -315, 999, -4502, -321, 0, 0, 255
L 999, -4502, -321, 902, -4495, -328, 0, 0, 255
L 902, -4495, -328, 699, -4496, -327, 0, 0, 255
L 699, -4496, -327, 619, -4498, -324, 0, 0, 255
L 619, -4498, -324, 498, -4579, -320, 0, 0, 255
L 498, -4579, -320, 402, -4678, -322, 0, 0, 255
L 402, -4678, -322, 320, -4700, -322, 0, 0, 255
L 320, -4700, -322, 198, -4789, -318, 0, 0, 255
L 198, -4789, -318, 71, -4797, -313, 0, 0, 255
L 71, -4797, -313, 16, -4823, -321, 0, 0, 255
L 16, -4823, -321, -40, -4835, -323, 0, 0, 255
L -40, -4835, -323, -97, -4794, -326, 0, 0, 255
L -97, -4794, -326, -189, -4791, -320, 0, 0, 255
L -189, -4791, -320, -203, -4753, -324, 0, 0, 255
L -203, -4753, -324, -252, -4753, -324, 0, 0, 255
L -252, -4753, -324, -258, -4702, -325, 0, 0, 255
L -258, -4702, -325, -296, -4693, -321, 0, 0, 255
L -296, -4693, -321, -393, -4690, -315, 0, 0, 255
L -393, -4690, -315, -486, -4683, -320, 0, 0, 255
L -486, -4683, -320, -496, -4593, -319, 0, 0, 255
L -496, -4593, -319, -809, -4586, -305, 0, 0, 255
L -809, -4586, -305, -969, -4589, -316, 0, 0, 255
L -969, -4589, -316, -1036, -4588, -316, 0, 0, 255
L -1036, -4588, -316, -1188, -4587, -318, 0, 0, 255
L -1188, -4587, -318, -1275, -4575, -317, 0, 0, 255
L -1275, -4575, -317, -1283, -4502, -322, 0, 0, 255
L -1283, -4502, -322, -1375, -4486, -305, 0, 0, 255
L -1375, -4486, -305, -1489, -4485, -319, 0, 0, 255
L -1489, -4485, -319, -1575, -4481, -321, 0, 0, 255
L -1575, -4481, -321, -1595, -4403, -321, 0, 0, 255
L -1595, -4403, -321, -1686, -4391, -316, 0, 0, 255
L -1686, -4391, -316, -1785, -4385, -322, 0, 0, 255
L -1785, -4385, -322, -1795, -4294, -325, 0, 0, 255
L -1795, -4294, -325, -2075, -4291, -322, 0, 0, 255
L -2075, -4291, -322, -2265, -4285, -320, 0, 0, 255
L -2265, -4285, -320, -2618, -4299, -318, 0, 0, 255
L -2618, -4299, -318, -2697, -4368, -322, 0, 0, 255
L -2697, -4368, -322, -2775, -4383, -326, 0, 0, 255
L -2775, -4383, -326, -2840, -4404, -326, 0, 0, 255
L -2840, -4404, -326, -2899, -4447, -324, 0, 0, 255
L -2899, -4447, -324, -3017, -4447, -322, 0, 0, 255
L -3017, -4447, -322, -3139, -4447, -325, 0, 0, 255
L -3139, -4447, -325, -3201, -4470, -319, 0, 0, 255
L -3201, -4470, -319, -3270, -4471, -316, 0, 0, 255
L -3270, -4471, -316, -3566, -4490, -319, 0, 0, 255
L -3566, -4490, -319, -3592, -4390, -315, 0, 0, 255
L -3592, -4390, -315, -3690, -4390, -317, 0, 0, 255
L -3690, -4390, -317, -3692, -4293, -322, 0, 0, 255
L -3692, -4293, -322, -3783, -4287, -319, 0, 0, 255
L -3783, -4287, -319, -3788, -4195, -317, 0, 0, 255
L -3788, -4195, -317, -3796, -4016, -318, 0, 0, 255
L -3796, -4016, -318, -3798, -3884, -320, 0, 0, 255
L -3798, -3884, -320, -3791, -3806, -317, 0, 0, 255
L -3791, -3806, -317, -3692, -3686, -323, 0, 0, 255
L -3692, -3686, -323, -3686, -3600, -322, 0, 0, 255
L -3686, -3600, -322, -3566, -3473, -318, 0, 0, 255
L -3566, -3473, -318, -3504, -3377, -323, 0, 0, 255
L -3504, -3377, -323, -3483, -3313, -322, 0, 0, 255
L -3483, -3313, -322, -3423, -3233, -322, 0, 0, 255
L -3423, -3233, -322, -3386, -3099, -310, 0, 0, 255
L -3386, -3099, -310, -3387, -2997, -321, 0, 0, 255
L -3387, -2997, -321, -3348, -2948, -324, 0, 0, 255
L -3348, -2948, -324, -3286, -2843, -323, 0, 0, 255
L -3286, -2843, -323, -3213, -2756, -325, 0, 0, 255
L -3213, -2756, -325, -3196, -2190, -319, 0, 0, 255
L -3196, -2190, -319, -3274, -2180, -322, 0, 0, 255
L -3274, -2180, -322, -3282, -2135, -325, 0, 0, 255
L -3282, -2135, -325, -3296, -1991, -323, 0, 0, 255
L -3296, -1991, -323, -3373, -1985, -324, 0, 0, 255
L -3373, -1985, -324, -3382, -1901, -321, 0, 0, 255
L -3382, -1901, -321, -3402, -1784, -316, 0, 0, 255
L -3402, -1784, -316, -3476, -1779, -315, 0, 0, 255
L -3476, -1779, -315, -3492, -1697, -321, 0, 0, 255
L -3492, -1697, -321, -3586, -1687, -323, 0, 0, 255
L -3586, -1687, -323, -3597, -1611, -323, 0, 0, 255
L -3597, -1611, -323, -3687, -1585, -314, 0, 0, 255
L -3687, -1585, -314, -3690, -1480, -319, 0, 0, 255
L -3690, -1480, -319, -3700, -1457, -320, 0, 0, 255
L -3700, -1457, -320, -3755, -1456, -321, 0, 0, 255
L -3755, -1456, -321, -3759, -1402, -323, 0, 0, 255
L -3759, -1402, -323, -3725, -1327, -325, 0, 0, 255
L -3725, -1327, -325, -3701, -1270, -325, 0, 0, 255
L -3701, -1270, -325, -3698, -978, -322, 0, 0, 255
L -3698, -978, -322, -3750, -959, -324, 0, 0, 255
L -3750, -959, -324, -3759, -907, -324, 0, 0, 255
L -3759, -907, -324, -3788, -888, -319, 0, 0, 255
L -3788, -888, -319, -3793, -699, -315, 0, 0, 255
L -3793, -699, -315, -3889, -690, -324, 0, 0, 255
L -3889, -690, -324, -3889, -593, -316, 0, 0, 255
L -3889, -593, -316, -3889, -352, -323, 0, 0, 255
L -3889, -352, -323, -3883, -212, -322, 0, 0, 255
L -3883, -212, -322, -3881, -104, -327, 0, 0, 255
L -3881, -104, -327, -3891, 7, -320, 0, 0, 255
L -3891, 7, -320, -3898, 100, -328, 0, 0, 255
L -3898, 100, -328, -3981, 109, -321, 0, 0, 255
L -3981, 109, -321, -3997, 299, -322, 0, 0, 255
L -3997, 299, -322, -4064, 308, -322, 0, 0, 255
L -4064, 308, -322, -4095, 400, -327, 0, 0, 255
L -4095, 400, -327, -4191, 406, -324, 0, 0, 255
L -4191, 406, -324, -4203, 437, -318, 0, 0, 255
L -4203, 437, -318, -4258, 430, -323, 0, 0, 255
L -4258, 430, -323, -4274, 499, -324, 0, 0, 255
L -4274, 499, -324, -4282, 507, -313, 0, 0, 255
L -4282, 507, -313, -4379, 517, -322, 0, 0, 255
L -4379, 517, -322, -4386, 604, -318, 0, 0, 255
L -4386, 604, -318, -4586, 611, -323, 0, 0, 255
L -4586, 611, -323, -4596, 644, -323, 0, 0, 255
L -4596, 644, -323, -4636, 663, -324, 0, 0, 255
L -4636, 663, -324, -4635, 700, -319, 0, 0, 255
L -4635, 700, -319, -4707, 711, -326, 0, 0, 255
L -4707, 711, -326, -4786, 714, -323, 0, 0, 255
L -4786, 714, -323, -4788, 788, -325, 0, 0, 255
L -4788, 788, -325, -4800, 820, -322, 0, 0, 255
L -4800, 820, -322, -4870, 823, -322, 0, 0, 255
L -4870, 823, -322, -4880, 901, -321, 0, 0, 255
L -4880, 901, -321, -4896, 936, -312, 0, 0, 255
L -4896, 936, -312, -4975, 982, -324, 0, 0, 255
L -4975, 982, -324, -5139, 1020, -320, 0, 0, 255
L 4493, 5022, 1861, 4493, 5022, 186, 153, 153, 153
L 4493, 5022, 186, 3289, 5030, -324, 153, 153, 153
L 3293, 5025, -3256, 3293, 5025, -325, 0, 0, 255
L 3293, 5025, -325, 3306, 4997, -325, 0, 0, 255
L 3306, 4997, -325, 3301, 4974, -320, 0, 0, 255
L 3301, 4974, -320, 3221, 4920, -323, 0, 0, 255
L 3221, 4920, -323, 3192, 4888, -319, 0, 0, 255
L 3192, 4888, -319, 3137, 4801, -322, 0, 0, 255
L 3137, 4801, -322, 3134, 4742, -323, 0, 0, 255
L 3134, 4742, -323, 3147, 4704, -324, 0, 0, 255
L 3147, 4704, -324, 3146, 4601, -327, 0, 0, 255
L 3146, 4601, -327, 3102, 4591, -317, 0, 0, 255
L 3102, 4591, -317, 3035, 4545, -326, 0, 0, 255
L 3035, 4545, -326, 3017, 4543, -326, 0, 0, 255
L 3017, 4543, -326, 2847, 4400, -324, 0, 0, 255
L 2847, 4400, -324, 2772, 4392, -323, 0, 0, 255
L 2772, 4392, -323, 2664, 4364, -321, 0, 0, 255
L 2664, 4364, -321, 2603, 4359, -324, 0, 0, 255
L 2603, 4359, -324, 2539, 4305, -324, 0, 0, 255
L 2539, 4305, -324, 2032, 4288, -317, 0, 0, 255
L 2032, 4288, -317, 1911, 4286, -322, 0, 0, 255
L 1911, 4286, -322, 1828, 4220, -316, 0, 0, 255
L 1828, 4220, -316, 1304, 4193, -320, 0, 0, 255
L 1304, 4193, -320, 1277, 4286, -320, 0, 0, 255
L 1277, 4286, -320, 1219, 4282, -319, 0, 0, 255
L 1219, 4282, -319, 1021, 4288, -313, 0, 0, 255
L 1021, 4288, -313, 698, 4287, -314, 0, 0, 255
L 698, 4287, -314, 615, 4281, -324, 0, 0, 255
L 615, 4281, -324, 507, 4200, -324, 0, 0, 255
L 507, 4200, -324, 62, 4187, -312, 0, 0, 255
L 62, 4187, -312, -95, 4195, -321, 0, 0, 255
L -95, 4195, -321, -111, 4288, -322, 0, 0, 255
L -111, 4288, -322, -204, 4289, -321, 0, 0, 255
L -204, 4289, -321, -779, 4289, -318, 0, 0, 255
L -779, 4289, -318, -852, 4287, -321, 0, 0, 255
L -852, 4287, -321, -969, 4222, -323, 0, 0, 255
L -969, 4222, -323, -1095, 4093, -319, 0, 0, 255
L -1095, 4093, -319, -1201, 3998, -323, 0, 0, 255
L -1201, 3998, -323, -1298, 3985, -307, 0, 0, 255
L -1298, 3985, -307, -1427, 3912, -319, 0, 0, 255
L -1427, 3912, -319, -1845, 3888, -315, 0, 0, 255
L -1845, 3888, -315, -2088, 3881, -323, 0, 0, 255
L -2088, 3881, -323, -2298, 3885, -319, 0, 0, 255
L -2298, 3885, -319, -2374, 3873, -323, 0, 0, 255
L -2374, 3873, -323, -2470, 3802, -324, 0, 0, 255
L -2470, 3802, -324, -2585, 3707, -313, 0, 0, 255
L -2585, 3707, -313, -2654, 3607, -320, 0, 0, 255
L -2654, 3607, -320, -2678, 3519, -326, 0, 0, 255
L -2678, 3519, -326, -2690, 3313, -318, 0, 0, 255
L -2690, 3313, -318, -2678, 3239, -321, 0, 0, 255
L -2678, 3239, -321, -2607, 3214, -328, 0, 0, 255
L -2607, 3214, -328, -2594, 3042, -325, 0, 0, 255
L -2594, 3042, -325, -2597, 2882, -323, 0, 0, 255
L -2597, 2882, -323, -2681, 2804, -325, 0, 0, 255
L -2681, 2804, -325, -2784, 2764, -325, 0, 0, 255
L -2784, 2764, -325, -2851, 2702, -324, 0, 0, 255
L -2851, 2702, -324, -2970, 2660, -325, 0, 0, 255
L -2970, 2660, -325, -3060, 2610, -324, 0, 0, 255
L -3060, 2610, -324, -3436, 2586, -314, 0, 0, 255
L -3436, 2586, -314, -3677, 2582, -318, 0, 0, 255
L -3677, 2582, -318, -3780, 2523, -323, 0, 0, 255
L -3780, 2523, -323, -3829, 2501, -325, 0, 0, 255
L -3829, 2501, -325, -3889, 2473, -318, 0, 0, 255
L -3889, 2473, -318, -4002, 2369, -318, 0, 0, 255
L -4002, 2369, -318, -4089, 2285, -318, 0, 0, 255
L -4089, 2285, -318, -4165, 2201, -309, 0, 0, 255
L -4165, 2201, -309, -4183, 2137, -317, 0, 0, 255
L -4183, 2137, -317, -4286, 1998, -319, 0, 0, 255
L -4286, 1998, -319, -4400, 1982, -308, 0, 0, 255
L -4400, 1982, -308, -4507, 1892, -299, 0, 0, 255
L -4507, 1892, -299, -4595, 1858, -321, 0, 0, 255
L -4595, 1858, -321, -4656, 1801, -321, 0, 0, 255
L -4656, 1801, -321, -4669, 1734, -324, 0, 0, 255
L -4669, 1734, -324, -4681, 1710, -320, 0, 0, 255
L -4681, 1710, -320, -4697, 1609, -320, 0, 0, 255
L -4697, 1609, -320, -4783, 1512, -313, 0, 0, 255
L -4783, 1512, -313, -4885, 1466, -320, 0, 0, 255
L -4885, 1466, -320, -4979, 1426, -321, 0, 0, 255
L -4979, 1426, -321, -5047, 1372, -323, 0, 0, 255
L -5047, 1372, -323, -5142, 1341, -315, 0, 0, 255
L -5137, 1013, -3145, -5137, 1013, -314, 153, 153, 153
L -5137, 1013, -314, -5144, 1345, -296, 153, 153, 153
L 3730, 4298, -1069, 3730, 4298, -107, 153, 153, 153
L 3730, 4298, -107, 3727, 4376, -110, 153, 153, 153
L 3727, 4376, -110, 3725, 4422, -117, 153, 153, 153
L 3725, 4422, -117, 3753, 4484, -125, 153, 153, 153
L 3753, 4484, -125, 3776, 4553, -133, 153, 153, 153
L 3776, 4553, -133, 3774, 4616, -143, 153, 153, 153
L 3774, 4616, -143, 3765, 4653, -150, 153, 153, 153
L 3765, 4653, -150, 3770, 4755, -190, 153, 153, 153
L 3770, 4755, -190, 3800, 4858, -207, 153, 153, 153
L 3800, 4858, -207, 3815, 4915, -224, 153, 153, 153
L 3815, 4915, -224, 3815, 4950, -227, 153, 153, 153
L 3815, 4950, -227, 3811, 5037, -247, 153, 153, 153
L 3811, 5037, -247, 3810, 5127, -247, 153, 153, 153
L 3810, 5127, -247, 3811, 5162, -247, 153, 153, 153
L 3811, 5162, -247, 3871, 5162, -247, 153, 153, 153
L 3871, 5162, -247, 3871, 5175, -247, 153, 153, 153
L 3886, 5174, -2479, 3886, 5174, -247, 153, 153, 153
L 3886, 5174, -247, 3886, 5147, -247, 153, 153, 153
L 3886, 5147, -247, 3828, 5147, -247, 153, 153, 153
L 3828, 5147, -247, 3830, 5122, -247, 153, 153, 153
L 3830, 5122, -247, 3830, 5039, -244, 153, 153, 153
L 3830, 5039, -244, 3855, 4906, -228, 153, 153, 153
L 3855, 4906, -228, 3836, 4846, -202, 153, 153, 153
L 3836, 4846, -202, 3819, 4754, -187, 153, 153, 153
L 3819, 4754, -187, 3803, 4670, -160, 153, 153, 153
L 3803, 4670, -160, 3809, 4624, -156, 153, 153, 153
L 3809, 4624, -156, 3817, 4565, -130, 153, 153, 153
L 3817, 4565, -130, 3771, 4428, -113, 153, 153, 153
L 3771, 4428, -113, 3764, 4298, -111, 153, 153, 153
L 3464, 3187, -227, 3464, 3187, -22, 153, 153, 153
L 3464, 3187, -22, 3463, 3071, -25, 153, 153, 153
L 3463, 3071, -25, 3579, 3069, -27, 153, 153, 153
L 3579, 3069, -27, 3579, 3185, -27, 153, 153, 153
L 3579, 3185, -27, 3464, 3185, -27, 153, 153, 153
L 3108, -2552, -536, 3108, -2552, -53, 153, 153, 153
L 3108, -2552, -53, 3146, -2540, -65, 153, 153, 153
L 3146, -2540, -65, 3283, -2540, -109, 153, 153, 153
L 3283, -2540, -109, 3423, -2547, -160, 153, 153, 153
L 3423, -2547, -160, 3492, -2542, -174, 153, 153, 153
L 3492, -2542, -174, 3682, -2539, -179, 153, 153, 153
L 3682, -2539, -179, 3734, -2480, -179, 153, 153, 153
L 3734, -2480, -179, 3748, -2403, -179, 153, 153, 153
L 3748, -2403, -179, 3758, -2301, -179, 153, 153, 153
L 3758, -2301, -179, 3656, -2165, -179, 153, 153, 153
L 3656, -2165, -179, 3690, -2085, -179, 153, 153, 153
L 3690, -2085, -179, 3813, -2085, -179, 153, 153, 153
L 3813, -2085, -179, 3853, -2230, -179, 153, 153, 153
L 3853, -2230, -179, 3819, -2296, -179, 153, 153, 153
L 3819, -2296, -179, 3798, -2426, -179, 153, 153, 153
L 3798, -2426, -179, 3897, -2462, -179, 153, 153, 153
L 3897, -2462, -179, 3987, -2608, -179, 153, 153, 153
L 3987, -2608, -179, 3959, -2726, -179, 153, 153, 153
L 3959, -2726, -179, 3889, -2781, -179, 153, 153, 153
L 3889, -2781, -179, 3868, -2883, -179, 153, 153, 153
L 3868, -2883, -179, 3904, -2966, -179, 153, 153, 153
L 3904, -2966, -179, 3994, -2966, -179, 153, 153, 153
L 3994, -2966, -179, 3987, -3109, -179, 153, 153, 153
L 3987, -3109, -179, 3850, -3108, -179, 153, 153, 153
L 3850, -3108, -179, 3803, -3027, -179, 153, 153, 153
L 3803, -3027, -179, 3844, -2986, -179, 153, 153, 153
L 3844, -2986, -179, 3824, -2871, -179, 153, 153, 153
L 3824, -2871, -179, 3852, -2749, -179, 153, 153, 153
L 3852, -2749, -179, 3915, -2693, -179, 153, 153, 153
L 3915, -2693, -179, 3913, -2605, -179, 153, 153, 153
L 3913, -2605, -179, 3832, -2643, -179, 153, 153, 153
L 3832, -2643, -179, 3755, -2827, -179, 153, 153, 153
L 3755, -2827, -179, 3721, -2951, -179, 153, 153, 153
L 3721, -2951, -179, 3716, -3038, -179, 153, 153, 153
L 3716, -3038, -179, 3770, -3129, -179, 153, 153, 153
L 3770, -3129, -179, 3778, -3253, -179, 153, 153, 153
L 3778, -3253, -179, 3902, -3280, -179, 153, 153, 153
L 3902, -3280, -179, 3999, -3233, -179, 153, 153, 153
L 3999, -3233, -179, 4069, -3160, -179, 153, 153, 153
L 4069, -3160, -179, 4062, -3063, -179, 153, 153, 153
L 4062, -3063, -179, 4136, -3002, -179, 153, 153, 153
L 4136, -3002, -179, 4218, -3029, -179, 153, 153, 153
L 4218, -3029, -179, 4260, -3174, -179, 153, 153, 153
L 4260, -3174, -179, 4219, -3283, -179, 153, 153, 153
L 4219, -3283, -179, 4117, -3235, -179, 153, 153, 153
L 4117, -3235, -179, 4022, -3268, -179, 153, 153, 153
L 4022, -3268, -179, 3904, -3325, -179, 153, 153, 153
L 3904, -3325, -179, 3746, -3283, -179, 153, 153, 153
L 3746, -3283, -179, 3719, -3223, -179, 153, 153, 153
L 3719, -3223, -179, 3619, -3221, -179, 153, 153, 153
L 3619, -3221, -179, 3637, -3361, -179, 153, 153, 153
L 3637, -3361, -179, 3577, -3360, -179, 153, 153, 153
L 3577, -3360, -179, 3509, -3271, -179, 153, 153, 153
L 3509, -3271, -179, 3502, -3131, -179, 153, 153, 153
L 3502, -3131, -179, 3603, -3120, -179, 153, 153, 153
L 3603, -3120, -179, 3609, -3168, -179, 153, 153, 153
L 3609, -3168, -179, 3710, -3169, -179, 153, 153, 153
L 3710, -3169, -179, 3684, -3101, -179, 153, 153, 153
L 3684, -3101, -179, 3679, -3025, -179, 153, 153, 153
L 3679, -3025, -179, 3681, -2948, -179, 153, 153, 153
L 3681, -2948, -179, 3719, -2797, -179, 153, 153, 153
L 3719, -2797, -179, 3781, -2625, -179, 153, 153, 153
L 3781, -2625, -179, 3886, -2566, -179, 153, 153, 153
L 3886, -2566, -179, 3878, -2514, -179, 153, 153, 153
L 3878, -2514, -179, 3786, -2479, -179, 153, 153, 153
L 3786, -2479, -179, 3703, -2573, -179, 153, 153, 153
L 3703, -2573, -179, 3535, -2573, -179, 153, 153, 153
L 3535, -2573, -179, 3356, -2573, -134, 153, 153, 153
L 3356, -2573, -134, 3228, -2573, -89, 153, 153, 153
L 3228, -2573, -89, 3120, -2573, -58, 153, 153, 153
L 3120, -2573, -58, 3113, -2569, -56, 153, 153, 153
L 3113, -2569, -56, 3099, -2568, -52, 153, 153, 153
L -532, 2799, -1967, -532, 2799, -196, 153, 153, 153
L -532, 2799, -196, -484, 2798, -196, 153, 153, 153
L -484, 2798, -196, -482, 2819, -196, 153, 153, 153
L -482, 2819, -196, -450, 2818, -196, 153, 153, 153
L -450, 2818, -196, -449, 2903, -196, 153, 153, 153
L -449, 2903, -196, -482, 2902, -196, 153, 153, 153
L -482, 2902, -196, -482, 2921, -196, 153, 153, 153
L -482, 2921, -196, -532, 2923, -196, 153, 153, 153
L -532, 2923, -196, -530, 2798, -196, 153, 153, 153
L -400, 3147, -1724, -400, 3147, -172, 0, 153, 0
L -400, 3147, -172, 4, 3148, -201, 0, 153, 0
L 4, 3148, -201, 48, 3196, -197, 0, 153, 0
L 48, 3196, -197, 548, 3197, -195, 0, 153, 0
L 548, 3197, -195, 548, 3141, -196, 0, 153, 0
L 548, 3141, -196, 744, 3147, -180, 0, 153, 0
L 744, 3147, -180, 748, 3096, -197, 0, 153, 0
L 748, 3096, -197, 797, 3094, -196, 0, 153, 0
L 797, 3094, -196, 797, 3045, -197, 0, 153, 0
L 797, 3045, -197, 1244, 3047, -190, 0, 153, 0
L 1244, 3047, -190, 1246, 2997, -196, 0, 153, 0
L 1246, 2997, -196, 1292, 2997, -196, 0, 153, 0
L 1292, 2997, -196, 1298, 2943, -195, 0, 153, 0
L 1298, 2943, -195, 1399, 2947, -194, 0, 153, 0
L 1399, 2947, -194, 1398, 2895, -196, 0, 153, 0
L 1398, 2895, -196, 1646, 2897, -190, 0, 153, 0
L 1646, 2897, -190, 1646, 2850, -196, 0, 153, 0
L 1646, 2850, -196, 1691, 2846, -197, 0, 153, 0
L 1691, 2846, -197, 1695, 2800, -200, 0, 153, 0
L 1695, 2800, -200, 1749, 2797, -196, 0, 153, 0
L 1749, 2797, -196, 1744, 2745, -208, 0, 153, 0
L 1744, 2745, -208, 1841, 2745, -196, 0, 153, 0
L 1841, 2745, -196, 1849, 2693, -211, 0, 153, 0
L 1849, 2693, -211, 1897, 2696, -208, 0, 153, 0
L 1897, 2696, -208, 1898, 2645, -222, 0, 153, 0
L 1898, 2645, -222, 2397, 2647, -196, 0, 153, 0
L 2397, 2647, -196, 2398, 2597, -196, 0, 153, 0
L 2398, 2597, -196, 2441, 2597, -190, 0, 153, 0
L 2441, 2597, -190, 2447, 2544, -197, 0, 153, 0
L 2447, 2544, -197, 2496, 2545, -197, 0, 153, 0
L 2496, 2545, -197, 2504, 2493, -196, 0, 153, 0
L 2504, 2493, -196, 2541, 2497, -204, 0, 153, 0
L 2541, 2497, -204, 2746, 2497, -204, 0, 153, 0
L 2746, 2497, -204, 2748, 2444, -212, 0, 153, 0
L 2748, 2444, -212, 2991, 2447, -176, 0, 153, 0
L 2991, 2447, -176, 2998, 2395, -205, 0, 153, 0
L 2998, 2395, -205, 3042, 2397, -198, 0, 153, 0
L 3042, 2397, -198, 3047, 2347, -206, 0, 153, 0
L 3047, 2347, -206, 3095, 2346, -191, 0, 153, 0
L 3095, 2346, -191, 3098, 2308, -199, 0, 153, 0
L 3098, 2308, -199, 3197, 2297, -169, 0, 153, 0
L 3197, 2297, -169, 3202, 2260, -178, 0, 153, 0
L 3202, 2260, -178, 3247, 2245, -163, 0, 153, 0
L 3247, 2245, -163, 3251, 2202, -179, 0, 153, 0
L 3251, 2202, -179, 3698, 2246, 55, 0, 153, 0
L 3890, 1952, 553, 3890, 1952, 55, 0, 153, 0
L 3890, 1952, 55, 3551, 1949, -142, 0, 153, 0
L 3551, 1949, -142, 3547, 2003, -174, 0, 153, 0
L 3547, 2003, -174, 3490, 1999, -153, 0, 153, 0
L 3490, 1999, -153, 3493, 2043, -141, 0, 153, 0
L 3493, 2043, -141, 2600, 2050, -155, 0, 153, 0
L 2600, 2050, -155, 2585, 2117, -201, 0, 153, 0
L 2585, 2117, -201, 2547, 2151, -204, 0, 153, 0
L 2547, 2151, -204, 1301, 2150, -196, 0, 153, 0
L 1301, 2150, -196, 1300, 2200, -196, 0, 153, 0
L 1300, 2200, -196, 1205, 2200, -196, 0, 153, 0
L 1205, 2200, -196, 1201, 2249, -196, 0, 153, 0
L 1201, 2249, -196, 1055, 2250, -159, 0, 153, 0
L 1055, 2250, -159, 992, 2305, -197, 0, 153, 0
L 992, 2305, -197, 258, 2300, -196, 0, 153, 0
L 258, 2300, -196, 251, 2343, -196, 0, 153, 0
L 251, 2343, -196, 57, 2349, -196, 0, 153, 0
L 57, 2349, -196, 50, 2398, -196, 0, 153, 0
L 50, 2398, -196, -40, 2406, -196, 0, 153, 0
L -40, 2406, -196, -50, 2450, -196, 0, 153, 0
L -50, 2450, -196, -198, 2450, -196, 0, 153, 0
L -198, 2450, -196, -199, 2502, -196, 0, 153, 0
L -199, 2502, -196, -296, 2500, -196, 0, 153, 0
L -296, 2500, -196, -301, 2549, -195, 0, 153, 0
L -301, 2549, -195, -450, 2550, -158, 0, 153, 0
L -450, 2550, -158, -455, 2613, -196, 0, 153, 0
L -455, 2613, -196, -494, 2599, -196, 0, 153, 0
L -494, 2599, -196, -499, 2651, -196, 0, 153, 0
L -499, 2651, -196, -545, 2647, -190, 0, 153, 0
L -545, 2647, -190, -554, 2696, -188, 0, 153, 0
L -554, 2696, -188, -592, 2707, -196, 0, 153, 0
L -592, 2707, -196, -596, 2983, -142, 0, 153, 0
L -596, 2983, -142, -502, 3045, -196, 0, 153, 0
L -502, 3045, -196, -446, 3052, -185, 0, 153, 0
L -446, 3052, -185, -397, 3102, -196, 0, 153, 0
L -397, 3102, -196, -400, 3147, -170, 0, 153, 0
L -761, -1466, -1959, -761, -1466, -195, 0, 153, 0
L -761, -1466, -195, -761, -1336, -195, 0, 153, 0
L -761, -1336, -195, -826, -1335, -195, 0, 153, 0
L -826, -1335, -195, -826, -1274, -195, 0, 153, 0
L -826, -1274, -195, -762, -1274, -195, 0, 153, 0
L -762, -1274, -195, -761, -1141, -195, 0, 153, 0
L -761, -1141, -195, -826, -1139, -195, 0, 153, 0
L -826, -1139, -195, -826, -1078, -195, 0, 153, 0
L -826, -1078, -195, -763, -1078, -195, 0, 153, 0
L -763, -1078, -195, -762, -943, -195, 0, 153, 0
L -762, -943, -195, -826, -943, -195, 0, 153, 0
L -826, -943, -195, -826, -882, -195, 0, 153, 0
L -826, -882, -195, -764, -882, -195, 0, 153, 0
L -764, -882, -195, -762, -700, -195, 0, 153, 0
L -762, -700, -195, -827, -700, -195, 0, 153, 0
L -827, -700, -195, -826, -679, -195, 0, 153, 0
L -826, -679, -195, -850, -677, -195, 0, 153, 0
L -850, -677, -195, -850, -700, -195, 0, 153, 0
L -850, -700, -195, -895, -699, -196, 0, 153, 0
L -895, -699, -196, -899, -648, -196, 0, 153, 0
L -899, -648, -196, -947, -649, -186, 0, 153, 0
L -947, -649, -186, -950, -600, -196, 0, 153, 0
L -950, -600, -196, -999, -599, -186, 0, 153, 0
L -999, -599, -186, -1002, -549, -196, 0, 153, 0
L -1002, -549, -196, -1049, -549, -195, 0, 153, 0
L -1049, -549, -195, -1051, -502, -205, 0, 153, 0
L -1051, -502, -205, -1249, -499, -197, 0, 153, 0
L -1249, -499, -197, -1249, -447, -200, 0, 153, 0
L -1249, -447, -200, -1301, -449, -195, 0, 153, 0
L -1301, -449, -195, -1300, -396, -200, 0, 153, 0
L -1300, -396, -200, -1449, -399, -196, 0, 153, 0
L -1449, -399, -196, -1449, -350, -196, 0, 153, 0
L -1449, -350, -196, -1648, -350, -156, 0, 153, 0
L -1648, -350, -156, -1651, -306, -168, 0, 153, 0
L -1651, -306, -168, -1703, -302, -178, 0, 153, 0
L -1703, -302, -178, -1701, -249, -189, 0, 153, 0
L -1701, -249, -189, -1849, -249, -162, 0, 153, 0
L -1849, -249, -162, -1856, -195, -173, 0, 153, 0
L -1856, -195, -173, -2048, -205, -130, 0, 153, 0
L -2048, -205, -130, -2100, -150, -170, 0, 153, 0
L -2100, -150, -170, -2106, -98, -194, 0, 153, 0
L -2106, -98, -194, -2204, -99, -188, 0, 153, 0
L -2204, -99, -188, -2209, -56, -179, 0, 153, 0
L -2209, -56, -179, -2301, -50, -175, 0, 153, 0
L -2301, -50, -175, -2307, -1, -172, 0, 153, 0
L -2307, -1, -172, -2448, -1, -182, 0, 153, 0
L -2448, -1, -182, -2450, 38, -184, 0, 153, 0
L -2450, 38, -184, -2494, 65, -185, 0, 153, 0
L -2494, 65, -185, -2498, 247, -179, 0, 153, 0
L -2498, 247, -179, -2412, 349, -176, 0, 153, 0
L -2412, 349, -176, -2397, 496, -163, 0, 153, 0
L -1968, 595, -1642, -1968, 595, -163, 0, 153, 0
L -1968, 595, -163, -1607, 584, -164, 0, 153, 0
L -1607, 584, -164, -1592, 546, -168, 0, 153, 0
L -1592, 546, -168, -1457, 546, -181, 0, 153, 0
L -1457, 546, -181, -1449, 496, -189, 0, 153, 0
L -1449, 496, -189, -1303, 496, -166, 0, 153, 0
L -1303, 496, -166, -1298, 454, -173, 0, 153, 0
L -1298, 454, -173, -1153, 447, -189, 0, 153, 0
L -1153, 447, -189, -1151, 400, -196, 0, 153, 0
L -1151, 400, -196, -1101, 397, -196, 0, 153, 0
L -1101, 397, -196, -1093, 348, -173, 0, 153, 0
L -1093, 348, -173, -1010, 347, -179, 0, 153, 0
L -1010, 347, -179, -1000, 300, -185, 0, 153, 0
L -1000, 300, -185, -854, 297, -180, 0, 153, 0
L -854, 297, -180, -843, 253, -175, 0, 153, 0
L -843, 253, -175, -752, 246, -159, 0, 153, 0
L -752, 246, -159, -747, 201, -170, 0, 153, 0
L -747, 201, -170, 195, 198, -173, 0, 153, 0
L 195, 198, -173, 203, 106, -189, 0, 153, 0
L 203, 106, -189, 299, 97, -192, 0, 153, 0
L 299, 97, -192, 299, 46, -192, 0, 153, 0
L 299, 46, -192, 397, 47, -185, 0, 153, 0
L 397, 47, -185, 399, -5, -194, 0, 153, 0
L 399, -5, -194, 447, -2, -193, 0, 153, 0
L 447, -2, -193, 448, -52, -196, 0, 153, 0
L 448, -52, -196, 497, -52, -196, 0, 153, 0
L 497, -52, -196, 497, -98, -196, 0, 153, 0
L 497, -98, -196, 547, -102, -196, 0, 153, 0
L 547, -102, -196, 548, -152, -196, 0, 153, 0
L 548, -152, -196, 597, -152, -196, 0, 153, 0
L 597, -152, -196, 599, -202, -189, 0, 153, 0
L 599, -202, -189, 647, -202, -172, 0, 153, 0
L 647, -202, -172, 651, -289, -183, 0, 153, 0
L 651, -289, -183, 1043, -302, -174, 0, 153, 0
L 1043, -302, -174, 1051, -353, -182, 0, 153, 0
L 1051, -353, -182, 1099, -351, -193, 0, 153, 0
L 1099, -351, -193, 1100, -403, -189, 0, 153, 0
L 1100, -403, -189, 1297, -401, -172, 0, 153, 0
L 1297, -401, -172, 1307, -454, -177, 0, 153, 0
L 1307, -454, -177, 1494, -451, -190, 0, 153, 0
L 1494, -451, -190, 1502, -493, -184, 0, 153, 0
L 1502, -493, -184, 1598, -512, -130, 0, 153, 0
L 1598, -512, -130, 1647, -569, -135, 0, 153, 0
L 1647, -569, -135, 1700, -645, -155, 0, 153, 0
L 1700, -645, -155, 1704, -687, -165, 0, 153, 0
L 1704, -687, -165, 1739, -708, -171, 0, 153, 0
L 1739, -708, -171, 1790, -754, -167, 0, 153, 0
L 1790, -754, -167, 1805, -820, -181, 0, 153, 0
L 1805, -820, -181, 1819, -843, -175, 0, 153, 0
L 1819, -843, -175, 1897, -850, -189, 0, 153, 0
L 1897, -850, -189, 1897, -898, -196, 0, 153, 0
L 1897, -898, -196, 1702, -900, -196, 0, 153, 0
L 1702, -900, -196, 1699, -850, -196, 0, 153, 0
L 1699, -850, -196, 998, -849, -193, 0, 153, 0
L 998, -849, -193, 898, -949, -179, 0, 153, 0
L 898, -949, -179, -248, -949, -196, 0, 153, 0
L -248, -949, -196, -254, -902, -187, 0, 153, 0
L -254, -902, -187, -297, -894, -194, 0, 153, 0
L -297, -894, -194, -313, -857, -181, 0, 153, 0
L -313, -857, -181, -351, -849, -188, 0, 153, 0
L -351, -849, -188, -399, -849, -196, 0, 153, 0
L -399, -849, -196, -399, -800, -196, 0, 153, 0
L -399, -800, -196, -447, -798, -197, 0, 153, 0
L -447, -798, -197, -450, -747, -196, 0, 153, 0
L -450, -747, -196, -495, -745, -197, 0, 153, 0
L -495, -745, -197, -499, -698, -204, 0, 153, 0
L -499, -698, -204, -564, -700, -195, 0, 153, 0
L -564, -700, -195, -563, -678, -195, 0, 153, 0
L -563, -678, -195, -584, -676, -195, 0, 153, 0
L -584, -676, -195, -587, -700, -195, 0, 153, 0
L -587, -700, -195, -633, -700, -195, 0, 153, 0
L -633, -700, -195, -634, -882, -195, 0, 153, 0
L -634, -882, -195, -569, -882, -195, 0, 153, 0
L -569, -882, -195, -569, -943, -195, 0, 153, 0
L -569, -943, -195, -633, -943, -195, 0, 153, 0
L -633, -943, -195, -634, -1077, -195, 0, 153, 0
L -634, -1077, -195, -569, -1078, -195, 0, 153, 0
L -569, -1078, -195, -569, -1139, -195, 0, 153, 0
L -569, -1139, -195, -633, -1139, -195, 0, 153, 0
L -633, -1139, -195, -635, -1272, -195, 0, 153, 0
L -635, -1272, -195, -569, -1274, -195, 0, 153, 0
L -569, -1274, -195, -569, -1335, -195, 0, 153, 0
L -569, -1335, -195, -634, -1336, -195, 0, 153, 0
L -634, -1336, -195, -635, -1466, -195, 0, 153, 0
L -635, -1466, -195, -761, -1466, -195, 0, 153, 0
L -1926, -4444, -3064, -1926, -4444, -306, 153, 153, 153
L -1926, -4444, -306, -1911, -4436, -309, 153, 153, 153
L -1911, -4436, -309, -1887, -4428, -314, 153, 153, 153
L -1887, -4428, -314, -1855, -4426, -318, 153, 153, 153
L -1855, -4426, -318, -1787, -4428, -323, 153, 153, 153
L -1787, -4428, -323, -1734, -4437, -309, 153, 153, 153
L -1734, -4437, -309, -1729, -4434, -306, 153, 153, 153
L -1729, -4434, -306, -1729, -4460, -292, 153, 153, 153
L -1729, -4460, -292, -1750, -4476, -302, 153, 153, 153
L -1750, -4476, -302, -1782, -4484, -309, 153, 153, 153
L -1782, -4484, -309, -1785, -4485, -308, 153, 153, 153
L -1785, -4485, -308, -1788, -4510, -312, 153, 153, 153
L -1788, -4510, -312, -1834, -4506, -299, 153, 153, 153
L -1834, -4506, -299, -1839, -4501, -300, 153, 153, 153
L -1839, -4501, -300, -1842, -4486, -303, 153, 153, 153
L -1842, -4486, -303, -1872, -4486, -300, 153, 153, 153
L -1872, -4486, -300, -1892, -4484, -299, 153, 153, 153
L -1892, -4484, -299, -1913, -4476, -299, 153, 153, 153
L -1913, -4476, -299, -1925, -4469, -299, 153, 153, 153
L -1925, -4469, -299, -1924, -4447, -307, 153, 153, 153
P 3926, 4952, 0, 255, 255, 255, 2, Siren's_Grotto
P -556, 2774, 0, 255, 255, 255, 2, Necropolis
P -761, -1466, 0, 255, 255, 255, 2, Temple_of_Veeshan
P 3499, 4099, 0, 255, 255, 255, 2, Succor_Point
