L -1280, 536, -1270, -1280, 536, -127, 153, 153, 153
L -1280, 536, -127, -1280, 943, -156, 153, 153, 153
L -1280, 943, -156, -1273, 950, -156, 153, 153, 153
L -1273, 950, -156, -1272, 957, -156, 153, 153, 153
L -1272, 957, -156, -904, 957, -156, 153, 153, 153
L -904, 957, -156, -903, 950, -156, 153, 153, 153
L -903, 950, -156, -869, 950, -156, 153, 153, 153
L -869, 950, -156, -868, 957, -156, 153, 153, 153
L -868, 957, -156, -506, 957, -156, 153, 153, 153
L -506, 957, -156, -505, 950, -156, 153, 153, 153
L -505, 950, -156, -471, 951, -156, 153, 153, 153
L -471, 951, -156, -470, 957, -156, 153, 153, 153
L -470, 957, -156, -114, 957, -156, 153, 153, 153
L -114, 957, -156, -113, 951, -156, 153, 153, 153
L -113, 951, -156, -105, 950, -156, 153, 153, 153
L -105, 950, -156, 6, 838, -156, 153, 153, 153
L 6, 838, -156, 6, 830, -156, 153, 153, 153
L 6, 830, -156, 13, 829, -156, 153, 153, 153
L 13, 829, -156, 13, 536, -156, 153, 153, 153
L 13, 536, -156, 6, 536, -156, 153, 153, 153
L 6, 536, -156, 5, 529, -156, 153, 153, 153
L 5, 529, -156, -206, 529, -156, 153, 153, 153
L -206, 529, -156, -207, 536, -156, 153, 153, 153
L -207, 536, -156, -242, 535, -156, 153, 153, 153
L -242, 535, -156, -242, 529, -156, 153, 153, 153
L -242, 529, -156, -246, 527, -150, 153, 153, 153
L -246, 527, -150, -260, 527, -152, 153, 153, 153
L -260, 527, -152, -260, 511, -152, 153, 153, 153
L -260, 511, -152, -246, 511, -150, 153, 153, 153
L -246, 511, -150, -242, 509, -156, 153, 153, 153
L -242, 509, -156, -241, 502, -156, 153, 153, 153
L -241, 502, -156, -207, 502, -156, 153, 153, 153
L -207, 502, -156, -206, 509, -156, 153, 153, 153
L -206, 509, -156, 5, 509, -156, 153, 153, 153
L 5, 509, -156, 6, 502, -156, 153, 153, 153
L 6, 502, -156, 40, 502, -156, 153, 153, 153
L 40, 502, -156, 41, 509, -156, 153, 153, 153
L 41, 509, -156, 253, 509, -156, 153, 153, 153
L 253, 509, -156, 254, 502, -156, 153, 153, 153
L 254, 502, -156, 262, 502, -156, 153, 153, 153
L 262, 502, -156, 374, 390, -156, 153, 153, 153
L 374, 390, -156, 374, 382, -156, 153, 153, 153
L 374, 382, -156, 381, 381, -156, 153, 153, 153
L 381, 381, -156, 381, 17, -156, 153, 153, 153
L 381, 17, -156, 374, 16, -156, 153, 153, 153
L 374, 16, -156, 375, -17, -156, 153, 153, 153
L 375, -17, -156, 381, -18, -156, 153, 153, 153
L 381, -18, -156, 381, -382, -156, 153, 153, 153
L 381, -382, -156, 374, -383, -156, 153, 153, 153
L 374, -383, -156, 374, -391, -156, 153, 153, 153
L 374, -391, -156, 262, -503, -156, 153, 153, 153
L 262, -503, -156, 254, -503, -156, 153, 153, 153
L 254, -503, -156, 253, -510, -156, 153, 153, 153
L 253, -510, -156, 41, -510, -156, 153, 153, 153
L 41, -510, -156, 40, -503, -156, 153, 153, 153
L 40, -503, -156, 6, -504, -156, 153, 153, 153
L 6, -504, -156, 5, -510, -156, 153, 153, 153
L 5, -510, -156, -206, -510, -156, 153, 153, 153
L -206, -510, -156, -207, -503, -156, 153, 153, 153
L -207, -503, -156, -241, -504, -156, 153, 153, 153
L -241, -504, -156, -242, -510, -156, 153, 153, 153
L -242, -510, -156, -246, -512, -150, 153, 153, 153
L -246, -512, -150, -260, -512, -152, 153, 153, 153
L -260, -512, -152, -260, -528, -152, 153, 153, 153
L -260, -528, -152, -246, -528, -150, 153, 153, 153
L -246, -528, -150, -242, -530, -156, 153, 153, 153
L -242, -530, -156, -241, -537, -156, 153, 153, 153
L -241, -537, -156, -207, -537, -156, 153, 153, 153
L -207, -537, -156, -206, -530, -156, 153, 153, 153
L -206, -530, -156, 5, -530, -156, 153, 153, 153
L 5, -530, -156, 6, -537, -156, 153, 153, 153
L 6, -537, -156, 13, -537, -156, 153, 153, 153
L 13, -537, -156, 13, -830, -156, 153, 153, 153
L 13, -830, -156, 6, -831, -156, 153, 153, 153
L 6, -831, -156, 6, -839, -156, 153, 153, 153
L 6, -839, -156, -105, -951, -156, 153, 153, 153
L -105, -951, -156, -113, -951, -156, 153, 153, 153
L -113, -951, -156, -114, -958, -156, 153, 153, 153
L -114, -958, -156, -470, -958, -156, 153, 153, 153
L -470, -958, -156, -471, -951, -156, 153, 153, 153
L -471, -951, -156, -505, -951, -156, 153, 153, 153
L -505, -951, -156, -506, -958, -156, 153, 153, 153
L -506, -958, -156, -868, -958, -156, 153, 153, 153
L -868, -958, -156, -869, -952, -156, 153, 153, 153
L -869, -952, -156, -903, -951, -156, 153, 153, 153
L -903, -951, -156, -904, -958, -156, 153, 153, 153
L -904, -958, -156, -1272, -958, -156, 153, 153, 153
L -1272, -958, -156, -1273, -951, -156, 153, 153, 153
L -1273, -951, -156, -1280, -951, -156, 153, 153, 153
L -1280, -951, -156, -1280, -537, -127, 153, 153, 153
L -1280, -537, -127, -1278, -537, -126, 153, 153, 153
L -1278, -537, -126, -1277, -530, -125, 153, 153, 153
L -1277, -530, -125, -1042, -530, -124, 153, 153, 153
L -1042, -530, -124, -1041, -537, -124, 153, 153, 153
L -1041, -537, -124, -1007, -537, -124, 153, 153, 153
L -1007, -537, -124, -1006, -530, -124, 153, 153, 153
L -1006, -530, -124, -786, -530, -124, 153, 153, 153
L -786, -530, -124, -785, -537, -124, 153, 153, 153
L -785, -537, -124, -751, -537, -124, 153, 153, 153
L -751, -537, -124, -750, -530, -124, 153, 153, 153
L -750, -530, -124, -746, -528, -118, 153, 153, 153
L -746, -528, -118, -732, -528, -120, 153, 153, 153
L -732, -528, -120, -732, -512, -120, 153, 153, 153
L -732, -512, -120, -746, -512, -118, 153, 153, 153
L -746, -512, -118, -750, -510, -124, 153, 153, 153
L -750, -510, -124, -751, -503, -124, 153, 153, 153
L -751, -503, -124, -785, -503, -124, 153, 153, 153
L -785, -503, -124, -786, -510, -124, 153, 153, 153
L -786, -510, -124, -1002, -510, -124, 153, 153, 153
L -1002, -510, -124, -1007, -503, -124, 153, 153, 153
L -1007, -503, -124, -1041, -504, -124, 153, 153, 153
L -1041, -504, -124, -1042, -510, -124, 153, 153, 153
L -1042, -510, -124, -1277, -510, -124, 153, 153, 153
L -1277, -510, -124, -1278, -503, -124, 153, 153, 153
L -1278, -503, -124, -1303, -503, -124, 153, 153, 153
L -1303, -503, -124, -1532, -274, -124, 153, 153, 153
L -1532, -274, -124, -1527, -273, -124, 153, 153, 153
L -1527, -273, -124, -1528, -239, -124, 153, 153, 153
L -1528, -239, -124, -1534, -238, -124, 153, 153, 153
L -1534, -238, -124, -1534, -176, -124, 153, 153, 153
L -1534, -176, -124, -1524, -176, -124, 153, 153, 153
L -1524, -176, -124, -1524, -76, -124, 153, 153, 153
L -1524, -76, -124, -1534, -76, -124, 153, 153, 153
L -1534, -76, -124, -1534, 75, -124, 153, 153, 153
L -1534, 75, -124, -1524, 75, -124, 153, 153, 153
L -1524, 75, -124, -1524, 175, -124, 153, 153, 153
L -1524, 175, -124, -1534, 175, -124, 153, 153, 153
L -1534, 175, -124, -1534, 237, -124, 153, 153, 153
L -1534, 237, -124, -1527, 238, -124, 153, 153, 153
L -1527, 238, -124, -1528, 272, -124, 153, 153, 153
L -1528, 272, -124, -1532, 273, -124, 153, 153, 153
L -1532, 273, -124, -1303, 502, -124, 153, 153, 153
L -1303, 502, -124, -1278, 503, -124, 153, 153, 153
L -1278, 503, -124, -1277, 508, -124, 153, 153, 153
L -1277, 508, -124, -1042, 509, -124, 153, 153, 153
L -1042, 509, -124, -1041, 502, -124, 153, 153, 153
L -1041, 502, -124, -1007, 502, -124, 153, 153, 153
L -1007, 502, -124, -1006, 509, -124, 153, 153, 153
L -1006, 509, -124, -786, 509, -124, 153, 153, 153
L -786, 509, -124, -785, 502, -124, 153, 153, 153
L -785, 502, -124, -751, 502, -124, 153, 153, 153
L -751, 502, -124, -750, 509, -124, 153, 153, 153
L -750, 509, -124, -746, 511, -118, 153, 153, 153
L -746, 511, -118, -736, 511, -120, 153, 153, 153
L -736, 511, -120, -732, 527, -120, 153, 153, 153
L -732, 527, -120, -746, 527, -118, 153, 153, 153
L -746, 527, -118, -750, 529, -124, 153, 153, 153
L -750, 529, -124, -751, 536, -124, 153, 153, 153
L -751, 536, -124, -785, 536, -124, 153, 153, 153
L -785, 536, -124, -786, 529, -124, 153, 153, 153
L -786, 529, -124, -1006, 529, -124, 153, 153, 153
L -1006, 529, -124, -1007, 535, -124, 153, 153, 153
L -1007, 535, -124, -1041, 535, -124, 153, 153, 153
L -1041, 535, -124, -1042, 529, -124, 153, 153, 153
L -1042, 529, -124, -1277, 529, -125, 153, 153, 153
L -1277, 529, -125, -1278, 536, -126, 153, 153, 153
L -1278, 536, -126, -1280, 562, -130, 153, 153, 153
L -686, 527, -1181, -686, 527, -118, 153, 153, 153
L -686, 527, -118, -698, 527, -120, 153, 153, 153
L -698, 527, -120, -700, 511, -120, 153, 153, 153
L -700, 511, -120, -686, 511, -118, 153, 153, 153
L -686, 511, -118, -682, 509, -124, 153, 153, 153
L -682, 509, -124, -681, 502, -124, 153, 153, 153
L -681, 502, -124, -647, 502, -124, 153, 153, 153
L -647, 502, -124, -646, 509, -124, 153, 153, 153
L -646, 509, -124, -450, 509, -124, 153, 153, 153
L -450, 509, -124, -441, 502, -124, 153, 153, 153
L -441, 502, -124, -196, 257, -124, 153, 153, 153
L -196, 257, -124, -201, 256, -124, 153, 153, 153
L -201, 256, -124, -201, 222, -124, 153, 153, 153
L -201, 222, -124, -194, 221, -124, 153, 153, 153
L -194, 221, -124, -192, 217, -118, 153, 153, 153
L -192, 217, -118, -192, 203, -120, 153, 153, 153
L -192, 203, -120, -176, 203, -120, 153, 153, 153
L -176, 203, -120, -176, 215, -120, 153, 153, 153
L -176, 215, -120, -174, 221, -124, 153, 153, 153
L -174, 221, -124, -167, 222, -124, 153, 153, 153
L -167, 222, -124, -167, 256, -127, 153, 153, 153
L -167, 256, -127, -175, 257, -125, 153, 153, 153
L -175, 257, -125, -419, 500, -125, 153, 153, 153
L -419, 500, -125, -415, 502, -125, 153, 153, 153
L -415, 502, -125, -414, 509, -125, 153, 153, 153
L -414, 509, -125, -354, 509, -141, 153, 153, 153
L -354, 509, -141, -345, 504, -143, 153, 153, 153
L -345, 504, -143, -344, 503, -143, 153, 153, 153
L -344, 503, -143, -311, 502, -154, 153, 153, 153
L -311, 502, -154, -310, 509, -156, 153, 153, 153
L -310, 509, -156, -306, 511, -150, 153, 153, 153
L -306, 511, -150, -290, 511, -152, 153, 153, 153
L -290, 511, -152, -292, 527, -152, 153, 153, 153
L -292, 527, -152, -303, 527, -152, 153, 153, 153
L -303, 527, -152, -308, 529, -156, 153, 153, 153
L -308, 529, -156, -311, 536, -156, 153, 153, 153
L -311, 536, -156, -345, 535, -150, 153, 153, 153
L -345, 535, -150, -346, 529, -149, 153, 153, 153
L -346, 529, -149, -414, 529, -132, 153, 153, 153
L -414, 529, -132, -415, 536, -133, 153, 153, 153
L -415, 536, -133, -449, 535, -127, 153, 153, 153
L -449, 535, -127, -450, 529, -125, 153, 153, 153
L -450, 529, -125, -646, 529, -124, 153, 153, 153
L -646, 529, -124, -647, 536, -124, 153, 153, 153
L -647, 536, -124, -681, 535, -124, 153, 153, 153
L -681, 535, -124, -682, 529, -124, 153, 153, 153
L -682, 529, -124, -686, 527, -118, 153, 153, 153
L -192, 171, -1208, -192, 171, -120, 153, 153, 153
L -192, 171, -120, -192, 157, -118, 153, 153, 153
L -192, 157, -118, -197, 159, -124, 153, 153, 153
L -197, 159, -124, -201, 152, -124, 153, 153, 153
L -201, 152, -124, -200, 118, -124, 153, 153, 153
L -200, 118, -124, -194, 117, -124, 153, 153, 153
L -194, 117, -124, -194, 103, -124, 153, 153, 153
L -194, 103, -124, -206, 98, -124, 153, 153, 153
L -206, 98, -124, -206, 32, -124, 153, 153, 153
L -206, 32, -124, -194, 31, -124, 153, 153, 153
L -194, 31, -124, -194, -32, -124, 153, 153, 153
L -194, -32, -124, -206, -33, -124, 153, 153, 153
L -206, -33, -124, -206, -99, -124, 153, 153, 153
L -206, -99, -124, -194, -100, -124, 153, 153, 153
L -194, -100, -124, -194, -118, -124, 153, 153, 153
L -194, -118, -124, -201, -119, -124, 153, 153, 153
L -201, -119, -124, -201, -153, -124, 153, 153, 153
L -201, -153, -124, -194, -154, -124, 153, 153, 153
L -194, -154, -124, -192, -158, -118, 153, 153, 153
L -192, -158, -118, -192, -172, -120, 153, 153, 153
L -192, -172, -120, -176, -172, -120, 153, 153, 153
L -176, -172, -120, -176, -158, -118, 153, 153, 153
L -176, -158, -118, -174, -155, -124, 153, 153, 153
L -174, -155, -124, -167, -153, -124, 153, 153, 153
L -167, -153, -124, -168, -119, -124, 153, 153, 153
L -168, -119, -124, -174, -118, -124, 153, 153, 153
L -174, -118, -124, -174, 117, -124, 153, 153, 153
L -174, 117, -124, -167, 118, -124, 153, 153, 153
L -167, 118, -124, -167, 152, -124, 153, 153, 153
L -167, 152, -124, -174, 153, -124, 153, 153, 153
L -174, 153, -124, -176, 157, -118, 153, 153, 153
L -176, 157, -118, -176, 171, -120, 153, 153, 153
L -176, 171, -120, -192, 171, -120, 153, 153, 153
L -192, 171, -120, -192, 157, -118, 153, 153, 153
L -192, -204, -1208, -192, -204, -120, 153, 153, 153
L -192, -204, -120, -192, -214, -120, 153, 153, 153
L -192, -214, -120, -194, -222, -124, 153, 153, 153
L -194, -222, -124, -201, -223, -124, 153, 153, 153
L -201, -223, -124, -201, -257, -124, 153, 153, 153
L -201, -257, -124, -196, -258, -124, 153, 153, 153
L -196, -258, -124, -441, -503, -124, 153, 153, 153
L -441, -503, -124, -450, -510, -124, 153, 153, 153
L -450, -510, -124, -646, -510, -124, 153, 153, 153
L -646, -510, -124, -647, -503, -124, 153, 153, 153
L -647, -503, -124, -681, -503, -124, 153, 153, 153
L -681, -503, -124, -682, -510, -124, 153, 153, 153
L -682, -510, -124, -686, -512, -118, 153, 153, 153
L -686, -512, -118, -700, -512, -120, 153, 153, 153
L -700, -512, -120, -700, -528, -120, 153, 153, 153
L -700, -528, -120, -686, -528, -118, 153, 153, 153
L -686, -528, -118, -682, -530, -124, 153, 153, 153
L -682, -530, -124, -681, -537, -124, 153, 153, 153
L -681, -537, -124, -647, -536, -124, 153, 153, 153
L -647, -536, -124, -646, -530, -124, 153, 153, 153
L -646, -530, -124, -450, -530, -125, 153, 153, 153
L -450, -530, -125, -449, -537, -127, 153, 153, 153
L -449, -537, -127, -415, -537, -133, 153, 153, 153
L -415, -537, -133, -414, -530, -132, 153, 153, 153
L -414, -530, -132, -346, -530, -149, 153, 153, 153
L -346, -530, -149, -345, -536, -150, 153, 153, 153
L -345, -536, -150, -311, -537, -156, 153, 153, 153
L -311, -537, -156, -310, -530, -156, 153, 153, 153
L -310, -530, -156, -306, -528, -150, 153, 153, 153
L -306, -528, -150, -292, -528, -152, 153, 153, 153
L -292, -528, -152, -292, -512, -152, 153, 153, 153
L -292, -512, -152, -306, -512, -150, 153, 153, 153
L -306, -512, -150, -310, -510, -155, 153, 153, 153
L -310, -510, -155, -311, -504, -153, 153, 153, 153
L -311, -504, -153, -345, -505, -142, 153, 153, 153
L -345, -505, -142, -346, -510, -145, 153, 153, 153
L -346, -510, -145, -414, -510, -125, 153, 153, 153
L -414, -510, -125, -415, -503, -125, 153, 153, 153
L -415, -503, -125, -421, -503, -125, 153, 153, 153
L -421, -503, -125, -175, -258, -125, 153, 153, 153
L -175, -258, -125, -167, -257, -127, 153, 153, 153
L -167, -257, -127, -167, -223, -124, 153, 153, 153
L -167, -223, -124, -174, -222, -124, 153, 153, 153
L -174, -222, -124, -176, -218, -118, 153, 153, 153
L -176, -218, -118, -176, -203, -120, 153, 153, 153
L -176, -203, -120, -192, -204, -120, 153, 153, 153
L -192, -204, -120, -192, -218, -118, 153, 153, 153
L -487, -102, -751, -487, -102, -75, 255, 255, 255
L -487, -102, -75, -489, -90, -70, 255, 255, 255
L -489, -90, -70, -506, -54, -51, 255, 255, 255
L -506, -54, -51, -514, -45, -47, 255, 255, 255
L -514, -45, -47, -519, -25, -61, 255, 255, 255
L -519, -25, -61, -522, 0, -37, 255, 255, 255
L -522, 0, -37, -520, 13, -31, 255, 255, 255
L -520, 13, -31, -516, 29, -35, 255, 255, 255
L -516, 29, -35, -508, 58, -59, 255, 255, 255
L -508, 58, -59, -506, 85, -78, 255, 255, 255
L -506, 85, -78, -519, 117, -72, 255, 255, 255
L -519, 117, -72, -526, 132, -65, 255, 255, 255
L -526, 132, -65, -529, 148, -57, 255, 255, 255
L -529, 148, -57, -529, 176, -58, 255, 255, 255
L -529, 176, -58, -529, 181, -56, 255, 255, 255
L -566, 234, -923, -566, 234, -92, 255, 255, 255
L -566, 234, -92, -568, 249, -90, 255, 255, 255
L -568, 249, -90, -574, 249, -84, 255, 255, 255
L -574, 249, -84, -592, 253, -77, 255, 255, 255
L -592, 253, -77, -623, 254, -64, 255, 255, 255
L -623, 254, -64, -638, 250, -59, 255, 255, 255
L -638, 250, -59, -661, 255, -71, 255, 255, 255
L -661, 255, -71, -678, 245, -57, 255, 255, 255
L -678, 245, -57, -710, 239, -70, 255, 255, 255
L -710, 239, -70, -729, 230, -55, 255, 255, 255
L -729, 230, -55, -749, 226, -50, 255, 255, 255
L -749, 226, -50, -786, 231, -40, 255, 255, 255
L -786, 231, -40, -813, 237, -37, 255, 255, 255
L -813, 237, -37, -841, 250, -34, 255, 255, 255
L -841, 250, -34, -897, 259, -77, 255, 255, 255
L -897, 259, -77, -932, 267, -59, 255, 255, 255
L -932, 267, -59, -957, 276, -53, 255, 255, 255
L -957, 276, -53, -970, 285, -66, 255, 255, 255
L -970, 285, -66, -998, 297, -74, 255, 255, 255
L -998, 297, -74, -1022, 307, -91, 255, 255, 255
L -1022, 307, -91, -1045, 312, -86, 255, 255, 255
L -1045, 312, -86, -1074, 299, -49, 255, 255, 255
L -1074, 299, -49, -1111, 291, -59, 255, 255, 255
L -1111, 291, -59, -1137, 285, -73, 255, 255, 255
L -1137, 285, -73, -1156, 277, -69, 255, 255, 255
L -1156, 277, -69, -1206, 263, -56, 255, 255, 255
L -1206, 263, -56, -1206, 266, -68, 255, 255, 255
L -1259, 225, -923, -1259, 225, -92, 255, 255, 255
L -1259, 225, -92, -1269, 223, -92, 255, 255, 255
L -1269, 223, -92, -1267, 216, -84, 255, 255, 255
L -1267, 216, -84, -1266, 205, -78, 255, 255, 255
L -1266, 205, -78, -1267, 180, -74, 255, 255, 255
L -1267, 180, -74, -1268, 171, -70, 255, 255, 255
L -1268, 171, -70, -1270, 144, -71, 255, 255, 255
L -1270, 144, -71, -1273, 115, -75, 255, 255, 255
L -1273, 115, -75, -1272, 100, -71, 255, 255, 255
L -1272, 100, -71, -1264, 88, -60, 255, 255, 255
L -1264, 88, -60, -1241, 45, -54, 255, 255, 255
L -1241, 45, -54, -1238, 21, -42, 255, 255, 255
L -1238, 21, -42, -1240, 6, -36, 255, 255, 255
L -1240, 6, -36, -1245, -18, -40, 255, 255, 255
L -1245, -18, -40, -1253, -34, -60, 255, 255, 255
L -1253, -34, -60, -1257, -52, -73, 255, 255, 255
L -1257, -52, -73, -1257, -75, -71, 255, 255, 255
L -1257, -75, -71, -1256, -79, -69, 255, 255, 255
L -1256, -79, -69, -1249, -108, -56, 255, 255, 255
L -1249, -108, -56, -1246, -127, -59, 255, 255, 255
L -1246, -127, -59, -1246, -159, -67, 255, 255, 255
L -1246, -159, -67, -1255, -181, -54, 255, 255, 255
L -1255, -181, -54, -1262, -196, -57, 255, 255, 255
L -1262, -196, -57, -1268, -212, -66, 255, 255, 255
L -1268, -212, -66, -1273, -232, -76, 255, 255, 255
L -1273, -232, -76, -1273, -236, -76, 255, 255, 255
L -1273, -236, -76, -1269, -258, -71, 255, 255, 255
L -1269, -258, -71, -1263, -270, -54, 255, 255, 255
L -1263, -270, -54, -1270, -273, -92, 255, 255, 255
L -1270, -273, -92, -1259, -274, -92, 255, 255, 255
L -1209, -323, -923, -1209, -323, -92, 255, 255, 255
L -1209, -323, -92, -1204, -324, -91, 255, 255, 255
L -1204, -324, -91, -1169, -333, -71, 255, 255, 255
L -1169, -333, -71, -1154, -336, -71, 255, 255, 255
L -1154, -336, -71, -1137, -337, -72, 255, 255, 255
L -1137, -337, -72, -1125, -332, -62, 255, 255, 255
L -1125, -332, -62, -1116, -330, -55, 255, 255, 255
L -1116, -330, -55, -1096, -326, -51, 255, 255, 255
L -1096, -326, -51, -1066, -324, -51, 255, 255, 255
L -1066, -324, -51, -1023, -323, -51, 255, 255, 255
L -1023, -323, -51, -1001, -326, -49, 255, 255, 255
L -1001, -326, -49, -974, -331, -56, 255, 255, 255
L -974, -331, -56, -956, -337, -55, 255, 255, 255
L -956, -337, -55, -931, -321, -59, 255, 255, 255
L -931, -321, -59, -926, -320, -61, 255, 255, 255
L -926, -320, -61, -899, -313, -68, 255, 255, 255
L -899, -313, -68, -881, -309, -58, 255, 255, 255
L -881, -309, -58, -869, -310, -49, 255, 255, 255
L -869, -310, -49, -837, -313, -58, 255, 255, 255
L -837, -313, -58, -811, -314, -65, 255, 255, 255
L -811, -314, -65, -792, -316, -71, 255, 255, 255
L -792, -316, -71, -774, -321, -57, 255, 255, 255
L -774, -321, -57, -769, -324, -55, 255, 255, 255
L -769, -324, -55, -747, -342, -66, 255, 255, 255
L -747, -342, -66, -728, -345, -79, 255, 255, 255
L -728, -345, -79, -703, -328, -71, 255, 255, 255
L -703, -328, -71, -687, -319, -65, 255, 255, 255
L -687, -319, -65, -682, -317, -66, 255, 255, 255
L -682, -317, -66, -650, -307, -63, 255, 255, 255
L -650, -307, -63, -633, -300, -84, 255, 255, 255
L -633, -300, -84, -615, -281, -87, 255, 255, 255
L -615, -281, -87, -594, -259, -81, 255, 255, 255
L -594, -259, -81, -573, -237, -66, 255, 255, 255
L -567, -243, -923, -567, -243, -92, 0, 255, 255
L -567, -243, -92, -518, -241, -92, 0, 255, 255
L -518, -241, -92, -518, -219, -92, 0, 255, 255
L -518, -219, -92, -523, -219, -92, 0, 255, 255
L -523, -219, -92, -524, -234, -92, 0, 255, 255
L -524, -234, -92, -563, -236, -84, 0, 255, 255
L -563, -236, -84, -564, -196, -92, 0, 255, 255
L -564, -196, -92, -524, -196, -92, 0, 255, 255
L -524, -196, -92, -523, -213, -92, 0, 255, 255
L -523, -213, -92, -518, -213, -92, 0, 255, 255
L -518, -213, -92, -517, -194, -92, 0, 255, 255
L -514, -192, -923, -514, -192, -92, 255, 255, 255
L -514, -192, -92, -506, -177, -93, 255, 255, 255
L -506, -177, -93, -496, -161, -93, 255, 255, 255
L -496, -161, -93, -482, -148, -93, 255, 255, 255
L -482, -148, -93, -484, -128, -85, 255, 255, 255
L -484, -128, -85, -482, -110, -84, 255, 255, 255
L -482, -110, -84, -483, -106, -80, 255, 255, 255
L -483, -106, -80, -484, -100, -78, 255, 255, 255
L -517, 184, -923, -517, 184, -92, 0, 255, 255
L -517, 184, -92, -518, 204, -92, 0, 255, 255
L -518, 204, -92, -523, 204, -92, 0, 255, 255
L -523, 204, -92, -524, 187, -92, 0, 255, 255
L -524, 187, -92, -562, 187, -92, 0, 255, 255
L -562, 187, -92, -564, 227, -92, 0, 255, 255
L -564, 227, -92, -525, 226, -92, 0, 255, 255
L -525, 226, -92, -523, 210, -92, 0, 255, 255
L -523, 210, -92, -517, 211, -92, 0, 255, 255
L -517, 211, -92, -518, 233, -92, 0, 255, 255
L -518, 233, -92, -566, 234, -92, 0, 255, 255
L -1206, 263, -561, -1206, 263, -56, 0, 255, 255
L -1206, 263, -56, -1208, 274, -92, 0, 255, 255
L -1208, 274, -92, -1229, 273, -92, 0, 255, 255
L -1229, 273, -92, -1229, 268, -92, 0, 255, 255
L -1229, 268, -92, -1212, 267, -92, 0, 255, 255
L -1212, 267, -92, -1212, 229, -92, 0, 255, 255
L -1212, 229, -92, -1252, 227, -92, 0, 255, 255
L -1252, 227, -92, -1252, 267, -92, 0, 255, 255
L -1252, 267, -92, -1235, 268, -92, 0, 255, 255
L -1235, 268, -92, -1235, 273, -92, 0, 255, 255
L -1235, 273, -92, -1258, 272, -92, 0, 255, 255
L -1258, 272, -92, -1259, 225, -92, 0, 255, 255
L -1259, 225, -92, -1266, 224, -92, 0, 255, 255
L -1263, -270, -548, -1263, -270, -54, 0, 255, 255
L -1263, -270, -54, -1259, -274, -92, 0, 255, 255
L -1259, -274, -92, -1258, -322, -92, 0, 255, 255
L -1258, -322, -92, -1235, -322, -92, 0, 255, 255
L -1235, -322, -92, -1235, -317, -92, 0, 255, 255
L -1235, -317, -92, -1252, -316, -92, 0, 255, 255
L -1252, -316, -92, -1252, -276, -92, 0, 255, 255
L -1252, -276, -92, -1212, -276, -92, 0, 255, 255
L -1212, -276, -92, -1212, -316, -92, 0, 255, 255
L -1212, -316, -92, -1229, -317, -92, 0, 255, 255
L -1229, -317, -92, -1229, -322, -92, 0, 255, 255
L -1229, -322, -92, -1210, -323, -92, 0, 255, 255
L -716, -875, -1551, -716, -875, -155, 255, 255, 0
L -716, -875, -155, -716, -893, -154, 255, 255, 0
L -716, -893, -154, -721, -900, -155, 255, 255, 0
L -721, -900, -155, -695, -926, -155, 255, 255, 0
L -695, -926, -155, -689, -922, -156, 255, 255, 0
L -689, -922, -156, -570, -921, -155, 255, 255, 0
L -570, -921, -155, -565, -926, -155, 255, 255, 0
L -565, -926, -155, -544, -906, -155, 255, 255, 0
L -544, -906, -155, -518, -905, -156, 255, 255, 0
L -518, -905, -156, -518, -829, -155, 255, 255, 0
L -518, -829, -155, -523, -822, -156, 255, 255, 0
L -523, -822, -156, -563, -782, -156, 255, 255, 0
L -563, -782, -156, -572, -782, -154, 255, 255, 0
L -565, -803, -1468, -565, -803, -146, 255, 255, 0
L -565, -803, -146, -570, -808, -150, 255, 255, 0
L -570, -808, -150, -690, -807, -155, 255, 255, 0
L -690, -807, -155, -695, -802, -155, 255, 255, 0
L -695, -802, -155, -721, -828, -155, 255, 255, 0
L -721, -828, -155, -717, -833, -156, 255, 255, 0
L -717, -833, -156, -716, -835, -154, 255, 255, 0
L -716, -835, -154, -716, -853, -155, 255, 255, 0
L -716, -853, -155, -706, -853, -155, 255, 255, 0
L -706, -853, -155, -706, -835, -154, 255, 255, 0
L -706, -835, -154, -701, -828, -156, 255, 255, 0
L -701, -828, -156, -705, -824, -156, 255, 255, 0
L -705, -824, -156, -699, -818, -156, 255, 255, 0
L -699, -818, -156, -694, -821, -155, 255, 255, 0
L -694, -821, -155, -690, -817, -155, 255, 255, 0
L -690, -817, -155, -570, -817, -152, 255, 255, 0
L -570, -817, -152, -565, -822, -152, 255, 255, 0
L -565, -822, -152, -561, -818, -152, 255, 255, 0
L -561, -818, -152, -558, -821, -152, 255, 255, 0
L -558, -821, -152, -559, -828, -152, 255, 255, 0
L -559, -828, -152, -554, -833, -152, 255, 255, 0
L -554, -833, -152, -559, -900, -152, 255, 255, 0
L -559, -900, -152, -555, -904, -152, 255, 255, 0
L -555, -904, -152, -561, -910, -152, 255, 255, 0
L -561, -910, -152, -565, -906, -152, 255, 255, 0
L -565, -906, -152, -570, -911, -152, 255, 255, 0
L -570, -911, -152, -686, -911, -155, 255, 255, 0
L -686, -911, -155, -695, -906, -155, 255, 255, 0
L -695, -906, -155, -699, -910, -156, 255, 255, 0
L -699, -910, -156, -703, -906, -156, 255, 255, 0
L -703, -906, -156, -701, -900, -155, 255, 255, 0
L -701, -900, -155, -706, -893, -154, 255, 255, 0
L -706, -893, -154, -706, -875, -155, 255, 255, 0
L -1022, -830, -1568, -1022, -830, -156, 255, 255, 0
L -1022, -830, -156, -1022, -817, -156, 255, 255, 0
L -1022, -817, -156, -1018, -812, -156, 255, 255, 0
L -1018, -812, -156, -1036, -794, -156, 255, 255, 0
L -1036, -794, -156, -1041, -798, -156, 255, 255, 0
L -1041, -798, -156, -1054, -798, -156, 255, 255, 0
L -1054, -798, -156, -1054, -806, -156, 255, 255, 0
L -1054, -806, -156, -1033, -806, -156, 255, 255, 0
L -1033, -806, -156, -1030, -809, -156, 255, 255, 0
L -1030, -809, -156, -1029, -841, -156, 255, 255, 0
L -1029, -841, -156, -1025, -841, -156, 255, 255, 0
L -1025, -841, -156, -1024, -838, -156, 255, 255, 0
L -1024, -838, -156, -969, -838, -156, 255, 255, 0
L -969, -838, -156, -966, -841, -156, 255, 255, 0
L -966, -841, -156, -966, -903, -156, 255, 255, 0
L -966, -903, -156, -969, -903, -156, 255, 255, 0
L -969, -903, -156, -1024, -906, -156, 255, 255, 0
L -1024, -906, -156, -1025, -851, -156, 255, 255, 0
L -1025, -851, -156, -1029, -851, -156, 255, 255, 0
L -1029, -851, -156, -1030, -906, -152, 255, 255, 0
L -1030, -906, -152, -1098, -906, -153, 255, 255, 0
L -1098, -906, -153, -1099, -851, -156, 255, 255, 0
L -1099, -851, -156, -1103, -851, -156, 255, 255, 0
L -1103, -851, -156, -1104, -906, -156, 255, 255, 0
L -1104, -906, -156, -1159, -906, -156, 255, 255, 0
L -1159, -906, -156, -1162, -903, -156, 255, 255, 0
L -1162, -903, -156, -1162, -841, -156, 255, 255, 0
L -1162, -841, -156, -1159, -838, -156, 255, 255, 0
L -1159, -838, -156, -1104, -838, -156, 255, 255, 0
L -1104, -838, -156, -1103, -841, -156, 255, 255, 0
L -1103, -841, -156, -1099, -841, -156, 255, 255, 0
L -1099, -841, -156, -1098, -809, -156, 255, 255, 0
L -1098, -809, -156, -1095, -806, -156, 255, 255, 0
L -1095, -806, -156, -1074, -806, -156, 255, 255, 0
L -1074, -806, -156, -1074, -798, -156, 255, 255, 0
L -1074, -798, -156, -1087, -798, -156, 255, 255, 0
L -1087, -798, -156, -1092, -794, -156, 255, 255, 0
L -1092, -794, -156, -1110, -812, -156, 255, 255, 0
L -1110, -812, -156, -1106, -817, -156, 255, 255, 0
L -1106, -817, -156, -1106, -830, -156, 255, 255, 0
L -1106, -830, -156, -1151, -830, -156, 255, 255, 0
L -1151, -830, -156, -1156, -826, -156, 255, 255, 0
L -1156, -826, -156, -1174, -844, -156, 255, 255, 0
L -1174, -844, -156, -1170, -849, -156, 255, 255, 0
L -1170, -849, -156, -1170, -895, -156, 255, 255, 0
L -1170, -895, -156, -1174, -900, -156, 255, 255, 0
L -1174, -900, -156, -1156, -918, -156, 255, 255, 0
L -1156, -918, -156, -1151, -914, -156, 255, 255, 0
L -1151, -914, -156, -977, -914, -156, 255, 255, 0
L -977, -914, -156, -972, -918, -156, 255, 255, 0
L -972, -918, -156, -955, -900, -156, 255, 255, 0
L -955, -900, -156, -958, -895, -156, 255, 255, 0
L -958, -895, -156, -958, -849, -156, 255, 255, 0
L -958, -849, -156, -954, -844, -156, 255, 255, 0
L -954, -844, -156, -972, -826, -156, 255, 255, 0
L -972, -826, -156, -977, -830, -156, 255, 255, 0
L -977, -830, -156, -1022, -830, -156, 255, 255, 0
L -360, -914, -1568, -360, -914, -156, 255, 255, 0
L -360, -914, -156, -360, -906, -156, 255, 255, 0
L -360, -906, -156, -383, -906, -156, 255, 255, 0
L -383, -906, -156, -394, -895, -156, 255, 255, 0
L -394, -895, -156, -394, -833, -156, 255, 255, 0
L -394, -833, -156, -383, -822, -156, 255, 255, 0
L -383, -822, -156, -340, -822, -156, 255, 255, 0
L -340, -822, -156, -337, -833, -156, 255, 255, 0
L -337, -833, -156, -333, -833, -156, 255, 255, 0
L -333, -833, -156, -332, -822, -156, 255, 255, 0
L -332, -822, -156, -289, -822, -152, 255, 255, 0
L -289, -822, -152, -278, -833, -156, 255, 255, 0
L -278, -833, -156, -278, -861, -152, 255, 255, 0
L -278, -861, -152, -331, -861, -156, 255, 255, 0
L -331, -861, -156, -333, -843, -156, 255, 255, 0
L -333, -843, -156, -337, -843, -156, 255, 255, 0
L -337, -843, -156, -337, -885, -156, 255, 255, 0
L -337, -885, -156, -333, -885, -156, 255, 255, 0
L -333, -885, -156, -332, -867, -156, 255, 255, 0
L -332, -867, -156, -278, -867, -156, 255, 255, 0
L -278, -867, -156, -278, -895, -156, 255, 255, 0
L -278, -895, -156, -289, -906, -156, 255, 255, 0
L -289, -906, -156, -329, -906, -156, 255, 255, 0
L -329, -906, -156, -333, -895, -156, 255, 255, 0
L -333, -895, -156, -337, -895, -156, 255, 255, 0
L -337, -895, -156, -338, -904, -156, 255, 255, 0
L -338, -904, -156, -340, -906, -156, 255, 255, 0
L -340, -906, -156, -340, -914, -156, 255, 255, 0
L -340, -914, -156, -297, -914, -156, 255, 255, 0
L -297, -914, -156, -292, -918, -156, 255, 255, 0
L -292, -918, -156, -267, -891, -156, 255, 255, 0
L -267, -891, -156, -270, -887, -156, 255, 255, 0
L -270, -887, -156, -270, -841, -156, 255, 255, 0
L -270, -841, -156, -266, -836, -156, 255, 255, 0
L -266, -836, -156, -293, -811, -156, 255, 255, 0
L -293, -811, -156, -297, -814, -156, 255, 255, 0
L -297, -814, -156, -375, -814, -156, 255, 255, 0
L -375, -814, -156, -380, -810, -156, 255, 255, 0
L -380, -810, -156, -406, -836, -156, 255, 255, 0
L -406, -836, -156, -402, -841, -156, 255, 255, 0
L -402, -841, -156, -402, -887, -156, 255, 255, 0
L -402, -887, -156, -405, -893, -156, 255, 255, 0
L -405, -893, -156, -380, -918, -156, 255, 255, 0
L -380, -918, -156, -375, -914, -156, 255, 255, 0
L -375, -914, -156, -360, -914, -156, 255, 255, 0
L -136, -590, -1568, -136, -590, -156, 255, 255, 0
L -136, -590, -156, -136, -598, -156, 255, 255, 0
L -136, -598, -156, -113, -598, -156, 255, 255, 0
L -113, -598, -156, -102, -609, -156, 255, 255, 0
L -102, -609, -156, -102, -654, -156, 255, 255, 0
L -102, -654, -156, -113, -655, -156, 255, 255, 0
L -113, -655, -156, -113, -659, -156, 255, 255, 0
L -113, -659, -156, -102, -660, -156, 255, 255, 0
L -102, -660, -156, -102, -703, -156, 255, 255, 0
L -102, -703, -156, -113, -714, -156, 255, 255, 0
L -113, -714, -156, -141, -714, -156, 255, 255, 0
L -141, -714, -156, -141, -663, -154, 255, 255, 0
L -141, -663, -154, -123, -659, -156, 255, 255, 0
L -123, -659, -156, -123, -655, -156, 255, 255, 0
L -123, -655, -156, -165, -655, -156, 255, 255, 0
L -165, -655, -156, -165, -659, -156, 255, 255, 0
L -165, -659, -156, -147, -660, -152, 255, 255, 0
L -147, -660, -152, -147, -714, -156, 255, 255, 0
L -147, -714, -156, -175, -714, -156, 255, 255, 0
L -175, -714, -156, -186, -703, -156, 255, 255, 0
L -186, -703, -156, -186, -660, -156, 255, 255, 0
L -186, -660, -156, -175, -659, -156, 255, 255, 0
L -175, -659, -156, -175, -655, -156, 255, 255, 0
L -175, -655, -156, -186, -654, -156, 255, 255, 0
L -186, -654, -156, -186, -609, -156, 255, 255, 0
L -186, -609, -156, -175, -598, -156, 255, 255, 0
L -175, -598, -156, -156, -598, -156, 255, 255, 0
L -156, -598, -156, -156, -590, -156, 255, 255, 0
L -156, -590, -156, -160, -590, -156, 255, 255, 0
L -160, -590, -156, -172, -586, -156, 255, 255, 0
L -172, -586, -156, -198, -612, -156, 255, 255, 0
L -198, -612, -156, -194, -617, -156, 255, 255, 0
L -194, -617, -156, -194, -695, -156, 255, 255, 0
L -194, -695, -156, -198, -700, -156, 255, 255, 0
L -198, -700, -156, -172, -725, -156, 255, 255, 0
L -172, -725, -156, -167, -722, -156, 255, 255, 0
L -167, -722, -156, -121, -722, -156, 255, 255, 0
L -121, -722, -156, -116, -725, -156, 255, 255, 0
L -116, -725, -156, -90, -700, -156, 255, 255, 0
L -90, -700, -156, -94, -695, -156, 255, 255, 0
L -94, -695, -156, -94, -617, -156, 255, 255, 0
L -94, -617, -156, -90, -612, -156, 255, 255, 0
L -90, -612, -156, -116, -586, -156, 255, 255, 0
L -116, -586, -156, -121, -590, -156, 255, 255, 0
L -121, -590, -156, -136, -590, -156, 255, 255, 0
L -937, -635, -1231, -937, -635, -123, 255, 255, 0
L -937, -635, -123, -939, -635, -122, 255, 255, 0
L -939, -635, -122, -941, -634, -124, 255, 255, 0
L -941, -634, -124, -946, -631, -119, 255, 255, 0
L -946, -631, -119, -971, -656, -119, 255, 255, 0
L -971, -656, -119, -967, -691, -123, 255, 255, 0
L -967, -691, -123, -971, -696, -119, 255, 255, 0
L -971, -696, -119, -946, -721, -119, 255, 255, 0
L -946, -721, -119, -941, -717, -123, 255, 255, 0
L -941, -717, -123, -911, -717, -123, 255, 255, 0
L -911, -717, -123, -906, -721, -119, 255, 255, 0
L -906, -721, -119, -901, -716, -119, 255, 255, 0
L -901, -716, -119, -813, -716, -119, 255, 255, 0
L -813, -716, -119, -808, -721, -119, 255, 255, 0
L -808, -721, -119, -783, -696, -119, 255, 255, 0
L -783, -696, -119, -787, -691, -123, 255, 255, 0
L -787, -691, -123, -787, -661, -123, 255, 255, 0
L -787, -661, -123, -783, -656, -119, 255, 255, 0
L -783, -656, -119, -808, -631, -119, 255, 255, 0
L -808, -631, -119, -813, -636, -119, 255, 255, 0
L -813, -636, -119, -901, -636, -119, 255, 255, 0
L -901, -636, -119, -906, -631, -119, 255, 255, 0
L -906, -631, -119, -910, -634, -123, 255, 255, 0
L -910, -634, -123, -913, -635, -122, 255, 255, 0
L -913, -635, -122, -915, -635, -123, 255, 255, 0
L -915, -635, -123, -915, -645, -123, 255, 255, 0
L -915, -645, -123, -913, -645, -122, 255, 255, 0
L -913, -645, -122, -906, -649, -119, 255, 255, 0
L -906, -649, -119, -901, -644, -119, 255, 255, 0
L -901, -644, -119, -813, -644, -119, 255, 255, 0
L -813, -644, -119, -808, -649, -119, 255, 255, 0
L -808, -649, -119, -804, -645, -122, 255, 255, 0
L -804, -645, -122, -798, -652, -124, 255, 255, 0
L -798, -652, -124, -802, -656, -124, 255, 255, 0
L -802, -656, -124, -797, -661, -123, 255, 255, 0
L -797, -661, -123, -797, -689, -123, 255, 255, 0
L -797, -689, -123, -801, -696, -119, 255, 255, 0
L -801, -696, -119, -797, -700, -122, 255, 255, 0
L -797, -700, -122, -803, -706, -124, 255, 255, 0
L -803, -706, -124, -808, -703, -119, 255, 255, 0
L -808, -703, -119, -813, -708, -119, 255, 255, 0
L -813, -708, -119, -901, -708, -119, 255, 255, 0
L -901, -708, -119, -906, -703, -119, 255, 255, 0
L -906, -703, -119, -911, -707, -122, 255, 255, 0
L -911, -707, -122, -941, -707, -103, 255, 255, 0
L -941, -707, -103, -946, -703, -102, 255, 255, 0
L -946, -703, -102, -950, -707, -102, 255, 255, 0
L -950, -707, -102, -953, -696, -102, 255, 255, 0
L -953, -696, -102, -957, -661, -123, 255, 255, 0
L -957, -661, -123, -953, -656, -119, 255, 255, 0
L -953, -656, -119, -956, -651, -124, 255, 255, 0
L -956, -651, -124, -950, -646, -124, 255, 255, 0
L -950, -646, -124, -946, -649, -119, 255, 255, 0
L -946, -649, -119, -941, -646, -124, 255, 255, 0
L -941, -646, -124, -937, -645, -123, 255, 255, 0
L -937, -645, -123, -937, -635, -123, 255, 255, 0
L -937, -635, -123, -941, -634, -124, 255, 255, 0
L -663, -127, 68, -663, -127, 6, 255, 255, 0
L -663, -127, 6, -673, -127, 6, 255, 255, 0
L -673, -127, 6, -673, -147, 9, 255, 255, 0
L -673, -147, 9, -674, -150, 7, 255, 255, 0
L -674, -150, 7, -742, -150, 7, 255, 255, 0
L -742, -150, 7, -742, -74, 3, 255, 255, 0
L -742, -74, 3, -739, -73, 9, 255, 255, 0
L -739, -73, 9, -723, -73, 6, 255, 255, 0
L -723, -73, 6, -723, -63, 6, 255, 255, 0
L -723, -63, 6, -739, -63, 9, 255, 255, 0
L -739, -63, 9, -742, -62, 3, 255, 255, 0
L -742, -62, 3, -767, -62, 3, 255, 255, 0
L -767, -62, 3, -798, -31, 3, 255, 255, 0
L -798, -31, 3, -798, -10, 3, 255, 255, 0
L -798, -10, 3, -810, -12, 3, 255, 255, 0
L -810, -12, 3, -810, -30, 3, 255, 255, 0
L -810, -30, 3, -913, -31, 3, 255, 255, 0
L -913, -31, 3, -913, -55, 3, 255, 255, 0
L -913, -55, 3, -810, -58, 12, 255, 255, 0
L -810, -58, 12, -809, -81, 3, 255, 255, 0
L -809, -81, 3, -786, -82, 3, 255, 255, 0
L -786, -82, 3, -786, -126, 3, 255, 255, 0
L -786, -126, 3, -895, -126, -32, 255, 255, 0
L -881, -113, -328, -881, -113, -32, 255, 255, 0
L -811, -113, 31, -811, -113, 3, 255, 255, 0
L -811, -113, 3, -811, -103, 3, 255, 255, 0
L -811, -103, 3, -869, -103, 3, 255, 255, 0
L -869, -103, 3, -870, -126, 3, 255, 255, 0
L -870, -126, 3, -924, -126, 33, 255, 255, 0
L -917, -107, 331, -917, -107, 33, 255, 255, 0
L -917, -107, 33, -881, -107, 3, 255, 255, 0
L -881, -107, 3, -881, -101, 3, 255, 255, 0
L -881, -101, 3, -887, -101, 3, 255, 255, 0
L -887, -101, 3, -888, -102, 3, 255, 255, 0
L -888, -102, 3, -960, -102, 3, 255, 255, 0
L -960, -102, 3, -961, -55, 3, 255, 255, 0
L -961, -55, 3, -967, -55, 3, 255, 255, 0
L -967, -55, 3, -968, -102, 3, 255, 255, 0
L -968, -102, 3, -1016, -102, 3, 255, 255, 0
L -1016, -102, 3, -1017, -55, 3, 255, 255, 0
L -1017, -55, 3, -1023, -55, 3, 255, 255, 0
L -1023, -55, 3, -1024, -102, 3, 255, 255, 0
L -1024, -102, 3, -1094, -102, 3, 255, 255, 0
L -1094, -102, 3, -1094, -34, 3, 255, 255, 0
L -1094, -34, 3, -1040, -32, 3, 255, 255, 0
L -1040, -32, 3, -1040, -24, 3, 255, 255, 0
L -1040, -24, 3, -1094, -24, 3, 255, 255, 0
L -1094, -24, 3, -1094, 23, 3, 255, 255, 0
L -1094, 23, 3, -1040, 23, 3, 255, 255, 0
L -1040, 23, 3, -1043, 31, 3, 255, 255, 0
L -1043, 31, 3, -1094, 31, 3, 255, 255, 0
L -1094, 31, 3, -1094, 101, 3, 255, 255, 0
L -1094, 101, 3, -1024, 101, 3, 255, 255, 0
L -1024, 101, 3, -1028, 53, 3, 255, 255, 0
L -1028, 53, 3, -1017, 54, 3, 255, 255, 0
L -1017, 54, 3, -1016, 101, 3, 255, 255, 0
L -1016, 101, 3, -968, 101, 3, 255, 255, 0
L -968, 101, 3, -967, 54, 3, 255, 255, 0
L -967, 54, 3, -960, 55, 3, 255, 255, 0
L -960, 55, 3, -960, 101, 3, 255, 255, 0
L -960, 101, 3, -888, 101, 3, 255, 255, 0
L -888, 101, 3, -887, 100, 3, 255, 255, 0
L -887, 100, 3, -881, 100, 3, 255, 255, 0
L -881, 100, 3, -881, 106, 3, 255, 255, 0
L -881, 106, 3, -890, 107, 11, 255, 255, 0
L -889, 125, 91, -889, 125, 9, 255, 255, 0
L -889, 125, 9, -870, 125, 3, 255, 255, 0
L -870, 125, 3, -869, 102, 3, 255, 255, 0
L -869, 102, 3, -811, 102, 3, 255, 255, 0
L -811, 102, 3, -811, 112, 3, 255, 255, 0
L -811, 112, 3, -829, 113, -6, 255, 255, 0
L -829, 125, -68, -829, 125, -6, 255, 255, 0
L -829, 125, -6, -786, 125, 3, 255, 255, 0
L -786, 125, 3, -786, 81, 3, 255, 255, 0
L -786, 81, 3, -809, 80, 3, 255, 255, 0
L -809, 80, 3, -810, 57, 3, 255, 255, 0
L -810, 57, 3, -913, 54, 3, 255, 255, 0
L -913, 54, 3, -913, 30, 3, 255, 255, 0
L -913, 30, 3, -810, 29, 3, 255, 255, 0
L -810, 29, 3, -810, 9, 3, 255, 255, 0
L -810, 9, 3, -798, 9, 3, 255, 255, 0
L -798, 9, 3, -798, 29, 3, 255, 255, 0
L -798, 29, 3, -767, 61, 3, 255, 255, 0
L -767, 61, 3, -762, 61, 3, 255, 255, 0
L -762, 61, 3, -723, 62, 6, 255, 255, 0
L -723, 62, 6, -727, 72, 6, 255, 255, 0
L -727, 72, 6, -739, 72, 9, 255, 255, 0
L -739, 72, 9, -742, 73, 3, 255, 255, 0
L -742, 73, 3, -742, 149, 7, 255, 255, 0
L -742, 149, 7, -674, 149, 7, 255, 255, 0
L -674, 149, 7, -673, 146, 9, 255, 255, 0
L -673, 146, 9, -673, 126, 6, 255, 255, 0
L -673, 126, 6, -663, 131, 6, 255, 255, 0
L -663, 131, 6, -663, 146, 9, 255, 255, 0
L -663, 146, 9, -662, 143, 3, 255, 255, 0
L -662, 143, 3, -647, 150, 3, 255, 255, 0
L -647, 150, 3, -647, 176, 3, 255, 255, 0
L -647, 176, 3, -673, 176, 4, 255, 255, 0
L -673, 176, 4, -674, 167, 7, 255, 255, 0
L -674, 167, 7, -1136, 167, 7, 255, 255, 0
L -1136, 167, 7, -1137, 176, 3, 255, 255, 0
L -1137, 176, 3, -1163, 176, 3, 255, 255, 0
L -1163, 176, 3, -1163, 150, 3, 255, 255, 0
L -1163, 150, 3, -1154, 149, 7, 255, 255, 0
L -1154, 149, 7, -1154, -150, 7, 255, 255, 0
L -1154, -150, 7, -1163, -151, 3, 255, 255, 0
L -1163, -151, 3, -1163, -177, 3, 255, 255, 0
L -1163, -177, 3, -1137, -177, 3, 255, 255, 0
L -1137, -177, 3, -1136, -168, 7, 255, 255, 0
L -1136, -168, 7, -674, -168, 7, 255, 255, 0
L -674, -168, 7, -673, -177, 3, 255, 255, 0
L -673, -177, 3, -647, -177, 3, 255, 255, 0
L -647, -177, 3, -647, -151, 3, 255, 255, 0
L -647, -151, 3, -662, -150, 3, 255, 255, 0
L -662, -150, 3, -663, -147, 9, 255, 255, 0
L -663, -147, 9, -663, -127, 6, 255, 255, 0
L -663, -127, 6, -673, -127, 6, 255, 255, 0
L -673, -127, 6, -673, -144, 7, 255, 255, 0
L -673, -144, 7, -674, -150, 7, 255, 255, 0
L -674, -150, 7, -741, -150, 7, 255, 255, 0
L -741, -150, 7, -742, -77, 3, 255, 255, 0
L -742, -77, 3, -739, -73, 9, 255, 255, 0
L -739, -73, 9, -723, -73, 6, 255, 255, 0
L -723, -73, 6, -723, -63, 6, 255, 255, 0
L -723, -63, 6, -739, -63, 9, 255, 255, 0
L -739, -63, 9, -742, -62, 3, 255, 255, 0
L -673, -97, 68, -673, -97, 6, 255, 255, 0
L -673, -97, 6, -663, -97, 6, 255, 255, 0
L -663, -97, 6, -663, -78, 8, 255, 255, 0
L -663, -78, 8, -662, -74, 3, 255, 255, 0
L -662, -74, 3, -647, -73, 3, 255, 255, 0
L -647, -73, 3, -647, -47, 3, 255, 255, 0
L -647, -47, 3, -673, -47, 3, 255, 255, 0
L -673, -47, 3, -674, -62, 3, 255, 255, 0
L -674, -62, 3, -677, -63, 9, 255, 255, 0
L -677, -63, 9, -693, -63, 6, 255, 255, 0
L -693, -63, 6, -693, -73, 6, 255, 255, 0
L -693, -73, 6, -677, -73, 9, 255, 255, 0
L -677, -73, 9, -674, -74, 3, 255, 255, 0
L -674, -74, 3, -673, -77, 9, 255, 255, 0
L -673, -77, 9, -673, -97, 6, 255, 255, 0
L -693, 62, 68, -693, 62, 6, 255, 255, 0
L -693, 62, 6, -677, 62, 9, 255, 255, 0
L -677, 62, 9, -674, 61, 3, 255, 255, 0
L -674, 61, 3, -673, 46, 3, 255, 255, 0
L -673, 46, 3, -647, 46, 3, 255, 255, 0
L -647, 46, 3, -647, 72, 3, 255, 255, 0
L -647, 72, 3, -662, 73, 3, 255, 255, 0
L -662, 73, 3, -663, 76, 9, 255, 255, 0
L -663, 76, 9, -663, 96, 6, 255, 255, 0
L -663, 96, 6, -673, 95, 6, 255, 255, 0
L -673, 95, 6, -673, 76, 9, 255, 255, 0
L -673, 76, 9, -674, 73, 3, 255, 255, 0
L -674, 73, 3, -683, 72, 6, 255, 255, 0
L -683, 72, 6, -693, 72, 6, 255, 255, 0
L -562, -190, 26, -562, -190, 2, 0, 0, 0
L -562, -190, 2, -561, -19, 3, 0, 0, 0
L -561, 18, 22, -561, 18, 2, 102, 102, 102
L -561, 18, 2, -562, 181, 2, 102, 102, 102
L -562, 181, 2, -569, 182, 3, 102, 102, 102
L -565, 198, 31, -565, 198, 3, 102, 102, 102
L -565, 198, 3, -954, 198, 3, 102, 102, 102
L -954, 198, 3, -954, 229, 3, 102, 102, 102
L -954, 229, 3, -1006, 229, 3, 102, 102, 102
L -1045, 230, 31, -1045, 230, 3, 102, 102, 102
L -1045, 230, 3, -1206, 229, 1, 102, 102, 102
L -1206, 229, 1, -1207, 222, 3, 102, 102, 102
L -1223, 226, 31, -1223, 226, 3, 102, 102, 102
L -1223, 226, 3, -1222, -274, 3, 102, 102, 102
L -1207, -271, 30, -1207, -271, 3, 102, 102, 102
L -1207, -271, 3, -1206, -278, 1, 102, 102, 102
L -1206, -278, 1, -945, -278, -2, 102, 102, 102
L -907, -279, -26, -907, -279, -2, 102, 102, 102
L -907, -279, -2, -706, -278, 3, 102, 102, 102
L -706, -278, 3, -705, -204, 3, 102, 102, 102
L -705, -204, 3, -695, -203, 3, 102, 102, 102
L -695, -203, 3, -694, -206, 3, 102, 102, 102
L -694, -206, 3, -566, -206, 3, 102, 102, 102
L -569, -191, 31, -569, -191, 3, 102, 102, 102
L -569, -191, 3, -562, -190, 2, 102, 102, 102
L -908, -280, 18, -908, -280, 1, 0, 153, 153
L -908, -280, 1, -908, -635, -76, 0, 153, 153
L -908, -635, -76, -910, -637, -77, 0, 153, 153
L -910, -637, -77, -915, -638, -79, 0, 153, 153
L -915, -638, -79, -915, -644, -79, 0, 153, 153
L -915, -644, -79, -913, -644, -78, 0, 153, 153
L -913, -644, -78, -912, -645, -80, 0, 153, 153
L -912, -645, -80, -905, -651, -78, 0, 153, 153
L -905, -651, -78, -903, -649, -78, 0, 153, 153
L -903, -649, -78, -899, -652, -80, 0, 153, 153
L -899, -652, -80, -901, -657, -75, 0, 153, 153
L -901, -657, -75, -898, -661, -79, 0, 153, 153
L -898, -661, -79, -898, -685, -79, 0, 153, 153
L -898, -685, -79, -902, -696, -75, 0, 153, 153
L -902, -696, -75, -898, -700, -78, 0, 153, 153
L -898, -700, -78, -906, -700, -75, 0, 153, 153
L -906, -700, -75, -941, -704, -59, 0, 153, 153
L -941, -704, -59, -946, -700, -58, 0, 153, 153
L -946, -700, -58, -950, -704, -58, 0, 153, 153
L -950, -704, -58, -951, -703, -58, 0, 153, 153
L -951, -703, -58, -951, -695, -58, 0, 153, 153
L -951, -695, -58, -954, -691, -57, 0, 153, 153
L -954, -691, -57, -952, -661, -37, 0, 153, 153
L -952, -661, -37, -948, -656, -31, 0, 153, 153
L -948, -656, -31, -950, -654, -32, 0, 153, 153
L -950, -654, -32, -946, -654, -31, 0, 153, 153
L -946, -654, -31, -941, -650, -35, 0, 153, 153
L -941, -650, -35, -940, -645, -80, 0, 153, 153
L -940, -645, -80, -939, -644, -78, 0, 153, 153
L -939, -644, -78, -937, -644, -79, 0, 153, 153
L -937, -644, -79, -937, -638, -79, 0, 153, 153
L -937, -638, -79, -939, -638, -78, 0, 153, 153
L -939, -638, -78, -942, -637, -78, 0, 153, 153
L -942, -637, -78, -944, -635, -76, 0, 153, 153
L -944, -635, -76, -944, -280, 1, 0, 153, 153
L -560, -18, 31, -560, -18, 3, 0, 153, 153
L -560, -18, 3, -97, -18, -76, 0, 153, 153
L -97, -18, -76, -95, -16, -77, 0, 153, 153
L -95, -16, -77, -94, -11, -79, 0, 153, 153
L -94, -11, -79, -88, -11, -79, 0, 153, 153
L -88, -11, -79, -88, -13, -78, 0, 153, 153
L -88, -13, -78, -87, -14, -79, 0, 153, 153
L -87, -14, -79, -80, -20, -75, 0, 153, 153
L -80, -20, -75, -84, -24, -77, 0, 153, 153
L -84, -24, -77, -80, -28, -78, 0, 153, 153
L -80, -28, -78, -76, -24, -75, 0, 153, 153
L -76, -24, -75, -71, -28, -79, 0, 153, 153
L -71, -28, -79, -41, -31, -102, 0, 153, 153
L -41, -31, -102, -36, -27, -102, 0, 153, 153
L -36, -27, -102, -32, -31, -102, 0, 153, 153
L -32, -31, -102, -25, -24, -102, 0, 153, 153
L -25, -24, -102, -29, -20, -102, 0, 153, 153
L -29, -20, -102, -25, -15, -103, 0, 153, 153
L -25, -15, -103, -28, 14, -78, 0, 153, 153
L -28, 14, -78, -32, 19, -75, 0, 153, 153
L -32, 19, -75, -28, 23, -78, 0, 153, 153
L -28, 23, -78, -31, 26, -80, 0, 153, 153
L -31, 26, -80, -36, 23, -75, 0, 153, 153
L -36, 23, -75, -41, 27, -79, 0, 153, 153
L -41, 27, -79, -71, 27, -79, 0, 153, 153
L -71, 27, -79, -76, 23, -75, 0, 153, 153
L -76, 23, -75, -78, 25, -75, 0, 153, 153
L -78, 25, -75, -83, 23, -80, 0, 153, 153
L -83, 23, -80, -80, 19, -75, 0, 153, 153
L -80, 19, -75, -87, 13, -80, 0, 153, 153
L -87, 13, -80, -88, 12, -78, 0, 153, 153
L -88, 12, -78, -88, 10, -79, 0, 153, 153
L -88, 10, -79, -94, 10, -79, 0, 153, 153
L -94, 10, -79, -94, 12, -78, 0, 153, 153
L -94, 12, -78, -97, 17, -76, 0, 153, 153
L -97, 17, -76, -561, 18, 2, 0, 153, 153
L -1007, 230, 31, -1007, 230, 3, 0, 153, 153
L -1007, 230, 3, -1008, 621, -76, 0, 153, 153
L -1008, 621, -76, -1010, 623, -78, 0, 153, 153
L -1010, 623, -78, -1013, 624, -78, 0, 153, 153
L -1013, 624, -78, -1015, 624, -79, 0, 153, 153
L -1015, 624, -79, -1015, 630, -79, 0, 153, 153
L -1015, 630, -79, -1013, 630, -78, 0, 153, 153
L -1013, 630, -78, -1012, 631, -80, 0, 153, 153
L -1012, 631, -80, -1012, 633, -80, 0, 153, 153
L -1012, 633, -80, -1006, 638, -75, 0, 153, 153
L -1006, 638, -75, -1002, 634, -78, 0, 153, 153
L -1002, 634, -78, -999, 637, -80, 0, 153, 153
L -999, 637, -80, -1002, 642, -75, 0, 153, 153
L -1002, 642, -75, -998, 647, -79, 0, 153, 153
L -998, 647, -79, -998, 677, -79, 0, 153, 153
L -998, 677, -79, -1002, 682, -75, 0, 153, 153
L -1002, 682, -75, -998, 686, -78, 0, 153, 153
L -998, 686, -78, -1001, 689, -80, 0, 153, 153
L -1001, 689, -80, -1006, 686, -75, 0, 153, 153
L -1006, 686, -75, -1011, 690, -78, 0, 153, 153
L -1011, 690, -78, -1041, 690, -59, 0, 153, 153
L -1041, 690, -59, -1045, 687, -58, 0, 153, 153
L -1045, 687, -58, -1050, 690, -58, 0, 153, 153
L -1050, 690, -58, -1054, 686, -58, 0, 153, 153
L -1054, 686, -58, -1050, 682, -58, 0, 153, 153
L -1050, 682, -58, -1054, 677, -56, 0, 153, 153
L -1054, 677, -56, -1054, 647, -79, 0, 153, 153
L -1054, 647, -79, -1050, 642, -75, 0, 153, 153
L -1050, 642, -75, -1054, 638, -77, 0, 153, 153
L -1054, 638, -77, -1050, 635, -80, 0, 153, 153
L -1050, 635, -80, -1046, 638, -75, 0, 153, 153
L -1046, 638, -75, -1040, 632, -80, 0, 153, 153
L -1040, 632, -80, -1039, 630, -78, 0, 153, 153
L -1039, 630, -78, -1037, 630, -79, 0, 153, 153
L -1037, 630, -79, -1037, 624, -79, 0, 153, 153
L -1037, 624, -79, -1039, 624, -78, 0, 153, 153
L -1039, 624, -78, -1044, 621, -76, 0, 153, 153
L -1044, 621, -76, -1045, 230, 3, 0, 153, 153
L -97, 10, -1231, -97, 10, -123, 255, 255, 0
L -97, 10, -123, -87, 10, -123, 255, 255, 0
L -87, 10, -123, -87, 11, -122, 255, 255, 0
L -87, 11, -122, -84, 16, -124, 255, 255, 0
L -84, 16, -124, -83, 19, -119, 255, 255, 0
L -83, 19, -119, -88, 24, -119, 255, 255, 0
L -88, 24, -119, -88, 112, -119, 255, 255, 0
L -88, 112, -119, -83, 117, -119, 255, 255, 0
L -83, 117, -119, -87, 121, -122, 255, 255, 0
L -87, 121, -122, -80, 127, -124, 255, 255, 0
L -80, 127, -124, -76, 123, -124, 255, 255, 0
L -76, 123, -124, -71, 128, -123, 255, 255, 0
L -71, 128, -123, -41, 128, -123, 255, 255, 0
L -41, 128, -123, -36, 124, -119, 255, 255, 0
L -36, 124, -119, -32, 128, -122, 255, 255, 0
L -32, 128, -122, -26, 121, -124, 255, 255, 0
L -26, 121, -124, -28, 117, -119, 255, 255, 0
L -28, 117, -119, -24, 112, -119, 255, 255, 0
L -24, 112, -119, -24, 24, -119, 255, 255, 0
L -24, 24, -119, -29, 19, -119, 255, 255, 0
L -29, 19, -119, -25, 14, -122, 255, 255, 0
L -25, 14, -122, -25, -15, -103, 255, 255, 0
L -25, -15, -103, -29, -20, -102, 255, 255, 0
L -29, -20, -102, -25, -24, -102, 255, 255, 0
L -25, -24, -102, -28, -27, -102, 255, 255, 0
L -28, -27, -102, -36, -27, -102, 255, 255, 0
L -36, -27, -102, -41, -31, -102, 255, 255, 0
L -41, -31, -102, -71, -31, -123, 255, 255, 0
L -71, -31, -123, -76, -27, -119, 255, 255, 0
L -76, -27, -119, -86, -25, -124, 255, 255, 0
L -86, -25, -124, -83, -20, -122, 255, 255, 0
L -83, -20, -122, -86, -15, -124, 255, 255, 0
L -86, -15, -124, -87, -12, -122, 255, 255, 0
L -87, -12, -122, -87, -11, -123, 255, 255, 0
L -87, -11, -123, -97, -12, -122, 255, 255, 0
L -97, -12, -122, -97, -13, -122, 255, 255, 0
L -97, -13, -122, -98, -15, -124, 255, 255, 0
L -98, -15, -124, -101, -20, -119, 255, 255, 0
L -101, -20, -119, -76, -45, -119, 255, 255, 0
L -76, -45, -119, -71, -41, -123, 255, 255, 0
L -71, -41, -123, -42, -41, -123, 255, 255, 0
L -42, -41, -123, -36, -45, -119, 255, 255, 0
L -36, -45, -119, -11, -20, -119, 255, 255, 0
L -11, -20, -119, -15, -15, -123, 255, 255, 0
L -15, -15, -123, -15, 14, -123, 255, 255, 0
L -15, 14, -123, -11, 19, -119, 255, 255, 0
L -11, 19, -119, -16, 24, -119, 255, 255, 0
L -16, 24, -119, -16, 112, -119, 255, 255, 0
L -16, 112, -119, -11, 117, -119, 255, 255, 0
L -11, 117, -119, -36, 142, -119, 255, 255, 0
L -36, 142, -119, -41, 138, -123, 255, 255, 0
L -41, 138, -123, -71, 138, -123, 255, 255, 0
L -71, 138, -123, -101, 117, -119, 255, 255, 0
L -101, 117, -119, -96, 112, -119, 255, 255, 0
L -96, 112, -119, -96, 25, -96, 255, 255, 0
L -96, 25, -96, -101, 19, -119, 255, 255, 0
L -101, 19, -119, -98, 14, -124, 255, 255, 0
L -98, 14, -124, -97, 12, -122, 255, 255, 0
L -97, 12, -122, -97, 10, -123, 255, 255, 0
L -62, -348, -1568, -62, -348, -156, 255, 255, 0
L -62, -348, -156, -62, -356, -156, 255, 255, 0
L -62, -356, -156, -41, -356, -156, 255, 255, 0
L -41, -356, -156, -38, -359, -156, 255, 255, 0
L -38, -359, -156, -37, -397, -156, 255, 255, 0
L -37, -397, -156, -33, -397, -156, 255, 255, 0
L -33, -397, -156, -32, -388, -156, 255, 255, 0
L -32, -388, -156, 22, -388, -156, 255, 255, 0
L 22, -388, -156, 25, -391, -156, 255, 255, 0
L 25, -391, -156, 25, -451, -156, 255, 255, 0
L 25, -451, -156, 22, -456, -156, 255, 255, 0
L 22, -456, -156, -29, -454, -156, 255, 255, 0
L -29, -454, -156, -33, -407, -156, 255, 255, 0
L -33, -407, -156, -37, -407, -156, 255, 255, 0
L -37, -407, -156, -38, -456, -152, 255, 255, 0
L -38, -456, -152, -106, -456, -153, 255, 255, 0
L -106, -456, -153, -107, -407, -156, 255, 255, 0
L -107, -407, -156, -111, -407, -156, 255, 255, 0
L -111, -407, -156, -112, -456, -156, 255, 255, 0
L -112, -456, -156, -167, -456, -156, 255, 255, 0
L -167, -456, -156, -170, -453, -156, 255, 255, 0
L -170, -453, -156, -170, -391, -156, 255, 255, 0
L -170, -391, -156, -167, -390, -156, 255, 255, 0
L -167, -390, -156, -116, -388, -156, 255, 255, 0
L -116, -388, -156, -111, -397, -156, 255, 255, 0
L -111, -397, -156, -107, -397, -156, 255, 255, 0
L -107, -397, -156, -106, -359, -156, 255, 255, 0
L -106, -359, -156, -103, -356, -156, 255, 255, 0
L -103, -356, -156, -82, -356, -156, 255, 255, 0
L -82, -356, -156, -87, -348, -156, 255, 255, 0
L -87, -348, -156, -95, -348, -156, 255, 255, 0
L -95, -348, -156, -100, -344, -156, 255, 255, 0
L -100, -344, -156, -118, -362, -156, 255, 255, 0
L -118, -362, -156, -114, -367, -156, 255, 255, 0
L -114, -367, -156, -114, -380, -156, 255, 255, 0
L -114, -380, -156, -159, -380, -156, 255, 255, 0
L -159, -380, -156, -164, -376, -156, 255, 255, 0
L -164, -376, -156, -181, -394, -156, 255, 255, 0
L -181, -394, -156, -178, -399, -156, 255, 255, 0
L -178, -399, -156, -178, -445, -156, 255, 255, 0
L -178, -445, -156, -182, -450, -156, 255, 255, 0
L -182, -450, -156, -164, -468, -156, 255, 255, 0
L -164, -468, -156, -159, -464, -156, 255, 255, 0
L -159, -464, -156, 14, -464, -156, 255, 255, 0
L 14, -464, -156, 20, -467, -156, 255, 255, 0
L 20, -467, -156, 37, -450, -156, 255, 255, 0
L 37, -450, -156, 33, -445, -156, 255, 255, 0
L 33, -445, -156, 33, -399, -156, 255, 255, 0
L 33, -399, -156, 37, -394, -156, 255, 255, 0
L 37, -394, -156, 18, -377, -156, 255, 255, 0
L 18, -377, -156, 14, -380, -156, 255, 255, 0
L 14, -380, -156, -30, -380, -156, 255, 255, 0
L -30, -380, -156, -30, -367, -156, 255, 255, 0
L -30, -367, -156, -27, -361, -156, 255, 255, 0
L -27, -361, -156, -44, -344, -156, 255, 255, 0
L -44, -344, -156, -49, -348, -156, 255, 255, 0
L -49, -348, -156, -62, -348, -156, 255, 255, 0
L 204, -168, -1551, 204, -168, -155, 255, 255, 0
L 204, -168, -155, 204, -178, -155, 255, 255, 0
L 204, -178, -155, 222, -178, -154, 255, 255, 0
L 222, -178, -154, 224, -179, -156, 255, 255, 0
L 224, -179, -156, 229, -183, -156, 255, 255, 0
L 229, -183, -156, 233, -179, -156, 255, 255, 0
L 233, -179, -156, 238, -185, -156, 255, 255, 0
L 238, -185, -156, 235, -189, -155, 255, 255, 0
L 235, -189, -155, 240, -194, -155, 255, 255, 0
L 240, -194, -155, 240, -314, -152, 255, 255, 0
L 240, -314, -152, 235, -319, -152, 255, 255, 0
L 235, -319, -152, 239, -323, -152, 255, 255, 0
L 239, -323, -152, 233, -329, -152, 255, 255, 0
L 233, -329, -152, 229, -326, -152, 255, 255, 0
L 229, -326, -152, 224, -330, -152, 255, 255, 0
L 224, -330, -152, 162, -330, -152, 255, 255, 0
L 162, -330, -152, 157, -325, -152, 255, 255, 0
L 157, -325, -152, 153, -329, -152, 255, 255, 0
L 153, -329, -152, 147, -323, -152, 255, 255, 0
L 147, -323, -152, 151, -319, -152, 255, 255, 0
L 151, -319, -152, 146, -314, -152, 255, 255, 0
L 146, -314, -152, 146, -194, -155, 255, 255, 0
L 146, -194, -155, 151, -189, -155, 255, 255, 0
L 151, -189, -155, 147, -185, -156, 255, 255, 0
L 147, -185, -156, 153, -179, -156, 255, 255, 0
L 153, -179, -156, 157, -183, -155, 255, 255, 0
L 157, -183, -155, 162, -179, -156, 255, 255, 0
L 162, -179, -156, 164, -178, -154, 255, 255, 0
L 164, -178, -154, 182, -178, -155, 255, 255, 0
L 182, -178, -155, 175, -168, -155, 255, 255, 0
L 175, -168, -155, 164, -168, -154, 255, 255, 0
L 164, -168, -154, 162, -167, -156, 255, 255, 0
L 162, -167, -156, 157, -163, -155, 255, 255, 0
L 157, -163, -155, 132, -189, -155, 255, 255, 0
L 132, -189, -155, 136, -194, -155, 255, 255, 0
L 136, -194, -155, 136, -314, -155, 255, 255, 0
L 136, -314, -155, 131, -319, -155, 255, 255, 0
L 131, -319, -155, 151, -340, -155, 255, 255, 0
L 151, -340, -155, 151, -362, -156, 255, 255, 0
L 151, -362, -156, 152, -366, -156, 255, 255, 0
L 152, -366, -156, 163, -366, -155, 255, 255, 0
L 163, -366, -155, 228, -366, -155, 255, 255, 0
L 228, -366, -155, 234, -366, -156, 255, 255, 0
L 234, -366, -156, 235, -361, -156, 255, 255, 0
L 235, -361, -156, 275, -321, -156, 255, 255, 0
L 275, -321, -156, 275, -313, -154, 255, 255, 0
L 275, -313, -154, 274, -298, -156, 255, 255, 0
L 274, -298, -156, 270, -298, -156, 255, 255, 0
L 270, -298, -156, 269, -318, -147, 255, 255, 0
L 254, -319, -1468, 254, -319, -146, 255, 255, 0
L 254, -319, -146, 249, -314, -147, 255, 255, 0
L 249, -314, -147, 249, -194, -146, 255, 255, 0
L 249, -194, -146, 255, -189, -155, 255, 255, 0
L 255, -189, -155, 229, -163, -155, 255, 255, 0
L 229, -163, -155, 224, -167, -156, 255, 255, 0
L 224, -167, -156, 222, -168, -154, 255, 255, 0
L 222, -168, -154, 213, -168, -155, 255, 255, 0
L 141, 83, -1568, 141, 83, -156, 255, 255, 0
L 141, 83, -156, 149, 86, -156, 255, 255, 0
L 149, 86, -156, 149, 134, -156, 255, 255, 0
L 149, 134, -156, 160, 145, -156, 255, 255, 0
L 160, 145, -156, 181, 145, -156, 255, 255, 0
L 181, 145, -156, 182, 134, -156, 255, 255, 0
L 182, 134, -156, 186, 134, -156, 255, 255, 0
L 186, 134, -156, 187, 145, -156, 255, 255, 0
L 187, 145, -156, 222, 145, -156, 255, 255, 0
L 222, 145, -156, 233, 134, -156, 255, 255, 0
L 233, 134, -156, 233, 107, -153, 255, 255, 0
L 233, 107, -153, 197, 107, -156, 255, 255, 0
L 197, 107, -156, 186, 124, -156, 255, 255, 0
L 186, 124, -156, 182, 124, -156, 255, 255, 0
L 182, 124, -156, 182, 102, -156, 255, 255, 0
L 182, 102, -156, 233, 101, -156, 255, 255, 0
L 233, 101, -156, 233, 73, -156, 255, 255, 0
L 233, 73, -156, 182, 72, -156, 255, 255, 0
L 182, 72, -156, 182, 50, -156, 255, 255, 0
L 182, 50, -156, 186, 50, -156, 255, 255, 0
L 186, 50, -156, 187, 63, -156, 255, 255, 0
L 187, 63, -156, 233, 67, -152, 255, 255, 0
L 233, 67, -152, 233, 40, -156, 255, 255, 0
L 233, 40, -156, 222, 29, -156, 255, 255, 0
L 222, 29, -156, 187, 29, -156, 255, 255, 0
L 187, 29, -156, 186, 40, -156, 255, 255, 0
L 186, 40, -156, 182, 40, -156, 255, 255, 0
L 182, 40, -156, 181, 29, -156, 255, 255, 0
L 181, 29, -156, 160, 29, -156, 255, 255, 0
L 160, 29, -156, 149, 40, -156, 255, 255, 0
L 149, 40, -156, 149, 63, -156, 255, 255, 0
L 149, 63, -156, 141, 60, -156, 255, 255, 0
L 141, 60, -156, 141, 49, -156, 255, 255, 0
L 141, 49, -156, 137, 43, -156, 255, 255, 0
L 137, 43, -156, 163, 17, -156, 255, 255, 0
L 163, 17, -156, 168, 21, -156, 255, 255, 0
L 168, 21, -156, 214, 21, -156, 255, 255, 0
L 214, 21, -156, 219, 17, -156, 255, 255, 0
L 219, 17, -156, 245, 43, -156, 255, 255, 0
L 245, 43, -156, 241, 48, -156, 255, 255, 0
L 241, 48, -156, 241, 125, -156, 255, 255, 0
L 241, 125, -156, 244, 131, -156, 255, 255, 0
L 244, 131, -156, 219, 157, -156, 255, 255, 0
L 219, 157, -156, 214, 153, -156, 255, 255, 0
L 214, 153, -156, 169, 153, -156, 255, 255, 0
L 169, 153, -156, 163, 157, -156, 255, 255, 0
L 163, 157, -156, 137, 131, -156, 255, 255, 0
L 137, 131, -156, 141, 125, -156, 255, 255, 0
L 141, 125, -156, 141, 83, -156, 255, 255, 0
L 141, 299, -1568, 141, 299, -156, 255, 255, 0
L 141, 299, -156, 149, 299, -156, 255, 255, 0
L 149, 299, -156, 149, 303, -156, 255, 255, 0
L 149, 303, -156, 160, 310, -156, 255, 255, 0
L 160, 310, -156, 160, 314, -156, 255, 255, 0
L 160, 314, -156, 149, 315, -156, 255, 255, 0
L 149, 315, -156, 149, 350, -156, 255, 255, 0
L 149, 350, -156, 160, 361, -156, 255, 255, 0
L 160, 361, -156, 187, 361, -153, 255, 255, 0
L 187, 361, -153, 187, 315, -152, 255, 255, 0
L 187, 315, -152, 170, 314, -156, 255, 255, 0
L 170, 314, -156, 170, 310, -156, 255, 255, 0
L 170, 310, -156, 192, 310, -156, 255, 255, 0
L 192, 310, -156, 193, 361, -153, 255, 255, 0
L 193, 361, -153, 222, 361, -156, 255, 255, 0
L 222, 361, -156, 233, 350, -156, 255, 255, 0
L 233, 350, -156, 233, 295, -156, 255, 255, 0
L 233, 295, -156, 182, 288, -156, 255, 255, 0
L 182, 288, -156, 182, 266, -156, 255, 255, 0
L 182, 266, -156, 186, 266, -156, 255, 255, 0
L 186, 266, -156, 187, 278, -156, 255, 255, 0
L 187, 278, -156, 232, 283, -152, 255, 255, 0
L 232, 283, -152, 233, 256, -156, 255, 255, 0
L 233, 256, -156, 222, 245, -152, 255, 255, 0
L 222, 245, -152, 187, 245, -156, 255, 255, 0
L 187, 245, -156, 186, 256, -156, 255, 255, 0
L 186, 256, -156, 182, 256, -156, 255, 255, 0
L 182, 256, -156, 181, 245, -156, 255, 255, 0
L 181, 245, -156, 160, 245, -156, 255, 255, 0
L 160, 245, -156, 149, 256, -156, 255, 255, 0
L 149, 256, -156, 149, 279, -156, 255, 255, 0
L 149, 279, -156, 141, 279, -156, 255, 255, 0
L 141, 279, -156, 141, 264, -156, 255, 255, 0
L 141, 264, -156, 137, 259, -156, 255, 255, 0
L 137, 259, -156, 163, 233, -156, 255, 255, 0
L 163, 233, -156, 168, 237, -156, 255, 255, 0
L 168, 237, -156, 214, 237, -156, 255, 255, 0
L 214, 237, -156, 219, 234, -156, 255, 255, 0
L 219, 234, -156, 245, 259, -156, 255, 255, 0
L 245, 259, -156, 241, 264, -156, 255, 255, 0
L 241, 264, -156, 241, 342, -156, 255, 255, 0
L 241, 342, -156, 245, 347, -156, 255, 255, 0
L 245, 347, -156, 219, 373, -156, 255, 255, 0
L 219, 373, -156, 214, 369, -156, 255, 255, 0
L 214, 369, -156, 168, 369, -156, 255, 255, 0
L 168, 369, -156, 163, 373, -156, 255, 255, 0
L 163, 373, -156, 137, 347, -156, 255, 255, 0
L 137, 347, -156, 141, 342, -156, 255, 255, 0
L 141, 342, -156, 141, 303, -156, 255, 255, 0
L 81, 311, -1568, 81, 311, -156, 255, 255, 0
L 81, 311, -156, 73, 306, -156, 255, 255, 0
L 73, 306, -156, 73, 303, -156, 255, 255, 0
L 73, 303, -156, 62, 302, -156, 255, 255, 0
L 62, 302, -156, 62, 298, -156, 255, 255, 0
L 62, 298, -156, 73, 297, -156, 255, 255, 0
L 73, 297, -156, 73, 288, -156, 255, 255, 0
L 73, 288, -156, 62, 277, -156, 255, 255, 0
L 62, 277, -156, 17, 277, -156, 255, 255, 0
L 17, 277, -156, 17, 297, -153, 255, 255, 0
L 17, 297, -153, 52, 298, -156, 255, 255, 0
L 52, 298, -156, 52, 302, -156, 255, 255, 0
L 52, 302, -156, 12, 302, -156, 255, 255, 0
L 12, 302, -156, 11, 277, -152, 255, 255, 0
L 11, 277, -152, -31, 277, -156, 255, 255, 0
L -31, 277, -156, -40, 285, -156, 255, 255, 0
L -40, 285, -156, -42, 350, -156, 255, 255, 0
L -42, 350, -156, -31, 361, -156, 255, 255, 0
L -31, 361, -156, 13, 361, -152, 255, 255, 0
L 13, 361, -152, 14, 332, -156, 255, 255, 0
L 14, 332, -156, 30, 332, -156, 255, 255, 0
L 30, 332, -156, 30, 336, -156, 255, 255, 0
L 30, 336, -156, 19, 337, -156, 255, 255, 0
L 19, 337, -156, 19, 361, -151, 255, 255, 0
L 19, 361, -151, 62, 361, -156, 255, 255, 0
L 62, 361, -156, 73, 350, -156, 255, 255, 0
L 73, 350, -156, 73, 337, -153, 255, 255, 0
L 73, 337, -153, 40, 336, -156, 255, 255, 0
L 40, 336, -156, 40, 332, -156, 255, 255, 0
L 40, 332, -156, 69, 331, -156, 255, 255, 0
L 69, 331, -156, 73, 331, -156, 255, 255, 0
L 73, 331, -156, 81, 336, -156, 255, 255, 0
L 81, 336, -156, 81, 342, -156, 255, 255, 0
L 81, 342, -156, 84, 347, -156, 255, 255, 0
L 84, 347, -156, 59, 373, -156, 255, 255, 0
L 59, 373, -156, 54, 369, -156, 255, 255, 0
L 54, 369, -156, -21, 369, -156, 255, 255, 0
L -21, 369, -156, -28, 373, -156, 255, 255, 0
L -28, 373, -156, -53, 346, -156, 255, 255, 0
L -53, 346, -156, -50, 342, -156, 255, 255, 0
L -50, 342, -156, -50, 296, -156, 255, 255, 0
L -50, 296, -156, -54, 291, -156, 255, 255, 0
L -54, 291, -156, -28, 265, -156, 255, 255, 0
L -28, 265, -156, -23, 269, -156, 255, 255, 0
L -23, 269, -156, 54, 269, -156, 255, 255, 0
L 54, 269, -156, 60, 266, -156, 255, 255, 0
L 60, 266, -156, 85, 291, -156, 255, 255, 0
L 85, 291, -156, 81, 296, -156, 255, 255, 0
L 81, 296, -156, 81, 308, -156, 255, 255, 0
L -705, 842, -1551, -705, 842, -155, 255, 255, 0
L -705, 842, -155, -695, 842, -155, 255, 255, 0
L -695, 842, -155, -695, 860, -154, 255, 255, 0
L -695, 860, -154, -694, 862, -156, 255, 255, 0
L -694, 862, -156, -690, 867, -155, 255, 255, 0
L -690, 867, -155, -679, 878, -155, 255, 255, 0
L -679, 878, -155, -559, 878, -152, 255, 255, 0
L -559, 878, -152, -553, 874, -152, 255, 255, 0
L -553, 874, -152, -550, 877, -152, 255, 255, 0
L -550, 877, -152, -544, 871, -152, 255, 255, 0
L -544, 871, -152, -548, 867, -152, 255, 255, 0
L -548, 867, -152, -543, 861, -152, 255, 255, 0
L -543, 861, -152, -543, 800, -152, 255, 255, 0
L -543, 800, -152, -548, 795, -152, 255, 255, 0
L -548, 795, -152, -544, 791, -152, 255, 255, 0
L -544, 791, -152, -550, 785, -152, 255, 255, 0
L -550, 785, -152, -554, 789, -152, 255, 255, 0
L -554, 789, -152, -559, 784, -152, 255, 255, 0
L -559, 784, -152, -671, 784, -155, 255, 255, 0
L -671, 784, -155, -694, 800, -156, 255, 255, 0
L -694, 800, -156, -695, 802, -154, 255, 255, 0
L -695, 802, -154, -695, 810, -155, 255, 255, 0
L -695, 810, -155, -705, 820, -155, 255, 255, 0
L -705, 820, -155, -705, 802, -154, 255, 255, 0
L -705, 802, -154, -706, 800, -156, 255, 255, 0
L -706, 800, -156, -710, 795, -155, 255, 255, 0
L -710, 795, -155, -684, 769, -155, 255, 255, 0
L -684, 769, -155, -679, 774, -155, 255, 255, 0
L -679, 774, -155, -559, 775, -147, 255, 255, 0
L -558, 755, -1489, -558, 755, -148, 255, 255, 0
L -558, 755, -148, -575, 754, -156, 255, 255, 0
L -575, 754, -156, -575, 750, -156, 255, 255, 0
L -575, 750, -156, -560, 749, -154, 255, 255, 0
L -560, 749, -154, -552, 749, -156, 255, 255, 0
L -552, 749, -156, -512, 789, -156, 255, 255, 0
L -512, 789, -156, -507, 797, -155, 255, 255, 0
L -507, 797, -155, -507, 872, -155, 255, 255, 0
L -507, 872, -155, -533, 873, -155, 255, 255, 0
L -533, 873, -155, -554, 893, -155, 255, 255, 0
L -554, 893, -155, -559, 888, -155, 255, 255, 0
L -559, 888, -155, -679, 888, -155, 255, 255, 0
L -679, 888, -155, -684, 893, -155, 255, 255, 0
L -684, 893, -155, -710, 867, -155, 255, 255, 0
L -710, 867, -155, -706, 862, -156, 255, 255, 0
L -706, 862, -156, -705, 860, -154, 255, 255, 0
L -705, 860, -154, -705, 842, -155, 255, 255, 0
L -1037, 621, -1231, -1037, 621, -123, 255, 255, 0
L -1037, 621, -123, -1037, 631, -123, 255, 255, 0
L -1037, 631, -123, -1039, 631, -122, 255, 255, 0
L -1039, 631, -122, -1041, 632, -124, 255, 255, 0
L -1041, 632, -124, -1046, 635, -119, 255, 255, 0
L -1046, 635, -119, -1050, 631, -122, 255, 255, 0
L -1050, 631, -122, -1056, 637, -124, 255, 255, 0
L -1056, 637, -124, -1053, 642, -119, 255, 255, 0
L -1053, 642, -119, -1057, 647, -123, 255, 255, 0
L -1057, 647, -123, -1057, 675, -123, 255, 255, 0
L -1057, 675, -123, -1057, 677, -102, 255, 255, 0
L -1057, 677, -102, -1057, 686, -102, 255, 255, 0
L -1057, 686, -102, -1050, 693, -102, 255, 255, 0
L -1050, 693, -102, -1039, 693, -104, 255, 255, 0
L -1039, 693, -104, -1011, 693, -122, 255, 255, 0
L -1011, 693, -122, -1006, 689, -119, 255, 255, 0
L -1006, 689, -119, -1001, 694, -119, 255, 255, 0
L -1001, 694, -119, -913, 694, -119, 255, 255, 0
L -913, 694, -119, -908, 690, -119, 255, 255, 0
L -908, 690, -119, -903, 692, -124, 255, 255, 0
L -903, 692, -124, -898, 686, -124, 255, 255, 0
L -898, 686, -124, -901, 682, -119, 255, 255, 0
L -901, 682, -119, -897, 677, -123, 255, 255, 0
L -897, 677, -123, -897, 647, -123, 255, 255, 0
L -897, 647, -123, -902, 642, -124, 255, 255, 0
L -902, 642, -124, -908, 635, -119, 255, 255, 0
L -908, 635, -119, -913, 630, -119, 255, 255, 0
L -913, 630, -119, -1001, 630, -119, 255, 255, 0
L -1001, 630, -119, -1006, 635, -119, 255, 255, 0
L -1006, 635, -119, -1008, 634, -119, 255, 255, 0
L -1008, 634, -119, -1013, 631, -122, 255, 255, 0
L -1013, 631, -122, -1015, 631, -123, 255, 255, 0
L -1015, 631, -123, -1015, 621, -123, 255, 255, 0
L -1015, 621, -123, -1013, 621, -122, 255, 255, 0
L -1013, 621, -122, -1006, 617, -119, 255, 255, 0
L -1006, 617, -119, -1001, 622, -119, 255, 255, 0
L -1001, 622, -119, -913, 621, -123, 255, 255, 0
L -913, 621, -123, -908, 618, -119, 255, 255, 0
L -908, 618, -119, -883, 642, -119, 255, 255, 0
L -883, 642, -119, -887, 647, -123, 255, 255, 0
L -887, 647, -123, -887, 677, -123, 255, 255, 0
L -887, 677, -123, -883, 682, -119, 255, 255, 0
L -883, 682, -119, -909, 706, -119, 255, 255, 0
L -909, 706, -119, -913, 702, -119, 255, 255, 0
L -913, 702, -119, -1001, 702, -119, 255, 255, 0
L -1001, 702, -119, -1006, 707, -119, 255, 255, 0
L -1006, 707, -119, -1011, 703, -123, 255, 255, 0
L -1011, 703, -123, -1041, 703, -123, 255, 255, 0
L -1041, 703, -123, -1046, 707, -119, 255, 255, 0
L -1046, 707, -119, -1070, 681, -119, 255, 255, 0
L -1070, 681, -119, -1067, 677, -123, 255, 255, 0
L -1067, 677, -123, -1067, 649, -123, 255, 255, 0
L -1067, 649, -123, -1071, 642, -119, 255, 255, 0
L -1071, 642, -119, -1045, 618, -119, 255, 255, 0
L -1045, 618, -119, -1041, 620, -124, 255, 255, 0
L -1041, 620, -124, -1039, 621, -122, 255, 255, 0
L -1039, 621, -122, -1037, 621, -123, 255, 255, 0
L -1080, 913, -1568, -1080, 913, -156, 255, 255, 0
L -1080, 913, -156, -1080, 905, -156, 255, 255, 0
L -1080, 905, -156, -1073, 905, -156, 255, 255, 0
L -1073, 905, -156, -1071, 894, -156, 255, 255, 0
L -1071, 894, -156, -1067, 894, -156, 255, 255, 0
L -1067, 894, -156, -1066, 905, -152, 255, 255, 0
L -1066, 905, -152, -1057, 905, -156, 255, 255, 0
L -1057, 905, -156, -1046, 894, -156, 255, 255, 0
L -1046, 894, -156, -1046, 849, -156, 255, 255, 0
L -1046, 849, -156, -1066, 850, -156, 255, 255, 0
L -1066, 850, -156, -1067, 884, -156, 255, 255, 0
L -1067, 884, -156, -1071, 884, -156, 255, 255, 0
L -1071, 884, -156, -1071, 844, -156, 255, 255, 0
L -1071, 844, -156, -1046, 843, -152, 255, 255, 0
L -1046, 843, -152, -1046, 800, -156, 255, 255, 0
L -1046, 800, -156, -1057, 789, -156, 255, 255, 0
L -1057, 789, -156, -1100, 789, -151, 255, 255, 0
L -1100, 789, -151, -1101, 822, -156, 255, 255, 0
L -1101, 822, -156, -1105, 822, -156, 255, 255, 0
L -1105, 822, -156, -1106, 789, -156, 255, 255, 0
L -1106, 789, -156, -1119, 789, -156, 255, 255, 0
L -1119, 789, -156, -1130, 800, -156, 255, 255, 0
L -1130, 800, -156, -1130, 842, -154, 255, 255, 0
L -1130, 842, -154, -1106, 843, -156, 255, 255, 0
L -1106, 843, -156, -1105, 832, -156, 255, 255, 0
L -1105, 832, -156, -1101, 832, -156, 255, 255, 0
L -1101, 832, -156, -1101, 848, -156, 255, 255, 0
L -1101, 848, -156, -1130, 849, -150, 255, 255, 0
L -1130, 849, -150, -1130, 894, -156, 255, 255, 0
L -1130, 894, -156, -1119, 905, -156, 255, 255, 0
L -1119, 905, -156, -1101, 905, -156, 255, 255, 0
L -1101, 905, -156, -1100, 913, -156, 255, 255, 0
L -1100, 913, -156, -1111, 913, -156, 255, 255, 0
L -1111, 913, -156, -1117, 916, -156, 255, 255, 0
L -1117, 916, -156, -1141, 890, -156, 255, 255, 0
L -1141, 890, -156, -1138, 886, -156, 255, 255, 0
L -1138, 886, -156, -1138, 808, -156, 255, 255, 0
L -1138, 808, -156, -1142, 803, -156, 255, 255, 0
L -1142, 803, -156, -1116, 777, -156, 255, 255, 0
L -1116, 777, -156, -1111, 781, -156, 255, 255, 0
L -1111, 781, -156, -1065, 781, -156, 255, 255, 0
L -1065, 781, -156, -1060, 777, -156, 255, 255, 0
L -1060, 777, -156, -1034, 803, -156, 255, 255, 0
L -1034, 803, -156, -1038, 808, -156, 255, 255, 0
L -1038, 808, -156, -1038, 886, -156, 255, 255, 0
L -1038, 886, -156, -1034, 891, -156, 255, 255, 0
L -1034, 891, -156, -1060, 917, -156, 255, 255, 0
L -1060, 917, -156, -1065, 913, -156, 255, 255, 0
L -1065, 913, -156, -1080, 913, -156, 255, 255, 0
L -705, 842, -1551, -705, 842, -155, 255, 255, 0
L -705, 842, -155, -695, 842, -155, 255, 255, 0
L -695, 842, -155, -695, 860, -154, 255, 255, 0
L -695, 860, -154, -694, 862, -156, 255, 255, 0
L -694, 862, -156, -679, 878, -155, 255, 255, 0
L -679, 878, -155, -559, 878, -152, 255, 255, 0
L -559, 878, -152, -554, 873, -152, 255, 255, 0
L -554, 873, -152, -550, 877, -152, 255, 255, 0
L -550, 877, -152, -544, 871, -152, 255, 255, 0
L -544, 871, -152, -548, 867, -152, 255, 255, 0
L -548, 867, -152, -543, 862, -152, 255, 255, 0
L -543, 862, -152, -543, 800, -152, 255, 255, 0
L -543, 800, -152, -548, 795, -152, 255, 255, 0
L -548, 795, -152, -544, 791, -152, 255, 255, 0
L -544, 791, -152, -550, 785, -152, 255, 255, 0
L -550, 785, -152, -554, 789, -152, 255, 255, 0
L -554, 789, -152, -559, 784, -152, 255, 255, 0
L -559, 784, -152, -679, 784, -155, 255, 255, 0
L -679, 784, -155, -684, 789, -155, 255, 255, 0
L -684, 789, -155, -690, 795, -156, 255, 255, 0
L -690, 795, -156, -694, 800, -156, 255, 255, 0
L -694, 800, -156, -695, 802, -154, 255, 255, 0
L -695, 802, -154, -695, 820, -155, 255, 255, 0
L -695, 820, -155, -705, 820, -155, 255, 255, 0
L -705, 820, -155, -705, 802, -154, 255, 255, 0
L -705, 802, -154, -706, 800, -156, 255, 255, 0
L -706, 800, -156, -710, 795, -155, 255, 255, 0
L -710, 795, -155, -683, 770, -155, 255, 255, 0
L -683, 770, -155, -679, 774, -155, 255, 255, 0
L -679, 774, -155, -559, 775, -147, 255, 255, 0
L -559, 755, -1495, -559, 755, -149, 255, 255, 0
L -559, 755, -149, -575, 754, -156, 255, 255, 0
L -575, 754, -156, -575, 750, -156, 255, 255, 0
L -575, 750, -156, -560, 749, -154, 255, 255, 0
L -560, 749, -154, -552, 749, -156, 255, 255, 0
L -552, 749, -156, -512, 789, -156, 255, 255, 0
L -512, 789, -156, -507, 796, -155, 255, 255, 0
L -507, 796, -155, -507, 866, -155, 255, 255, 0
L -507, 866, -155, -509, 873, -155, 255, 255, 0
L -509, 873, -155, -533, 873, -155, 255, 255, 0
L -533, 873, -155, -554, 893, -155, 255, 255, 0
L -554, 893, -155, -559, 888, -155, 255, 255, 0
L -559, 888, -155, -679, 888, -155, 255, 255, 0
L -679, 888, -155, -684, 893, -155, 255, 255, 0
L -684, 893, -155, -709, 866, -155, 255, 255, 0
L -709, 866, -155, -706, 862, -156, 255, 255, 0
L -706, 862, -156, -705, 860, -154, 255, 255, 0
L -705, 860, -154, -705, 842, -155, 255, 255, 0
L -290, 797, -1568, -290, 797, -156, 255, 255, 0
L -290, 797, -156, -290, 805, -156, 255, 255, 0
L -290, 805, -156, -311, 805, -156, 255, 255, 0
L -311, 805, -156, -314, 808, -156, 255, 255, 0
L -314, 808, -156, -315, 840, -156, 255, 255, 0
L -315, 840, -156, -319, 840, -156, 255, 255, 0
L -319, 840, -156, -320, 837, -156, 255, 255, 0
L -320, 837, -156, -375, 837, -156, 255, 255, 0
L -375, 837, -156, -378, 840, -156, 255, 255, 0
L -378, 840, -156, -378, 902, -156, 255, 255, 0
L -378, 902, -156, -375, 905, -156, 255, 255, 0
L -375, 905, -156, -320, 905, -156, 255, 255, 0
L -320, 905, -156, -319, 850, -156, 255, 255, 0
L -319, 850, -156, -315, 850, -156, 255, 255, 0
L -315, 850, -156, -314, 905, -153, 255, 255, 0
L -314, 905, -153, -246, 905, -152, 255, 255, 0
L -246, 905, -152, -245, 850, -156, 255, 255, 0
L -245, 850, -156, -241, 850, -156, 255, 255, 0
L -241, 850, -156, -240, 905, -156, 255, 255, 0
L -240, 905, -156, -185, 905, -156, 255, 255, 0
L -185, 905, -156, -182, 902, -156, 255, 255, 0
L -182, 902, -156, -182, 840, -156, 255, 255, 0
L -182, 840, -156, -185, 837, -156, 255, 255, 0
L -185, 837, -156, -239, 837, -156, 255, 255, 0
L -239, 837, -156, -241, 840, -156, 255, 255, 0
L -241, 840, -156, -245, 840, -156, 255, 255, 0
L -245, 840, -156, -246, 808, -156, 255, 255, 0
L -246, 808, -156, -249, 805, -156, 255, 255, 0
L -249, 805, -156, -270, 805, -156, 255, 255, 0
L -270, 805, -156, -270, 797, -156, 255, 255, 0
L -270, 797, -156, -257, 797, -156, 255, 255, 0
L -257, 797, -156, -252, 793, -156, 255, 255, 0
L -252, 793, -156, -235, 812, -156, 255, 255, 0
L -235, 812, -156, -238, 816, -156, 255, 255, 0
L -238, 816, -156, -238, 829, -156, 255, 255, 0
L -238, 829, -156, -193, 829, -156, 255, 255, 0
L -193, 829, -156, -188, 825, -156, 255, 255, 0
L -188, 825, -156, -170, 843, -156, 255, 255, 0
L -170, 843, -156, -174, 848, -156, 255, 255, 0
L -174, 848, -156, -174, 894, -156, 255, 255, 0
L -174, 894, -156, -171, 900, -156, 255, 255, 0
L -171, 900, -156, -188, 917, -156, 255, 255, 0
L -188, 917, -156, -193, 913, -156, 255, 255, 0
L -193, 913, -156, -367, 913, -156, 255, 255, 0
L -367, 913, -156, -372, 917, -156, 255, 255, 0
L -372, 917, -156, -390, 899, -156, 255, 255, 0
L -390, 899, -156, -386, 894, -156, 255, 255, 0
L -386, 894, -156, -386, 848, -156, 255, 255, 0
L -386, 848, -156, -390, 843, -156, 255, 255, 0
L -390, 843, -156, -372, 825, -156, 255, 255, 0
L -372, 825, -156, -367, 829, -156, 255, 255, 0
L -367, 829, -156, -322, 829, -156, 255, 255, 0
L -322, 829, -156, -322, 816, -156, 255, 255, 0
L -322, 816, -156, -326, 811, -156, 255, 255, 0
L -326, 811, -156, -308, 793, -156, 255, 255, 0
L -308, 793, -156, -303, 797, -156, 255, 255, 0
L -303, 797, -156, -293, 797, -156, 255, 255, 0
L -1500, -176, -1248, -1500, -176, -124, 255, 255, 0
L -1500, -176, -124, -1485, -175, -124, 255, 255, 0
L -1485, -175, -124, -1485, -171, -124, 255, 255, 0
L -1485, -171, -124, -1500, -170, -124, 255, 255, 0
L -1500, -170, -124, -1500, -82, -104, 255, 255, 0
L -1500, -82, -104, -1452, -82, -104, 255, 255, 0
L -1452, -82, -104, -1452, -170, -122, 255, 255, 0
L -1452, -170, -122, -1475, -171, -124, 255, 255, 0
L -1475, -171, -124, -1475, -175, -124, 255, 255, 0
L -1475, -175, -124, -1447, -175, -125, 255, 255, 0
L -1447, -175, -125, -1446, -147, -125, 255, 255, 0
L -1446, -147, -125, -1351, -145, -110, 255, 255, 0
L -1351, -145, -110, -1350, -139, -110, 255, 255, 0
L -1350, -139, -110, -1350, -12, -108, 255, 255, 0
L -1350, -12, -108, -1402, -12, -108, 255, 255, 0
L -1402, -12, -108, -1401, -43, -108, 255, 255, 0
L -1401, -43, -108, -1397, -43, -108, 255, 255, 0
L -1397, -43, -108, -1396, -13, -108, 255, 255, 0
L -1396, -13, -108, -1356, -12, -107, 255, 255, 0
L -1356, -12, -107, -1356, -78, -108, 255, 255, 0
L -1356, -78, -108, -1396, -78, -108, 255, 255, 0
L -1396, -78, -108, -1397, -53, -108, 255, 255, 0
L -1397, -53, -108, -1401, -53, -108, 255, 255, 0
L -1401, -53, -108, -1402, -78, -108, 255, 255, 0
L -1402, -78, -108, -1429, -79, -108, 255, 255, 0
L -1429, -79, -108, -1429, -83, -108, 255, 255, 0
L -1429, -83, -108, -1417, -84, -108, 255, 255, 0
L -1417, -84, -108, -1401, -89, -108, 255, 255, 0
L -1401, -89, -108, -1397, -89, -108, 255, 255, 0
L -1397, -89, -108, -1396, -84, -108, 255, 255, 0
L -1396, -84, -108, -1356, -84, -108, 255, 255, 0
L -1356, -84, -108, -1356, -140, -108, 255, 255, 0
L -1356, -140, -108, -1396, -140, -108, 255, 255, 0
L -1396, -140, -108, -1397, -99, -108, 255, 255, 0
L -1397, -99, -108, -1401, -99, -108, 255, 255, 0
L -1401, -99, -108, -1402, -140, -105, 255, 255, 0
L -1402, -140, -105, -1439, -140, -108, 255, 255, 0
L -1439, -140, -108, -1444, -84, -108, 255, 255, 0
L -1444, -84, -108, -1439, -83, -108, 255, 255, 0
L -1439, -83, -108, -1439, -79, -108, 255, 255, 0
L -1439, -79, -108, -1446, -78, -108, 255, 255, 0
L -1446, -78, -108, -1447, -77, -108, 255, 255, 0
L -1447, -77, -108, -1489, -76, -124, 255, 255, 0
L -1489, -76, -124, -1500, -176, -124, 255, 255, 0
L -1500, 175, -1248, -1500, 175, -124, 255, 255, 0
L -1500, 175, -124, -1500, 75, -124, 255, 255, 0
L -1500, 75, -124, -1447, 76, -108, 255, 255, 0
L -1447, 76, -108, -1446, 77, -108, 255, 255, 0
L -1446, 77, -108, -1439, 78, -108, 255, 255, 0
L -1439, 78, -108, -1439, 82, -108, 255, 255, 0
L -1439, 82, -108, -1444, 83, -108, 255, 255, 0
L -1444, 83, -108, -1444, 139, -108, 255, 255, 0
L -1444, 139, -108, -1402, 139, -102, 255, 255, 0
L -1402, 139, -102, -1401, 98, -108, 255, 255, 0
L -1401, 98, -108, -1397, 98, -108, 255, 255, 0
L -1397, 98, -108, -1396, 139, -108, 255, 255, 0
L -1396, 139, -108, -1359, 139, -107, 255, 255, 0
L -1359, 139, -107, -1356, 83, -105, 255, 255, 0
L -1356, 83, -105, -1385, 83, -108, 255, 255, 0
L -1385, 83, -108, -1397, 88, -108, 255, 255, 0
L -1397, 88, -108, -1401, 88, -108, 255, 255, 0
L -1401, 88, -108, -1402, 83, -108, 255, 255, 0
L -1402, 83, -108, -1429, 82, -108, 255, 255, 0
L -1429, 82, -108, -1429, 78, -108, 255, 255, 0
L -1429, 78, -108, -1402, 77, -108, 255, 255, 0
L -1402, 77, -108, -1401, 52, -108, 255, 255, 0
L -1401, 52, -108, -1397, 52, -108, 255, 255, 0
L -1397, 52, -108, -1396, 74, -108, 255, 255, 0
L -1396, 74, -108, -1356, 77, -108, 255, 255, 0
L -1356, 77, -108, -1356, 11, -108, 255, 255, 0
L -1356, 11, -108, -1391, 13, -104, 255, 255, 0
L -1391, 13, -104, -1397, 42, -108, 255, 255, 0
L -1397, 42, -108, -1401, 42, -108, 255, 255, 0
L -1401, 42, -108, -1402, 13, -108, 255, 255, 0
L -1402, 13, -108, -1350, 11, -108, 255, 255, 0
L -1350, 11, -108, -1351, 144, -109, 255, 255, 0
L -1351, 144, -109, -1446, 146, -125, 255, 255, 0
L -1446, 146, -125, -1447, 174, -125, 255, 255, 0
L -1447, 174, -125, -1475, 174, -124, 255, 255, 0
L -1475, 174, -124, -1475, 170, -124, 255, 255, 0
L -1475, 170, -124, -1452, 169, -121, 255, 255, 0
L -1452, 169, -121, -1452, 81, -104, 255, 255, 0
L -1452, 81, -104, -1500, 81, -108, 255, 255, 0
L -1500, 81, -108, -1500, 169, -124, 255, 255, 0
L -1500, 169, -124, -1485, 170, -124, 255, 255, 0
L -1485, 170, -124, -1485, 174, -124, 255, 255, 0
L -1485, 174, -124, -1500, 175, -124, 255, 255, 0
L -1477, 58, -1248, -1477, 58, -124, 255, 255, 0
L -1477, 58, -124, -1426, 58, -108, 255, 255, 0
L -1426, 58, -108, -1425, 60, -108, 255, 255, 0
L -1425, 60, -108, -1419, 60, -108, 255, 255, 0
L -1419, 60, -108, -1419, 54, -108, 255, 255, 0
L -1419, 54, -108, -1420, 53, -108, 255, 255, 0
L -1420, 53, -108, -1420, -52, -108, 255, 255, 0
L -1420, -52, -108, -1419, -53, -108, 255, 255, 0
L -1419, -53, -108, -1419, -59, -108, 255, 255, 0
L -1419, -59, -108, -1477, -59, -124, 255, 255, 0
L -1477, -59, -124, -1477, -55, -124, 255, 255, 0
L -1477, -55, -124, -1426, -54, -124, 255, 255, 0
L -1426, -54, -124, -1426, 53, -124, 255, 255, 0
L -1426, 53, -124, -1477, 54, -124, 255, 255, 0
L -1477, 54, -124, -1478, 57, -124, 255, 255, 0
L -960, 289, -891, -960, 289, -89, 255, 255, 0
L -960, 289, -89, -960, 352, -92, 255, 255, 0
L -960, 352, -92, -904, 352, -92, 255, 255, 0
L -904, 352, -92, -904, 341, -92, 255, 255, 0
L -904, 341, -92, -910, 341, -92, 255, 255, 0
L -910, 341, -92, -910, 346, -92, 255, 255, 0
L -910, 346, -92, -953, 346, -84, 255, 255, 0
L -953, 346, -84, -954, 330, -92, 255, 255, 0
L -954, 330, -92, -926, 329, -92, 255, 255, 0
L -926, 329, -92, -926, 326, -92, 255, 255, 0
L -926, 326, -92, -931, 326, -88, 255, 255, 0
L -931, 321, -879, -931, 321, -87, 255, 255, 0
L -931, 321, -87, -926, 320, -92, 255, 255, 0
L -926, 320, -92, -926, 317, -92, 255, 255, 0
L -926, 317, -92, -929, 316, -92, 255, 255, 0
L -929, 316, -92, -954, 316, -91, 255, 255, 0
L -954, 316, -91, -954, 316, -92, 255, 255, 0
L -954, 316, -92, -954, 289, -92, 255, 255, 0
L -954, 289, -92, -910, 289, -90, 255, 255, 0
L -910, 289, -90, -910, 289, -89, 255, 255, 0
L -910, 289, -89, -910, 328, -92, 255, 255, 0
L -910, 328, -92, -910, 331, -92, 255, 255, 0
L -910, 331, -92, -905, 331, -92, 255, 255, 0
L -905, 331, -92, -904, 283, -92, 255, 255, 0
L -904, 283, -92, -954, 283, -82, 255, 255, 0
L -868, 316, -928, -868, 316, -92, 255, 255, 0
L -868, 316, -92, -868, 311, -92, 255, 255, 0
L -868, 311, -92, -843, 311, -89, 255, 255, 0
L -843, 311, -89, -843, 285, -89, 255, 255, 0
L -843, 285, -89, -883, 285, -92, 255, 255, 0
L -883, 285, -92, -883, 311, -92, 255, 255, 0
L -883, 311, -92, -878, 311, -92, 255, 255, 0
L -878, 311, -92, -878, 317, -92, 255, 255, 0
L -878, 317, -92, -889, 317, -92, 255, 255, 0
L -889, 317, -92, -889, 279, -92, 255, 255, 0
L -889, 279, -92, -837, 279, -92, 255, 255, 0
L -837, 279, -92, -837, 317, -92, 255, 255, 0
L -837, 317, -92, -868, 317, -92, 255, 255, 0
L -796, 327, -928, -796, 327, -92, 255, 255, 0
L -796, 327, -92, -790, 327, -92, 255, 255, 0
L -790, 327, -92, -790, 332, -92, 255, 255, 0
L -790, 332, -92, -746, 332, -88, 255, 255, 0
L -746, 332, -88, -746, 316, -92, 255, 255, 0
L -746, 316, -92, -774, 315, -92, 255, 255, 0
L -774, 315, -92, -773, 312, -91, 255, 255, 0
L -773, 312, -91, -766, 312, -84, 255, 255, 0
L -765, 307, -839, -765, 307, -83, 255, 255, 0
L -765, 307, -83, -774, 306, -92, 255, 255, 0
L -774, 306, -92, -774, 302, -92, 255, 255, 0
L -774, 302, -92, -746, 302, -88, 255, 255, 0
L -746, 302, -88, -746, 275, -88, 255, 255, 0
L -746, 275, -88, -790, 275, -92, 255, 255, 0
L -790, 275, -92, -791, 317, -92, 255, 255, 0
L -791, 317, -92, -796, 317, -92, 255, 255, 0
L -796, 317, -92, -796, 269, -92, 255, 255, 0
L -796, 269, -92, -740, 269, -92, 255, 255, 0
L -740, 269, -92, -740, 338, -92, 255, 255, 0
L -740, 338, -92, -796, 338, -92, 255, 255, 0
L -796, 338, -92, -795, 327, -92, 255, 255, 0
L -539, 467, -1248, -539, 467, -124, 255, 255, 0
L -539, 467, -124, -539, 462, -124, 255, 255, 0
L -539, 462, -124, -530, 461, -124, 255, 255, 0
L -530, 461, -124, -529, 456, -124, 255, 255, 0
L -529, 456, -124, -524, 455, -124, 255, 255, 0
L -524, 455, -124, -524, 411, -124, 255, 255, 0
L -524, 411, -124, -525, 388, -124, 255, 255, 0
L -525, 388, -124, -521, 388, -124, 255, 255, 0
L -521, 388, -124, -520, 397, -124, 255, 255, 0
L -520, 397, -124, -517, 398, -124, 255, 255, 0
L -517, 398, -124, -516, 403, -121, 255, 255, 0
L -516, 403, -121, -503, 404, -124, 255, 255, 0
L -503, 404, -124, -503, 409, -124, 255, 255, 0
L -503, 409, -124, -517, 410, -124, 255, 255, 0
L -517, 410, -124, -517, 443, -124, 255, 255, 0
L -517, 443, -124, -484, 442, -124, 255, 255, 0
L -484, 442, -124, -484, 450, -124, 255, 255, 0
L -484, 450, -124, -517, 449, -124, 255, 255, 0
L -517, 449, -124, -518, 469, -124, 255, 255, 0
L -518, 469, -124, -539, 468, -124, 255, 255, 0
L -539, 468, -124, -540, 463, -124, 255, 255, 0
L -525, 378, -1248, -525, 378, -124, 255, 255, 0
L -525, 378, -124, -526, 369, -124, 255, 255, 0
L -526, 369, -124, -529, 368, -124, 255, 255, 0
L -529, 368, -124, -530, 363, -124, 255, 255, 0
L -530, 363, -124, -558, 363, -124, 255, 255, 0
L -558, 363, -124, -559, 368, -124, 255, 255, 0
L -559, 368, -124, -564, 369, -124, 255, 255, 0
L -564, 369, -124, -564, 455, -124, 255, 255, 0
L -564, 455, -124, -560, 455, -124, 255, 255, 0
L -560, 455, -124, -558, 461, -122, 255, 255, 0
L -558, 461, -122, -549, 462, -124, 255, 255, 0
L -549, 462, -124, -549, 467, -124, 255, 255, 0
L -549, 467, -124, -572, 467, -124, 255, 255, 0
L -572, 467, -124, -571, 386, -124, 255, 255, 0
L -571, 386, -124, -570, 370, -116, 255, 255, 0
L -578, 370, -1168, -578, 370, -116, 255, 255, 0
L -578, 370, -116, -579, 386, -124, 255, 255, 0
L -579, 386, -124, -582, 386, -124, 255, 255, 0
L -582, 386, -124, -583, 358, -124, 255, 255, 0
L -583, 358, -124, -583, 344, -124, 255, 255, 0
L -583, 344, -124, -525, 344, -124, 255, 255, 0
L -525, 344, -124, -524, 354, -124, 255, 255, 0
L -524, 354, -124, -411, 356, -124, 255, 255, 0
L -411, 356, -124, -411, 368, -124, 255, 255, 0
L -411, 368, -124, -412, 378, -124, 255, 255, 0
L -412, 378, -124, -417, 378, -124, 255, 255, 0
L -417, 378, -124, -418, 369, -124, 255, 255, 0
L -418, 369, -124, -423, 368, -124, 255, 255, 0
L -423, 368, -124, -424, 363, -124, 255, 255, 0
L -424, 363, -124, -516, 363, -124, 255, 255, 0
L -516, 363, -124, -516, 367, -124, 255, 255, 0
L -516, 367, -124, -520, 369, -120, 255, 255, 0
L -520, 369, -120, -521, 378, -124, 255, 255, 0
L -521, 378, -124, -525, 378, -124, 255, 255, 0
L -525, 378, -124, -526, 369, -124, 255, 255, 0
L -526, 369, -124, -529, 368, -124, 255, 255, 0
L -529, 368, -124, -530, 363, -124, 255, 255, 0
L -530, 363, -124, -558, 363, -124, 255, 255, 0
L -558, 363, -124, -559, 368, -124, 255, 255, 0
L -559, 368, -124, -564, 369, -124, 255, 255, 0
L -564, 369, -124, -564, 455, -124, 255, 255, 0
L -493, 409, -1248, -493, 409, -124, 255, 255, 0
L -493, 409, -124, -493, 404, -124, 255, 255, 0
L -493, 404, -124, -424, 403, -124, 255, 255, 0
L -424, 403, -124, -423, 398, -124, 255, 255, 0
L -423, 398, -124, -418, 397, -124, 255, 255, 0
L -418, 397, -124, -417, 388, -124, 255, 255, 0
L -417, 388, -124, -412, 388, -124, 255, 255, 0
L -412, 388, -124, -412, 411, -124, 255, 255, 0
L -412, 411, -124, -423, 410, -124, 255, 255, 0
L -423, 410, -124, -493, 409, -124, 255, 255, 0
L -229, -40, -1248, -229, -40, -124, 255, 255, 0
L -229, -40, -124, -229, -92, -124, 255, 255, 0
L -229, -92, -124, -269, -92, -124, 255, 255, 0
L -269, -92, -124, -270, -55, -124, 255, 255, 0
L -270, -55, -124, -274, -55, -124, 255, 255, 0
L -274, -55, -124, -275, -92, -120, 255, 255, 0
L -275, -92, -120, -313, -92, -118, 255, 255, 0
L -313, -92, -118, -313, -14, -120, 255, 255, 0
L -313, -14, -120, -259, -14, -119, 255, 255, 0
L -259, -14, -119, -259, -34, -124, 255, 255, 0
L -259, -34, -124, -274, -35, -124, 255, 255, 0
L -274, -35, -124, -274, -45, -124, 255, 255, 0
L -274, -45, -124, -270, -45, -124, 255, 255, 0
L -270, -45, -124, -269, -40, -124, 255, 255, 0
L -269, -40, -124, -242, -39, -124, 255, 255, 0
L -242, -39, -124, -242, -35, -124, 255, 255, 0
L -242, -35, -124, -253, -34, -124, 255, 255, 0
L -253, -34, -124, -254, -9, -124, 255, 255, 0
L -254, -9, -124, -320, -9, -124, 255, 255, 0
L -320, -9, -124, -320, -99, -124, 255, 255, 0
L -320, -99, -124, -224, -99, -124, 255, 255, 0
L -224, -99, -124, -224, -35, -124, 255, 255, 0
L -224, -35, -124, -232, -35, -124, 255, 255, 0
L -232, -35, -124, -232, -39, -124, 255, 255, 0
L -232, -39, -124, -229, -40, -124, 255, 255, 0
L -320, 8, -1248, -320, 8, -124, 255, 255, 0
L -320, 8, -124, -254, 8, -124, 255, 255, 0
L -254, 8, -124, -253, 33, -124, 255, 255, 0
L -253, 33, -124, -242, 34, -124, 255, 255, 0
L -242, 34, -124, -242, 38, -124, 255, 255, 0
L -242, 38, -124, -269, 39, -124, 255, 255, 0
L -269, 39, -124, -270, 44, -124, 255, 255, 0
L -270, 44, -124, -274, 44, -124, 255, 255, 0
L -274, 44, -124, -274, 34, -124, 255, 255, 0
L -274, 34, -124, -259, 33, -124, 255, 255, 0
L -259, 33, -124, -259, 13, -119, 255, 255, 0
L -259, 13, -119, -313, 13, -120, 255, 255, 0
L -313, 13, -120, -313, 91, -124, 255, 255, 0
L -313, 91, -124, -275, 91, -119, 255, 255, 0
L -275, 91, -119, -274, 54, -124, 255, 255, 0
L -274, 54, -124, -270, 54, -124, 255, 255, 0
L -270, 54, -124, -269, 87, -124, 255, 255, 0
L -269, 87, -124, -229, 91, -124, 255, 255, 0
L -229, 91, -124, -229, 39, -124, 255, 255, 0
L -229, 39, -124, -232, 38, -124, 255, 255, 0
L -232, 38, -124, -232, 34, -124, 255, 255, 0
L -232, 34, -124, -224, 34, -124, 255, 255, 0
L -224, 34, -124, -224, 98, -124, 255, 255, 0
L -224, 98, -124, -320, 98, -124, 255, 255, 0
L -320, 98, -124, -320, 8, -124, 255, 255, 0
L -446, -454, -1248, -446, -454, -124, 255, 255, 0
L -446, -454, -124, -447, -445, -124, 255, 255, 0
L -447, -445, -124, -451, -445, -124, 255, 255, 0
L -451, -445, -124, -452, -454, -124, 255, 255, 0
L -452, -454, -124, -457, -455, -124, 255, 255, 0
L -457, -455, -124, -458, -460, -124, 255, 255, 0
L -458, -460, -124, -476, -460, -124, 255, 255, 0
L -476, -460, -124, -477, -455, -120, 255, 255, 0
L -477, -455, -1201, -477, -455, -120, 255, 255, 0
L -477, -455, -120, -485, -455, -124, 255, 255, 0
L -485, -455, -124, -486, -458, -124, 255, 255, 0
L -486, -458, -124, -501, -460, -124, 255, 255, 0
L -501, -460, -124, -502, -455, -124, 255, 255, 0
L -502, -455, -124, -508, -454, -124, 255, 255, 0
L -508, -454, -124, -508, -426, -124, 255, 255, 0
L -508, -426, -124, -502, -425, -124, 255, 255, 0
L -502, -425, -124, -501, -420, -124, 255, 255, 0
L -501, -420, -124, -486, -420, -124, 255, 255, 0
L -486, -420, -124, -485, -425, -124, 255, 255, 0
L -485, -425, -124, -483, -427, -124, 255, 255, 0
L -483, -427, -124, -477, -425, -124, 255, 255, 0
L -477, -425, -124, -476, -420, -124, 255, 255, 0
L -476, -420, -124, -458, -420, -124, 255, 255, 0
L -458, -420, -124, -457, -425, -124, 255, 255, 0
L -457, -425, -124, -452, -426, -124, 255, 255, 0
L -452, -426, -124, -451, -435, -124, 255, 255, 0
L -451, -435, -124, -447, -435, -124, 255, 255, 0
L -447, -435, -124, -446, -426, -124, 255, 255, 0
L -446, -426, -124, -443, -425, -124, 255, 255, 0
L -443, -425, -124, -444, -411, -124, 255, 255, 0
L -444, -411, -124, -516, -411, -124, 255, 255, 0
L -516, -411, -124, -516, -469, -124, 255, 255, 0
L -516, -469, -124, -443, -468, -124, 255, 255, 0
L -443, -468, -124, -443, -455, -124, 255, 255, 0
L -443, -455, -124, -446, -454, -124, 255, 255, 0
L -743, -351, -853, -743, -351, -85, 255, 255, 0
L -743, -351, -85, -743, -433, -92, 255, 255, 0
L -743, -433, -92, -801, -433, -92, 255, 255, 0
L -801, -433, -92, -801, -415, -92, 255, 255, 0
L -801, -415, -92, -800, -414, -92, 255, 255, 0
L -800, -414, -92, -799, -409, -92, 255, 255, 0
L -799, -409, -92, -795, -409, -92, 255, 255, 0
L -795, -409, -92, -794, -414, -92, 255, 255, 0
L -794, -414, -92, -791, -415, -92, 255, 255, 0
L -791, -415, -92, -790, -426, -92, 255, 255, 0
L -790, -426, -92, -750, -426, -89, 255, 255, 0
L -750, -426, -89, -755, -394, -92, 255, 255, 0
L -755, -394, -92, -763, -387, -92, 255, 255, 0
L -763, -387, -92, -763, -383, -92, 255, 255, 0
L -763, -383, -92, -750, -382, -92, 255, 255, 0
L -750, -382, -92, -750, -358, -87, 255, 255, 0
L -750, -358, -87, -790, -358, -92, 255, 255, 0
L -790, -358, -92, -791, -369, -92, 255, 255, 0
L -791, -369, -92, -794, -370, -92, 255, 255, 0
L -794, -370, -92, -794, -382, -87, 255, 255, 0
L -794, -382, -87, -773, -383, -92, 255, 255, 0
L -773, -383, -92, -773, -387, -92, 255, 255, 0
L -773, -387, -92, -793, -388, -92, 255, 255, 0
L -793, -388, -92, -795, -399, -92, 255, 255, 0
L -795, -399, -92, -799, -399, -92, 255, 255, 0
L -799, -399, -92, -800, -370, -89, 255, 255, 0
L -800, -370, -89, -801, -369, -92, 255, 255, 0
L -801, -369, -92, -801, -351, -92, 255, 255, 0
L -801, -351, -92, -743, -351, -85, 255, 255, 0
L -897, -417, -928, -897, -417, -92, 255, 255, 0
L -897, -417, -92, -897, -399, -92, 255, 255, 0
L -897, -399, -92, -890, -398, -92, 255, 255, 0
L -890, -398, -92, -889, -393, -92, 255, 255, 0
L -889, -393, -92, -885, -393, -92, 255, 255, 0
L -885, -393, -92, -884, -398, -92, 255, 255, 0
L -884, -398, -92, -881, -399, -92, 255, 255, 0
L -881, -399, -92, -880, -410, -92, 255, 255, 0
L -880, -410, -92, -860, -410, -88, 255, 255, 0
L -860, -410, -88, -860, -380, -92, 255, 255, 0
L -860, -380, -92, -884, -380, -92, 255, 255, 0
L -884, -380, -92, -885, -383, -92, 255, 255, 0
L -885, -383, -92, -889, -383, -92, 255, 255, 0
L -889, -383, -92, -889, -369, -92, 255, 255, 0
L -889, -369, -92, -885, -369, -92, 255, 255, 0
L -885, -369, -92, -884, -374, -92, 255, 255, 0
L -884, -374, -92, -849, -375, -92, 255, 255, 0
L -849, -375, -92, -849, -379, -92, 255, 255, 0
L -849, -379, -92, -854, -380, -92, 255, 255, 0
L -854, -380, -92, -854, -410, -92, 255, 255, 0
L -854, -410, -92, -830, -410, -87, 255, 255, 0
L -830, -410, -87, -830, -380, -92, 255, 255, 0
L -830, -380, -92, -839, -379, -92, 255, 255, 0
L -839, -379, -92, -839, -375, -92, 255, 255, 0
L -839, -375, -92, -835, -374, -92, 255, 255, 0
L -835, -374, -92, -830, -354, -88, 255, 255, 0
L -830, -354, -88, -877, -354, -92, 255, 255, 0
L -877, -354, -92, -885, -359, -92, 255, 255, 0
L -885, -359, -92, -889, -359, -92, 255, 255, 0
L -889, -359, -92, -890, -354, -88, 255, 255, 0
L -890, -354, -88, -918, -354, -89, 255, 255, 0
L -918, -354, -89, -919, -359, -92, 255, 255, 0
L -919, -359, -92, -923, -359, -92, 255, 255, 0
L -923, -359, -92, -924, -354, -92, 255, 255, 0
L -924, -354, -92, -978, -354, -92, 255, 255, 0
L -978, -354, -92, -978, -374, -92, 255, 255, 0
L -978, -374, -92, -969, -375, -92, 255, 255, 0
L -969, -375, -92, -969, -379, -92, 255, 255, 0
L -969, -379, -92, -978, -380, -92, 255, 255, 0
L -978, -380, -92, -978, -410, -87, 255, 255, 0
L -978, -410, -87, -954, -410, -92, 255, 255, 0
L -954, -410, -92, -954, -380, -92, 255, 255, 0
L -954, -380, -92, -959, -379, -92, 255, 255, 0
L -959, -379, -92, -959, -375, -92, 255, 255, 0
L -959, -375, -92, -924, -374, -92, 255, 255, 0
L -924, -374, -92, -923, -369, -92, 255, 255, 0
L -923, -369, -92, -919, -369, -92, 255, 255, 0
L -919, -369, -92, -919, -383, -92, 255, 255, 0
L -919, -383, -92, -923, -383, -92, 255, 255, 0
L -923, -383, -92, -924, -380, -92, 255, 255, 0
L -924, -380, -92, -948, -380, -87, 255, 255, 0
L -948, -380, -87, -928, -410, -92, 255, 255, 0
L -928, -410, -92, -927, -399, -92, 255, 255, 0
L -927, -399, -92, -924, -398, -92, 255, 255, 0
L -924, -398, -92, -923, -393, -92, 255, 255, 0
L -923, -393, -92, -919, -393, -92, 255, 255, 0
L -919, -393, -92, -918, -398, -92, 255, 255, 0
L -918, -398, -92, -911, -399, -92, 255, 255, 0
L -911, -399, -92, -911, -417, -92, 255, 255, 0
L -911, -417, -92, -985, -417, -92, 255, 255, 0
L -985, -417, -92, -984, -333, -66, 255, 255, 0
L -984, -333, -66, -823, -316, -68, 255, 255, 0
L -823, -316, -68, -823, -417, -92, 255, 255, 0
L -823, -417, -92, -897, -417, -92, 255, 255, 0
L -1040, -430, -1008, -1040, -430, -100, 255, 255, 0
L -1040, -430, -1008, -1040, -430, -100, 255, 255, 0
L -1040, -430, -100, -1041, -425, -100, 255, 255, 0
L -1041, -425, -100, -1045, -425, -100, 255, 255, 0
L -1045, -425, -100, -1046, -430, -100, 255, 255, 0
L -1046, -430, -100, -1049, -431, -100, 255, 255, 0
L -1049, -431, -100, -1050, -442, -100, 255, 255, 0
L -1050, -442, -100, -1090, -442, -96, 255, 255, 0
L -1090, -442, -96, -1090, -411, -100, 255, 255, 0
L -1090, -411, -100, -1077, -410, -100, 255, 255, 0
L -1077, -410, -100, -1077, -406, -100, 255, 255, 0
L -1077, -406, -100, -1090, -405, -100, 255, 255, 0
L -1090, -405, -100, -1090, -382, -100, 255, 255, 0
L -1090, -382, -100, -1050, -382, -97, 255, 255, 0
L -1050, -382, -97, -1049, -393, -100, 255, 255, 0
L -1049, -393, -100, -1046, -394, -100, 255, 255, 0
L -1046, -394, -100, -1046, -405, -96, 255, 255, 0
L -1046, -405, -96, -1067, -406, -100, 255, 255, 0
L -1067, -406, -100, -1067, -410, -100, 255, 255, 0
L -1067, -410, -100, -1046, -411, -100, 255, 255, 0
L -1046, -411, -100, -1045, -415, -100, 255, 255, 0
L -1045, -415, -100, -1041, -415, -100, 255, 255, 0
L -1041, -415, -100, -1040, -394, -97, 255, 255, 0
L -1040, -394, -97, -1039, -393, -100, 255, 255, 0
L -1039, -393, -100, -1039, -375, -100, 255, 255, 0
L -1039, -375, -100, -1097, -375, -100, 255, 255, 0
L -1097, -375, -100, -1097, -449, -100, 255, 255, 0
L -1097, -449, -100, -1039, -449, -100, 255, 255, 0
L -1039, -449, -100, -1039, -431, -100, 255, 255, 0
L -1039, -431, -100, -1040, -430, -100, 255, 255, 0
L -1040, -430, -100, -1041, -425, -100, 255, 255, 0
P -881, -909, 0, 255, 255, 255, 2, Kelethin
P -1229, -911, 0, 255, 255, 255, 2, Rivervale
P -477, -911, 0, 255, 255, 255, 2, Kaladim
P -133, -911, 0, 255, 255, 255, 2, Halas
P -39, -813, 0, 255, 255, 255, 2, Felwithe
P -35, -597, 0, 255, 255, 255, 2, Erudin
P 75, -461, 0, 255, 255, 255, 2, Nexus
P 234, -460, 0, 255, 255, 255, 2, Great_Divide
P 331, -364, 0, 255, 255, 255, 2, Shar_Vahl
P 330, -148, 0, 255, 255, 255, 2, Qeynos
P 331, 149, 0, 255, 255, 255, 2, Tranquility
P 332, 363, 0, 255, 255, 255, 2, Firiona_Vie
P 234, 460, 0, 255, 255, 255, 2, Freeport
P 75, 461, 0, 255, 255, 255, 2, Ak'Anon
P -36, 597, 0, 255, 255, 255, 2, Cabilis
P -33, 815, 0, 255, 255, 255, 2, Grobb
P -134, 907, 0, 255, 255, 255, 2, Neriak
P -442, 907, 0, 255, 255, 255, 2, Oggok
P -885, 910, 0, 255, 255, 255, 2, Overthere
P -1225, 907, 0, 255, 255, 255, 2, Paineel
P -440, -440, 0, 255, 255, 255, 2, Bank
P -1400, 300, 0, 255, 255, 255, 2, Wizard_Landing
P 300, 0, 0, 255, 255, 255, 2, Succor_Point
P 0, 210, 0, 255, 255, 255, 2, Soulbinder
