L 7671, 0, 0, -5628, 0, 0, 140, 140, 140
L  0,12713, 0, 0, -8483, 0, 140, 140, 140
L 1000, 12713, 0, 1000, -8483, 0, 220, 220, 220
L 2000, 12713, 0, 2000, -8483, 0, 220, 220, 220
L 3000, 12713, 0, 3000, -8483, 0, 220, 220, 220
L 4000, 12713, 0, 4000, -8483, 0, 220, 220, 220
L 5000, 12713, 0, 5000, -8483, 0, 220, 220, 220
L 6000, 12713, 0, 6000, -8483, 0, 220, 220, 220
L 7000, 12713, 0, 7000, -8483, 0, 220, 220, 220
L -1000, 12713, 0, -1000, -8483, 0, 220, 220, 220
L -2000, 12713, 0, -2000, -8483, 0, 220, 220, 220
L -3000, 12713, 0, -3000, -8483, 0, 220, 220, 220
L -4000, 12713, 0, -4000, -8483, 0, 220, 220, 220
L -5000, 12713, 0, -5000, -8483, 0, 220, 220, 220
L 7671, 1000, 0, -5628, 1000, 0, 220, 220, 220
L 7671, 2000, 0, -5628, 2000, 0, 220, 220, 220
L 7671, 3000, 0, -5628, 3000, 0, 220, 220, 220
L 7671, 4000, 0, -5628, 4000, 0, 220, 220, 220
L 7671, 5000, 0, -5628, 5000, 0, 220, 220, 220
L 7671, 6000, 0, -5628, 6000, 0, 220, 220, 220
L 7671, 7000, 0, -5628, 7000, 0, 220, 220, 220
L 7671, 8000, 0, -5628, 8000, 0, 220, 220, 220
L 7671, 9000, 0, -5628, 9000, 0, 220, 220, 220
L 7671, 10000, 0, -5628, 10000, 0, 220, 220, 220
L 7671, 11000, 0, -5628, 11000, 0, 220, 220, 220
L 7671, 12000, 0, -5628, 12000, 0, 220, 220, 220
L 7671, -1000, 0, -5628, -1000, 0, 220, 220, 220
L 7671, -2000, 0, -5628, -2000, 0, 220, 220, 220
L 7671, -3000, 0, -5628, -3000, 0, 220, 220, 220
L 7671, -4000, 0, -5628, -4000, 0, 220, 220, 220
L 7671, -5000, 0, -5628, -5000, 0, 220, 220, 220
L 7671, -6000, 0, -5628, -6000, 0, 220, 220, 220
L 7671, -7000, 0, -5628, -7000, 0, 220, 220, 220
L 7671, -8000, 0, -5628, -8000, 0, 220, 220, 220
P 7681, 5, 0, 0, 0, 0, 3, 0
P 5,12723, 0, 0, 0, 0, 3, 0
P 1005,12723, 0, 0, 0, 0, 3, 1000
P 2005,12723, 0, 0, 0, 0, 3, 2000
P 3005,12723, 0, 0, 0, 0, 3, 3000
P 4005,12723, 0, 0, 0, 0, 3, 4000
P 5005,12723, 0, 0, 0, 0, 3, 5000
P 6005,12723, 0, 0, 0, 0, 3, 6000
P 7005,12723, 0, 0, 0, 0, 3, 7000
P -995,12723, 0, 0, 0, 0, 3, -1000
P -1995,12723, 0, 0, 0, 0, 3, -2000
P -2995,12723, 0, 0, 0, 0, 3, -3000
P -3995,12723, 0, 0, 0, 0, 3, -4000
P -4995,12723, 0, 0, 0, 0, 3, -5000
P 7681, 1005, 0, 0, 0, 0, 3, 1000
P 7681, 2005, 0, 0, 0, 0, 3, 2000
P 7681, 3005, 0, 0, 0, 0, 3, 3000
P 7681, 4005, 0, 0, 0, 0, 3, 4000
P 7681, 5005, 0, 0, 0, 0, 3, 5000
P 7681, 6005, 0, 0, 0, 0, 3, 6000
P 7681, 7005, 0, 0, 0, 0, 3, 7000
P 7681, 8005, 0, 0, 0, 0, 3, 8000
P 7681, 9005, 0, 0, 0, 0, 3, 9000
P 7681, 10005, 0, 0, 0, 0, 3, 10000
P 7681, 11005, 0, 0, 0, 0, 3, 11000
P 7681, 12005, 0, 0, 0, 0, 3, 12000
P 7681, -995, 0, 0, 0, 0, 3, -1000
P 7681, -1995, 0, 0, 0, 0, 3, -2000
P 7681, -2995, 0, 0, 0, 0, 3, -3000
P 7681, -3995, 0, 0, 0, 0, 3, -4000
P 7681, -4995, 0, 0, 0, 0, 3, -5000
P 7681, -5995, 0, 0, 0, 0, 3, -6000
P 7681, -6995, 0, 0, 0, 0, 3, -7000
P 7681, -7995, 0, 0, 0, 0, 3, -8000
