L 1650, 0, 0, -4240, 0, 0, 140, 140, 140
L  0,1183, 0, 0, -1204, 0, 140, 140, 140
L 500, 1183, 0, 500, -1204, 0, 220, 220, 220
L 1000, 1183, 0, 1000, -1204, 0, 220, 220, 220
L 1500, 1183, 0, 1500, -1204, 0, 220, 220, 220
L -500, 1183, 0, -500, -1204, 0, 220, 220, 220
L -1000, 1183, 0, -1000, -1204, 0, 220, 220, 220
L -1500, 1183, 0, -1500, -1204, 0, 220, 220, 220
L -2000, 1183, 0, -2000, -1204, 0, 220, 220, 220
L -2500, 1183, 0, -2500, -1204, 0, 220, 220, 220
L -3000, 1183, 0, -3000, -1204, 0, 220, 220, 220
L -3500, 1183, 0, -3500, -1204, 0, 220, 220, 220
L -4000, 1183, 0, -4000, -1204, 0, 220, 220, 220
L 1650, 500, 0, -4240, 500, 0, 220, 220, 220
L 1650, 1000, 0, -4240, 1000, 0, 220, 220, 220
L 1650, -500, 0, -4240, -500, 0, 220, 220, 220
L 1650, -1000, 0, -4240, -1000, 0, 220, 220, 220
P 1660, 5, 0, 0, 0, 0, 3, 0
P 5,1193, 0, 0, 0, 0, 3, 0
P 505,1193, 0, 0, 0, 0, 3, 500
P 1005,1193, 0, 0, 0, 0, 3, 1000
P 1505,1193, 0, 0, 0, 0, 3, 1500
P -495,1193, 0, 0, 0, 0, 3, -500
P -995,1193, 0, 0, 0, 0, 3, -1000
P -1495,1193, 0, 0, 0, 0, 3, -1500
P -1995,1193, 0, 0, 0, 0, 3, -2000
P -2495,1193, 0, 0, 0, 0, 3, -2500
P -2995,1193, 0, 0, 0, 0, 3, -3000
P -3495,1193, 0, 0, 0, 0, 3, -3500
P -3995,1193, 0, 0, 0, 0, 3, -4000
P 1660, 505, 0, 0, 0, 0, 3, 500
P 1660, 1005, 0, 0, 0, 0, 3, 1000
P 1660, -495, 0, 0, 0, 0, 3, -500
P 1660, -995, 0, 0, 0, 0, 3, -1000
