L -75, -410, -28, -168, -352, -28, 0, 0, 0
L 171, -409, -31, -75, -410, -28, 0, 0, 0
L 731, -83, -16, 656, -83, -19, 0, 0, 0
L 860, -171, -16, 931, -153, -16, 0, 0, 0
L 787, -155, -16, 860, -171, -16, 0, 0, 0
L 734, -117, -16, 787, -155, -16, 0, 0, 0
L 736, -64, -16, 734, -117, -16, 0, 0, 0
L 767, -29, -16, 736, -64, -16, 0, 0, 0
L 819, 2, -16, 767, -29, -16, 0, 0, 0
L 856, 5, -16, 819, 2, -16, 0, 0, 0
L 911, -1, -16, 856, 5, -16, 0, 0, 0
L 956, -29, -16, 911, -1, -16, 0, 0, 0
L 973, -74, -16, 956, -29, -16, 0, 0, 0
L 969, -125, -16, 973, -74, -16, 0, 0, 0
L 933, -152, -16, 969, -125, -16, 0, 0, 0
L 931, -404, -17, 933, -152, -16, 0, 0, 0
L 494, -187, -19, 656, -83, -19, 0, 0, 0
L 159, -176, -27, 494, -187, -19, 0, 0, 0
L -140, 110, -28, -138, -172, -30, 0, 0, 0
L -213, 458, -27, -133, 456, -27, 0, 0, 0
L -215, 610, -27, -215, 375, -27, 0, 0, 0
L -157, 611, -27, -215, 610, -27, 0, 0, 0
L -155, 533, -27, -157, 611, -27, 0, 0, 0
L -51, 535, -27, -155, 533, -27, 0, 0, 0
L -52, 456, -27, -51, 535, -27, 0, 0, 0
L -133, 457, -27, -52, 456, -27, 0, 0, 0
L -145, 417, -27, -133, 457, -27, 0, 0, 0
L -138, 124, -28, -145, 417, -27, 0, 0, 0
L -420, 125, -35, -138, 124, -28, 0, 0, 0
L -788, 123, -96, -420, 128, -39, 0, 0, 0
L -420, 128, -39, -419, -172, -39, 0, 0, 0
L -419, -172, -39, -748, -182, -28, 0, 0, 0
L -748, -182, -28, -854, -185, -26, 0, 0, 0
L -854, -185, -26, -924, -226, -25, 0, 0, 0
L -419, -183, -40, -415, -406, -26, 0, 0, 0
L -415, -406, -26, -339, -519, -26, 0, 0, 0
L -418, -181, -40, -139, -172, -30, 0, 0, 0
L -139, -172, -30, 162, -179, -28, 0, 0, 0
L 162, -179, -28, 168, -71, -29, 0, 0, 0
L 160, -187, -28, 172, -401, -31, 0, 0, 0
L 172, -401, -31, 165, -537, -11, 0, 0, 0
L 173, -409, -31, 316, -406, -20, 0, 0, 0
L 316, -406, -20, 394, -448, -17, 0, 0, 0
L 394, -448, -17, 447, -445, -17, 0, 0, 0
L 447, -445, -17, 507, -400, -18, 0, 0, 0
L 507, -400, -18, 625, -394, -20, 0, 0, 0
L 625, -394, -20, 688, -452, -22, 0, 0, 0
L 695, -446, -22, 697, -731, -23, 0, 0, 0
L 697, -731, -23, 453, -744, -16, 0, 0, 0
L 453, -744, -16, 305, -683, -16, 0, 0, 0
L 693, -750, -31, 679, -1012, -26, 0, 0, 0
L 679, -1012, -26, 377, -1021, -30, 0, 0, 0
L 377, -1021, -30, 327, -1122, -30, 0, 0, 0
L 688, -452, -22, 741, -406, -20, 0, 0, 0
L 741, -406, -20, 929, -409, -17, 0, 0, 0
L 929, -409, -17, 935, -574, -17, 0, 0, 0
L 935, -574, -17, 968, -655, -16, 0, 0, 0
L 968, -655, -16, 966, -705, -16, 0, 0, 0
L 966, -705, -16, 925, -759, -16, 0, 0, 0
L 925, -759, -16, 914, -883, -16, 0, 0, 0
L 914, -883, -16, 942, -955, -15, 0, 0, 0
L 942, -955, -15, 1195, -954, -15, 0, 0, 0
L 1195, -954, -15, 1263, -921, -15, 0, 0, 0
L 1263, -921, -15, 1326, -925, -15, 0, 0, 0
L 1326, -925, -15, 1347, -978, -15, 0, 0, 0
L 1347, -978, -15, 1325, -1034, -15, 0, 0, 0
L 1325, -1034, -15, 1234, -1034, -15, 0, 0, 0
L 1234, -1034, -15, 1210, -982, -15, 0, 0, 0
L 1210, -982, -15, 1193, -957, -13, 0, 0, 0
P -168, -352, -28, 240, 0, 0, 3, DEAD_END
P 813, -99, -29, 0, 0, 240, 3, Quarries
P -184, 491, -27, 240, 0, 0, 3, DEAD_END
P -138, 124, -28, 127, 64, 0, 3, T_intersection
P -788, 123, -96, 255, 0, 255, 3, To_Oasis_of_Marr
P -792, 142, -95, 0, 127, 0, 3, ruja
P -420, 128, -39, 127, 64, 0, 3, T_intersect
P -419, -172, -39, 127, 64, 0, 3, xroads
P -924, -226, -25, 240, 0, 0, 3, DEAD_END
P -339, -519, -26, 240, 0, 0, 3, DEAD_END
P -139, -172, -30, 127, 64, 0, 3, T_intersect
P 165, -177, -28, 127, 64, 0, 3, xroads
P 168, -71, -29, 240, 0, 0, 3, DEAD_END
P 172, -401, -31, 127, 64, 0, 3, xroads
P 165, -537, -11, 240, 0, 0, 3, DEAD_END
P 695, -459, -22, 127, 64, 0, 3, T_intersection
P 697, -731, -23, 127, 64, 0, 3, T_intersection
P 305, -683, -16, 240, 0, 0, 3, DEAD_END
P 327, -1122, -30, 240, 0, 0, 3, DEAD_END
P 929, -409, -17, 127, 64, 0, 3, xroads
P 1288, -965, -14, 240, 0, 0, 3, DEAD_END
