L 1133, 2343, -3086, 1133, 2343, -308, 153, 153, 153
L 1133, 2343, -308, 1084, 2340, -308, 153, 153, 153
L 1084, 2340, -308, 1036, 2320, -308, 153, 153, 153
L 1036, 2320, -308, 1032, 2205, -308, 153, 153, 153
L 1032, 2205, -308, 988, 2111, -308, 153, 153, 153
L 988, 2111, -308, 988, 2030, -308, 153, 153, 153
L 988, 2030, -308, 985, 2024, -305, 153, 153, 153
L 985, 2024, -305, 988, 2014, -308, 153, 153, 153
L 988, 2014, -308, 983, 2002, -305, 153, 153, 153
L 983, 2002, -305, 969, 1992, -303, 153, 153, 153
L 969, 1992, -303, 963, 1999, -298, 153, 153, 153
L 963, 1999, -298, 960, 1988, -297, 153, 153, 153
L 960, 1988, -297, 951, 1988, -285, 153, 153, 153
L 951, 1988, -285, 949, 1983, -286, 153, 153, 153
L 949, 1983, -286, 930, 1944, -278, 153, 153, 153
L 930, 1944, -278, 909, 1898, -259, 153, 153, 153
L 909, 1898, -259, 875, 1839, -265, 153, 153, 153
L 875, 1839, -265, 840, 1777, -258, 153, 153, 153
L 840, 1777, -258, 827, 1706, -245, 153, 153, 153
L 827, 1706, -245, 859, 1706, -283, 153, 153, 153
L 899, 1706, -2846, 899, 1706, -284, 153, 153, 153
L 899, 1706, -284, 950, 1705, -272, 153, 153, 153
L 950, 1705, -272, 941, 1774, -258, 153, 153, 153
L 941, 1774, -258, 978, 1838, -252, 153, 153, 153
L 978, 1838, -252, 1010, 1897, -259, 153, 153, 153
L 1010, 1897, -259, 1026, 1956, -265, 153, 153, 153
L 1026, 1956, -265, 1049, 2013, -282, 153, 153, 153
L 1049, 2013, -282, 1041, 2013, -305, 153, 153, 153
L 1041, 2013, -305, 1031, 2027, -308, 153, 153, 153
L 1031, 2027, -308, 1027, 2042, -308, 153, 153, 153
L 1027, 2042, -308, 1026, 2099, -308, 153, 153, 153
L 1026, 2099, -308, 1018, 2108, -308, 153, 153, 153
L 1018, 2108, -308, 1017, 2125, -306, 153, 153, 153
L 1017, 2125, -306, 1024, 2141, -308, 153, 153, 153
L 1024, 2141, -308, 1037, 2148, -308, 153, 153, 153
L 1037, 2148, -308, 1037, 2152, -308, 153, 153, 153
L 1037, 2152, -308, 1039, 2161, -308, 153, 153, 153
L 1039, 2161, -308, 1047, 2176, -308, 153, 153, 153
L 1047, 2176, -308, 1060, 2183, -308, 153, 153, 153
L 1060, 2183, -308, 1070, 2205, -308, 153, 153, 153
L 1070, 2205, -308, 1071, 2279, -308, 153, 153, 153
L 1071, 2279, -308, 1081, 2298, -308, 153, 153, 153
L 1081, 2298, -308, 1092, 2305, -308, 153, 153, 153
L 1092, 2305, -308, 1124, 2310, -308, 153, 153, 153
L 1124, 2310, -308, 1143, 2311, -308, 153, 153, 153
L 1146, 2343, -3086, 1146, 2343, -308, 153, 153, 153
L 1146, 2343, -308, 1085, 2340, -308, 153, 153, 153
L 779, 1370, -2523, 779, 1370, -252, 153, 153, 153
L 779, 1370, -252, 860, 1370, -282, 153, 153, 153
L 860, 1370, -282, 882, 1370, -284, 153, 153, 153
L 882, 1370, -284, 883, 1353, -283, 153, 153, 153
L 883, 1353, -283, 877, 1352, -284, 153, 153, 153
L 877, 1352, -284, 874, 1352, -272, 153, 153, 153
L 874, 1352, -272, 782, 1352, -252, 153, 153, 153
L 1041, 1370, -2530, 1041, 1370, -253, 153, 153, 153
L 1041, 1370, -253, 1023, 1369, -280, 153, 153, 153
L 1023, 1369, -280, 921, 1369, -282, 153, 153, 153
L 921, 1369, -282, 924, 1351, -281, 153, 153, 153
L 924, 1351, -281, 1015, 1351, -284, 153, 153, 153
L 1015, 1351, -284, 1041, 1351, -255, 153, 153, 153
L 781, 1104, -2565, 781, 1104, -256, 153, 153, 153
L 781, 1104, -256, 782, 1128, -283, 153, 153, 153
L 782, 1128, -283, 782, 1180, -284, 153, 153, 153
L 782, 1180, -284, 764, 1179, -284, 153, 153, 153
L 764, 1179, -284, 764, 1133, -283, 153, 153, 153
L 764, 1133, -283, 764, 1110, -251, 153, 153, 153
L 781, 1321, -2580, 781, 1321, -258, 153, 153, 153
L 781, 1321, -258, 781, 1309, -272, 153, 153, 153
L 781, 1309, -272, 784, 1286, -272, 153, 153, 153
L 784, 1286, -272, 784, 1263, -283, 153, 153, 153
L 784, 1263, -283, 781, 1218, -284, 153, 153, 153
L 781, 1218, -284, 764, 1219, -284, 153, 153, 153
L 764, 1219, -284, 764, 1298, -281, 153, 153, 153
L 764, 1298, -281, 765, 1315, -261, 153, 153, 153
L 433, 925, -2614, 433, 925, -261, 153, 153, 153
L 433, 925, -261, 446, 926, -277, 153, 153, 153
L 446, 926, -277, 482, 927, -283, 153, 153, 153
L 482, 927, -283, 484, 925, -284, 153, 153, 153
L 484, 925, -284, 482, 908, -284, 153, 153, 153
L 482, 908, -284, 454, 908, -283, 153, 153, 153
L 454, 908, -283, 433, 908, -259, 153, 153, 153
L 629, 926, -2628, 629, 926, -262, 153, 153, 153
L 629, 926, -262, 616, 926, -277, 153, 153, 153
L 616, 926, -277, 550, 926, -277, 153, 153, 153
L 550, 926, -277, 525, 926, -284, 153, 153, 153
L 525, 926, -284, 523, 908, -284, 153, 153, 153
L 523, 908, -284, 609, 907, -266, 153, 153, 153
L 609, 907, -266, 610, 908, -265, 153, 153, 153
L 611, 908, -2651, 611, 908, -265, 153, 153, 153
L 611, 908, -265, 577, 874, -259, 153, 153, 153
L 577, 874, -259, 545, 816, -253, 153, 153, 153
L 545, 816, -253, 522, 778, -259, 153, 153, 153
L 522, 778, -259, 478, 726, -252, 153, 153, 153
L 478, 726, -252, 426, 662, -242, 153, 153, 153
L 426, 662, -242, 411, 625, -240, 153, 153, 153
L 411, 625, -240, 392, 588, -235, 153, 153, 153
L 392, 588, -235, 403, 531, -240, 153, 153, 153
L 403, 531, -240, 410, 486, -236, 153, 153, 153
L 410, 486, -236, 417, 437, -229, 153, 153, 153
L 417, 437, -229, 412, 419, -219, 153, 153, 153
L 412, 419, -219, 409, 403, -220, 153, 153, 153
L 409, 403, -220, 426, 391, -223, 153, 153, 153
L 426, 391, -223, 461, 393, -223, 153, 153, 153
L 433, 909, -2603, 433, 909, -260, 153, 153, 153
L 433, 909, -260, 428, 837, -251, 153, 153, 153
L 428, 837, -251, 423, 780, -259, 153, 153, 153
L 423, 780, -259, 388, 731, -241, 153, 153, 153
L 388, 731, -241, 337, 681, -234, 153, 153, 153
L 337, 681, -234, 322, 635, -228, 153, 153, 153
L 322, 635, -228, 292, 591, -234, 153, 153, 153
L 292, 591, -234, 300, 531, -229, 153, 153, 153
L 300, 531, -229, 316, 444, -243, 153, 153, 153
L 316, 444, -243, 320, 393, -234, 153, 153, 153
L 320, 393, -234, 285, 392, -236, 153, 153, 153
L 285, 392, -236, 227, 390, -237, 153, 153, 153
L 227, 390, -237, 104, 392, -224, 153, 153, 153
L 629, 926, -2628, 629, 926, -262, 153, 153, 153
L 629, 926, -262, 650, 952, -258, 153, 153, 153
L 650, 952, -258, 649, 959, -260, 153, 153, 153
L 649, 959, -260, 650, 1027, -263, 153, 153, 153
L 650, 1027, -263, 651, 1041, -257, 153, 153, 153
L 651, 1041, -257, 676, 1088, -256, 153, 153, 153
L 676, 1088, -256, 698, 1126, -258, 153, 153, 153
L 698, 1126, -258, 723, 1122, -250, 153, 153, 153
L 723, 1122, -250, 749, 1116, -247, 153, 153, 153
L 749, 1116, -247, 763, 1112, -253, 153, 153, 153
L 782, 1104, -2567, 782, 1104, -256, 153, 153, 153
L 782, 1104, -256, 792, 1100, -258, 153, 153, 153
L 792, 1100, -258, 834, 1102, -271, 153, 153, 153
L 834, 1102, -271, 846, 1101, -275, 153, 153, 153
L 846, 1101, -275, 910, 1099, -268, 153, 153, 153
L 910, 1099, -268, 967, 1115, -254, 153, 153, 153
L 967, 1115, -254, 1017, 1128, -268, 153, 153, 153
L 1017, 1128, -268, 1017, 1172, -282, 153, 153, 153
L 1017, 1172, -282, 1017, 1221, -269, 153, 153, 153
L 1017, 1221, -269, 1034, 1290, -269, 153, 153, 153
L 1034, 1290, -269, 1041, 1326, -256, 153, 153, 153
L 1041, 1326, -256, 1041, 1352, -254, 153, 153, 153
L 1041, 1370, -2536, 1041, 1370, -253, 153, 153, 153
L 1041, 1370, -253, 1039, 1464, -258, 153, 153, 153
L 1039, 1464, -258, 1001, 1531, -272, 153, 153, 153
L 1001, 1531, -272, 966, 1604, -259, 153, 153, 153
L 966, 1604, -259, 950, 1689, -272, 153, 153, 153
L 950, 1689, -272, 937, 1688, -279, 153, 153, 153
L 937, 1688, -279, 936, 1643, -284, 153, 153, 153
L 936, 1643, -284, 901, 1643, -284, 153, 153, 153
L 901, 1643, -284, 900, 1650, -284, 153, 153, 153
L 899, 1665, -2846, 899, 1665, -284, 153, 153, 153
L 899, 1665, -284, 900, 1671, -284, 153, 153, 153
L 900, 1671, -284, 906, 1670, -283, 153, 153, 153
L 906, 1670, -283, 906, 1663, -284, 153, 153, 153
L 900, 1679, -2846, 900, 1679, -284, 153, 153, 153
L 900, 1679, -284, 899, 1688, -284, 153, 153, 153
L 899, 1688, -284, 899, 1706, -284, 153, 153, 153
L 899, 1706, -284, 949, 1706, -272, 153, 153, 153
L 824, 1688, -2500, 824, 1688, -250, 153, 153, 153
L 824, 1688, -250, 860, 1688, -285, 153, 153, 153
L 860, 1688, -285, 860, 1705, -284, 153, 153, 153
L 823, 1688, -2490, 823, 1688, -249, 153, 153, 153
L 823, 1688, -249, 811, 1634, -259, 153, 153, 153
L 811, 1634, -259, 787, 1595, -270, 153, 153, 153
L 787, 1595, -270, 748, 1540, -260, 153, 153, 153
L 748, 1540, -260, 754, 1487, -247, 153, 153, 153
L 754, 1487, -247, 759, 1431, -259, 153, 153, 153
L 759, 1431, -259, 772, 1382, -244, 153, 153, 153
L 772, 1382, -244, 778, 1369, -248, 153, 153, 153
L 781, 1352, -2511, 781, 1352, -251, 153, 153, 153
L 781, 1352, -251, 788, 1326, -258, 153, 153, 153
L 788, 1326, -258, 781, 1321, -258, 153, 153, 153
L 765, 1315, -2612, 765, 1315, -261, 153, 153, 153
L 765, 1315, -261, 721, 1295, -274, 153, 153, 153
L 721, 1295, -274, 663, 1281, -259, 153, 153, 153
L 663, 1281, -259, 605, 1270, -246, 153, 153, 153
L 605, 1270, -246, 550, 1261, -258, 153, 153, 153
L 550, 1261, -258, 504, 1229, -272, 153, 153, 153
L 504, 1229, -272, 454, 1201, -259, 153, 153, 153
L 454, 1201, -259, 442, 1201, -262, 153, 153, 153
L 442, 1201, -262, 453, 1181, -282, 153, 153, 153
L 453, 1181, -282, 448, 1170, -281, 153, 153, 153
L 448, 1170, -281, 456, 1164, -280, 153, 153, 153
L 456, 1164, -280, 457, 1149, -283, 153, 153, 153
L 457, 1149, -283, 447, 1142, -284, 153, 153, 153
L 447, 1142, -284, 425, 1153, -280, 153, 153, 153
L 425, 1153, -280, 421, 1153, -281, 153, 153, 153
L 421, 1153, -281, 404, 1161, -261, 153, 153, 153
L 404, 1161, -261, 406, 1145, -257, 153, 153, 153
L 406, 1145, -257, 420, 1097, -244, 153, 153, 153
L 420, 1097, -244, 437, 1045, -262, 153, 153, 153
L 437, 1045, -262, 436, 970, -267, 153, 153, 153
L 436, 970, -267, 433, 925, -261, 153, 153, 153
L 406, 1162, -2642, 406, 1162, -264, 153, 153, 153
L 406, 1162, -264, 408, 1174, -252, 153, 153, 153
L 408, 1174, -252, 410, 1182, -251, 153, 153, 153
L 410, 1182, -251, 408, 1195, -252, 153, 153, 153
L 408, 1195, -252, 419, 1188, -249, 153, 153, 153
L 419, 1188, -249, 434, 1196, -258, 153, 153, 153
L 434, 1196, -258, 445, 1203, -260, 153, 153, 153
L 445, 1203, -260, 454, 1202, -258, 153, 153, 153
L 448, 1171, -2843, 448, 1171, -284, 153, 153, 153
L 448, 1171, -284, 436, 1165, -269, 153, 153, 153
L 436, 1165, -269, 431, 1161, -268, 153, 153, 153
L 431, 1161, -268, 426, 1154, -278, 153, 153, 153
L 466, 1150, -2846, 466, 1150, -284, 153, 153, 153
L 466, 1150, -284, 480, 1150, -284, 153, 153, 153
L 480, 1150, -284, 485, 1159, -284, 153, 153, 153
L 485, 1159, -284, 481, 1170, -283, 153, 153, 153
L 481, 1170, -283, 474, 1174, -283, 153, 153, 153
L 474, 1174, -283, 465, 1168, -284, 153, 153, 153
L 465, 1168, -284, 462, 1158, -284, 153, 153, 153
L 462, 1158, -284, 467, 1151, -284, 153, 153, 153
L 548, 937, -2846, 548, 937, -284, 153, 153, 153
L 548, 937, -284, 548, 1047, -284, 153, 153, 153
L 548, 1047, -284, 635, 1046, -282, 153, 153, 153
L 635, 1025, -2786, 635, 1025, -278, 153, 153, 153
L 635, 1025, -278, 578, 1027, -278, 153, 153, 153
L 578, 1027, -278, 578, 977, -278, 153, 153, 153
L 578, 977, -278, 586, 976, -278, 153, 153, 153
L 586, 976, -278, 586, 994, -278, 153, 153, 153
L 586, 994, -278, 587, 1018, -278, 153, 153, 153
L 587, 1018, -278, 626, 1018, -278, 153, 153, 153
L 626, 1018, -278, 626, 957, -278, 153, 153, 153
L 626, 957, -278, 586, 959, -277, 153, 153, 153
L 586, 959, -277, 587, 966, -278, 153, 153, 153
L 587, 966, -278, 579, 966, -278, 153, 153, 153
L 579, 966, -278, 578, 949, -278, 153, 153, 153
L 578, 949, -278, 635, 949, -278, 153, 153, 153
L 635, 949, -278, 635, 1025, -278, 153, 153, 153
L 538, 936, -2846, 538, 936, -284, 153, 153, 153
L 538, 936, -284, 548, 937, -284, 153, 153, 153
L 446, 926, -2771, 446, 926, -277, 153, 153, 153
L 446, 926, -277, 447, 970, -276, 153, 153, 153
L 447, 970, -276, 482, 970, -283, 153, 153, 153
L 482, 970, -283, 483, 960, -283, 153, 153, 153
L 483, 960, -283, 476, 960, -282, 153, 153, 153
L 476, 960, -282, 477, 964, -282, 153, 153, 153
L 477, 964, -282, 452, 964, -279, 153, 153, 153
L 452, 964, -279, 452, 927, -281, 153, 153, 153
L 452, 927, -281, 477, 927, -283, 153, 153, 153
L 477, 927, -283, 477, 933, -283, 153, 153, 153
L 477, 933, -283, 483, 932, -283, 153, 153, 153
L 483, 932, -283, 484, 922, -284, 153, 153, 153
L 482, 941, -2832, 482, 941, -283, 153, 153, 153
L 482, 941, -283, 477, 941, -283, 153, 153, 153
L 477, 941, -283, 477, 951, -282, 153, 153, 153
L 477, 951, -282, 483, 950, -283, 153, 153, 153
L 483, 950, -283, 482, 941, -283, 153, 153, 153
L 498, 1113, -2834, 498, 1113, -283, 153, 153, 153
L 498, 1113, -283, 499, 1214, -279, 153, 153, 153
L 498, 1113, -2834, 498, 1113, -283, 153, 153, 153
L 498, 1113, -283, 607, 1113, -284, 153, 153, 153
L 607, 1113, -284, 605, 1149, -277, 153, 153, 153
L 615, 1135, -2846, 615, 1135, -284, 153, 153, 153
L 615, 1135, -284, 617, 1148, -283, 153, 153, 153
L 617, 1148, -283, 649, 1149, -284, 153, 153, 153
L 649, 1149, -284, 648, 1262, -280, 153, 153, 153
L 616, 1177, -2786, 616, 1177, -278, 153, 153, 153
L 616, 1177, -278, 633, 1176, -278, 153, 153, 153
L 633, 1176, -278, 633, 1233, -278, 153, 153, 153
L 633, 1233, -278, 511, 1233, -270, 153, 153, 153
L 511, 1233, -270, 512, 1176, -278, 153, 153, 153
L 512, 1176, -278, 533, 1178, -278, 153, 153, 153
L 533, 1178, -278, 534, 1131, -278, 153, 153, 153
L 534, 1131, -278, 592, 1130, -278, 153, 153, 153
L 592, 1130, -278, 591, 1178, -278, 153, 153, 153
L 591, 1178, -278, 606, 1177, -278, 153, 153, 153
L 606, 1177, -278, 607, 1185, -278, 153, 153, 153
L 607, 1185, -278, 583, 1186, -278, 153, 153, 153
L 583, 1186, -278, 581, 1138, -278, 153, 153, 153
L 581, 1138, -278, 542, 1139, -278, 153, 153, 153
L 542, 1139, -278, 543, 1184, -278, 153, 153, 153
L 543, 1184, -278, 521, 1184, -278, 153, 153, 153
L 521, 1184, -278, 520, 1224, -278, 153, 153, 153
L 520, 1224, -278, 626, 1224, -278, 153, 153, 153
L 626, 1224, -278, 624, 1184, -278, 153, 153, 153
L 624, 1184, -278, 617, 1185, -278, 153, 153, 153
L 617, 1185, -278, 616, 1177, -278, 153, 153, 153
L 694, 1168, -2851, 694, 1168, -285, 153, 153, 153
L 694, 1168, -285, 691, 1162, -284, 153, 153, 153
L 691, 1162, -284, 686, 1162, -284, 153, 153, 153
L 686, 1162, -284, 684, 1166, -285, 153, 153, 153
L 684, 1166, -285, 687, 1170, -285, 153, 153, 153
L 687, 1170, -285, 692, 1169, -285, 153, 153, 153
L 692, 1169, -285, 693, 1166, -285, 153, 153, 153
L 699, 1163, -2846, 699, 1163, -284, 153, 153, 153
L 699, 1163, -284, 705, 1157, -284, 153, 153, 153
L 705, 1157, -284, 706, 1148, -282, 153, 153, 153
L 706, 1148, -282, 696, 1143, -277, 153, 153, 153
L 696, 1143, -277, 690, 1146, -278, 153, 153, 153
L 690, 1146, -278, 685, 1153, -281, 153, 153, 153
L 685, 1153, -281, 689, 1161, -283, 153, 153, 153
L 689, 1161, -283, 697, 1163, -284, 153, 153, 153
L 697, 1163, -284, 699, 1162, -284, 153, 153, 153
L 841, 1147, -2877, 841, 1147, -287, 0, 0, 255
L 841, 1147, -287, 824, 1152, -287, 0, 0, 255
L 824, 1152, -287, 854, 1231, -287, 0, 0, 255
L 854, 1231, -287, 859, 1230, -288, 0, 0, 255
L 859, 1230, -288, 866, 1235, -287, 0, 0, 255
L 866, 1235, -287, 870, 1240, -287, 0, 0, 255
L 870, 1240, -287, 896, 1243, -287, 0, 0, 255
L 896, 1243, -287, 940, 1294, -287, 0, 0, 255
L 940, 1294, -287, 969, 1296, -286, 0, 0, 255
L 969, 1296, -286, 983, 1292, -287, 0, 0, 255
L 983, 1292, -287, 985, 1285, -287, 0, 0, 255
L 985, 1285, -287, 991, 1285, -287, 0, 0, 255
L 991, 1285, -287, 998, 1292, -287, 0, 0, 255
L 998, 1292, -287, 1000, 1295, -287, 0, 0, 255
L 1000, 1295, -287, 1014, 1294, -285, 0, 0, 255
L 1014, 1294, -285, 1005, 1271, -287, 0, 0, 255
L 1005, 1271, -287, 1011, 1260, -285, 0, 0, 255
L 1011, 1260, -285, 1008, 1224, -282, 0, 0, 255
L 1008, 1224, -282, 1010, 1193, -287, 0, 0, 255
L 1010, 1193, -287, 1009, 1160, -284, 0, 0, 255
L 1009, 1160, -284, 1004, 1141, -286, 0, 0, 255
L 1004, 1141, -286, 996, 1139, -288, 0, 0, 255
L 996, 1139, -288, 977, 1137, -287, 0, 0, 255
L 977, 1137, -287, 966, 1137, -287, 0, 0, 255
L 966, 1137, -287, 954, 1131, -287, 0, 0, 255
L 954, 1131, -287, 943, 1125, -287, 0, 0, 255
L 943, 1125, -287, 914, 1112, -287, 0, 0, 255
L 914, 1112, -287, 893, 1109, -286, 0, 0, 255
L 893, 1109, -286, 866, 1116, -287, 0, 0, 255
L 866, 1116, -287, 851, 1122, -287, 0, 0, 255
L 851, 1122, -287, 831, 1124, -287, 0, 0, 255
L 831, 1124, -287, 833, 1133, -288, 0, 0, 255
L 833, 1133, -288, 840, 1143, -287, 0, 0, 255
L 840, 1143, -287, 842, 1148, -288, 0, 0, 255
L 978, 1311, -2815, 978, 1311, -281, 153, 153, 153
L 978, 1311, -281, 979, 1285, -278, 153, 153, 153
L 979, 1285, -278, 979, 1246, -275, 153, 153, 153
L 979, 1246, -275, 901, 1244, -275, 153, 153, 153
L 901, 1244, -275, 902, 1118, -275, 153, 153, 153
L 902, 1118, -275, 935, 1118, -278, 153, 153, 153
L 935, 1118, -278, 965, 1128, -278, 153, 153, 153
L 965, 1128, -278, 1004, 1132, -274, 153, 153, 153
L 1004, 1132, -274, 1005, 1246, -275, 153, 153, 153
L 1005, 1246, -275, 1000, 1246, -275, 153, 153, 153
L 1000, 1246, -275, 1000, 1293, -275, 153, 153, 153
L 1000, 1293, -275, 1002, 1312, -285, 153, 153, 153
L 954, 1230, -2786, 954, 1230, -278, 153, 153, 153
L 954, 1230, -278, 1004, 1230, -278, 153, 153, 153
L 1004, 1230, -278, 1003, 1131, -273, 153, 153, 153
L 1003, 1131, -273, 926, 1131, -278, 153, 153, 153
L 926, 1131, -278, 926, 1148, -278, 153, 153, 153
L 926, 1148, -278, 935, 1147, -278, 153, 153, 153
L 935, 1147, -278, 935, 1139, -278, 153, 153, 153
L 935, 1139, -278, 995, 1140, -278, 153, 153, 153
L 995, 1140, -278, 996, 1221, -278, 153, 153, 153
L 996, 1221, -278, 953, 1222, -278, 153, 153, 153
L 953, 1222, -278, 953, 1230, -278, 153, 153, 153
L 942, 1230, -2786, 942, 1230, -278, 153, 153, 153
L 942, 1230, -278, 942, 1222, -278, 153, 153, 153
L 942, 1222, -278, 935, 1222, -278, 153, 153, 153
L 935, 1222, -278, 934, 1158, -278, 153, 153, 153
L 934, 1158, -278, 926, 1159, -278, 153, 153, 153
L 926, 1159, -278, 926, 1230, -278, 153, 153, 153
L 926, 1230, -278, 942, 1230, -278, 153, 153, 153
L 972, 1181, -2787, 972, 1181, -278, 153, 153, 153
L 972, 1181, -278, 973, 1143, -278, 153, 153, 153
L 973, 1143, -278, 994, 1144, -278, 153, 153, 153
L 994, 1144, -278, 995, 1182, -278, 153, 153, 153
L 995, 1182, -278, 970, 1180, -278, 153, 153, 153
L 796, 1260, -2846, 796, 1260, -284, 153, 153, 153
L 796, 1260, -284, 796, 1281, -285, 153, 153, 153
L 796, 1281, -285, 868, 1280, -284, 153, 153, 153
L 868, 1280, -284, 878, 1289, -284, 153, 153, 153
L 878, 1289, -284, 877, 1352, -284, 153, 153, 153
L 877, 1352, -284, 883, 1353, -283, 153, 153, 153
L 883, 1353, -283, 882, 1371, -284, 153, 153, 153
L 882, 1371, -284, 863, 1370, -284, 153, 153, 153
L 863, 1370, -284, 860, 1447, -283, 153, 153, 153
L 860, 1447, -283, 869, 1450, -283, 153, 153, 153
L 870, 1460, -2827, 870, 1460, -282, 153, 153, 153
L 870, 1460, -282, 860, 1462, -281, 153, 153, 153
L 860, 1462, -281, 860, 1501, -282, 153, 153, 153
L 860, 1501, -282, 772, 1501, -277, 153, 153, 153
L 840, 1448, -2779, 840, 1448, -277, 153, 153, 153
L 840, 1448, -277, 838, 1398, -277, 153, 153, 153
L 838, 1398, -277, 784, 1399, -274, 153, 153, 153
L 784, 1399, -274, 785, 1477, -277, 153, 153, 153
L 785, 1477, -277, 841, 1476, -277, 153, 153, 153
L 841, 1476, -277, 840, 1460, -277, 153, 153, 153
L 840, 1460, -277, 831, 1459, -277, 153, 153, 153
L 831, 1459, -277, 832, 1468, -277, 153, 153, 153
L 832, 1468, -277, 821, 1469, -277, 153, 153, 153
L 821, 1469, -277, 799, 1469, -258, 153, 153, 153
L 799, 1469, -258, 793, 1469, -258, 153, 153, 153
L 793, 1469, -258, 793, 1406, -258, 153, 153, 153
L 793, 1406, -258, 831, 1406, -258, 153, 153, 153
L 831, 1406, -258, 833, 1460, -257, 153, 153, 153
L 833, 1460, -257, 798, 1458, -258, 153, 153, 153
L 798, 1458, -258, 821, 1459, -277, 153, 153, 153
L 821, 1459, -277, 820, 1455, -277, 153, 153, 153
L 820, 1455, -277, 792, 1455, -277, 153, 153, 153
L 792, 1455, -277, 791, 1408, -277, 153, 153, 153
L 791, 1408, -277, 831, 1406, -277, 153, 153, 153
L 831, 1406, -277, 832, 1449, -277, 153, 153, 153
L 832, 1449, -277, 840, 1449, -277, 153, 153, 153
L 906, 1653, -2846, 906, 1653, -284, 153, 153, 153
L 906, 1653, -284, 906, 1649, -284, 153, 153, 153
L 906, 1649, -284, 928, 1650, -284, 153, 153, 153
L 928, 1650, -284, 930, 1683, -282, 153, 153, 153
L 930, 1683, -282, 905, 1685, -283, 153, 153, 153
L 905, 1685, -283, 906, 1680, -283, 153, 153, 153
L 906, 1680, -283, 899, 1680, -284, 153, 153, 153
L 987, 1540, -2778, 987, 1540, -277, 153, 153, 153
L 987, 1540, -277, 909, 1538, -282, 153, 153, 153
L 909, 1538, -282, 908, 1472, -283, 153, 153, 153
L 908, 1472, -283, 901, 1470, -281, 153, 153, 153
L 901, 1457, -2838, 901, 1457, -283, 153, 153, 153
L 901, 1457, -283, 908, 1457, -284, 153, 153, 153
L 908, 1457, -284, 908, 1424, -283, 153, 153, 153
L 908, 1424, -283, 1025, 1424, -280, 153, 153, 153
L 929, 1459, -2779, 929, 1459, -277, 153, 153, 153
L 929, 1459, -277, 929, 1443, -277, 153, 153, 153
L 929, 1443, -277, 986, 1442, -277, 153, 153, 153
L 986, 1442, -277, 986, 1520, -277, 153, 153, 153
L 986, 1520, -277, 930, 1520, -277, 153, 153, 153
L 930, 1520, -277, 930, 1470, -277, 153, 153, 153
L 930, 1470, -277, 937, 1469, -277, 153, 153, 153
L 937, 1469, -277, 938, 1511, -277, 153, 153, 153
L 938, 1511, -277, 977, 1511, -277, 153, 153, 153
L 977, 1511, -277, 977, 1451, -277, 153, 153, 153
L 977, 1451, -277, 937, 1452, -277, 153, 153, 153
L 937, 1452, -277, 937, 1459, -277, 153, 153, 153
L 937, 1459, -277, 929, 1458, -277, 153, 153, 153
L 815, 1283, -2726, 815, 1283, -272, 153, 153, 153
L 815, 1283, -272, 816, 1312, -272, 153, 153, 153
L 816, 1312, -272, 821, 1314, -272, 153, 153, 153
L 821, 1314, -272, 822, 1287, -272, 153, 153, 153
L 822, 1287, -272, 846, 1287, -272, 153, 153, 153
L 846, 1287, -272, 846, 1296, -269, 153, 153, 153
L 846, 1296, -269, 849, 1300, -266, 153, 153, 153
L 849, 1300, -266, 865, 1301, -251, 153, 153, 153
L 865, 1301, -251, 854, 1298, -248, 153, 153, 153
L 854, 1298, -248, 854, 1293, -248, 153, 153, 153
L 854, 1293, -248, 859, 1287, -248, 153, 153, 153
L 859, 1287, -248, 866, 1286, -248, 153, 153, 153
L 866, 1286, -248, 870, 1290, -248, 153, 153, 153
L 870, 1290, -248, 872, 1298, -248, 153, 153, 153
L 872, 1298, -248, 866, 1305, -250, 153, 153, 153
L 866, 1305, -250, 848, 1305, -266, 153, 153, 153
L 848, 1305, -266, 847, 1309, -272, 153, 153, 153
L 847, 1309, -272, 847, 1330, -272, 153, 153, 153
L 847, 1330, -272, 821, 1330, -272, 153, 153, 153
L 821, 1330, -272, 822, 1326, -272, 153, 153, 153
L 822, 1326, -272, 816, 1325, -272, 153, 153, 153
L 816, 1325, -272, 816, 1335, -272, 153, 153, 153
L 816, 1335, -272, 852, 1335, -272, 153, 153, 153
L 852, 1335, -272, 852, 1309, -272, 153, 153, 153
L 852, 1309, -272, 867, 1309, -272, 153, 153, 153
L 867, 1309, -272, 876, 1301, -272, 153, 153, 153
L 876, 1301, -272, 876, 1289, -273, 153, 153, 153
L 876, 1289, -273, 869, 1282, -273, 153, 153, 153
L 869, 1282, -273, 858, 1281, -272, 153, 153, 153
L 858, 1281, -272, 853, 1286, -272, 153, 153, 153
L 853, 1286, -272, 852, 1281, -272, 153, 153, 153
L 852, 1281, -272, 815, 1283, -272, 153, 153, 153
L 102, 393, -2237, 102, 393, -223, 153, 153, 153
L 102, 393, -223, 45, 329, -224, 153, 153, 153
L 45, 329, -224, 2, 281, -229, 153, 153, 153
L 2, 281, -229, -57, 215, -234, 153, 153, 153
L -57, 215, -234, -118, 149, -225, 153, 153, 153
L -118, 149, -225, -164, 109, -224, 153, 153, 153
L -164, 109, -224, -232, 47, -229, 153, 153, 153
L -232, 47, -229, -300, -11, -235, 153, 153, 153
L -300, -11, -235, -330, -35, -228, 153, 153, 153
L -330, -35, -228, -346, -49, -225, 153, 153, 153
L -346, -49, -225, -392, -30, -211, 153, 153, 153
L -392, -30, -211, -400, -29, -204, 153, 153, 153
L -400, -29, -204, -429, -27, -190, 153, 153, 153
L -429, -27, -190, -459, -18, -186, 153, 153, 153
L -459, -18, -186, -482, -10, -170, 153, 153, 153
L -482, -10, -170, -526, 28, -182, 153, 153, 153
L -526, 28, -182, -535, 47, -185, 153, 153, 153
L -535, 47, -185, -544, 57, -191, 153, 153, 153
L -544, 57, -191, -547, 61, -192, 153, 153, 153
L -547, 61, -192, -568, 77, -216, 153, 153, 153
L -568, 77, -216, -597, 84, -216, 153, 153, 153
L -597, 84, -216, -640, 93, -220, 153, 153, 153
L -640, 93, -220, -695, 103, -215, 153, 153, 153
L -695, 103, -215, -724, 108, -221, 153, 153, 153
L -724, 108, -221, -828, 103, -225, 153, 153, 153
L -828, 103, -225, -896, 99, -227, 153, 153, 153
L -896, 99, -227, -927, 96, -228, 153, 153, 153
L -927, 96, -228, -962, 94, -230, 153, 153, 153
L -962, 94, -230, -1007, 90, -232, 153, 153, 153
L -1007, 90, -232, -1037, 88, -234, 153, 153, 153
L -1037, 88, -234, -1099, 83, -221, 153, 153, 153
L -1099, 83, -221, -1102, 56, -220, 153, 153, 153
L -1102, 56, -220, -1102, -25, -210, 153, 153, 153
L -1102, -25, -210, -1102, -46, -208, 153, 153, 153
L -1102, -46, -208, -1101, -61, -209, 153, 153, 153
L -1101, -61, -209, -1100, -166, -233, 153, 153, 153
L -1100, -166, -233, -1099, -182, -230, 153, 153, 153
L -1099, -182, -230, -1098, -214, -231, 153, 153, 153
L -1098, -214, -231, -1100, -294, -236, 153, 153, 153
L -1100, -294, -236, -1101, -313, -235, 153, 153, 153
L -1101, -313, -235, -1102, -344, -234, 153, 153, 153
L -1102, -344, -234, -1102, -365, -232, 153, 153, 153
L -1102, -365, -232, -1102, -395, -230, 153, 153, 153
L -1102, -395, -230, -1102, -425, -227, 153, 153, 153
L -1102, -425, -227, -1102, -455, -225, 153, 153, 153
L -1102, -455, -225, -1100, -494, -224, 153, 153, 153
L -1100, -494, -224, -1093, -514, -224, 153, 153, 153
L -1093, -514, -224, -1073, -580, -223, 153, 153, 153
L -1073, -580, -223, -1067, -600, -224, 153, 153, 153
L -1067, -600, -224, -1056, -632, -226, 153, 153, 153
L -1056, -632, -226, -1048, -658, -227, 153, 153, 153
L -1048, -658, -227, -1030, -715, -230, 153, 153, 153
L -1030, -715, -230, -1021, -744, -232, 153, 153, 153
L -1021, -744, -232, -1003, -802, -232, 153, 153, 153
L -1003, -802, -232, -984, -862, -224, 153, 153, 153
L -984, -862, -224, -957, -861, -233, 153, 153, 153
L -957, -861, -233, -958, -910, -227, 153, 153, 153
L -958, -910, -227, -957, -943, -234, 153, 153, 153
L -957, -943, -234, -955, -983, -240, 153, 153, 153
L -955, -983, -240, -956, -1004, -242, 153, 153, 153
L -956, -1004, -242, -958, -1052, -233, 153, 153, 153
L -958, -1052, -233, -957, -1045, -237, 153, 153, 153
L -957, -1045, -237, -979, -1095, -237, 153, 153, 153
L -979, -1095, -237, -1012, -1153, -241, 153, 153, 153
L -1012, -1153, -241, -1033, -1189, -238, 153, 153, 153
L -1033, -1189, -238, -1037, -1198, -238, 153, 153, 153
L -1037, -1198, -238, -1062, -1245, -236, 153, 153, 153
L -1062, -1245, -236, -1066, -1269, -230, 153, 153, 153
L -1066, -1269, -230, -1066, -1298, -228, 153, 153, 153
L -1066, -1298, -228, -1065, -1346, -234, 153, 153, 153
L -1065, -1346, -234, -1065, -1393, -242, 153, 153, 153
L -1065, -1393, -242, -1065, -1439, -234, 153, 153, 153
L -939, -1447, -2245, -939, -1447, -224, 153, 153, 153
L -939, -1447, -224, -962, -1444, -234, 153, 153, 153
L -962, -1444, -234, -963, -1390, -229, 153, 153, 153
L -963, -1390, -229, -963, -1334, -235, 153, 153, 153
L -963, -1334, -235, -964, -1297, -242, 153, 153, 153
L -964, -1297, -242, -963, -1262, -236, 153, 153, 153
L -963, -1262, -236, -912, -1157, -241, 153, 153, 153
L -912, -1157, -241, -871, -1086, -235, 153, 153, 153
L -871, -1086, -235, -863, -1071, -234, 153, 153, 153
L -863, -1071, -234, -855, -1003, -229, 153, 153, 153
L -855, -1003, -229, -856, -964, -235, 153, 153, 153
L -856, -964, -235, -855, -890, -238, 153, 153, 153
L -855, -890, -238, -855, -864, -235, 153, 153, 153
L -855, -864, -235, -839, -862, -234, 153, 153, 153
L -839, -862, -234, -796, -861, -235, 153, 153, 153
L -796, -861, -235, -790, -851, -243, 153, 153, 153
L -790, -851, -243, -778, -841, -254, 153, 153, 153
L -778, -841, -254, -765, -833, -252, 153, 153, 153
L -765, -833, -252, -744, -833, -240, 153, 153, 153
L -744, -833, -240, -736, -843, -242, 153, 153, 153
L -736, -843, -242, -738, -849, -244, 153, 153, 153
L -738, -849, -244, -746, -862, -234, 153, 153, 153
L -746, -862, -234, -722, -862, -234, 153, 153, 153
L -722, -862, -234, -658, -862, -226, 153, 153, 153
L -658, -862, -226, -628, -862, -223, 153, 153, 153
L -628, -862, -223, -559, -811, -218, 153, 153, 153
L -559, -811, -218, -526, -785, -217, 153, 153, 153
L -526, -785, -217, -497, -759, -229, 153, 153, 153
L -497, -759, -229, -456, -711, -201, 153, 153, 153
L -456, -711, -201, -439, -696, -204, 153, 153, 153
L -439, -696, -204, -398, -675, -225, 153, 153, 153
L -398, -675, -225, -389, -680, -243, 153, 153, 153
L -389, -680, -243, -362, -661, -239, 153, 153, 153
L -362, -661, -239, -334, -640, -233, 153, 153, 153
L -334, -640, -233, -311, -622, -231, 153, 153, 153
L -311, -622, -231, -279, -597, -227, 153, 153, 153
L -279, -597, -227, -259, -582, -226, 153, 153, 153
L -259, -582, -226, -233, -571, -224, 153, 153, 153
L -233, -571, -224, -216, -580, -221, 153, 153, 153
L -216, -580, -221, -167, -606, -215, 153, 153, 153
L -167, -606, -215, -84, -649, -220, 153, 153, 153
L -84, -649, -220, -31, -677, -216, 153, 153, 153
L -31, -677, -216, -4, -691, -217, 153, 153, 153
L -4, -691, -217, 46, -717, -223, 153, 153, 153
L 46, -717, -223, 61, -705, -222, 153, 153, 153
L 61, -705, -222, 90, -680, -216, 153, 153, 153
L 90, -680, -216, 102, -670, -216, 153, 153, 153
L 102, -670, -216, 141, -635, -221, 153, 153, 153
L 141, -635, -221, 151, -626, -220, 153, 153, 153
L 151, -626, -220, 174, -606, -217, 153, 153, 153
L 174, -606, -217, 200, -547, -170, 153, 153, 153
L 200, -547, -170, 240, -519, -168, 153, 153, 153
L 240, -519, -168, 284, -507, -154, 153, 153, 153
L 284, -507, -154, 307, -496, -147, 153, 153, 153
L 307, -496, -147, 310, -495, -145, 153, 153, 153
L 310, -495, -145, 399, -550, -217, 153, 153, 153
L 399, -550, -217, 457, -549, -226, 153, 153, 153
L 457, -549, -226, 524, -549, -225, 153, 153, 153
L 524, -549, -225, 548, -550, -225, 153, 153, 153
L 548, -550, -225, 593, -550, -224, 153, 153, 153
L 593, -550, -224, 594, -520, -230, 153, 153, 153
L 594, -520, -230, 594, -514, -233, 153, 153, 153
L 594, -514, -233, 650, -513, -229, 153, 153, 153
L 650, -513, -229, 688, -513, -234, 153, 153, 153
L 688, -513, -234, 747, -524, -271, 153, 153, 153
L 747, -524, -271, 784, -535, -282, 153, 153, 153
L 784, -535, -282, 850, -569, -288, 153, 153, 153
L 850, -569, -288, 884, -585, -282, 153, 153, 153
L 884, -585, -282, 930, -634, -307, 153, 153, 153
L 930, -634, -307, 974, -687, -303, 153, 153, 153
L 974, -687, -303, 988, -700, -302, 153, 153, 153
L 988, -700, -302, 1015, -732, -301, 153, 153, 153
L 1015, -732, -301, 1039, -755, -306, 153, 153, 153
L 1039, -755, -306, 1053, -768, -308, 153, 153, 153
L 1053, -768, -308, 1076, -771, -323, 153, 153, 153
L 1076, -771, -323, 1075, -799, -324, 153, 153, 153
L 1075, -799, -324, 1076, -829, -325, 153, 153, 153
L 1076, -829, -325, 1076, -869, -324, 153, 153, 153
L 1076, -869, -324, 1078, -892, -340, 153, 153, 153
L 1078, -892, -340, 1078, -933, -360, 153, 153, 153
L 1078, -933, -360, 1078, -954, -369, 153, 153, 153
L 1078, -954, -369, 1076, -976, -373, 153, 153, 153
L 1076, -976, -373, 1067, -1022, -373, 153, 153, 153
L 1067, -1022, -373, 1076, -1079, -373, 153, 153, 153
L 1076, -1079, -373, 1078, -1093, -372, 153, 153, 153
L 1078, -1093, -372, 1104, -1096, -380, 153, 153, 153
L 1104, -1096, -380, 1125, -1067, -372, 153, 153, 153
L 1125, -1067, -372, 1129, -1039, -372, 153, 153, 153
L 1129, -1039, -372, 1122, -993, -373, 153, 153, 153
L 1122, -993, -373, 1117, -974, -373, 153, 153, 153
L 1117, -974, -373, 1120, -944, -359, 153, 153, 153
L 1120, -944, -359, 1118, -867, -323, 153, 153, 153
L 1118, -867, -323, 1117, -837, -328, 153, 153, 153
L 1117, -837, -328, 1117, -814, -327, 153, 153, 153
L 1117, -814, -327, 1117, -775, -322, 153, 153, 153
L 1117, -775, -322, 1132, -771, -306, 153, 153, 153
L 1132, -771, -306, 1168, -772, -305, 153, 153, 153
L 1168, -772, -305, 1178, -772, -305, 153, 153, 153
L 1178, -772, -305, 1258, -707, -306, 153, 153, 153
L 1258, -707, -306, 1269, -679, -300, 153, 153, 153
L 1269, -679, -300, 1269, -672, -300, 153, 153, 153
L 1269, -672, -300, 1268, -630, -311, 153, 153, 153
L 1268, -630, -311, 1270, -612, -326, 153, 153, 153
L 1270, -612, -326, 1288, -614, -329, 153, 153, 153
L 1288, -614, -329, 1293, -617, -324, 153, 153, 153
L 1293, -617, -324, 1340, -617, -324, 153, 153, 153
L 1340, -617, -324, 1370, -616, -324, 153, 153, 153
L 1370, -616, -324, 1400, -614, -345, 153, 153, 153
L 1400, -614, -345, 1421, -614, -354, 153, 153, 153
L 1421, -614, -354, 1461, -615, -372, 153, 153, 153
L 1461, -615, -372, 1481, -619, -373, 153, 153, 153
L 1481, -619, -373, 1520, -626, -371, 153, 153, 153
L 1520, -626, -371, 1547, -625, -371, 153, 153, 153
L 1547, -625, -371, 1564, -619, -374, 153, 153, 153
L 1564, -619, -374, 1590, -615, -372, 153, 153, 153
L 1590, -615, -372, 1593, -615, -372, 153, 153, 153
L 1593, -615, -372, 1593, -593, -380, 153, 153, 153
L 1593, -593, -380, 1593, -573, -372, 153, 153, 153
L 1593, -573, -372, 1556, -567, -373, 153, 153, 153
L 1556, -567, -373, 1530, -565, -374, 153, 153, 153
L 1530, -565, -374, 1493, -569, -372, 153, 153, 153
L 1493, -569, -372, 1466, -575, -372, 153, 153, 153
L 1466, -575, -372, 1439, -574, -360, 153, 153, 153
L 1439, -574, -360, 1405, -574, -343, 153, 153, 153
L 1405, -574, -343, 1375, -574, -329, 153, 153, 153
L 1375, -574, -329, 1360, -576, -326, 153, 153, 153
L 1360, -576, -326, 1332, -575, -326, 153, 153, 153
L 1332, -575, -326, 1302, -576, -328, 153, 153, 153
L 1302, -576, -328, 1274, -575, -323, 153, 153, 153
L 1274, -575, -323, 1263, -572, -323, 153, 153, 153
L 1263, -572, -323, 1267, -557, -307, 153, 153, 153
L 1267, -557, -307, 1262, -548, -311, 153, 153, 153
L 1262, -548, -311, 1244, -525, -302, 153, 153, 153
L 1244, -525, -302, 1218, -498, -304, 153, 153, 153
L 1218, -498, -304, 1202, -481, -307, 153, 153, 153
L 1202, -481, -307, 1185, -477, -318, 153, 153, 153
L 1185, -477, -318, 1178, -449, -326, 153, 153, 153
L 1178, -449, -326, 1178, -439, -325, 153, 153, 153
L 1178, -439, -325, 1178, -412, -324, 153, 153, 153
L 1178, -412, -324, 1176, -377, -324, 153, 153, 153
L 1176, -377, -324, 1177, -355, -339, 153, 153, 153
L 1177, -355, -339, 1175, -320, -358, 153, 153, 153
L 1175, -320, -358, 1177, -282, -372, 153, 153, 153
L 1177, -282, -372, 1181, -265, -372, 153, 153, 153
L 1181, -265, -372, 1185, -240, -372, 153, 153, 153
L 1185, -240, -372, 1185, -202, -373, 153, 153, 153
L 1185, -202, -373, 1180, -172, -373, 153, 153, 153
L 1180, -172, -373, 1174, -152, -374, 153, 153, 153
L 1174, -152, -374, 1162, -152, -380, 153, 153, 153
L 1162, -152, -380, 1135, -152, -372, 153, 153, 153
L 1135, -152, -372, 1130, -176, -372, 153, 153, 153
L 1130, -176, -372, 1127, -194, -371, 153, 153, 153
L 1127, -194, -371, 1125, -212, -372, 153, 153, 153
L 1125, -212, -372, 1132, -254, -373, 153, 153, 153
L 1132, -254, -373, 1137, -288, -370, 153, 153, 153
L 1137, -288, -370, 1136, -315, -357, 153, 153, 153
L 1136, -315, -357, 1136, -364, -332, 153, 153, 153
L 1136, -364, -332, 1138, -383, -326, 153, 153, 153
L 1138, -383, -326, 1137, -417, -327, 153, 153, 153
L 1137, -417, -327, 1136, -432, -325, 153, 153, 153
L 1136, -432, -325, 1138, -469, -324, 153, 153, 153
L 1138, -469, -324, 1125, -476, -304, 153, 153, 153
L 1125, -476, -304, 1112, -476, -305, 153, 153, 153
L 1112, -476, -305, 1104, -477, -306, 153, 153, 153
L 1104, -477, -306, 1075, -477, -307, 153, 153, 153
L 1075, -477, -307, 1052, -480, -306, 153, 153, 153
L 1052, -480, -306, 1033, -500, -307, 153, 153, 153
L 1033, -500, -307, 1016, -515, -302, 153, 153, 153
L 1016, -515, -302, 986, -545, -308, 153, 153, 153
L 986, -545, -308, 975, -547, -306, 153, 153, 153
L 975, -547, -306, 958, -538, -307, 153, 153, 153
L 958, -538, -307, 931, -524, -311, 153, 153, 153
L 931, -524, -311, 925, -513, -306, 153, 153, 153
L 925, -513, -306, 910, -503, -299, 153, 153, 153
L 910, -503, -299, 887, -487, -286, 153, 153, 153
L 887, -487, -286, 868, -477, -280, 153, 153, 153
L 868, -477, -280, 857, -474, -279, 153, 153, 153
L 857, -474, -279, 820, -457, -283, 153, 153, 153
L 820, -457, -283, 810, -450, -286, 153, 153, 153
L 810, -450, -286, 782, -433, -278, 153, 153, 153
L 782, -433, -278, 773, -430, -271, 153, 153, 153
L 773, -430, -271, 766, -428, -267, 153, 153, 153
L 766, -428, -267, 755, -426, -260, 153, 153, 153
L 755, -426, -260, 740, -423, -252, 153, 153, 153
L 740, -423, -252, 712, -418, -248, 153, 153, 153
L 712, -418, -248, 685, -411, -235, 153, 153, 153
L 685, -411, -235, 663, -413, -241, 153, 153, 153
L 663, -413, -241, 634, -412, -243, 153, 153, 153
L 634, -412, -243, 605, -411, -235, 153, 153, 153
L 605, -411, -235, 598, -411, -234, 153, 153, 153
L 598, -411, -234, 594, -408, -232, 153, 153, 153
L 594, -408, -232, 591, -389, -238, 153, 153, 153
L 591, -389, -238, 592, -350, -236, 153, 153, 153
L 592, -350, -236, 592, -287, -236, 153, 153, 153
L 592, -317, -236, 592, -317, -236, 153, 153, 153
L 592, -287, -236, 593, -257, -232, 153, 153, 153
L 593, -257, -232, 593, -227, -228, 153, 153, 153
L 593, -227, -228, 594, -185, -222, 153, 153, 153
L 594, -185, -222, 550, -145, -154, 153, 153, 153
L 550, -145, -154, 548, -83, -138, 153, 153, 153
L 548, -83, -138, 540, -42, -129, 153, 153, 153
L 540, -42, -129, 539, -40, -128, 153, 153, 153
L 539, -40, -128, 570, -23, -150, 153, 153, 153
L 570, -23, -150, 593, -15, -167, 153, 153, 153
L 593, -15, -167, 619, -15, -174, 153, 153, 153
L 619, -15, -174, 629, -5, -185, 153, 153, 153
L 629, -5, -185, 649, 13, -209, 153, 153, 153
L 649, 13, -209, 675, 28, -236, 153, 153, 153
L 675, 28, -236, 710, 114, -213, 153, 153, 153
L 710, 114, -213, 721, 145, -215, 153, 153, 153
L 721, 145, -215, 720, 161, -232, 153, 153, 153
L 720, 161, -232, 718, 163, -240, 153, 153, 153
L 718, 163, -240, 710, 172, -247, 153, 153, 153
L 710, 172, -247, 702, 181, -234, 153, 153, 153
L 702, 181, -234, 706, 192, -234, 153, 153, 153
L 706, 192, -234, 706, 196, -238, 153, 153, 153
L 706, 196, -238, 707, 201, -241, 153, 153, 153
L 707, 201, -241, 691, 231, -211, 153, 153, 153
L 691, 231, -211, 680, 238, -217, 153, 153, 153
L 680, 238, -217, 657, 255, -224, 153, 153, 153
L 657, 255, -224, 622, 280, -236, 153, 153, 153
L 622, 280, -236, 590, 301, -237, 153, 153, 153
L 590, 301, -237, 538, 339, -235, 153, 153, 153
L 538, 339, -235, 523, 350, -232, 153, 153, 153
L 523, 350, -232, 486, 374, -227, 153, 153, 153
L 486, 374, -227, 473, 384, -224, 153, 153, 153
L 473, 384, -224, 466, 390, -223, 153, 153, 153
L 466, 390, -223, 461, 393, -223, 153, 153, 153
L 461, 393, -223, 454, 393, -224, 153, 153, 153
L -683, -396, -2659, -683, -396, -265, 0, 0, 255
L -683, -396, -265, -684, -432, -266, 0, 0, 255
L -684, -432, -266, -767, -504, -267, 0, 0, 255
L -767, -504, -267, -798, -521, -262, 0, 0, 255
L -798, -521, -262, -853, -553, -265, 0, 0, 255
L -853, -553, -265, -871, -539, -275, 0, 0, 255
L -871, -539, -275, -897, -528, -274, 0, 0, 255
L -897, -528, -274, -904, -534, -266, 0, 0, 255
L -904, -534, -266, -920, -530, -265, 0, 0, 255
L -920, -530, -265, -944, -536, -266, 0, 0, 255
L -944, -536, -266, -985, -470, -266, 0, 0, 255
L -985, -470, -266, -1001, -417, -263, 0, 0, 255
L -1001, -417, -263, -1013, -367, -266, 0, 0, 255
L -1013, -367, -266, -992, -289, -265, 0, 0, 255
L -992, -289, -265, -996, -226, -266, 0, 0, 255
L -996, -226, -266, -980, -176, -268, 0, 0, 255
L -980, -176, -268, -981, -173, -264, 0, 0, 255
L -981, -173, -264, -1000, -165, -262, 0, 0, 255
L -1000, -165, -262, -1013, -159, -266, 0, 0, 255
L -1013, -159, -266, -998, -90, -265, 0, 0, 255
L -998, -90, -265, -937, -39, -267, 0, 0, 255
L -937, -39, -267, -905, -30, -263, 0, 0, 255
L -905, -30, -263, -884, -18, -265, 0, 0, 255
L -884, -18, -265, -848, -15, -266, 0, 0, 255
L -848, -15, -266, -812, -30, -266, 0, 0, 255
L -812, -30, -266, -750, -87, -266, 0, 0, 255
L -750, -87, -266, -714, -186, -264, 0, 0, 255
L -714, -186, -264, -688, -277, -265, 0, 0, 255
L -688, -277, -265, -697, -349, -265, 0, 0, 255
L -697, -349, -265, -696, -377, -265, 0, 0, 255
L -696, -377, -265, -685, -395, -266, 0, 0, 255
L -939, -1442, -2259, -939, -1442, -225, 153, 153, 153
L -939, -1442, -225, -944, -1521, -233, 153, 153, 153
L -944, -1521, -233, -949, -1581, -231, 153, 153, 153
L -949, -1581, -231, -951, -1611, -229, 153, 153, 153
L -951, -1611, -229, -957, -1673, -227, 153, 153, 153
L -957, -1673, -227, -959, -1701, -225, 153, 153, 153
L -959, -1701, -225, -963, -1740, -225, 153, 153, 153
L -963, -1740, -225, -967, -1791, -226, 153, 153, 153
L -967, -1791, -226, -967, -1801, -225, 153, 153, 153
L -967, -1801, -225, -970, -1924, -232, 153, 153, 153
L -970, -1924, -232, -969, -1973, -234, 153, 153, 153
L -969, -1973, -234, -969, -1998, -230, 153, 153, 153
L -969, -1998, -230, -969, -2016, -235, 153, 153, 153
L -969, -2016, -235, -969, -2047, -235, 153, 153, 153
L -969, -2047, -235, -970, -2107, -236, 153, 153, 153
L -970, -2107, -236, -968, -2165, -224, 153, 153, 153
L -968, -2165, -224, -971, -2186, -226, 153, 153, 153
L -971, -2186, -226, -972, -2210, -223, 153, 153, 153
L -972, -2210, -223, -969, -2251, -208, 153, 153, 153
L -969, -2251, -208, -968, -2350, -219, 153, 153, 153
L -968, -2350, -219, -973, -2384, -212, 153, 153, 153
L -973, -2384, -212, -985, -2390, -222, 153, 153, 153
L -985, -2390, -222, -1006, -2396, -229, 153, 153, 153
L -1006, -2396, -229, -1034, -2401, -233, 153, 153, 153
L -1034, -2401, -233, -1063, -2407, -233, 153, 153, 153
L -1063, -2407, -233, -1092, -2412, -231, 153, 153, 153
L -1092, -2412, -231, -1122, -2418, -229, 153, 153, 153
L -1122, -2418, -229, -1151, -2423, -228, 153, 153, 153
L -1151, -2423, -228, -1181, -2429, -226, 153, 153, 153
L -1181, -2429, -226, -1211, -2434, -225, 153, 153, 153
L -1211, -2434, -225, -1241, -2440, -223, 153, 153, 153
L -1241, -2440, -223, -1270, -2445, -224, 153, 153, 153
L -1270, -2445, -224, -1330, -2457, -224, 153, 153, 153
L -1330, -2457, -224, -1360, -2461, -219, 153, 153, 153
L -1360, -2461, -219, -1379, -2463, -215, 153, 153, 153
L -1379, -2463, -215, -1397, -2466, -216, 153, 153, 153
L -1397, -2466, -216, -1429, -2470, -220, 153, 153, 153
L -1429, -2470, -220, -1450, -2472, -219, 153, 153, 153
L -1450, -2472, -219, -1475, -2475, -216, 153, 153, 153
L -1475, -2475, -216, -1493, -2477, -218, 153, 153, 153
L -1493, -2477, -218, -1519, -2480, -222, 153, 153, 153
L -1519, -2480, -222, -1558, -2470, -229, 153, 153, 153
L -1558, -2470, -229, -1586, -2458, -234, 153, 153, 153
L -1586, -2458, -234, -1606, -2448, -235, 153, 153, 153
L -1606, -2448, -235, -1632, -2436, -234, 153, 153, 153
L -1632, -2436, -234, -1651, -2428, -223, 153, 153, 153
L -1651, -2428, -223, -1679, -2416, -211, 153, 153, 153
L -1679, -2416, -211, -1687, -2413, -212, 153, 153, 153
L -1687, -2413, -212, -1714, -2402, -221, 153, 153, 153
L -1714, -2402, -221, -1741, -2392, -227, 153, 153, 153
L -1741, -2392, -227, -1769, -2385, -233, 153, 153, 153
L -1769, -2385, -233, -1788, -2380, -233, 153, 153, 153
L -1788, -2380, -233, -1819, -2372, -230, 153, 153, 153
L -1819, -2372, -230, -1759, -2388, -230, 153, 153, 153
L -1759, -2388, -230, -1840, -2366, -228, 153, 153, 153
L -1840, -2366, -228, -1877, -2356, -226, 153, 153, 153
L -1877, -2356, -226, -1904, -2349, -223, 153, 153, 153
L -1904, -2349, -223, -1967, -2332, -223, 153, 153, 153
L -1967, -2332, -223, -1980, -2320, -225, 153, 153, 153
L -1980, -2320, -225, -2003, -2297, -228, 153, 153, 153
L -2003, -2297, -228, -2018, -2282, -231, 153, 153, 153
L -2018, -2282, -231, -2040, -2261, -234, 153, 153, 153
L -2040, -2261, -234, -2083, -2218, -232, 153, 153, 153
L -2083, -2218, -232, -2105, -2197, -230, 153, 153, 153
L -2105, -2197, -230, -2127, -2175, -229, 153, 153, 153
L -2127, -2175, -229, -2164, -2139, -227, 153, 153, 153
L -2164, -2139, -227, -2240, -2064, -224, 153, 153, 153
L -2240, -2064, -224, -2262, -2042, -224, 153, 153, 153
L -2262, -2042, -224, -2278, -2027, -224, 153, 153, 153
L -2278, -2027, -224, -2299, -2006, -224, 153, 153, 153
L -2299, -2006, -224, -2308, -1983, -234, 153, 153, 153
L -2308, -1983, -234, -2308, -1974, -234, 153, 153, 153
L -2308, -1974, -234, -2308, -1955, -233, 153, 153, 153
L -2308, -1955, -233, -2308, -1913, -230, 153, 153, 153
L -2308, -1913, -230, -2308, -1823, -227, 153, 153, 153
L -2308, -1823, -227, -2308, -1793, -225, 153, 153, 153
L -2308, -1793, -225, -2308, -1763, -224, 153, 153, 153
L -2308, -1763, -224, -2308, -1674, -224, 153, 153, 153
L -2308, -1674, -224, -2305, -1637, -213, 153, 153, 153
L -2305, -1637, -213, -2258, -1634, -229, 153, 153, 153
L -2258, -1634, -229, -2231, -1634, -231, 153, 153, 153
L -2231, -1634, -231, -2201, -1634, -234, 153, 153, 153
L -2201, -1634, -234, -2141, -1634, -230, 153, 153, 153
L -2141, -1634, -230, -2081, -1634, -228, 153, 153, 153
L -2081, -1634, -228, -2051, -1634, -226, 153, 153, 153
L -2051, -1634, -226, -1981, -1634, -223, 153, 153, 153
L -1981, -1634, -223, -1952, -1634, -224, 153, 153, 153
L -1952, -1634, -224, -1901, -1634, -224, 153, 153, 153
L -1901, -1634, -224, -1844, -1649, -218, 153, 153, 153
L -1844, -1649, -218, -1794, -1677, -221, 153, 153, 153
L -1794, -1677, -221, -1771, -1689, -224, 153, 153, 153
L -1771, -1689, -224, -1745, -1702, -217, 153, 153, 153
L -1745, -1702, -217, -1718, -1716, -217, 153, 153, 153
L -1718, -1716, -217, -1685, -1734, -223, 153, 153, 153
L -1685, -1734, -223, -1644, -1709, -227, 153, 153, 153
L -1644, -1709, -227, -1599, -1676, -229, 153, 153, 153
L -1599, -1676, -229, -1585, -1666, -230, 153, 153, 153
L -1585, -1666, -230, -1580, -1666, -225, 153, 153, 153
L -1580, -1666, -225, -1576, -1666, -220, 153, 153, 153
L -1576, -1666, -220, -1551, -1663, -207, 153, 153, 153
L -1551, -1663, -207, -1519, -1642, -194, 153, 153, 153
L -1519, -1642, -194, -1513, -1634, -206, 153, 153, 153
L -1513, -1634, -206, -1485, -1601, -228, 153, 153, 153
L -1485, -1601, -228, -1460, -1575, -241, 153, 153, 153
L -1460, -1575, -241, -1429, -1544, -231, 153, 153, 153
L -1429, -1544, -231, -1394, -1519, -217, 153, 153, 153
L -1394, -1519, -217, -1347, -1484, -223, 153, 153, 153
L -1347, -1484, -223, -1320, -1463, -224, 153, 153, 153
L -1320, -1463, -224, -1297, -1444, -225, 153, 153, 153
L -1297, -1444, -225, -1289, -1444, -226, 153, 153, 153
L -1289, -1444, -226, -1266, -1444, -226, 153, 153, 153
L -1266, -1444, -226, -1227, -1443, -231, 153, 153, 153
L -1227, -1443, -231, -1203, -1442, -233, 153, 153, 153
L -1203, -1442, -233, -1157, -1442, -235, 153, 153, 153
L -1157, -1442, -235, -1138, -1443, -235, 153, 153, 153
L -1138, -1443, -235, -1098, -1443, -236, 153, 153, 153
L -1098, -1443, -236, -1087, -1442, -234, 153, 153, 153
L -1087, -1442, -234, -1066, -1442, -233, 153, 153, 153
L -1854, -1982, -1226, -1854, -1982, -122, 153, 153, 153
L -1854, -1982, -122, -1821, -1974, -122, 153, 153, 153
L -1821, -1974, -122, -1754, -1991, -117, 153, 153, 153
L -1754, -1991, -117, -1704, -1989, -125, 153, 153, 153
L -1704, -1989, -125, -1669, -2001, -132, 153, 153, 153
L -1669, -2001, -132, -1601, -2021, -144, 153, 153, 153
L -1601, -2021, -144, -1525, -2044, -166, 153, 153, 153
L -1525, -2044, -166, -1479, -2075, -169, 153, 153, 153
L -1476, -1970, -1766, -1476, -1970, -176, 153, 153, 153
L -1476, -1970, -176, -1528, -1992, -166, 153, 153, 153
L -1528, -1992, -166, -1567, -1998, -153, 153, 153, 153
L -1567, -1998, -153, -1610, -1978, -135, 153, 153, 153
L -1610, -1978, -135, -1681, -1957, -131, 153, 153, 153
L -1681, -1957, -131, -1747, -1959, -125, 153, 153, 153
L -1747, -1959, -125, -1828, -1937, -122, 153, 153, 153
L -1828, -1937, -122, -1849, -1929, -122, 153, 153, 153
L -1849, -1929, -122, -1853, -1928, -122, 153, 153, 153
L -1852, -1930, -1226, -1852, -1930, -122, 153, 153, 153
L -1852, -1930, -122, -1853, -1942, -122, 153, 153, 153
L -1853, -1942, -122, -1891, -1941, -122, 153, 153, 153
L -1891, -1941, -122, -1893, -1943, -122, 153, 153, 153
L -1893, -1943, -122, -1899, -1944, -118, 153, 153, 153
L -1899, -1944, -118, -1927, -1944, -99, 153, 153, 153
L -1927, -1944, -99, -1943, -1944, -87, 153, 153, 153
L -1943, -1944, -87, -1957, -1944, -74, 153, 153, 153
L -1957, -1944, -74, -1987, -1943, -46, 153, 153, 153
L -1987, -1943, -46, -2035, -1943, -12, 153, 153, 153
L -2035, -1943, -12, -2080, -1943, 15, 153, 153, 153
L -2075, -1943, 12, -2075, -1943, 12, 153, 153, 153
L -2080, -1943, 15, -2082, -1943, 16, 153, 153, 153
L -2082, -1943, 16, -2089, -1926, 14, 153, 153, 153
L -2089, -1926, 14, -2096, -1906, 28, 153, 153, 153
L -2096, -1906, 28, -2093, -1894, 36, 153, 153, 153
L -2093, -1894, 36, -2095, -1891, 37, 153, 153, 153
L -2095, -1891, 37, -2098, -1889, 35, 153, 153, 153
L -2098, -1889, 35, -2135, -1887, 14, 153, 153, 153
L -2135, -1887, 14, -2154, -1887, 13, 153, 153, 153
L -2154, -1887, 13, -2182, -1886, 14, 153, 153, 153
L -2182, -1886, 14, -2215, -1885, 20, 153, 153, 153
L -2215, -1885, 20, -2243, -1886, 19, 153, 153, 153
L -2243, -1886, 19, -2268, -1887, 16, 153, 153, 153
L -2268, -1887, 16, -2302, -1887, 13, 153, 153, 153
L -2302, -1887, 13, -2330, -1884, 18, 153, 153, 153
L -2330, -1884, 18, -2335, -1900, 16, 153, 153, 153
L -2335, -1900, 16, -2344, -1918, 18, 153, 153, 153
L -2344, -1918, 18, -2353, -1930, 21, 153, 153, 153
L -2353, -1930, 21, -2370, -1935, 18, 153, 153, 153
L -2370, -1935, 18, -2370, -1953, 18, 153, 153, 153
L -2370, -1953, 18, -2371, -1995, 18, 153, 153, 153
L -2371, -1989, 18, -2371, -1989, 18, 153, 153, 153
L -2371, -1995, 18, -2371, -2014, 19, 153, 153, 153
L -2371, -2014, 19, -2359, -2022, 22, 153, 153, 153
L -2359, -2022, 22, -2350, -2022, 21, 153, 153, 153
L -2350, -2022, 21, -2317, -2022, 16, 153, 153, 153
L -2317, -2022, 16, -2294, -2022, 15, 153, 153, 153
L -2294, -2022, 15, -2260, -2023, 21, 153, 153, 153
L -2260, -2023, 21, -2234, -2021, 21, 153, 153, 153
L -2234, -2021, 21, -2202, -2020, 18, 153, 153, 153
L -2202, -2020, 18, -2171, -2021, 16, 153, 153, 153
L -2171, -2021, 16, -2141, -2022, 16, 153, 153, 153
L -2141, -2022, 16, -2120, -2023, 20, 153, 153, 153
L -2120, -2023, 20, -2100, -2021, 19, 153, 153, 153
L -2100, -2021, 19, -2088, -2020, 21, 153, 153, 153
L -2088, -2020, 21, -2088, -1997, 16, 153, 153, 153
L -2088, -1997, 16, -2087, -1967, 17, 153, 153, 153
L -2087, -1967, 17, -2074, -1964, 12, 153, 153, 153
L -2074, -1964, 12, -2046, -1965, -4, 153, 153, 153
L -2046, -1965, -4, -2031, -1966, -13, 153, 153, 153
L -2031, -1966, -13, -2002, -1966, -34, 153, 153, 153
L -2002, -1966, -34, -1971, -1966, -58, 153, 153, 153
L -1971, -1966, -58, -1941, -1966, -86, 153, 153, 153
L -1941, -1966, -86, -1911, -1966, -109, 153, 153, 153
L -1911, -1966, -109, -1887, -1967, -122, 153, 153, 153
L -1887, -1967, -122, -1889, -1968, -122, 153, 153, 153
L -1889, -1968, -122, -1866, -1967, -122, 153, 153, 153
L -1866, -1967, -122, -1852, -1970, -122, 153, 153, 153
L -1852, -1970, -122, -1853, -1981, -122, 153, 153, 153
L -1853, -1981, -122, -1855, -1981, -122, 153, 153, 153
L -1336, -2253, -3086, -1336, -2253, -308, 153, 153, 153
L -1336, -2253, -308, -1349, -2238, -308, 153, 153, 153
L -1349, -2238, -308, -1349, -2209, -308, 153, 153, 153
L -1349, -2209, -308, -1349, -2136, -342, 153, 153, 153
L -1349, -2136, -342, -1349, -2043, -390, 153, 153, 153
L -1349, -2043, -390, -1349, -2015, -408, 153, 153, 153
L -1349, -2015, -408, -1332, -2013, -410, 153, 153, 153
L -1332, -2013, -410, -1309, -1988, -410, 153, 153, 153
L -1309, -1988, -410, -1291, -1990, -405, 153, 153, 153
L -1291, -1990, -405, -1290, -1954, -409, 153, 153, 153
L -1290, -1954, -409, -1291, -1865, -406, 153, 153, 153
L -1291, -1865, -406, -1275, -1839, -418, 153, 153, 153
L -1275, -1839, -418, -1255, -1798, -426, 153, 153, 153
L -1255, -1798, -426, -1244, -1754, -446, 153, 153, 153
L -1385, -2250, -3062, -1385, -2250, -306, 153, 153, 153
L -1385, -2250, -306, -1375, -2250, -308, 153, 153, 153
L -1375, -2250, -308, -1371, -2205, -310, 153, 153, 153
L -1371, -2205, -310, -1372, -2124, -349, 153, 153, 153
L -1372, -2124, -349, -1372, -2078, -371, 153, 153, 153
L -1372, -2078, -371, -1375, -2012, -410, 153, 153, 153
L -1375, -2012, -410, -1428, -2014, -403, 153, 153, 153
L -1428, -2014, -403, -1429, -1989, -404, 153, 153, 153
L -1429, -1989, -404, -1429, -1974, -406, 153, 153, 153
L -1429, -1974, -406, -1429, -1935, -408, 153, 153, 153
L -1429, -1935, -408, -1429, -1889, -403, 153, 153, 153
L -1429, -1889, -403, -1428, -1863, -405, 153, 153, 153
L -1428, -1863, -405, -1445, -1840, -419, 153, 153, 153
L -1445, -1840, -419, -1457, -1817, -427, 153, 153, 153
L -1457, -1817, -427, -1473, -1783, -426, 153, 153, 153
L -1473, -1783, -426, -1477, -1708, -427, 153, 153, 153
L -1477, -1708, -427, -1477, -1701, -434, 153, 153, 153
L -1477, -1701, -434, -1477, -1691, -446, 153, 153, 153
L -1241, -1755, -4463, -1241, -1755, -446, 153, 153, 153
L -1241, -1755, -446, -1200, -1755, -447, 153, 153, 153
L -1200, -1755, -447, -1130, -1755, -455, 153, 153, 153
L -1130, -1755, -455, -1131, -1766, -447, 153, 153, 153
L -1131, -1766, -447, -1108, -1783, -447, 153, 153, 153
L -1108, -1783, -447, -1060, -1804, -446, 153, 153, 153
L -1060, -1804, -446, -1007, -1803, -448, 153, 153, 153
L -1007, -1803, -448, -982, -1815, -428, 153, 153, 153
L -982, -1815, -428, -982, -1854, -428, 153, 153, 153
L -982, -1854, -428, -981, -1879, -429, 153, 153, 153
L -981, -1879, -429, -953, -1881, -432, 153, 153, 153
L -953, -1881, -432, -929, -1882, -434, 153, 153, 153
L -929, -1882, -434, -881, -1882, -432, 153, 153, 153
L -881, -1882, -432, -837, -1871, -429, 153, 153, 153
L -837, -1871, -429, -813, -1818, -436, 153, 153, 153
L -813, -1818, -436, -788, -1766, -431, 153, 153, 153
L -788, -1766, -431, -777, -1729, -430, 153, 153, 153
L -777, -1729, -430, -776, -1668, -434, 153, 153, 153
L -776, -1668, -434, -776, -1633, -429, 153, 153, 153
L -776, -1633, -429, -789, -1628, -433, 153, 153, 153
L -789, -1628, -433, -828, -1613, -434, 153, 153, 153
L -828, -1613, -434, -895, -1597, -450, 153, 153, 153
L -895, -1597, -450, -886, -1594, -446, 153, 153, 153
L -886, -1594, -446, -885, -1552, -447, 153, 153, 153
L -885, -1552, -447, -900, -1477, -449, 153, 153, 153
L -900, -1477, -449, -949, -1374, -472, 153, 153, 153
L -949, -1374, -472, -1007, -1281, -474, 153, 153, 153
L -1007, -1281, -474, -1139, -1276, -469, 153, 153, 153
L -1134, -1317, -4712, -1134, -1317, -471, 153, 153, 153
L -1134, -1317, -471, -1109, -1317, -471, 153, 153, 153
L -1109, -1317, -471, -1064, -1317, -473, 153, 153, 153
L -1064, -1317, -473, -990, -1327, -473, 153, 153, 153
L -990, -1327, -473, -993, -1346, -471, 153, 153, 153
L -993, -1346, -471, -979, -1404, -458, 153, 153, 153
L -979, -1404, -458, -929, -1496, -447, 153, 153, 153
L -929, -1496, -447, -924, -1566, -454, 153, 153, 153
L -924, -1566, -454, -947, -1601, -433, 153, 153, 153
L -947, -1601, -433, -991, -1662, -439, 153, 153, 153
L -991, -1662, -439, -982, -1751, -435, 153, 153, 153
L -982, -1751, -435, -1018, -1761, -448, 153, 153, 153
L -1018, -1761, -448, -1085, -1762, -447, 153, 153, 153
L -1085, -1762, -447, -1119, -1733, -448, 153, 153, 153
L -1119, -1733, -448, -1144, -1716, -448, 153, 153, 153
L -1144, -1716, -448, -1163, -1713, -448, 153, 153, 153
L -1163, -1713, -448, -1235, -1713, -447, 153, 153, 153
L -1235, -1713, -447, -1246, -1707, -438, 153, 153, 153
L -1246, -1707, -438, -1246, -1656, -431, 153, 153, 153
L -1246, -1656, -431, -1244, -1636, -427, 153, 153, 153
L -1244, -1636, -427, -1244, -1635, -428, 153, 153, 153
L -1244, -1635, -428, -1255, -1609, -432, 153, 153, 153
L -1255, -1609, -432, -1265, -1595, -439, 153, 153, 153
L -1265, -1595, -439, -1295, -1532, -432, 153, 153, 153
L -1295, -1532, -432, -1403, -1532, -437, 153, 153, 153
L -1403, -1532, -437, -1463, -1600, -433, 153, 153, 153
L -1463, -1600, -433, -1484, -1655, -447, 153, 153, 153
L -1484, -1655, -447, -1588, -1644, -449, 153, 153, 153
L -1588, -1644, -449, -1635, -1607, -448, 153, 153, 153
L -1635, -1607, -448, -1734, -1602, -446, 153, 153, 153
L -1733, -1644, -4469, -1733, -1644, -446, 153, 153, 153
L -1733, -1644, -446, -1694, -1643, -449, 153, 153, 153
L -1694, -1643, -449, -1636, -1646, -448, 153, 153, 153
L -1636, -1646, -448, -1578, -1690, -449, 153, 153, 153
L -1578, -1690, -449, -1550, -1694, -450, 153, 153, 153
L -1550, -1694, -450, -1520, -1695, -448, 153, 153, 153
L -1520, -1695, -448, -1480, -1694, -445, 153, 153, 153
L -1480, -1694, -445, -1478, -1695, -445, 153, 153, 153
L -1735, -1643, -4471, -1735, -1643, -447, 153, 153, 153
L -1735, -1643, -447, -1741, -1664, -431, 153, 153, 153
L -1741, -1664, -431, -1741, -1667, -430, 153, 153, 153
L -1741, -1667, -430, -1740, -1715, -429, 153, 153, 153
L -1740, -1715, -429, -1756, -1716, -433, 153, 153, 153
L -1756, -1716, -433, -1781, -1716, -431, 153, 153, 153
L -1781, -1716, -431, -1810, -1720, -435, 153, 153, 153
L -1810, -1720, -435, -1822, -1728, -433, 153, 153, 153
L -1822, -1728, -433, -1863, -1744, -433, 153, 153, 153
L -1863, -1744, -433, -1896, -1752, -429, 153, 153, 153
L -1896, -1752, -429, -1906, -1724, -435, 153, 153, 153
L -1906, -1724, -435, -1929, -1679, -437, 153, 153, 153
L -1929, -1679, -437, -1949, -1635, -432, 153, 153, 153
L -1949, -1635, -432, -1958, -1608, -431, 153, 153, 153
L -1958, -1608, -431, -1959, -1579, -434, 153, 153, 153
L -1959, -1579, -434, -1960, -1534, -432, 153, 153, 153
L -1960, -1534, -432, -1959, -1509, -429, 153, 153, 153
L -1959, -1509, -429, -1964, -1478, -432, 153, 153, 153
L -1964, -1478, -432, -1966, -1442, -439, 153, 153, 153
L -1966, -1442, -439, -1934, -1408, -437, 153, 153, 153
L -1934, -1408, -437, -1918, -1400, -436, 153, 153, 153
L -1918, -1400, -436, -1916, -1400, -436, 153, 153, 153
L -1916, -1400, -436, -1882, -1387, -431, 153, 153, 153
L -1882, -1387, -431, -1872, -1384, -430, 153, 153, 153
L -1872, -1384, -430, -1849, -1380, -435, 153, 153, 153
L -1849, -1380, -435, -1839, -1381, -446, 153, 153, 153
L -1839, -1381, -446, -1835, -1379, -446, 153, 153, 153
L -1835, -1379, -446, -1837, -1339, -447, 153, 153, 153
L -1837, -1339, -447, -1837, -1295, -447, 153, 153, 153
L -1837, -1295, -447, -1833, -1267, -447, 153, 153, 153
L -1833, -1267, -447, -1824, -1227, -447, 153, 153, 153
L -1824, -1227, -447, -1816, -1178, -449, 153, 153, 153
L -1816, -1178, -449, -1779, -1135, -447, 153, 153, 153
L -1779, -1135, -447, -1720, -1123, -449, 153, 153, 153
L -1720, -1123, -449, -1691, -1124, -462, 153, 153, 153
L -1691, -1124, -462, -1648, -1123, -471, 153, 153, 153
L -1648, -1123, -471, -1605, -1115, -472, 153, 153, 153
L -1605, -1115, -472, -1570, -1109, -473, 153, 153, 153
L -1570, -1109, -473, -1520, -1076, -472, 153, 153, 153
L -1520, -1076, -472, -1470, -1055, -470, 153, 153, 153
L -1470, -1055, -470, -1402, -1057, -471, 153, 153, 153
L -1402, -1057, -471, -1421, -1056, -472, 153, 153, 153
L -1739, -1601, -4448, -1739, -1601, -444, 153, 153, 153
L -1739, -1601, -444, -1762, -1584, -452, 153, 153, 153
L -1762, -1584, -452, -1747, -1570, -439, 153, 153, 153
L -1747, -1570, -439, -1739, -1560, -427, 153, 153, 153
L -1739, -1560, -427, -1740, -1526, -429, 153, 153, 153
L -1740, -1526, -429, -1738, -1480, -441, 153, 153, 153
L -1738, -1480, -441, -1731, -1452, -439, 153, 153, 153
L -1731, -1452, -439, -1725, -1420, -435, 153, 153, 153
L -1725, -1420, -435, -1722, -1380, -429, 153, 153, 153
L -1722, -1380, -429, -1734, -1380, -429, 153, 153, 153
L -1734, -1380, -429, -1785, -1379, -428, 153, 153, 153
L -1785, -1379, -428, -1803, -1371, -451, 153, 153, 153
L -1803, -1371, -451, -1794, -1356, -447, 153, 153, 153
L -1794, -1356, -447, -1795, -1305, -450, 153, 153, 153
L -1795, -1305, -450, -1804, -1273, -454, 153, 153, 153
L -1804, -1273, -454, -1786, -1247, -447, 153, 153, 153
L -1786, -1247, -447, -1778, -1191, -448, 153, 153, 153
L -1778, -1191, -448, -1740, -1163, -448, 153, 153, 153
L -1740, -1163, -448, -1638, -1160, -475, 153, 153, 153
L -1638, -1160, -475, -1589, -1154, -472, 153, 153, 153
L -1589, -1154, -472, -1538, -1132, -471, 153, 153, 153
L -1538, -1132, -471, -1523, -1120, -471, 153, 153, 153
L -1523, -1120, -471, -1503, -1105, -472, 153, 153, 153
L -1503, -1105, -472, -1460, -1096, -477, 153, 153, 153
L -1460, -1096, -477, -1432, -1096, -476, 153, 153, 153
L -1432, -1096, -476, -1412, -1097, -474, 153, 153, 153
L -1412, -1097, -474, -1396, -1168, -451, 153, 153, 153
L -1396, -1168, -451, -1421, -1254, -457, 153, 153, 153
L -1421, -1254, -457, -1419, -1347, -443, 153, 153, 153
L -1419, -1347, -443, -1339, -1398, -461, 153, 153, 153
L -1339, -1398, -461, -1216, -1424, -462, 153, 153, 153
L -1216, -1424, -462, -1173, -1418, -456, 153, 153, 153
L -1173, -1418, -456, -1145, -1349, -453, 153, 153, 153
L -1145, -1349, -453, -1140, -1318, -467, 153, 153, 153
L -1140, -1318, -467, -1133, -1310, -475, 153, 153, 153
L -1138, -1276, -4698, -1138, -1276, -469, 153, 153, 153
L -1138, -1276, -469, -1141, -1248, -453, 153, 153, 153
L -1141, -1248, -453, -1142, -1191, -453, 153, 153, 153
L -1142, -1191, -453, -1188, -1048, -462, 153, 153, 153
L -1188, -1048, -462, -1235, -988, -455, 153, 153, 153
L -1235, -988, -455, -1283, -962, -477, 153, 153, 153
L -1283, -962, -477, -1282, -922, -474, 153, 153, 153
L -1282, -922, -474, -1305, -841, -471, 153, 153, 153
L -1305, -841, -471, -1304, -824, -470, 153, 153, 153
L -1304, -824, -470, -1305, -799, -471, 153, 153, 153
L -1305, -799, -471, -1305, -793, -469, 153, 153, 153
L -1305, -793, -469, -1229, -789, -454, 153, 153, 153
L -1229, -789, -454, -1227, -773, -454, 153, 153, 153
L -1227, -773, -454, -1227, -752, -457, 153, 153, 153
L -1227, -752, -457, -1226, -723, -460, 153, 153, 153
L -1226, -723, -460, -1226, -669, -455, 153, 153, 153
L -1226, -669, -455, -1273, -629, -458, 153, 153, 153
L -1273, -629, -458, -1350, -594, -456, 153, 153, 153
L -1350, -594, -456, -1419, -584, -464, 153, 153, 153
L -1419, -584, -464, -1476, -584, -464, 153, 153, 153
L -1476, -584, -464, -1479, -592, -467, 153, 153, 153
L -1479, -592, -467, -1495, -633, -470, 153, 153, 153
L -1495, -633, -470, -1510, -672, -464, 153, 153, 153
L -1510, -672, -464, -1502, -702, -470, 153, 153, 153
L -1502, -702, -470, -1495, -725, -468, 153, 153, 153
L -1495, -725, -468, -1489, -759, -467, 153, 153, 153
L -1489, -759, -467, -1489, -784, -468, 153, 153, 153
L -1489, -784, -468, -1465, -799, -471, 153, 153, 153
L -1465, -799, -471, -1448, -799, -467, 153, 153, 153
L -1448, -799, -467, -1411, -796, -465, 153, 153, 153
L -1411, -796, -465, -1383, -792, -458, 153, 153, 153
L -1383, -792, -458, -1354, -789, -464, 153, 153, 153
L -1354, -789, -464, -1343, -848, -471, 153, 153, 153
L -1343, -848, -471, -1323, -911, -471, 153, 153, 153
L -1323, -911, -471, -1323, -960, -471, 153, 153, 153
L -1323, -960, -471, -1369, -988, -461, 153, 153, 153
L -1369, -988, -461, -1396, -1025, -456, 153, 153, 153
L -1396, -1025, -456, -1399, -1058, -471, 153, 153, 153
L -1399, -1058, -471, -1424, -1055, -471, 153, 153, 153
L -1474, -780, -4820, -1474, -780, -482, 0, 0, 255
L -1474, -780, -482, -1476, -768, -480, 0, 0, 255
L -1476, -768, -480, -1479, -744, -479, 0, 0, 255
L -1479, -744, -479, -1483, -720, -482, 0, 0, 255
L -1483, -720, -482, -1496, -665, -482, 0, 0, 255
L -1496, -665, -482, -1478, -620, -481, 0, 0, 255
L -1478, -620, -481, -1466, -599, -484, 0, 0, 255
L -1466, -599, -484, -1428, -608, -482, 0, 0, 255
L -1428, -608, -482, -1417, -609, -482, 0, 0, 255
L -1417, -609, -482, -1400, -610, -482, 0, 0, 255
L -1400, -610, -482, -1417, -627, -482, 0, 0, 255
L -1417, -627, -482, -1419, -631, -482, 0, 0, 255
L -1419, -631, -482, -1405, -634, -482, 0, 0, 255
L -1405, -634, -482, -1411, -669, -482, 0, 0, 255
L -1411, -669, -482, -1422, -700, -482, 0, 0, 255
L -1422, -700, -482, -1405, -724, -482, 0, 0, 255
L -1405, -724, -482, -1385, -769, -481, 0, 0, 255
L -1385, -769, -481, -1441, -784, -486, 0, 0, 255
L -1441, -784, -486, -1472, -782, -482, 0, 0, 255
L -1472, -782, -482, -1473, -778, -482, 0, 0, 255
P 550, 1360, 0, 255, 255, 255, 2, Outpost
P -462, -32, 0, 255, 255, 255, 2, Bandit_Camp
P 45, -646, 0, 255, 255, 255, 2, Mushroom_Huts
P 238, -456, 0, 255, 255, 255, 2, Bandit_Camp
P 206, -354, 0, 255, 255, 255, 2, Bandit_Camp
P 424, -373, 0, 255, 255, 255, 2, Tarmok_Huts
P 613, 169, 0, 255, 255, 255, 2, Tarmok_Huts
P 451, -234, 0, 255, 255, 255, 2, Tarmok_Huts
P -463, -276, 0, 255, 255, 255, 2, Bandit_Camp
P -2321, -1955, 0, 255, 255, 255, 2, Twilight_Sea
P 1005, 2140, 0, 255, 255, 255, 2, Succor_Point
