L 5961, 0, 0, -7020, 0, 0, 140, 140, 140
L  0,10009, 0, 0, -1413, 0, 140, 140, 140
L 1000, 10009, 0, 1000, -1413, 0, 220, 220, 220
L 2000, 10009, 0, 2000, -1413, 0, 220, 220, 220
L 3000, 10009, 0, 3000, -1413, 0, 220, 220, 220
L 4000, 10009, 0, 4000, -1413, 0, 220, 220, 220
L 5000, 10009, 0, 5000, -1413, 0, 220, 220, 220
L -1000, 10009, 0, -1000, -1413, 0, 220, 220, 220
L -2000, 10009, 0, -2000, -1413, 0, 220, 220, 220
L -3000, 10009, 0, -3000, -1413, 0, 220, 220, 220
L -4000, 10009, 0, -4000, -1413, 0, 220, 220, 220
L -5000, 10009, 0, -5000, -1413, 0, 220, 220, 220
L -6000, 10009, 0, -6000, -1413, 0, 220, 220, 220
L -7000, 10009, 0, -7000, -1413, 0, 220, 220, 220
L 5961, 1000, 0, -7020, 1000, 0, 220, 220, 220
L 5961, 2000, 0, -7020, 2000, 0, 220, 220, 220
L 5961, 3000, 0, -7020, 3000, 0, 220, 220, 220
L 5961, 4000, 0, -7020, 4000, 0, 220, 220, 220
L 5961, 5000, 0, -7020, 5000, 0, 220, 220, 220
L 5961, 6000, 0, -7020, 6000, 0, 220, 220, 220
L 5961, 7000, 0, -7020, 7000, 0, 220, 220, 220
L 5961, 8000, 0, -7020, 8000, 0, 220, 220, 220
L 5961, 9000, 0, -7020, 9000, 0, 220, 220, 220
L 5961, 10000, 0, -7020, 10000, 0, 220, 220, 220
L 5961, -1000, 0, -7020, -1000, 0, 220, 220, 220
P 5971, 5, 0, 0, 0, 0, 3, 0
P 5,10019, 0, 0, 0, 0, 3, 0
P 1005,10019, 0, 0, 0, 0, 3, 1000
P 2005,10019, 0, 0, 0, 0, 3, 2000
P 3005,10019, 0, 0, 0, 0, 3, 3000
P 4005,10019, 0, 0, 0, 0, 3, 4000
P 5005,10019, 0, 0, 0, 0, 3, 5000
P -995,10019, 0, 0, 0, 0, 3, -1000
P -1995,10019, 0, 0, 0, 0, 3, -2000
P -2995,10019, 0, 0, 0, 0, 3, -3000
P -3995,10019, 0, 0, 0, 0, 3, -4000
P -4995,10019, 0, 0, 0, 0, 3, -5000
P -5995,10019, 0, 0, 0, 0, 3, -6000
P -6995,10019, 0, 0, 0, 0, 3, -7000
P 5971, 1005, 0, 0, 0, 0, 3, 1000
P 5971, 2005, 0, 0, 0, 0, 3, 2000
P 5971, 3005, 0, 0, 0, 0, 3, 3000
P 5971, 4005, 0, 0, 0, 0, 3, 4000
P 5971, 5005, 0, 0, 0, 0, 3, 5000
P 5971, 6005, 0, 0, 0, 0, 3, 6000
P 5971, 7005, 0, 0, 0, 0, 3, 7000
P 5971, 8005, 0, 0, 0, 0, 3, 8000
P 5971, 9005, 0, 0, 0, 0, 3, 9000
P 5971, 10005, 0, 0, 0, 0, 3, 10000
P 5971, -995, 0, 0, 0, 0, 3, -1000
