L 431, 0, 0, -286, 0, 0, 140, 140, 140
L  0,741, 0, 0, -578, 0, 140, 140, 140
L 100, 741, 0, 100, -578, 0, 220, 220, 220
L 200, 741, 0, 200, -578, 0, 220, 220, 220
L 300, 741, 0, 300, -578, 0, 220, 220, 220
L 400, 741, 0, 400, -578, 0, 220, 220, 220
L -100, 741, 0, -100, -578, 0, 220, 220, 220
L -200, 741, 0, -200, -578, 0, 220, 220, 220
L 431, 100, 0, -286, 100, 0, 220, 220, 220
L 431, 200, 0, -286, 200, 0, 220, 220, 220
L 431, 300, 0, -286, 300, 0, 220, 220, 220
L 431, 400, 0, -286, 400, 0, 220, 220, 220
L 431, 500, 0, -286, 500, 0, 220, 220, 220
L 431, 600, 0, -286, 600, 0, 220, 220, 220
L 431, 700, 0, -286, 700, 0, 220, 220, 220
L 431, -100, 0, -286, -100, 0, 220, 220, 220
L 431, -200, 0, -286, -200, 0, 220, 220, 220
L 431, -300, 0, -286, -300, 0, 220, 220, 220
L 431, -400, 0, -286, -400, 0, 220, 220, 220
L 431, -500, 0, -286, -500, 0, 220, 220, 220
P 441, 5, 0, 0, 0, 0, 3, 0
P 5,751, 0, 0, 0, 0, 3, 0
P 105,751, 0, 0, 0, 0, 3, 100
P 205,751, 0, 0, 0, 0, 3, 200
P 305,751, 0, 0, 0, 0, 3, 300
P 405,751, 0, 0, 0, 0, 3, 400
P -95,751, 0, 0, 0, 0, 3, -100
P -195,751, 0, 0, 0, 0, 3, -200
P 441, 105, 0, 0, 0, 0, 3, 100
P 441, 205, 0, 0, 0, 0, 3, 200
P 441, 305, 0, 0, 0, 0, 3, 300
P 441, 405, 0, 0, 0, 0, 3, 400
P 441, 505, 0, 0, 0, 0, 3, 500
P 441, 605, 0, 0, 0, 0, 3, 600
P 441, 705, 0, 0, 0, 0, 3, 700
P 441, -95, 0, 0, 0, 0, 3, -100
P 441, -195, 0, 0, 0, 0, 3, -200
P 441, -295, 0, 0, 0, 0, 3, -300
P 441, -395, 0, 0, 0, 0, 3, -400
P 441, -495, 0, 0, 0, 0, 3, -500
