L 463.6250, 0, 0, -321.6250, 0, 0, 140, 140, 140
L  0,905.6587, 0, 0, -287.6250, 0, 140, 140, 140
L 100, 905.6587, 0, 100, -287.6250, 0, 220, 220, 220
L 200, 905.6587, 0, 200, -287.6250, 0, 220, 220, 220
L 300, 905.6587, 0, 300, -287.6250, 0, 220, 220, 220
L 400, 905.6587, 0, 400, -287.6250, 0, 220, 220, 220
L -100, 905.6587, 0, -100, -287.6250, 0, 220, 220, 220
L -200, 905.6587, 0, -200, -287.6250, 0, 220, 220, 220
L -300, 905.6587, 0, -300, -287.6250, 0, 220, 220, 220
L 463.6250, 100, 0, -321.6250, 100, 0, 220, 220, 220
L 463.6250, 200, 0, -321.6250, 200, 0, 220, 220, 220
L 463.6250, 300, 0, -321.6250, 300, 0, 220, 220, 220
L 463.6250, 400, 0, -321.6250, 400, 0, 220, 220, 220
L 463.6250, 500, 0, -321.6250, 500, 0, 220, 220, 220
L 463.6250, 600, 0, -321.6250, 600, 0, 220, 220, 220
L 463.6250, 700, 0, -321.6250, 700, 0, 220, 220, 220
L 463.6250, 800, 0, -321.6250, 800, 0, 220, 220, 220
L 463.6250, 900, 0, -321.6250, 900, 0, 220, 220, 220
L 463.6250, -100, 0, -321.6250, -100, 0, 220, 220, 220
L 463.6250, -200, 0, -321.6250, -200, 0, 220, 220, 220
P 473.625, 5, 0, 0, 0, 0, 3, 0
P 5,915.6587, 0, 0, 0, 0, 3, 0
P 105,915.6587, 0, 0, 0, 0, 3, 100
P 205,915.6587, 0, 0, 0, 0, 3, 200
P 305,915.6587, 0, 0, 0, 0, 3, 300
P 405,915.6587, 0, 0, 0, 0, 3, 400
P -95,915.6587, 0, 0, 0, 0, 3, -100
P -195,915.6587, 0, 0, 0, 0, 3, -200
P -295,915.6587, 0, 0, 0, 0, 3, -300
P 473.625, 105, 0, 0, 0, 0, 3, 100
P 473.625, 205, 0, 0, 0, 0, 3, 200
P 473.625, 305, 0, 0, 0, 0, 3, 300
P 473.625, 405, 0, 0, 0, 0, 3, 400
P 473.625, 505, 0, 0, 0, 0, 3, 500
P 473.625, 605, 0, 0, 0, 0, 3, 600
P 473.625, 705, 0, 0, 0, 0, 3, 700
P 473.625, 805, 0, 0, 0, 0, 3, 800
P 473.625, 905, 0, 0, 0, 0, 3, 900
P 473.625, -95, 0, 0, 0, 0, 3, -100
P 473.625, -195, 0, 0, 0, 0, 3, -200
