L 507, 0, 0, -273, 0, 0, 140, 140, 140
L  0,302, 0, 0, -598, 0, 140, 140, 140
L 100, 302, 0, 100, -598, 0, 220, 220, 220
L 200, 302, 0, 200, -598, 0, 220, 220, 220
L 300, 302, 0, 300, -598, 0, 220, 220, 220
L 400, 302, 0, 400, -598, 0, 220, 220, 220
L 500, 302, 0, 500, -598, 0, 220, 220, 220
L -100, 302, 0, -100, -598, 0, 220, 220, 220
L -200, 302, 0, -200, -598, 0, 220, 220, 220
L 507, 100, 0, -273, 100, 0, 220, 220, 220
L 507, 200, 0, -273, 200, 0, 220, 220, 220
L 507, 300, 0, -273, 300, 0, 220, 220, 220
L 507, -100, 0, -273, -100, 0, 220, 220, 220
L 507, -200, 0, -273, -200, 0, 220, 220, 220
L 507, -300, 0, -273, -300, 0, 220, 220, 220
L 507, -400, 0, -273, -400, 0, 220, 220, 220
L 507, -500, 0, -273, -500, 0, 220, 220, 220
P 517, 5, 0, 0, 0, 0, 3, 0
P 5,312, 0, 0, 0, 0, 3, 0
P 105,312, 0, 0, 0, 0, 3, 100
P 205,312, 0, 0, 0, 0, 3, 200
P 305,312, 0, 0, 0, 0, 3, 300
P 405,312, 0, 0, 0, 0, 3, 400
P 505,312, 0, 0, 0, 0, 3, 500
P -95,312, 0, 0, 0, 0, 3, -100
P -195,312, 0, 0, 0, 0, 3, -200
P 517, 105, 0, 0, 0, 0, 3, 100
P 517, 205, 0, 0, 0, 0, 3, 200
P 517, 305, 0, 0, 0, 0, 3, 300
P 517, -95, 0, 0, 0, 0, 3, -100
P 517, -195, 0, 0, 0, 0, 3, -200
P 517, -295, 0, 0, 0, 0, 3, -300
P 517, -395, 0, 0, 0, 0, 3, -400
P 517, -495, 0, 0, 0, 0, 3, -500
