L 562, -324, -11, 560, -223, 12, 0, 0, 0
L 474, -322, -22, 562, -324, -11, 0, 0, 0
L 472, -299, -22, 474, -322, -22, 0, 0, 0
L 436, -299, -23, 472, -299, -22, 0, 0, 0
L 433, -329, -23, 436, -299, -23, 0, 0, 0
L 392, -328, -22, 433, -329, -23, 0, 0, 0
L 343, -306, -23, 392, -305, -22, 0, 0, 0
L 348, -257, -23, 343, -306, -23, 0, 0, 0
L 306, -256, -22, 348, -257, -23, 0, 0, 0
L 307, -292, -22, 306, -256, -22, 0, 0, 0
L 231, -289, -25, 307, -292, -22, 0, 0, 0
L 228, -257, -25, 231, -289, -25, 0, 0, 0
L -69, 1, -1, 43, -5, -1, 0, 0, 0
L -74, -4, -1, -95, 46, -2, 0, 0, 0
L -113, -44, -1, -74, -4, -1, 0, 0, 0
L -112, -137, -1, -113, -44, -1, 0, 0, 0
L -139, -140, -1, -116, -141, -1, 0, 0, 0
L -139, -178, -1, -139, -140, -1, 0, 0, 0
L -106, -178, -3, -139, -178, -1, 0, 0, 0
L -106, -228, -1, -106, -178, -3, 0, 0, 0
L -214, -733, -17, -169, -730, -16, 0, 0, 0
L -212, -707, -17, -214, -733, -17, 0, 0, 0
L -250, -698, -17, -212, -707, -17, 0, 0, 0
L -248, -592, -1, -250, -698, -17, 0, 0, 0
L -462, -600, 10, -444, -761, -3, 0, 0, 0
L -407, -66, 12, -323, -64, 0, 0, 0, 0
L -475, -93, 10, -407, -66, 12, 0, 0, 0
L -684, -54, -18, -529, -54, 10, 0, 0, 0
L -529, -54, 10, -525, -82, 10, 0, 0, 0
L -525, -82, 10, -477, -91, 10, 0, 0, 0
L -477, -91, 10, -477, -138, 10, 0, 0, 0
L -477, -138, 10, -499, -140, 10, 0, 0, 0
L -499, -140, 10, -506, -205, 10, 0, 0, 0
L -506, -205, 10, -447, -264, 10, 0, 0, 0
L -447, -264, 10, -438, -351, 10, 0, 0, 0
L -438, -351, 10, -401, -417, 8, 0, 0, 0
L -401, -417, 8, -524, -422, 10, 0, 0, 0
L -409, -433, 10, -438, -493, 10, 0, 0, 0
L -438, -493, 10, -437, -554, 10, 0, 0, 0
L -437, -554, 10, -469, -545, 10, 0, 0, 0
L -469, -545, 10, -462, -595, 10, 0, 0, 0
L -462, -595, 10, -354, -597, -1, 0, 0, 0
L -354, -597, -1, -354, -581, 0, 0, 0, 0
L -354, -581, 0, -251, -579, -1, 0, 0, 0
L -251, -579, -1, -199, -585, -1, 0, 0, 0
L -199, -585, -1, -145, -389, -3, 0, 0, 0
L -145, -389, -3, -146, -305, -1, 0, 0, 0
L -146, -305, -1, -175, -309, -1, 0, 0, 0
L -175, -309, -1, -185, -272, -1, 0, 0, 0
L -185, -272, -1, -68, -261, -1, 0, 0, 0
L -130, -262, -2, -135, -224, -1, 0, 0, 0
L -135, -224, -1, 57, -223, -22, 0, 0, 0
L 57, -223, -22, 58, -252, -22, 0, 0, 0
L 58, -252, -22, 108, -223, -17, 0, 0, 0
L 108, -223, -17, 144, -220, -15, 0, 0, 0
L 144, -220, -15, 134, -300, 3, 0, 0, 0
L 134, -300, 3, 165, -298, 3, 0, 0, 0
L 165, -298, 3, 153, -376, 3, 0, 0, 0
L 140, -256, -18, 226, -255, -25, 0, 0, 0
L 148, -217, -15, 134, -140, 3, 0, 0, 0
L 134, -140, 3, 169, -117, 3, 0, 0, 0
L 169, -117, 3, 139, -17, 3, 0, 0, 0
L 560, -223, 12, 681, -222, 27, 0, 0, 0
L 681, -222, 27, 682, -325, 45, 0, 0, 0
L 682, -325, 45, 789, -324, 35, 0, 0, 0
L 392, -305, -22, 388, -573, -43, 0, 0, 0
L 388, -573, -43, 477, -573, -43, 0, 0, 0
L 375, -528, -43, 266, -516, -59, 0, 0, 0
L 264, -517, -59, 196, -523, -59, 0, 0, 0
L 264, -517, -59, 267, -563, -59, 0, 0, 0
L 267, -563, -59, 234, -569, -59, 0, 0, 0
L 234, -569, -59, 238, -644, -59, 0, 0, 0
L 238, -644, -59, 210, -646, -59, 0, 0, 0
L 210, -646, -59, 209, -754, -56, 0, 0, 0
L 209, -754, -56, 246, -751, -59, 0, 0, 0
L 246, -751, -59, 246, -778, -59, 0, 0, 0
L 209, -713, -85, 279, -711, -85, 0, 0, 0
L 279, -711, -85, 279, -685, -85, 0, 0, 0
L 279, -685, -85, 355, -684, -85, 0, 0, 0
L 355, -684, -85, 353, -713, -85, 0, 0, 0
L 353, -713, -85, 421, -715, -85, 0, 0, 0
L 421, -715, -85, 487, -753, -85, 0, 0, 0
L 487, -753, -85, 499, -782, -85, 0, 0, 0
L 499, -782, -85, 588, -785, -86, 0, 0, 0
L 588, -785, -86, 650, -803, -86, 0, 0, 0
L 650, -803, -86, 702, -804, -88, 0, 0, 0
L 702, -804, -88, 703, -844, -88, 0, 0, 0
L 703, -844, -88, 703, -868, -87, 0, 0, 0
L 703, -868, -87, 705, -906, -87, 0, 0, 0
L 705, -906, -87, 789, -907, -96, 0, 0, 0
L 789, -907, -96, 860, -907, -108, 0, 0, 0
L 860, -907, -108, 858, -859, -108, 0, 0, 0
L 858, -859, -108, 889, -822, -108, 0, 0, 0
L 889, -822, -108, 897, -795, -108, 0, 0, 0
L 894, -805, -108, 844, -807, -108, 0, 0, 0
L 897, -795, -108, 866, -774, -108, 0, 0, 0
L 866, -774, -108, 861, -709, -108, 0, 0, 0
L 861, -709, -108, 758, -709, -86, 0, 0, 0
L 758, -709, -86, 739, -710, -88, 0, 0, 0
L 739, -710, -88, 740, -781, -88, 0, 0, 0
L 740, -781, -88, 740, -842, -88, 0, 0, 0
L 740, -842, -88, 703, -844, -88, 0, 0, 0
L 789, -325, 35, 817, -378, 35, 0, 0, 0
L 817, -378, 35, 931, -376, 18, 0, 0, 0
L 931, -376, 18, 980, -377, 18, 0, 0, 0
L 980, -377, 18, 989, -342, 18, 0, 0, 0
L 989, -342, 18, 981, -274, 18, 0, 0, 0
L 981, -274, 18, 886, -272, 23, 0, 0, 0
L 886, -272, 23, 839, -273, 37, 0, 0, 0
L 839, -273, 37, 819, -273, 35, 0, 0, 0
L 819, -273, 35, 789, -325, 35, 0, 0, 0
P 43, -5, -1, 240, 0, 0, 3, DEAD_END
P -87, 35, -3, 0, 0, 240, 3, pit
P -114, -53, -1, 0, 0, 240, 3, Cursed_Guktan
P -109, -226, -1, 127, 64, 0, 3, T_intersect
P -169, -730, -16, 240, 0, 0, 3, DEAD_END
P -444, -761, -3, 240, 0, 0, 3, DEAD_END
P -323, -64, 0, 240, 0, 0, 3, DEAD_END
P -715, -42, -12, 255, 0, 255, 3, To_Upper_Guk
P -694, -36, -18, 0, 127, 0, 3, gukb
P -472, -76, 10, 127, 64, 0, 3, T_intersection
P -401, -417, 8, 127, 64, 0, 3, T_intersect
P -477, -593, 10, 127, 64, 0, 3, T_intersect
P -251, -579, -1, 127, 64, 0, 3, T_intersect
P 161, -366, 4, 0, 0, 240, 3, Seething_Pariah
P 141, -218, -15, 0, 0, 240, 3, Ecstatic_Kor_Zealot
P 226, -255, -25, 127, 64, 0, 3, waterway
P 155, -38, 3, 0, 0, 240, 3, Corpse_Ripper
P 393, -332, -22, 127, 64, 0, 3, T_intersect
P 477, -573, -43, 240, 0, 0, 3, DEAD_END
P 387, -528, -43, 127, 64, 0, 3, T_intersect
P 188, -513, -59, 240, 0, 0, 3, DEAD_END
P 213, -713, -85, 0, 0, 240, 3, bridge/pit _goes_down_to_lower_level
P 241, -776, -59, 240, 0, 0, 3, DEAD_END
P 844, -807, -108, 0, 0, 240, 3, boss_(Madakan)
P 703, -843, -88, 127, 64, 0, 3, T_intersect
P -97, -288, 3, 240, 0, 0, 3, DEAD_END
P 1001, -319, 18, 240, 0, 0, 3, DEAD_END
P -549, -423, 10, 240, 0, 0, 1, DEAD_END
