L 547, 2126, -362, 547, 2126, -36, 153, 153, 153
L 547, 2126, -36, 547, 2097, -36, 153, 153, 153
L 547, 2097, -36, 569, 2076, -36, 153, 153, 153
L 569, 2076, -36, 596, 2076, -36, 153, 153, 153
L 596, 2076, -36, 596, 1980, -36, 153, 153, 153
L 596, 1980, -36, 584, 1980, -36, 153, 153, 153
L 584, 1980, -36, 567, 1979, -36, 153, 153, 153
L 567, 1979, -36, 547, 1960, -36, 153, 153, 153
L 547, 1960, -36, 547, 1930, -36, 153, 153, 153
L 547, 1930, -36, 509, 1930, -36, 153, 153, 153
L 509, 1930, -36, 507, 1879, -36, 153, 153, 153
L 507, 1879, -36, 557, 1876, -36, 153, 153, 153
L 557, 1876, -36, 557, 1761, -36, 153, 153, 153
L 557, 1761, -36, 527, 1751, -36, 153, 153, 153
L 527, 1751, -36, 527, 1842, -36, 153, 153, 153
L 527, 1842, -36, 529, 1846, -36, 153, 153, 153
L 529, 1846, -36, 531, 1858, -36, 153, 153, 153
L 531, 1858, -36, 517, 1860, -36, 153, 153, 153
L 517, 1860, -36, 517, 1746, 3, 153, 153, 153
L 517, 1746, 3, 517, 1361, 3, 153, 153, 153
L 517, 1361, 3, 546, 1356, 3, 153, 153, 153
L 546, 1356, 3, 547, 1326, 3, 153, 153, 153
L 547, 1326, 3, 547, 1278, 3, 153, 153, 153
L 547, 1278, 3, 582, 1272, -6, 153, 153, 153
L 582, 1272, -6, 601, 1253, -36, 153, 153, 153
L 601, 1253, -36, 615, 1239, -36, 153, 153, 153
L 615, 1239, -36, 624, 1241, -38, 153, 153, 153
L 624, 1241, -38, 631, 1247, -36, 153, 153, 153
L 631, 1247, -36, 631, 1286, -36, 153, 153, 153
L 631, 1286, -36, 697, 1286, -36, 153, 153, 153
L 697, 1286, -36, 747, 1277, -36, 153, 153, 153
L 747, 1277, -36, 756, 1276, -46, 153, 153, 153
L 756, 1276, -46, 761, 1266, -36, 153, 153, 153
L 761, 1266, -36, 796, 1266, -36, 153, 153, 153
L 796, 1266, -36, 796, 1231, -36, 153, 153, 153
L 796, 1231, -36, 762, 1231, -36, 153, 153, 153
L 762, 1231, -36, 746, 1211, -36, 153, 153, 153
L 746, 1211, -36, 669, 1211, -36, 153, 153, 153
L 669, 1211, -36, 660, 1203, -38, 153, 153, 153
L 660, 1203, -38, 655, 1195, -36, 153, 153, 153
L 655, 1195, -36, 687, 1167, -36, 153, 153, 153
L 687, 1167, -36, 696, 1011, -36, 153, 153, 153
L 696, 1011, -36, 659, 962, -36, 153, 153, 153
L 659, 962, -36, 668, 947, -36, 153, 153, 153
L 668, 947, -36, 746, 946, -36, 153, 153, 153
L 746, 946, -36, 767, 926, -36, 153, 153, 153
L 767, 926, -36, 796, 926, -36, 153, 153, 153
L 796, 926, -36, 796, 894, -36, 153, 153, 153
L 796, 894, -36, 760, 891, -36, 153, 153, 153
L 760, 891, -36, 746, 871, -36, 153, 153, 153
L 746, 871, -36, 631, 871, -36, 153, 153, 153
L 631, 871, -36, 631, 907, -36, 153, 153, 153
L 631, 907, -36, 623, 917, -38, 153, 153, 153
L 623, 917, -38, 577, 881, -36, 153, 153, 153
L 577, 881, -36, 420, 881, -36, 153, 153, 153
L 420, 881, -36, 382, 918, -36, 153, 153, 153
L 382, 918, -36, 372, 915, -38, 153, 153, 153
L 372, 915, -38, 367, 872, -36, 153, 153, 153
L 367, 872, -36, 295, 871, -36, 153, 153, 153
L 295, 871, -36, 234, 891, -36, 153, 153, 153
L 234, 891, -36, 201, 891, -36, 153, 153, 153
L 201, 891, -36, 201, 924, -36, 153, 153, 153
L 201, 924, -36, 235, 926, -36, 153, 153, 153
L 235, 926, -36, 251, 946, -36, 153, 153, 153
L 251, 946, -36, 326, 946, -36, 153, 153, 153
L 326, 946, -36, 340, 956, -38, 153, 153, 153
L 340, 956, -38, 301, 1000, -36, 153, 153, 153
L 301, 1000, -36, 301, 1155, -36, 153, 153, 153
L 301, 1155, -36, 340, 1196, -36, 153, 153, 153
L 340, 1196, -36, 336, 1205, -38, 153, 153, 153
L 336, 1205, -38, 308, 1211, -36, 153, 153, 153
L 308, 1211, -36, 235, 1231, -36, 153, 153, 153
L 235, 1231, -36, 201, 1231, -36, 153, 153, 153
L 201, 1231, -36, 201, 1266, -36, 153, 153, 153
L 201, 1266, -36, 234, 1266, -36, 153, 153, 153
L 234, 1266, -36, 261, 1286, -36, 153, 153, 153
L 261, 1286, -36, 345, 1286, -36, 153, 153, 153
L 345, 1286, -36, 367, 1248, -36, 153, 153, 153
L 367, 1248, -36, 382, 1235, -36, 153, 153, 153
L 382, 1235, -36, 400, 1256, -36, 153, 153, 153
L 400, 1256, -36, 403, 1223, -36, 153, 153, 153
L 547, 2126, -362, 547, 2126, -36, 153, 153, 153
L 547, 2126, -36, 451, 2126, -36, 153, 153, 153
L 451, 2126, -36, 451, 2098, -36, 153, 153, 153
L 451, 2098, -36, 431, 2077, -36, 153, 153, 153
L 431, 2077, -36, 401, 2076, -36, 153, 153, 153
L 401, 2076, -36, 401, 1980, -36, 153, 153, 153
L 401, 1980, -36, 431, 1984, -36, 153, 153, 153
L 431, 1984, -36, 448, 1966, -36, 153, 153, 153
L 448, 1966, -36, 459, 1930, -36, 153, 153, 153
L 459, 1930, -36, 488, 1930, -36, 153, 153, 153
L 488, 1930, -36, 490, 1876, -36, 153, 153, 153
L 490, 1876, -36, 449, 1876, -36, 153, 153, 153
L 449, 1876, -36, 441, 1751, -36, 153, 153, 153
L 441, 1751, -36, 469, 1751, -36, 153, 153, 153
L 469, 1751, -36, 471, 1846, -36, 153, 153, 153
L 471, 1846, -36, 468, 1846, -36, 153, 153, 153
L 468, 1846, -36, 468, 1862, -36, 153, 153, 153
L 468, 1862, -36, 482, 1859, -36, 153, 153, 153
L 482, 1859, -36, 481, 1382, 3, 153, 153, 153
L 481, 1382, 3, 479, 1355, 3, 153, 153, 153
L 479, 1355, 3, 451, 1356, 3, 153, 153, 153
L 451, 1356, 3, 451, 1277, 3, 153, 153, 153
L 451, 1277, 3, 420, 1276, -6, 153, 153, 153
L 420, 1276, -6, 404, 1260, -2, 153, 153, 153
L 404, 1260, -2, 397, 1254, -36, 153, 153, 153
L 503, 1316, 37, 503, 1316, 3, 153, 153, 153
L 503, 1316, 3, 530, 1317, 3, 153, 153, 153
L 530, 1317, 3, 531, 1338, 3, 153, 153, 153
L 531, 1338, 3, 469, 1341, 3, 153, 153, 153
L 469, 1341, 3, 467, 1323, 3, 153, 153, 153
L 467, 1323, 3, 469, 1314, 3, 153, 153, 153
L 469, 1314, 3, 495, 1316, 3, 153, 153, 153
L 495, 1316, 3, 503, 1316, 3, 153, 153, 153
L 403, 1222, -362, 403, 1222, -36, 153, 153, 153
L 403, 1222, -36, 403, 1193, -36, 153, 153, 153
L 403, 1193, -36, 411, 1193, -36, 153, 153, 153
L 411, 1193, -36, 411, 1267, -6, 153, 153, 153
L 435, 1252, -362, 435, 1252, -36, 153, 153, 153
L 435, 1252, -36, 435, 1194, -36, 153, 153, 153
L 435, 1194, -36, 427, 1194, -36, 153, 153, 153
L 427, 1194, -36, 427, 1257, -6, 153, 153, 153
L 427, 1257, -6, 426, 1259, -6, 153, 153, 153
L 426, 1259, -6, 466, 1260, 3, 153, 153, 153
L 466, 1260, 3, 467, 1280, 3, 153, 153, 153
L 467, 1280, 3, 481, 1281, 3, 153, 153, 153
L 481, 1281, 3, 481, 1179, 3, 153, 153, 153
L 481, 1179, 3, 403, 1100, 3, 153, 153, 153
L 403, 1100, 3, 300, 1096, 3, 153, 153, 153
L 300, 1096, 3, 295, 1126, 3, 153, 153, 153
L 295, 1126, 3, 274, 1126, 3, 153, 153, 153
L 274, 1126, 3, 274, 1115, 3, 153, 153, 153
L 274, 1115, 3, 267, 1111, 3, 153, 153, 153
L 267, 1111, 3, 261, 1089, 3, 153, 153, 153
L 261, 1089, 3, 251, 1086, 3, 153, 153, 153
L 251, 1086, 3, 237, 1091, 3, 153, 153, 153
L 237, 1091, 3, 237, 1151, 3, 153, 153, 153
L -922, 1041, -1361, -922, 1041, -136, 153, 153, 153
L -922, 1041, -136, -1003, 1041, -136, 153, 153, 153
L -1003, 1041, -136, -1050, 1046, -136, 153, 153, 153
L -1050, 1046, -136, -1076, 1041, -136, 153, 153, 153
L -1076, 1041, -136, -1087, 1019, -136, 153, 153, 153
L -1087, 1019, -136, -1130, 971, -136, 153, 153, 153
L -1130, 971, -136, -1150, 961, -136, 153, 153, 153
L -1150, 961, -136, -1162, 954, -136, 153, 153, 153
L -1162, 954, -136, -1167, 938, -136, 153, 153, 153
L -1167, 938, -136, -1167, 929, -136, 153, 153, 153
L -1167, 929, -136, -1162, 924, -136, 153, 153, 153
L -1162, 924, -136, -1162, 919, -136, 153, 153, 153
L -1162, 919, -136, -953, 916, -136, 153, 153, 153
L -953, 916, -136, -919, 911, -136, 153, 153, 153
L -919, 911, -136, -908, 912, -136, 153, 153, 153
L -908, 912, -136, -901, 924, -136, 153, 153, 153
L -901, 924, -136, -850, 936, -136, 153, 153, 153
L -850, 936, -136, -822, 928, -136, 153, 153, 153
L -822, 928, -136, -812, 875, -136, 153, 153, 153
L -812, 875, -136, -827, 844, -136, 153, 153, 153
L -827, 844, -136, -834, 841, -136, 153, 153, 153
L -834, 841, -136, -837, 828, -136, 153, 153, 153
L -837, 828, -136, -832, 608, -136, 153, 153, 153
L -832, 608, -136, -714, 606, -80, 153, 153, 153
L -714, 606, -80, -703, 607, -76, 153, 153, 153
L -703, 607, -76, -702, 618, -76, 153, 153, 153
L -702, 618, -76, -725, 637, -76, 153, 153, 153
L -725, 637, -76, -727, 695, -76, 153, 153, 153
L -727, 695, -76, -716, 709, -76, 153, 153, 153
L -716, 709, -76, -700, 721, -76, 153, 153, 153
L -700, 721, -76, -701, 724, -76, 153, 153, 153
L -701, 724, -76, -707, 883, -76, 153, 153, 153
L -707, 883, -76, -698, 880, -76, 153, 153, 153
L -698, 880, -76, -691, 891, -76, 153, 153, 153
L -691, 891, -76, -649, 897, -76, 153, 153, 153
L -649, 897, -76, -648, 1030, -76, 153, 153, 153
L -648, 1030, -76, -691, 1031, -76, 153, 153, 153
L -691, 1031, -76, -707, 1063, -76, 153, 153, 153
L -707, 1063, -76, -704, 1086, -76, 153, 153, 153
L -704, 1086, -76, -702, 1099, -76, 153, 153, 153
L -702, 1099, -76, -723, 1115, -76, 153, 153, 153
L -723, 1115, -76, -727, 1162, -76, 153, 153, 153
L -727, 1162, -76, -724, 1181, -76, 153, 153, 153
L -724, 1181, -76, -705, 1196, -76, 153, 153, 153
L -705, 1196, -76, -702, 1208, -76, 153, 153, 153
L -702, 1208, -76, -707, 1227, -76, 153, 153, 153
L -707, 1227, -76, -707, 1298, -76, 153, 153, 153
L -707, 1298, -76, -919, 1301, -135, 153, 153, 153
L -919, 1301, -135, -922, 1041, -136, 153, 153, 153
L -977, 1348, -1361, -977, 1348, -136, 153, 153, 153
L -977, 1348, -136, -980, 1096, -136, 153, 153, 153
L -980, 1096, -136, -1029, 1096, -136, 153, 153, 153
L -1029, 1096, -136, -1049, 1091, -136, 153, 153, 153
L -1049, 1091, -136, -1061, 1092, -136, 153, 153, 153
L -1061, 1092, -136, -1080, 1096, -136, 153, 153, 153
L -1080, 1096, -136, -1082, 1118, -136, 153, 153, 153
L -1082, 1118, -136, -1141, 1176, -136, 153, 153, 153
L -1141, 1176, -136, -1160, 1176, -136, 153, 153, 153
L -1160, 1176, -136, -1162, 1191, -136, 153, 153, 153
L -1162, 1191, -136, -1162, 1418, -136, 153, 153, 153
L -1162, 1418, -136, -1103, 1421, -136, 153, 153, 153
L -1103, 1421, -136, -1077, 1421, -136, 153, 153, 153
L -1077, 1421, -136, -1059, 1401, -136, 153, 153, 153
L -1059, 1401, -136, -1027, 1401, -136, 153, 153, 153
L -1027, 1401, -136, -990, 1411, -136, 153, 153, 153
L -990, 1411, -136, -592, 1421, -76, 153, 153, 153
L -592, 1421, -76, -592, 1434, -76, 153, 153, 153
L -592, 1434, -76, -588, 1486, -76, 153, 153, 153
L -588, 1486, -76, -586, 1486, -76, 153, 153, 153
L -586, 1486, -76, -576, 1483, -76, 153, 153, 153
L -576, 1483, -76, -567, 1468, -76, 153, 153, 153
L -567, 1468, -76, -558, 1291, -76, 153, 153, 153
L -558, 1291, -76, -502, 1291, -76, 153, 153, 153
L -502, 1291, -76, -90, 1291, -16, 153, 153, 153
L -90, 1291, -16, -88, 1091, -16, 153, 153, 153
L -88, 1091, -16, -107, 1068, -16, 153, 153, 153
L -107, 1068, -16, -117, 1066, -16, 153, 153, 153
L -117, 1066, -16, -236, 1066, -36, 153, 153, 153
L -236, 1066, -36, -248, 1063, -36, 153, 153, 153
L -248, 1063, -36, -261, 1061, -36, 153, 153, 153
L -261, 1061, -36, -267, 1073, -36, 153, 153, 153
L -267, 1073, -36, -281, 1086, -36, 153, 153, 153
L -281, 1086, -36, -287, 1089, -36, 153, 153, 153
L -287, 1089, -36, -287, 1098, -36, 153, 153, 153
L -287, 1098, -36, -282, 1176, -36, 153, 153, 153
L -282, 1176, -36, -291, 1176, -36, 153, 153, 153
L -291, 1176, -36, -617, 1176, -73, 153, 153, 153
L -617, 1176, -73, -617, 1174, -75, 153, 153, 153
L -617, 1174, -75, -628, 1171, -76, 153, 153, 153
L -628, 1171, -76, -632, 1175, -76, 153, 153, 153
L -632, 1175, -76, -651, 1196, -76, 153, 153, 153
L -651, 1196, -76, -652, 1356, -76, 153, 153, 153
L -652, 1356, -76, -964, 1356, -136, 153, 153, 153
L -964, 1356, -136, -963, 1346, -134, 153, 153, 153
L -963, 1346, -134, -977, 1348, -136, 153, 153, 153
L -1437, 1151, -1561, -1437, 1151, -156, 153, 153, 153
L -1437, 1151, -156, -1437, 1176, -156, 153, 153, 153
L -1437, 1176, -156, -1419, 1177, -156, 153, 153, 153
L -1419, 1177, -156, -1418, 1199, -156, 153, 153, 153
L -1418, 1199, -156, -1437, 1202, -156, 153, 153, 153
L -1437, 1202, -156, -1437, 1226, -156, 153, 153, 153
L -1437, 1226, -156, -1338, 1226, -156, 153, 153, 153
L -1338, 1226, -156, -1336, 1218, -156, 153, 153, 153
L -1336, 1218, -156, -1328, 1211, -156, 153, 153, 153
L -1328, 1211, -156, -1322, 1088, -156, 153, 153, 153
L -1322, 1088, -156, -1303, 1086, -156, 153, 153, 153
L -1303, 1086, -156, -1293, 1091, -154, 153, 153, 153
L -1293, 1091, -154, -1283, 1092, -156, 153, 153, 153
L -1283, 1092, -156, -1281, 1096, -156, 153, 153, 153
L -1281, 1096, -156, -1236, 1111, -136, 153, 153, 153
L -1236, 1111, -136, -1237, 1176, -136, 153, 153, 153
L -1237, 1176, -136, -1219, 1176, -136, 153, 153, 153
L -1219, 1176, -136, -1217, 1196, -136, 153, 153, 153
L -1217, 1196, -136, -1212, 1195, -136, 153, 153, 153
L -1212, 1195, -136, -1212, 1205, -136, 153, 153, 153
L -1212, 1205, -136, -1217, 1215, -136, 153, 153, 153
L -1217, 1215, -136, -1217, 1463, -136, 153, 153, 153
L -1217, 1463, -136, -1212, 1461, -136, 153, 153, 153
L -1212, 1461, -136, -1197, 1473, -136, 153, 153, 153
L -1197, 1473, -136, -1125, 1476, -136, 153, 153, 153
L -1125, 1476, -136, -1098, 1474, -136, 153, 153, 153
L -1098, 1474, -136, -1079, 1471, -136, 153, 153, 153
L -1079, 1471, -136, -1061, 1494, -136, 153, 153, 153
L -1061, 1494, -136, -1003, 1496, -136, 153, 153, 153
L -1003, 1496, -136, -984, 1480, -136, 153, 153, 153
L -984, 1480, -136, -977, 1471, -136, 153, 153, 153
L -977, 1471, -136, -963, 1476, -136, 153, 153, 153
L -963, 1476, -136, -648, 1477, -76, 153, 153, 153
L -648, 1477, -76, -647, 1534, -76, 153, 153, 153
L -647, 1534, -76, -595, 1536, -76, 153, 153, 153
L -595, 1536, -76, -601, 1535, -76, 153, 153, 153
L -601, 1535, -76, -580, 1531, -76, 153, 153, 153
L -580, 1531, -76, -563, 1552, -76, 153, 153, 153
L -563, 1552, -76, -500, 1556, -76, 153, 153, 153
L -500, 1556, -76, -482, 1537, -76, 153, 153, 153
L -482, 1537, -76, -482, 1535, -76, 153, 153, 153
L -482, 1535, -76, -475, 1531, -76, 153, 153, 153
L -475, 1531, -76, -468, 1639, -76, 153, 153, 153
L -468, 1639, -76, -468, 1646, -76, 153, 153, 153
L -468, 1646, -76, -454, 1646, -76, 153, 153, 153
L -454, 1646, -76, -215, 1646, -16, 153, 153, 153
L -215, 1646, -16, -221, 1635, -16, 153, 153, 153
L -221, 1635, -16, -214, 1629, -15, 153, 153, 153
L -214, 1629, -15, -202, 1501, -16, 153, 153, 153
L -202, 1501, -16, -196, 1495, -16, 153, 153, 153
L -196, 1495, -16, -191, 1491, -16, 153, 153, 153
L -191, 1491, -16, -178, 1492, -16, 153, 153, 153
L -178, 1492, -16, -152, 1523, -16, 153, 153, 153
L -152, 1523, -16, -95, 1526, -16, 153, 153, 153
L -95, 1526, -16, -66, 1501, -16, 153, 153, 153
L -66, 1501, -16, -56, 1491, -16, 153, 153, 153
L -56, 1491, -16, 41, 1496, -16, 153, 153, 153
L 41, 1496, -16, 52, 1485, -16, 153, 153, 153
L 52, 1485, -16, 67, 1475, -16, 153, 153, 153
L 67, 1475, -16, 67, 1377, -16, 153, 153, 153
L 67, 1377, -16, 117, 1376, -16, 153, 153, 153
L 117, 1376, -16, 117, 1372, -16, 153, 153, 153
L 117, 1372, -16, 126, 1371, -16, 153, 153, 153
L 126, 1371, -16, 156, 1402, -16, 153, 153, 153
L 156, 1402, -16, 217, 1406, -16, 153, 153, 153
L 217, 1406, -16, 246, 1379, -16, 153, 153, 153
L 246, 1379, -16, 247, 1319, -16, 153, 153, 153
L 247, 1319, -16, 220, 1292, -16, 153, 153, 153
L 220, 1292, -16, 164, 1291, -16, 153, 153, 153
L 164, 1291, -16, 133, 1318, -16, 153, 153, 153
L 133, 1318, -16, 131, 1325, -16, 153, 153, 153
L 131, 1325, -16, 119, 1326, -16, 153, 153, 153
L 119, 1326, -16, 23, 1321, -16, 153, 153, 153
L 23, 1321, -16, 27, 1327, -16, 153, 153, 153
L 27, 1327, -16, 11, 1344, -16, 153, 153, 153
L 11, 1344, -16, 11, 1438, -16, 153, 153, 153
L 11, 1438, -16, -41, 1441, -16, 153, 153, 153
L -41, 1441, -16, -47, 1444, -16, 153, 153, 153
L -47, 1444, -16, -59, 1446, -16, 153, 153, 153
L -59, 1446, -16, -62, 1445, -16, 153, 153, 153
L -62, 1445, -16, -86, 1416, -16, 153, 153, 153
L -86, 1416, -16, -90, 1413, -16, 153, 153, 153
L -90, 1413, -16, -97, 1397, -16, 153, 153, 153
L -97, 1397, -16, -92, 1348, -16, 153, 153, 153
L -92, 1348, -16, -43, 1346, -16, 153, 153, 153
L -43, 1346, -16, -55, 1337, -16, 153, 153, 153
L -55, 1337, -16, -32, 1325, -12, 153, 153, 153
L -32, 1325, -12, -32, 1300, -16, 153, 153, 153
L -32, 1300, -16, -32, 1111, -16, 153, 153, 153
L -32, 1111, -16, -39, 1106, -16, 153, 153, 153
L -39, 1106, -16, -36, 1096, -16, 153, 153, 153
L -36, 1096, -16, -32, 1088, -16, 153, 153, 153
L -32, 1088, -16, -23, 1078, -16, 153, 153, 153
L -23, 1078, -16, -14, 1076, -16, 153, 153, 153
L -14, 1076, -16, 1, 1128, -16, 153, 153, 153
L 1, 1128, -16, 13, 1138, -16, 153, 153, 153
L 13, 1138, -16, 19, 1146, -16, 153, 153, 153
L 19, 1146, -16, 56, 1156, -16, 153, 153, 153
L 56, 1156, -16, 57, 1139, -16, 153, 153, 153
L 57, 1139, -16, 61, 1136, -16, 153, 153, 153
L 61, 1136, -16, 83, 1143, -26, 153, 153, 153
L 83, 1143, -26, 88, 1155, -26, 153, 153, 153
L 88, 1155, -26, 137, 1156, -26, 153, 153, 153
L 137, 1156, -26, 137, 1104, -26, 153, 153, 153
L 137, 1104, -26, 97, 1101, -26, 153, 153, 153
L 97, 1101, -26, 77, 1103, -26, 153, 153, 153
L 77, 1103, -26, 82, 1107, -26, 153, 153, 153
L 82, 1107, -26, 75, 1121, -22, 153, 153, 153
L 75, 1121, -22, 67, 1121, -16, 153, 153, 153
L 67, 1121, -16, 56, 1118, -16, 153, 153, 153
L 56, 1118, -16, 57, 1017, -16, 153, 153, 153
L 57, 1017, -16, 50, 1021, -16, 153, 153, 153
L 50, 1021, -16, 38, 1012, -16, 153, 153, 153
L 38, 1012, -16, -16, 1001, -16, 153, 153, 153
L -16, 1001, -16, -22, 1000, -16, 153, 153, 153
L -22, 1000, -16, -32, 990, -16, 153, 153, 153
L -32, 990, -16, -37, 970, -16, 153, 153, 153
L -37, 970, -16, -33, 961, -16, 153, 153, 153
L -33, 961, -16, -32, 817, -16, 153, 153, 153
L -32, 817, -16, -12, 816, -16, 153, 153, 153
L -12, 816, -16, -1, 812, -16, 153, 153, 153
L -1, 812, -16, 11, 812, -16, 153, 153, 153
L 11, 812, -16, 30, 836, -16, 153, 153, 153
L 30, 836, -16, 69, 836, -16, 153, 153, 153
L 69, 836, -16, 91, 834, -16, 153, 153, 153
L 91, 834, -16, 107, 814, -16, 153, 153, 153
L 107, 814, -16, 113, 811, -16, 153, 153, 153
L 113, 811, -16, 221, 816, -16, 153, 153, 153
L 221, 816, -16, 217, 814, -16, 153, 153, 153
L 217, 814, -16, 232, 800, -16, 153, 153, 153
L 232, 800, -16, 237, 736, -16, 153, 153, 153
L 237, 736, -16, 257, 718, -16, 153, 153, 153
L 257, 718, -16, 257, 661, -16, 153, 153, 153
L 257, 661, -16, 243, 646, -16, 153, 153, 153
L 243, 646, -16, 226, 641, -16, 153, 153, 153
L 226, 641, -16, 166, 655, -16, 153, 153, 153
L 166, 655, -16, 161, 673, -16, 153, 153, 153
L 161, 673, -16, 180, 737, -16, 153, 153, 153
L 180, 737, -16, 181, 753, -16, 153, 153, 153
L 181, 753, -16, 176, 763, -16, 153, 153, 153
L 176, 763, -16, 127, 761, -16, 153, 153, 153
L 127, 761, -16, 121, 765, -16, 153, 153, 153
L 121, 765, -16, 109, 766, -16, 153, 153, 153
L 109, 766, -16, 88, 741, -16, 153, 153, 153
L 88, 741, -16, 81, 736, -16, 153, 153, 153
L 81, 736, -16, 87, 710, -16, 153, 153, 153
L 87, 710, -16, 87, 568, -16, 153, 153, 153
L 87, 568, -16, 97, 558, -16, 153, 153, 153
L 97, 558, -16, 107, 512, -16, 153, 153, 153
L 107, 512, -16, 95, 498, -16, 153, 153, 153
L 95, 498, -16, 56, 491, -16, 153, 153, 153
L 56, 491, -16, 38, 503, -16, 153, 153, 153
L 38, 503, -16, -348, 511, -36, 153, 153, 153
L -348, 511, -36, -348, 614, -36, 153, 153, 153
L -348, 614, -36, -346, 626, -36, 153, 153, 153
L -346, 626, -36, -343, 634, -36, 153, 153, 153
L -343, 634, -36, -356, 648, -36, 153, 153, 153
L -356, 648, -36, -368, 711, -36, 153, 153, 153
L -368, 711, -36, -359, 727, -36, 153, 153, 153
L -359, 727, -36, -340, 741, -36, 153, 153, 153
L -340, 741, -36, -348, 763, -36, 153, 153, 153
L -348, 763, -36, -440, 771, -36, 153, 153, 153
L -440, 771, -36, -442, 659, -36, 153, 153, 153
L -442, 659, -36, -443, 666, -36, 153, 153, 153
L -443, 666, -36, -460, 646, -36, 153, 153, 153
L -460, 646, -36, -616, 641, -76, 153, 153, 153
L -616, 641, -76, -617, 642, -76, 153, 153, 153
L -617, 642, -76, -623, 646, -76, 153, 153, 153
L -623, 646, -76, -638, 633, -76, 153, 153, 153
L -638, 633, -76, -657, 620, -76, 153, 153, 153
L -657, 620, -76, -657, 607, -76, 153, 153, 153
L -657, 607, -76, -652, 567, -76, 153, 153, 153
L -652, 567, -76, -659, 568, -76, 153, 153, 153
L -659, 568, -76, -677, 552, -76, 153, 153, 153
L -677, 552, -76, -873, 551, -136, 153, 153, 153
L -873, 551, -136, -872, 561, -136, 153, 153, 153
L -872, 561, -136, -887, 569, -136, 153, 153, 153
L -887, 569, -136, -887, 826, -136, 153, 153, 153
L -887, 826, -136, -884, 826, -136, 153, 153, 153
L -884, 826, -136, -882, 833, -136, 153, 153, 153
L -882, 833, -136, -901, 854, -136, 153, 153, 153
L -901, 854, -136, -907, 861, -136, 153, 153, 153
L -907, 861, -136, -917, 866, -136, 153, 153, 153
L -917, 866, -136, -930, 861, -136, 153, 153, 153
L -930, 861, -136, -1217, 861, -136, 153, 153, 153
L -1217, 861, -136, -1217, 922, -136, 153, 153, 153
L -1217, 922, -136, -1215, 926, -136, 153, 153, 153
L -1215, 926, -136, -1212, 928, -136, 153, 153, 153
L -1212, 928, -136, -1212, 937, -136, 153, 153, 153
L -1212, 937, -136, -1217, 954, -136, 153, 153, 153
L -1217, 954, -136, -1236, 961, -136, 153, 153, 153
L -1236, 961, -136, -1244, 1041, -141, 153, 153, 153
L -1244, 1041, -141, -1245, 1031, -156, 153, 153, 153
L -1245, 1031, -156, -1288, 1031, -156, 153, 153, 153
L -1288, 1031, -156, -1280, 1040, -156, 153, 153, 153
L -1280, 1040, -156, -1294, 1047, -156, 153, 153, 153
L -1294, 1047, -156, -1300, 1052, -156, 153, 153, 153
L -1300, 1052, -156, -1314, 1051, -156, 153, 153, 153
L -1314, 1051, -156, -1322, 1049, -156, 153, 153, 153
L -1322, 1049, -156, -1322, 1035, -156, 153, 153, 153
L -1322, 1035, -156, -1358, 1031, -156, 153, 153, 153
L -1358, 1031, -156, -1362, 1039, -156, 153, 153, 153
L -1362, 1039, -156, -1369, 1045, -155, 153, 153, 153
L -1369, 1045, -155, -1377, 1147, -156, 153, 153, 153
L -1377, 1147, -156, -1437, 1151, -156, 153, 153, 153
L -618, 1121, -751, -618, 1121, -75, 153, 153, 153
L -618, 1121, -75, -618, 1124, -75, 153, 153, 153
L -618, 1124, -75, -629, 1126, -76, 153, 153, 153
L -629, 1126, -76, -635, 1119, -76, 153, 153, 153
L -635, 1119, -76, -653, 1101, -76, 153, 153, 153
L -653, 1101, -76, -656, 1101, -76, 153, 153, 153
L -656, 1101, -76, -657, 1093, -76, 153, 153, 153
L -657, 1093, -76, -656, 1087, -76, 153, 153, 153
L -656, 1087, -76, -612, 1086, -76, 153, 153, 153
L -612, 1086, -76, -607, 1079, -76, 153, 153, 153
L -607, 1079, -76, -600, 1071, -76, 153, 153, 153
L -600, 1071, -76, -592, 955, -76, 153, 153, 153
L -592, 955, -76, -588, 951, -76, 153, 153, 153
L -588, 951, -76, -571, 956, -72, 153, 153, 153
L -571, 956, -72, -340, 956, -36, 153, 153, 153
L -340, 956, -36, -338, 975, -36, 153, 153, 153
L -338, 975, -36, -333, 985, -36, 153, 153, 153
L -333, 985, -36, -358, 1010, -36, 153, 153, 153
L -358, 1010, -36, -358, 1065, -36, 153, 153, 153
L -358, 1065, -36, -347, 1079, -36, 153, 153, 153
L -347, 1079, -36, -333, 1096, -36, 153, 153, 153
L -333, 1096, -36, -338, 1110, -36, 153, 153, 153
L -338, 1110, -36, -618, 1121, -75, 153, 153, 153
L -578, 901, -751, -578, 901, -75, 153, 153, 153
L -578, 901, -75, -578, 904, -75, 153, 153, 153
L -578, 904, -75, -587, 906, -76, 153, 153, 153
L -587, 906, -76, -592, 852, -76, 153, 153, 153
L -592, 852, -76, -648, 841, -76, 153, 153, 153
L -648, 841, -76, -652, 731, -76, 153, 153, 153
L -652, 731, -76, -658, 728, -76, 153, 153, 153
L -658, 728, -76, -657, 722, -76, 153, 153, 153
L -657, 722, -76, -638, 703, -76, 153, 153, 153
L -638, 703, -76, -632, 694, -76, 153, 153, 153
L -632, 694, -76, -606, 696, -76, 153, 153, 153
L -606, 696, -76, -498, 697, -36, 153, 153, 153
L -498, 697, -36, -498, 805, -36, 153, 153, 153
L -498, 805, -36, -489, 811, -36, 153, 153, 153
L -489, 811, -36, -476, 826, -36, 153, 153, 153
L -476, 826, -36, -314, 826, -36, 153, 153, 153
L -314, 826, -36, -308, 823, -36, 153, 153, 153
L -308, 823, -36, -292, 801, -36, 153, 153, 153
L -292, 801, -36, -292, 760, -36, 153, 153, 153
L -292, 760, -36, -297, 749, -36, 153, 153, 153
L -297, 749, -36, -295, 735, -36, 153, 153, 153
L -295, 735, -36, -272, 717, -36, 153, 153, 153
L -272, 717, -36, -261, 711, -36, 153, 153, 153
L -261, 711, -36, -236, 716, -36, 153, 153, 153
L -236, 716, -36, -208, 717, -36, 153, 153, 153
L -208, 717, -36, -208, 816, -36, 153, 153, 153
L -208, 816, -36, -90, 816, -16, 153, 153, 153
L -90, 816, -16, -88, 966, -16, 153, 153, 153
L -88, 966, -16, -84, 967, -16, 153, 153, 153
L -84, 967, -16, -87, 983, -16, 153, 153, 153
L -87, 983, -16, -91, 993, -16, 153, 153, 153
L -91, 993, -16, -110, 1011, -16, 153, 153, 153
L -110, 1011, -16, -113, 1012, -16, 153, 153, 153
L -113, 1012, -16, -133, 1014, -16, 153, 153, 153
L -133, 1014, -16, -140, 1011, -16, 153, 153, 153
L -140, 1011, -16, -248, 1011, -36, 153, 153, 153
L -248, 1011, -36, -251, 1016, -36, 153, 153, 153
L -251, 1016, -36, -261, 1016, -36, 153, 153, 153
L -261, 1016, -36, -281, 991, -36, 153, 153, 153
L -281, 991, -36, -288, 989, -36, 153, 153, 153
L -288, 989, -36, -286, 977, -36, 153, 153, 153
L -286, 977, -36, -282, 971, -36, 153, 153, 153
L -282, 971, -36, -282, 937, -36, 153, 153, 153
L -282, 937, -36, -288, 918, -36, 153, 153, 153
L -288, 918, -36, -308, 901, -36, 153, 153, 153
L -308, 901, -36, -578, 901, -73, 153, 153, 153
L -291, 641, -362, -291, 641, -36, 153, 153, 153
L -291, 641, -36, -297, 640, -36, 153, 153, 153
L -297, 640, -36, -295, 625, -36, 153, 153, 153
L -295, 625, -36, -290, 566, -36, 153, 153, 153
L -290, 566, -36, 29, 567, -16, 153, 153, 153
L 29, 567, -16, 31, 725, -16, 153, 153, 153
L 31, 725, -16, 32, 719, -16, 153, 153, 153
L 32, 719, -16, 36, 739, -16, 153, 153, 153
L 36, 739, -16, 12, 759, -16, 153, 153, 153
L 12, 759, -16, 11, 765, -16, 153, 153, 153
L 11, 765, -16, 0, 766, -16, 153, 153, 153
L 0, 766, -16, -149, 761, -35, 153, 153, 153
L -149, 761, -35, -152, 678, -36, 153, 153, 153
L -152, 678, -36, -162, 677, -36, 153, 153, 153
L -162, 677, -36, -166, 673, -34, 153, 153, 153
L -166, 673, -34, -258, 661, -36, 153, 153, 153
L -258, 661, -36, -266, 666, -36, 153, 153, 153
L -266, 666, -36, -268, 666, -36, 153, 153, 153
L -268, 666, -36, -274, 658, -36, 153, 153, 153
L -274, 658, -36, -291, 641, -36, 153, 153, 153
L 237, 1156, 37, 237, 1156, 3, 153, 153, 153
L 237, 1156, 3, 170, 1156, 3, 153, 153, 153
L 170, 1156, 3, 152, 1146, -12, 153, 153, 153
L 152, 1146, -12, 145, 1146, -12, 153, 153, 153
L 145, 1146, -12, 145, 1111, -12, 153, 153, 153
L 145, 1111, -12, 160, 1111, -12, 153, 153, 153
L 160, 1111, -12, 168, 1101, 3, 153, 153, 153
L 168, 1101, 3, 199, 1101, 3, 153, 153, 153
L 199, 1101, 3, 201, 1061, 3, 153, 153, 153
L 201, 1061, 3, 237, 1061, 3, 153, 153, 153
L 237, 1061, 3, 237, 1070, 3, 153, 153, 153
L 237, 1070, 3, 245, 1071, 3, 153, 153, 153
L 245, 1071, 3, 259, 1071, 3, 153, 153, 153
L 259, 1071, 3, 261, 1043, 3, 153, 153, 153
L 261, 1043, 3, 267, 1053, 3, 153, 153, 153
L 267, 1053, 3, 277, 1035, 3, 153, 153, 153
L 277, 1035, 3, 295, 1031, 3, 153, 153, 153
L 295, 1031, 3, 297, 1060, 3, 153, 153, 153
L 297, 1060, 3, 398, 1061, 3, 153, 153, 153
L 398, 1061, 3, 481, 981, 3, 153, 153, 153
L 481, 981, 3, 481, 880, 3, 153, 153, 153
L 481, 880, 3, 451, 875, 3, 153, 153, 153
L 451, 875, 3, 451, 853, 3, 153, 153, 153
L 451, 853, 3, 460, 855, 3, 153, 153, 153
L 460, 855, 3, 467, 843, 3, 153, 153, 153
L 467, 843, 3, 490, 841, 3, 153, 153, 153
L 490, 841, 3, 491, 839, 3, 153, 153, 153
L 491, 839, 3, 491, 824, 3, 153, 153, 153
L 491, 824, 3, 488, 814, 3, 153, 153, 153
L 488, 814, 3, 481, 816, 3, 153, 153, 153
L 481, 816, 3, 481, 727, 3, 153, 153, 153
L 481, 727, 3, 477, 726, 3, 153, 153, 153
L 477, 726, 3, 470, 725, 3, 153, 153, 153
L 470, 725, 3, 469, 726, 3, 153, 153, 153
L 469, 726, 3, 467, 736, 3, 153, 153, 153
L 467, 736, 3, 423, 736, 3, 153, 153, 153
L 423, 736, 3, 425, 728, 3, 153, 153, 153
L 425, 728, 3, 411, 718, 4, 153, 153, 153
L 411, 718, 4, 391, 716, 3, 153, 153, 153
L 391, 716, 3, 391, 641, 3, 153, 153, 153
L 391, 641, 3, 411, 639, 3, 153, 153, 153
L 411, 639, 3, 411, 622, 3, 153, 153, 153
L 411, 622, 3, 419, 621, 3, 153, 153, 153
L 419, 621, 3, 421, 617, 3, 153, 153, 153
L 421, 617, 3, 416, 606, 3, 153, 153, 153
L 416, 606, 3, 414, 606, 3, 153, 153, 153
L 414, 606, 3, 411, 571, 3, 153, 153, 153
L 411, 571, 3, 577, 571, 3, 153, 153, 153
L 577, 571, 3, 577, 619, 3, 153, 153, 153
L 577, 619, 3, 583, 623, 3, 153, 153, 153
L 583, 623, 3, 590, 629, 3, 153, 153, 153
L 590, 629, 3, 597, 629, 3, 153, 153, 153
L 597, 629, 3, 601, 627, 13, 153, 153, 153
L 601, 627, 13, 601, 609, 13, 153, 153, 153
L 601, 609, 13, 609, 601, 13, 153, 153, 153
L 609, 601, 13, 611, 593, 13, 153, 153, 153
L 611, 593, 13, 611, 578, 11, 153, 153, 153
L 611, 578, 11, 601, 577, 9, 153, 153, 153
L 601, 577, 9, 600, 427, 3, 153, 153, 153
L 600, 427, 3, 598, 425, 3, 153, 153, 153
L 598, 425, 3, 588, 411, 3, 153, 153, 153
L 588, 411, 3, 584, 411, 3, 153, 153, 153
L 584, 411, 3, 580, 407, 3, 153, 153, 153
L 580, 407, 3, 527, 407, 3, 153, 153, 153
L 527, 407, 3, 527, 447, 3, 153, 153, 153
L 527, 447, 3, 443, 447, 3, 153, 153, 153
L 443, 447, 3, 444, 436, 6, 153, 153, 153
L 444, 436, 6, 442, 430, 3, 153, 153, 153
L 442, 430, 3, 431, 343, 3, 153, 153, 153
L 431, 343, 3, 435, 352, 3, 153, 153, 153
L 435, 352, 3, 448, 331, 8, 153, 153, 153
L 448, 331, 8, 514, 331, 3, 153, 153, 153
L 514, 331, 3, 527, 369, 3, 153, 153, 153
L 527, 369, 3, 579, 371, 3, 153, 153, 153
L 579, 371, 3, 587, 366, 3, 153, 153, 153
L 587, 366, 3, 598, 354, 3, 153, 153, 153
L 598, 354, 3, 634, 355, 3, 153, 153, 153
L 634, 355, 3, 665, 366, 3, 153, 153, 153
L 665, 366, 3, 750, 366, 43, 153, 153, 153
L 750, 366, 43, 751, 178, 43, 153, 153, 153
L 751, 178, 43, 749, 177, 43, 153, 153, 153
L 749, 177, 43, 745, 171, 43, 153, 153, 153
L 745, 171, 43, 731, 152, 43, 153, 153, 153
L 731, 152, 43, 731, 126, 43, 153, 153, 153
L 731, 126, 43, 741, 125, 43, 153, 153, 153
L 741, 125, 43, 741, 29, 77, 153, 153, 153
L 761, 37, 637, 761, 37, 63, 153, 153, 153
L 761, 37, 63, 796, 37, 63, 153, 153, 153
L 796, 37, 63, 796, 25, 63, 153, 153, 153
L 796, 25, 63, 805, 20, 63, 153, 153, 153
L 805, 20, 63, 821, 19, 63, 153, 153, 153
L 821, 19, 63, 836, 0, 63, 153, 153, 153
L 836, 0, 63, 836, -36, 63, 153, 153, 153
L 836, -36, 63, 876, -43, 85, 153, 153, 153
L 876, -43, 85, 876, -78, 85, 153, 153, 153
L 876, -78, 85, 897, -82, 83, 153, 153, 153
L 897, -82, 83, 926, -102, 83, 153, 153, 153
L 926, -102, 83, 970, -70, 83, 153, 153, 153
L 970, -70, 83, 965, -57, 89, 153, 153, 153
L 965, -57, 89, 1009, -13, 83, 153, 153, 153
L 1009, -13, 83, 1037, -5, 121, 153, 153, 153
L 1037, -5, 121, 1065, -8, 143, 153, 153, 153
L 1065, -8, 143, 1096, -16, 84, 153, 153, 153
L 1096, -16, 84, 1137, 24, 83, 153, 153, 153
L 1137, 24, 83, 1157, 68, 83, 153, 153, 153
L 1157, 68, 83, 1237, 135, 83, 153, 153, 153
L 1237, 135, 83, 1258, 152, 75, 153, 153, 153
L 1258, 152, 75, 1290, 149, 73, 153, 153, 153
L 1290, 149, 73, 1346, 58, 73, 153, 153, 153
L 1346, 58, 73, 1346, 14, 73, 153, 153, 153
L 1346, 14, 73, 1297, -58, 115, 153, 153, 153
L 1297, -58, 115, 1243, -76, 111, 153, 153, 153
L 1243, -76, 111, 1191, -93, 89, 153, 153, 153
L 1191, -93, 89, 1169, -103, 92, 153, 153, 153
L 1169, -103, 92, 1228, -135, 101, 153, 153, 153
L 1228, -135, 101, 1260, -169, 103, 153, 153, 153
L 1260, -169, 103, 1333, -163, 123, 153, 153, 153
L 1333, -163, 123, 1393, -199, 122, 153, 153, 153
L 1393, -199, 122, 1396, -227, 123, 153, 153, 153
L 1396, -227, 123, 1369, -293, 119, 153, 153, 153
L 1369, -293, 119, 1396, -369, 123, 153, 153, 153
L 1396, -369, 123, 1434, -381, 121, 153, 153, 153
L 1434, -381, 121, 1493, -410, 152, 153, 153, 153
L 1493, -410, 152, 1516, -423, 149, 153, 153, 153
L 1516, -423, 149, 1521, -442, 123, 153, 153, 153
L 1521, -442, 123, 1604, -404, 103, 153, 153, 153
L 1604, -404, 103, 1602, -355, 102, 153, 153, 153
L 1602, -355, 102, 1610, -311, 87, 153, 153, 153
L 1610, -311, 87, 1618, -272, 73, 153, 153, 153
L 1618, -272, 73, 1641, -254, 63, 153, 153, 153
L 1641, -254, 63, 1641, -186, 63, 153, 153, 153
L 1641, -186, 63, 1673, -115, 63, 153, 153, 153
L 1673, -115, 63, 1716, -102, 63, 153, 153, 153
L 1716, -102, 63, 1754, -176, 63, 153, 153, 153
L 1754, -176, 63, 1773, -214, 101, 153, 153, 153
L 1773, -214, 101, 1795, -260, 101, 153, 153, 153
L 1795, -260, 101, 1770, -285, 82, 153, 153, 153
L 1770, -285, 82, 1739, -316, 82, 153, 153, 153
L 1739, -316, 82, 1736, -367, 100, 153, 153, 153
L 1736, -367, 100, 1736, -429, 103, 153, 153, 153
L 1736, -429, 103, 1707, -453, 103, 153, 153, 153
L 1707, -453, 103, 1662, -458, 103, 153, 153, 153
L 1662, -458, 103, 1600, -553, 103, 153, 153, 153
L 1600, -553, 103, 1558, -557, 114, 153, 153, 153
L 1558, -557, 114, 1522, -539, 122, 153, 153, 153
L 1522, -539, 122, 1483, -546, 123, 153, 153, 153
L 1483, -546, 123, 1403, -594, 123, 153, 153, 153
L 1403, -594, 123, 1382, -613, 127, 153, 153, 153
L 1382, -613, 127, 1373, -617, 129, 153, 153, 153
L 1373, -617, 129, 1319, -656, 147, 153, 153, 153
L 1319, -656, 147, 1278, -717, 163, 153, 153, 153
L 1278, -717, 163, 1267, -777, 190, 153, 153, 153
L 1267, -777, 190, 1237, -778, 193, 153, 153, 153
L 1237, -778, 193, 1177, -888, 195, 153, 153, 153
L 1177, -888, 195, 1149, -895, 198, 153, 153, 153
L 1149, -895, 198, 1128, -916, 208, 153, 153, 153
L 1128, -916, 208, 1096, -949, 213, 153, 153, 153
L 1096, -949, 213, 1054, -988, 192, 153, 153, 153
L 1054, -988, 192, 1021, -997, 184, 153, 153, 153
L 1021, -997, 184, 945, -1081, 165, 153, 153, 153
L 945, -1081, 165, 938, -1096, 163, 153, 153, 153
L 938, -1096, 163, 909, -1097, 155, 153, 153, 153
L 909, -1097, 155, 834, -1077, 131, 153, 153, 153
L 834, -1077, 131, 808, -1077, 124, 153, 153, 153
L 808, -1077, 124, 793, -1069, 121, 153, 153, 153
L 793, -1069, 121, 781, -1057, 123, 153, 153, 153
L 781, -1057, 123, 774, -1059, 123, 153, 153, 153
L 774, -1059, 123, 766, -1064, 123, 153, 153, 153
L 766, -1064, 123, 768, -1162, 123, 153, 153, 153
L 768, -1162, 123, 786, -1162, 123, 153, 153, 153
L 786, -1162, 123, 796, -1164, 123, 153, 153, 153
L 796, -1164, 123, 810, -1182, 123, 153, 153, 153
L 810, -1182, 123, 821, -1181, 123, 153, 153, 153
L 821, -1181, 123, 831, -1169, 123, 153, 153, 153
L 831, -1169, 123, 848, -1162, 123, 153, 153, 153
L 848, -1162, 123, 879, -1142, 123, 153, 153, 153
L 879, -1142, 123, 972, -1142, 123, 153, 153, 153
L 972, -1142, 123, 1010, -1154, 123, 153, 153, 153
L 1010, -1154, 123, 1070, -1162, 123, 153, 153, 153
L 1070, -1162, 123, 1072, -1171, 123, 153, 153, 153
L 1072, -1171, 123, 1087, -1174, 123, 153, 153, 153
L 1087, -1174, 123, 1242, -1172, 170, 153, 153, 153
L 1242, -1172, 170, 1288, -1172, 183, 153, 153, 153
L 1288, -1172, 183, 1306, -1170, 183, 153, 153, 153
L 1306, -1170, 183, 1359, -1162, 183, 153, 153, 153
L 1359, -1162, 183, 1361, -980, 183, 153, 153, 153
L 1361, -980, 183, 1368, -979, 183, 153, 153, 153
L 1368, -979, 183, 1375, -975, 185, 153, 153, 153
L 1375, -975, 185, 1476, -962, 183, 153, 153, 153
L 1476, -962, 183, 1476, -969, 183, 153, 153, 153
L 1476, -969, 183, 1483, -973, 183, 153, 153, 153
L 1483, -973, 183, 1502, -972, 186, 153, 153, 153
L 1502, -972, 186, 1509, -976, 183, 153, 153, 153
L 1509, -976, 183, 1519, -967, 183, 153, 153, 153
L 1519, -967, 183, 1612, -962, 183, 153, 153, 153
L 1612, -962, 183, 1616, -968, 183, 153, 153, 153
L 1616, -968, 183, 1629, -972, 183, 153, 153, 153
L 1629, -972, 183, 1632, -972, 183, 153, 153, 153
L 1632, -972, 183, 1660, -965, 183, 153, 153, 153
L 1660, -965, 183, 1753, -962, 183, 153, 153, 153
L 1753, -962, 183, 1761, -970, 183, 153, 153, 153
L 1761, -970, 183, 1779, -972, 183, 153, 153, 153
L 1779, -972, 183, 1796, -972, 183, 153, 153, 153
L 1796, -972, 183, 1801, -965, 183, 153, 153, 153
L 1801, -965, 183, 1896, -962, 183, 153, 153, 153
L 1896, -962, 183, 1896, -1059, 183, 153, 153, 153
L 1896, -1059, 183, 1883, -1061, 183, 153, 153, 153
L 1883, -1061, 183, 1878, -1072, 183, 153, 153, 153
L 1878, -1072, 183, 1869, -1077, 183, 153, 153, 153
L 1869, -1077, 183, 1866, -1080, 183, 153, 153, 153
L 1866, -1080, 183, 1866, -1086, 183, 153, 153, 153
L 1866, -1086, 183, 1891, -1092, 183, 153, 153, 153
L 1891, -1092, 183, 1896, -1187, 183, 153, 153, 153
L 1896, -1187, 183, 1881, -1237, 183, 153, 153, 153
L 1881, -1237, 183, 1881, -1222, 183, 153, 153, 153
L 1881, -1222, 183, 1871, -1217, 183, 153, 153, 153
L 1870, -1217, 1836, 1870, -1217, 183, 153, 153, 153
L 1870, -1217, 183, 1867, -1216, 183, 153, 153, 153
L 1867, -1216, 183, 1852, -1216, 185, 153, 153, 153
L 1852, -1216, 185, 1849, -1217, 183, 153, 153, 153
L 1849, -1217, 183, 1846, -1217, 183, 153, 153, 153
L 1846, -1217, 183, 1841, -1215, 183, 153, 153, 153
L 1841, -1215, 183, 1836, -1219, 183, 153, 153, 153
L 1836, -1219, 183, 1834, -1237, 183, 153, 153, 153
L 1834, -1237, 183, 1830, -1237, 183, 153, 153, 153
L 1830, -1237, 183, 1821, -1092, 183, 153, 153, 153
L 1821, -1092, 183, 1850, -1091, 183, 153, 153, 153
L 1850, -1091, 183, 1851, -1087, 183, 153, 153, 153
L 1850, -1087, 1836, 1850, -1087, 183, 153, 153, 153
L 1850, -1087, 183, 1851, -1080, 183, 153, 153, 153
L 1851, -1080, 183, 1830, -1077, 183, 153, 153, 153
L 1830, -1077, 183, 1801, -1072, 183, 153, 153, 153
L 1801, -1072, 183, 1780, -1067, 183, 153, 153, 153
L 1780, -1067, 183, 1777, -1068, 183, 153, 153, 153
L 1777, -1068, 183, 1760, -1077, 183, 153, 153, 153
L 1760, -1077, 183, 1754, -1429, 183, 153, 153, 153
L 1754, -1429, 183, 1756, -1516, 173, 153, 153, 153
L 1756, -1516, 173, 1756, -1524, 173, 153, 153, 153
L 1756, -1524, 173, 1755, -1544, 173, 153, 153, 153
L 1755, -1544, 173, 1782, -1546, 173, 153, 153, 153
L 1782, -1546, 173, 1781, -1486, 173, 153, 153, 153
L 1781, -1486, 173, 1815, -1509, 173, 153, 153, 153
L 1815, -1509, 173, 1816, -1607, 173, 153, 153, 153
L 1816, -1607, 173, 1757, -1707, 173, 153, 153, 153
L 1757, -1707, 173, 1639, -1707, 173, 153, 153, 153
L 1639, -1707, 173, 1603, -1671, 173, 153, 153, 153
L 1603, -1671, 173, 1601, -1568, 173, 153, 153, 153
L 1601, -1568, 173, 1632, -1478, 173, 153, 153, 153
L 1632, -1478, 173, 1636, -1519, 173, 153, 153, 153
L 1636, -1519, 173, 1638, -1547, 189, 153, 153, 153
L 1638, -1547, 189, 1634, -1555, 173, 153, 153, 153
L 1634, -1555, 173, 1660, -1531, 173, 153, 153, 153
L 1660, -1531, 173, 1661, -1435, 181, 153, 153, 153
L 1661, -1435, 181, 1661, -1079, 183, 153, 153, 153
L 1661, -1079, 183, 1641, -1077, 183, 153, 153, 153
L 1641, -1077, 183, 1641, -1070, 183, 153, 153, 153
L 1641, -1070, 183, 1626, -1067, 183, 153, 153, 153
L 1626, -1067, 183, 1613, -1077, 183, 153, 153, 153
L 1613, -1077, 183, 1517, -1077, 183, 153, 153, 153
L 1517, -1077, 183, 1518, -1070, 183, 153, 153, 153
L 1518, -1070, 183, 1496, -1067, 183, 153, 153, 153
L 1496, -1067, 183, 1478, -1067, 183, 153, 153, 153
L 1478, -1067, 183, 1476, -1265, 183, 153, 153, 153
L 1476, -1265, 183, 1469, -1257, 183, 153, 153, 153
L 1469, -1257, 183, 1453, -1273, 183, 153, 153, 153
L 1453, -1273, 183, 1347, -1277, 183, 153, 153, 153
L 1347, -1277, 183, 1299, -1271, 193, 153, 153, 153
L 1299, -1271, 193, 1266, -1265, 180, 153, 153, 153
L 1266, -1265, 180, 1150, -1267, 141, 153, 153, 153
L 1150, -1267, 141, 1071, -1270, 123, 153, 153, 153
L 1071, -1270, 123, 1018, -1277, 123, 153, 153, 153
L 1018, -1277, 123, 996, -1297, 123, 153, 153, 153
L 996, -1297, 123, 987, -1298, 123, 153, 153, 153
L 987, -1298, 123, 981, -1304, 123, 153, 153, 153
L 981, -1304, 123, 988, -1332, 123, 153, 153, 153
L 988, -1332, 123, 983, -1336, 123, 153, 153, 153
L 983, -1336, 123, 982, -1361, 123, 153, 153, 153
L 982, -1361, 123, 986, -1519, 183, 153, 153, 153
L 986, -1519, 183, 982, -1534, 183, 153, 153, 153
L 982, -1534, 183, 994, -1548, 183, 153, 153, 153
L 994, -1548, 183, 996, -1658, 183, 153, 153, 153
L 996, -1658, 183, 983, -1697, 183, 153, 153, 153
L 983, -1697, 183, 977, -1697, 183, 153, 153, 153
L 977, -1697, 183, 977, -1742, 183, 153, 153, 153
L 977, -1742, 183, 984, -1757, 183, 153, 153, 153
L 984, -1757, 183, 996, -1758, 183, 153, 153, 153
L 996, -1758, 183, 996, -1760, 183, 153, 153, 153
L 996, -1760, 183, 1012, -1762, 183, 153, 153, 153
L 1012, -1762, 183, 1020, -1761, 183, 153, 153, 153
L 1020, -1761, 183, 1043, -1745, 183, 153, 153, 153
L 1043, -1745, 183, 1075, -1742, 183, 153, 153, 153
L 1075, -1742, 183, 1098, -1753, 183, 153, 153, 153
L 1098, -1753, 183, 1137, -1752, 175, 153, 153, 153
L 1137, -1752, 175, 1201, -1690, 163, 153, 153, 153
L 1201, -1690, 163, 1201, -1583, 163, 153, 153, 153
L 1201, -1583, 163, 1270, -1582, 163, 153, 153, 153
L 1270, -1582, 163, 1316, -1680, 163, 153, 153, 153
L 1316, -1680, 163, 1377, -1741, 163, 153, 153, 153
L 1377, -1741, 163, 1476, -1742, 163, 153, 153, 153
L 1476, -1742, 163, 1476, -1857, 163, 153, 153, 153
L 1476, -1857, 163, 1382, -1857, 163, 153, 153, 153
L 1382, -1857, 163, 1319, -1915, 163, 153, 153, 153
L 1319, -1915, 163, 1316, -2004, 163, 153, 153, 153
L 1316, -2004, 163, 1201, -2017, 163, 153, 153, 153
L 1201, -2017, 163, 1201, -1913, 163, 153, 153, 153
L 1201, -1913, 163, 1144, -1851, 173, 153, 153, 153
L 1144, -1851, 173, 1106, -1847, 181, 153, 153, 153
L 1106, -1847, 181, 1093, -1852, 183, 153, 153, 153
L 1093, -1852, 183, 1036, -1857, 183, 153, 153, 153
L 1036, -1857, 183, 1040, -1854, 183, 153, 153, 153
L 1040, -1854, 183, 1022, -1839, 183, 153, 153, 153
L 1022, -1839, 183, 1010, -1837, 183, 153, 153, 153
L 1010, -1837, 183, 996, -1857, 183, 153, 153, 153
L 996, -1857, 183, 915, -1857, 183, 153, 153, 153
L 915, -1857, 183, 881, -1767, 183, 153, 153, 153
L 881, -1767, 183, 892, -1756, 183, 153, 153, 153
L 892, -1756, 183, 898, -1743, 183, 153, 153, 153
L 898, -1743, 183, 901, -1718, 183, 153, 153, 153
L 901, -1718, 183, 887, -1696, 183, 153, 153, 153
L 887, -1696, 183, 881, -1547, 183, 153, 153, 153
L 881, -1547, 183, 889, -1547, 183, 153, 153, 153
L 889, -1547, 183, 891, -1508, 178, 153, 153, 153
L 891, -1508, 178, 891, -1365, 123, 153, 153, 153
L 891, -1365, 123, 899, -1353, 123, 153, 153, 153
L 899, -1353, 123, 891, -1333, 123, 153, 153, 153
L 891, -1333, 123, 899, -1322, 123, 153, 153, 153
L 899, -1322, 123, 899, -1305, 123, 153, 153, 153
L 899, -1305, 123, 889, -1297, 123, 153, 153, 153
L 889, -1297, 123, 859, -1277, 123, 153, 153, 153
L 859, -1277, 123, 841, -1277, 123, 153, 153, 153
L 841, -1277, 123, 831, -1271, 123, 153, 153, 153
L 831, -1271, 123, 814, -1256, 123, 153, 153, 153
L 814, -1256, 123, 807, -1258, 123, 153, 153, 153
L 807, -1258, 123, 794, -1272, 123, 153, 153, 153
L 794, -1272, 123, 778, -1277, 123, 153, 153, 153
L 778, -1277, 123, 751, -1277, 123, 153, 153, 153
L 751, -1277, 123, 742, -1267, 123, 153, 153, 153
L 742, -1267, 123, 736, -1295, 127, 153, 153, 153
L 736, -1295, 127, 715, -1297, 127, 153, 153, 153
L 715, -1297, 127, 683, -1281, 127, 153, 153, 153
L 683, -1281, 127, 681, -1242, 127, 153, 153, 153
L 681, -1242, 127, 703, -1242, 127, 153, 153, 153
L 703, -1242, 127, 711, -1238, 126, 153, 153, 153
L 711, -1238, 126, 711, -1229, 123, 153, 153, 153
L 711, -1229, 123, 704, -1226, 123, 153, 153, 153
L 704, -1226, 123, 701, -1192, 123, 153, 153, 153
L 701, -1192, 123, 709, -1162, 123, 153, 153, 153
L 709, -1162, 123, 711, -1068, 123, 153, 153, 153
L 711, -1068, 123, 700, -1058, 121, 153, 153, 153
L 700, -1058, 121, 690, -1057, 123, 153, 153, 153
L 690, -1057, 123, 679, -1071, 123, 153, 153, 153
L 679, -1071, 123, 623, -1113, 125, 153, 153, 153
L 623, -1113, 125, 571, -1117, 123, 153, 153, 153
L 571, -1117, 123, 477, -1074, 123, 153, 153, 153
L 477, -1074, 123, 443, -1041, 123, 153, 153, 153
L 443, -1041, 123, 404, -1020, 123, 153, 153, 153
L 404, -1020, 123, 387, -1005, 123, 153, 153, 153
L 387, -1005, 123, 306, -960, 123, 153, 153, 153
L 306, -960, 123, 284, -917, 123, 153, 153, 153
L 284, -917, 123, 284, -930, 140, 153, 153, 153
L 284, -930, 140, 267, -958, 142, 153, 153, 153
L 267, -958, 142, 249, -1012, 123, 153, 153, 153
L 249, -1012, 123, 209, -1025, 123, 153, 153, 153
L 209, -1025, 123, 201, -1026, 123, 153, 153, 153
L 201, -1026, 123, 162, -1022, 116, 153, 153, 153
L 162, -1022, 116, 125, -1007, 113, 153, 153, 153
L 125, -1007, 113, 88, -982, 113, 153, 153, 153
L 88, -982, 113, 81, -969, 113, 153, 153, 153
L 81, -969, 113, 102, -926, 113, 153, 153, 153
L 102, -926, 113, 141, -908, 113, 153, 153, 153
L 141, -908, 113, 121, -874, 136, 153, 153, 153
L 121, -874, 136, 120, -867, 134, 153, 153, 153
L 120, -867, 134, 87, -845, 113, 153, 153, 153
L 87, -845, 113, 62, -822, 106, 153, 153, 153
L 62, -822, 106, 7, -782, 99, 153, 153, 153
L 7, -782, 99, 1, -751, 98, 153, 153, 153
L 1, -751, 98, 9, -696, 98, 153, 153, 153
L 9, -696, 98, 71, -647, 105, 153, 153, 153
L 71, -647, 105, 129, -625, 120, 153, 153, 153
L 129, -625, 120, 161, -630, 123, 153, 153, 153
L 161, -630, 123, 239, -602, 158, 153, 153, 153
L 239, -602, 158, 251, -591, 146, 153, 153, 153
L 251, -591, 146, 226, -509, 123, 153, 153, 153
L 226, -509, 123, 221, -481, 123, 153, 153, 153
L 221, -481, 123, 182, -401, 123, 153, 153, 153
L 182, -401, 123, 181, -312, 118, 153, 153, 153
L 181, -312, 118, 131, -167, 93, 153, 153, 153
L 131, -167, 93, 121, -12, 83, 153, 153, 153
L 121, -12, 83, 117, 22, 86, 153, 153, 153
L 117, 22, 86, 19, 65, 73, 153, 153, 153
L 19, 65, 73, -17, 159, 44, 153, 153, 153
L -17, 159, 44, -16, 241, 23, 153, 153, 153
L -16, 241, 23, 59, 393, 42, 153, 153, 153
L 59, 393, 42, 127, 397, 43, 153, 153, 153
L 127, 397, 43, 153, 335, 30, 153, 153, 153
L 153, 335, 30, 134, 273, 23, 153, 153, 153
L 134, 273, 23, 108, 204, 31, 153, 153, 153
L 108, 204, 31, 183, 192, 84, 153, 153, 153
L 183, 192, 84, 188, 187, 85, 153, 153, 153
L 188, 187, 85, 225, 177, 83, 153, 153, 153
L 225, 177, 83, 273, 159, 83, 153, 153, 153
L 273, 159, 83, 295, 121, 83, 153, 153, 153
L 295, 121, 83, 377, 18, 83, 153, 153, 153
L 377, 18, 83, 486, -46, 83, 153, 153, 153
L 486, -46, 83, 558, -82, 83, 153, 153, 153
L 558, -82, 83, 609, -82, 83, 153, 153, 153
L 609, -82, 83, 643, -99, 83, 153, 153, 153
L 643, -99, 83, 654, -111, 86, 153, 153, 153
L 654, -111, 86, 678, -82, 111, 153, 153, 153
L 678, -82, 111, 681, -2, 83, 153, 153, 153
L 681, -2, 83, 715, -2, 83, 153, 153, 153
L 715, -2, 83, 734, 16, 63, 153, 153, 153
L 734, 16, 63, 758, 22, 63, 153, 153, 153
L 758, 22, 63, 761, 37, 63, 153, 153, 153
L 357, -843, 1673, 357, -843, 167, 153, 153, 153
L 357, -843, 167, 357, -918, 123, 153, 153, 153
L 357, -918, 123, 358, -922, 123, 153, 153, 153
L 358, -922, 123, 405, -945, 123, 153, 153, 153
L 405, -945, 123, 498, -1007, 123, 153, 153, 153
L 498, -1007, 123, 585, -1035, 123, 153, 153, 153
L 585, -1035, 123, 621, -1041, 125, 153, 153, 153
L 621, -1041, 125, 641, -1001, 124, 153, 153, 153
L 641, -1001, 124, 682, -976, 122, 153, 153, 153
L 682, -976, 122, 686, -979, 122, 153, 153, 153
L 686, -979, 122, 699, -982, 123, 153, 153, 153
L 699, -982, 123, 699, -814, 123, 153, 153, 153
L 699, -814, 123, 704, -598, 123, 153, 153, 153
L 704, -598, 123, 662, -551, 123, 153, 153, 153
L 662, -551, 123, 662, -503, 123, 153, 153, 153
L 662, -503, 123, 690, -440, 128, 153, 153, 153
L 690, -440, 128, 693, -453, 134, 153, 153, 153
L 693, -453, 134, 715, -437, 128, 153, 153, 153
L 715, -437, 128, 727, -437, 128, 153, 153, 153
L 727, -437, 128, 767, -443, 128, 153, 153, 153
L 767, -443, 128, 785, -471, 122, 153, 153, 153
L 785, -471, 122, 801, -455, 123, 153, 153, 153
L 801, -455, 123, 804, -456, 128, 153, 153, 153
L 804, -456, 128, 815, -539, 123, 153, 153, 153
L 815, -539, 123, 776, -588, 123, 153, 153, 153
L 776, -588, 123, 775, -753, 123, 153, 153, 153
L 775, -753, 123, 776, -941, 123, 153, 153, 153
L 776, -941, 123, 785, -985, 123, 153, 153, 153
L 785, -985, 123, 835, -1019, 131, 153, 153, 153
L 835, -1019, 131, 861, -1013, 140, 153, 153, 153
L 861, -1013, 140, 890, -1013, 148, 153, 153, 153
L 890, -1013, 148, 916, -1017, 156, 153, 153, 153
L 916, -1017, 156, 955, -987, 165, 153, 153, 153
L 955, -987, 165, 996, -923, 188, 153, 153, 153
L 996, -923, 188, 1028, -910, 186, 153, 153, 153
L 1028, -910, 186, 1085, -876, 208, 153, 153, 153
L 1085, -876, 208, 1105, -859, 213, 153, 153, 153
L 1105, -859, 213, 1150, -814, 188, 153, 153, 153
L 1150, -814, 188, 1142, -793, 192, 153, 153, 153
L 1142, -793, 192, 1236, -652, 155, 153, 153, 153
L 1236, -652, 155, 1314, -612, 136, 153, 153, 153
L 1314, -612, 136, 1348, -568, 134, 153, 153, 153
L 1348, -568, 134, 1406, -493, 123, 153, 153, 153
L 1406, -493, 123, 1398, -433, 117, 153, 153, 153
L 1398, -433, 117, 1370, -409, 112, 153, 153, 153
L 1370, -409, 112, 1346, -358, 112, 153, 153, 153
L 1346, -358, 112, 1316, -328, 109, 153, 153, 153
L 1316, -328, 109, 1272, -277, 102, 153, 153, 153
L 1272, -277, 102, 1192, -154, 95, 153, 153, 153
L 1192, -154, 95, 1105, -97, 84, 153, 153, 153
L 1105, -97, 84, 1024, -75, 83, 153, 153, 153
L 1024, -75, 83, 936, -133, 83, 153, 153, 153
L 936, -133, 83, 820, -249, 83, 153, 153, 153
L 820, -249, 83, 747, -253, 83, 153, 153, 153
L 747, -253, 83, 634, -141, 83, 153, 153, 153
L 634, -141, 83, 511, -105, 83, 153, 153, 153
L 511, -105, 83, 387, -30, 83, 153, 153, 153
L 387, -30, 83, 314, 50, 83, 153, 153, 153
L 314, 50, 83, 248, 85, 83, 153, 153, 153
L 248, 85, 83, 180, -20, 83, 153, 153, 153
L 180, -20, 83, 164, -108, 89, 153, 153, 153
L 164, -108, 89, 194, -238, 99, 153, 153, 153
L 194, -238, 99, 195, -259, 101, 153, 153, 153
L 195, -259, 101, 255, -269, 103, 153, 153, 153
L 255, -269, 103, 285, -381, 110, 153, 153, 153
L 285, -381, 110, 346, -464, 122, 153, 153, 153
L 346, -464, 122, 348, -481, 121, 153, 153, 153
L 348, -481, 121, 366, -615, 123, 153, 153, 153
L 366, -615, 123, 342, -644, 134, 153, 153, 153
L 342, -644, 134, 318, -665, 123, 153, 153, 153
L 318, -665, 123, 298, -668, 123, 153, 153, 153
L 298, -668, 123, 293, -678, 123, 153, 153, 153
L 293, -678, 123, 268, -705, 123, 153, 153, 153
L 268, -705, 123, 181, -698, 123, 153, 153, 153
L 181, -698, 123, 181, -752, 127, 153, 153, 153
L 181, -752, 127, 194, -800, 128, 153, 153, 153
L 194, -800, 128, 210, -816, 123, 153, 153, 153
L 210, -816, 123, 265, -849, 123, 153, 153, 153
L 265, -849, 123, 291, -859, 123, 153, 153, 153
L 291, -859, 123, 329, -852, 125, 153, 153, 153
L 329, -852, 125, 357, -843, 167, 153, 153, 153
L 816, 34, 777, 816, 34, 77, 153, 153, 153
L 816, 34, 77, 819, 133, 43, 153, 153, 153
L 819, 133, 43, 826, 138, 43, 153, 153, 153
L 826, 138, 43, 826, 160, 43, 153, 153, 153
L 826, 160, 43, 818, 161, 43, 153, 153, 153
L 818, 161, 43, 807, 178, 43, 153, 153, 153
L 807, 178, 43, 806, 358, 43, 153, 153, 153
L 806, 358, 43, 796, 399, 43, 153, 153, 153
L 796, 399, 43, 793, 406, 43, 153, 153, 153
L 793, 406, 43, 781, 417, 43, 153, 153, 153
L 781, 417, 43, 751, 414, 43, 153, 153, 153
L 751, 414, 43, 661, 412, 3, 153, 153, 153
L 661, 412, 3, 653, 413, 3, 153, 153, 153
L 653, 413, 3, 648, 405, 10, 153, 153, 153
L 648, 405, 10, 640, 425, 3, 153, 153, 153
L 640, 425, 3, 638, 427, 3, 153, 153, 153
L 638, 427, 3, 636, 577, 3, 153, 153, 153
L 636, 577, 3, 631, 574, 3, 153, 153, 153
L 631, 574, 3, 626, 586, 13, 153, 153, 153
L 626, 586, 13, 626, 599, 13, 153, 153, 153
L 626, 599, 13, 633, 601, 13, 153, 153, 153
L 633, 601, 13, 636, 625, 13, 153, 153, 153
L 636, 625, 13, 638, 629, 13, 153, 153, 153
L 638, 629, 13, 646, 629, 3, 153, 153, 153
L 646, 629, 3, 647, 629, 3, 153, 153, 153
L 647, 629, 3, 657, 621, 3, 153, 153, 153
L 657, 621, 3, 661, 617, 3, 153, 153, 153
L 661, 617, 3, 661, 571, 3, 153, 153, 153
L 661, 571, 3, 700, 571, 3, 153, 153, 153
L 700, 571, 3, 712, 563, 5, 153, 153, 153
L 712, 563, 5, 718, 551, 3, 153, 153, 153
L 718, 551, 3, 758, 551, 3, 153, 153, 153
L 758, 551, 3, 776, 572, 3, 153, 153, 153
L 776, 572, 3, 776, 591, 3, 153, 153, 153
L 776, 591, 3, 772, 593, 3, 153, 153, 153
L 772, 593, 3, 763, 596, 3, 153, 153, 153
L 763, 596, 3, 759, 606, 3, 153, 153, 153
L 759, 606, 3, 756, 638, 3, 153, 153, 153
L 756, 638, 3, 749, 646, 3, 153, 153, 153
L 749, 646, 3, 746, 652, 3, 153, 153, 153
L 746, 652, 3, 746, 657, 3, 153, 153, 153
L 746, 657, 3, 750, 661, 3, 153, 153, 153
L 750, 661, 3, 756, 746, 3, 153, 153, 153
L 756, 746, 3, 751, 746, 3, 153, 153, 153
L 751, 746, 3, 746, 753, 3, 153, 153, 153
L 746, 753, 3, 756, 761, 3, 153, 153, 153
L 756, 761, 3, 756, 804, 3, 153, 153, 153
L 756, 804, 3, 747, 802, 3, 153, 153, 153
L 747, 802, 3, 734, 814, 3, 153, 153, 153
L 734, 814, 3, 651, 816, 3, 153, 153, 153
L 651, 816, 3, 651, 809, 3, 153, 153, 153
L 651, 809, 3, 646, 804, 3, 153, 153, 153
L 646, 804, 3, 635, 816, 3, 153, 153, 153
L 635, 816, 3, 507, 817, 3, 153, 153, 153
L 507, 817, 3, 507, 841, 3, 153, 153, 153
L 507, 841, 3, 526, 841, 3, 153, 153, 153
L 526, 841, 3, 527, 842, 3, 153, 153, 153
L 527, 842, 3, 546, 855, 3, 153, 153, 153
L 546, 855, 3, 547, 868, 3, 153, 153, 153
L 547, 868, 3, 524, 874, 3, 153, 153, 153
L 524, 874, 3, 517, 969, 3, 153, 153, 153
L 517, 969, 3, 515, 984, 3, 153, 153, 153
L 515, 984, 3, 597, 1060, 3, 153, 153, 153
L 597, 1060, 3, 695, 1063, 3, 153, 153, 153
L 695, 1063, 3, 702, 1056, 3, 153, 153, 153
L 702, 1056, 3, 702, 1031, 3, 153, 153, 153
L 702, 1031, 3, 714, 1031, 3, 153, 153, 153
L 714, 1031, 3, 725, 1039, 11, 153, 153, 153
L 725, 1039, 11, 720, 1043, 3, 153, 153, 153
L 720, 1043, 3, 737, 1069, 3, 153, 153, 153
L 737, 1069, 3, 738, 1071, 3, 153, 153, 153
L 738, 1071, 3, 761, 1061, 3, 153, 153, 153
L 761, 1061, 3, 800, 1061, 3, 153, 153, 153
L 800, 1061, 3, 801, 1034, 3, 153, 153, 153
L 801, 1034, 3, 810, 1040, 3, 153, 153, 153
L 810, 1040, 3, 814, 1026, 14, 153, 153, 153
L 814, 1026, 14, 913, 1021, 3, 153, 153, 153
L 913, 1021, 3, 959, 1021, -12, 153, 153, 153
L 959, 1021, -12, 964, 1021, -26, 153, 153, 153
L 964, 1021, -26, 971, 1015, -26, 153, 153, 153
L 971, 1015, -26, 981, 1001, -26, 153, 153, 153
L 981, 1001, -26, 1017, 1001, -18, 153, 153, 153
L 1017, 1001, -18, 1021, 982, -16, 153, 153, 153
L 1021, 982, -16, 1029, 981, -16, 153, 153, 153
L 1029, 981, -16, 1031, 977, -16, 153, 153, 153
L 1031, 977, -16, 1021, 901, -16, 153, 153, 153
L 1021, 901, -16, 1103, 901, -16, 153, 153, 153
L 1103, 901, -16, 1121, 893, -16, 153, 153, 153
L 1121, 893, -16, 1145, 891, -16, 153, 153, 153
L 1145, 891, -16, 1153, 887, -16, 153, 153, 153
L 1153, 887, -16, 1148, 875, -16, 153, 153, 153
L 1148, 875, -16, 1148, 874, -16, 153, 153, 153
L 1148, 874, -16, 1141, 841, -16, 153, 153, 153
L 1141, 841, -16, 1061, 836, -16, 153, 153, 153
L 1061, 836, -16, 1061, 641, -16, 153, 153, 153
L 1061, 641, -16, 1256, 641, -16, 153, 153, 153
L 1256, 641, -16, 1258, 682, -16, 153, 153, 153
L 1258, 682, -16, 1536, 681, -16, 153, 153, 153
L 1536, 681, -16, 1536, 936, -16, 153, 153, 153
L 1536, 936, -16, 1497, 937, -16, 153, 153, 153
L 1497, 937, -16, 1496, 979, -16, 153, 153, 153
L 1496, 979, -16, 1576, 981, -16, 153, 153, 153
L 1576, 981, -16, 1576, 1057, -16, 153, 153, 153
L 1576, 1057, -16, 1652, 1061, -16, 153, 153, 153
L 1652, 1061, -16, 1661, 1021, -16, 153, 153, 153
L 1661, 1021, -16, 1692, 1021, -16, 153, 153, 153
L 1692, 1021, -16, 1697, 1060, -16, 153, 153, 153
L 1697, 1060, -16, 1758, 1061, -16, 153, 153, 153
L 1758, 1061, -16, 1761, 981, -16, 153, 153, 153
L 1761, 981, -16, 1839, 981, -16, 153, 153, 153
L 1839, 981, -16, 1840, 898, -16, 153, 153, 153
L 1840, 898, -16, 1761, 896, -16, 153, 153, 153
L 1761, 896, -16, 1761, 839, -16, 153, 153, 153
L 1761, 839, -16, 1695, 838, -16, 153, 153, 153
L 1695, 838, -16, 1701, 1061, -16, 153, 153, 153
L 1701, 1061, -16, 1760, 1060, -16, 153, 153, 153
L 1760, 1060, -16, 1761, 981, -16, 153, 153, 153
L 1761, 981, -16, 1841, 978, -16, 153, 153, 153
L 1841, 978, -16, 1840, 897, -16, 153, 153, 153
L 1876, 861, -162, 1876, 861, -16, 153, 153, 153
L 1876, 861, -16, 1797, 861, -16, 153, 153, 153
L 1797, 861, -16, 1796, 838, -16, 153, 153, 153
L 1796, 838, -16, 1876, 836, -16, 153, 153, 153
L 1876, 836, -16, 1876, 796, -16, 153, 153, 153
L 1876, 796, -16, 1868, 791, -16, 153, 153, 153
L 1868, 791, -16, 1866, 787, -16, 153, 153, 153
L 1866, 787, -16, 1866, 778, -16, 153, 153, 153
L 1866, 778, -16, 1876, 776, -16, 153, 153, 153
L 1876, 776, -16, 1876, 721, -16, 153, 153, 153
L 1876, 721, -16, 1798, 721, -16, 153, 153, 153
L 1798, 721, -16, 1796, 679, -16, 153, 153, 153
L 1796, 679, -16, 1836, 676, -16, 153, 153, 153
L 1836, 676, -16, 1836, 641, -16, 153, 153, 153
L 1836, 641, -16, 1761, 641, -16, 153, 153, 153
L 1761, 641, -16, 1757, 723, -16, 153, 153, 153
L 1757, 723, -16, 1717, 721, -16, 153, 153, 153
L 1717, 721, -16, 1716, 691, -16, 153, 153, 153
L 1716, 691, -16, 1711, 691, -16, 153, 153, 153
L 1711, 691, -16, 1705, 688, -16, 153, 153, 153
L 1705, 688, -16, 1706, 680, -16, 153, 153, 153
L 1706, 680, -16, 1736, 676, -16, 153, 153, 153
L 1736, 676, -16, 1736, 581, -16, 153, 153, 153
L 1736, 581, -16, 1721, 581, -16, 153, 153, 153
L 1721, 581, -16, 1721, 585, -16, 153, 153, 153
L 1721, 585, -16, 1715, 592, -16, 153, 153, 153
L 1715, 592, -16, 1709, 591, -16, 153, 153, 153
L 574, 696, 37, 574, 696, 3, 153, 153, 153
L 574, 696, 3, 599, 696, 3, 153, 153, 153
L 599, 696, 3, 601, 780, 3, 153, 153, 153
L 601, 780, 3, 525, 781, 3, 153, 153, 153
L 525, 781, 3, 517, 701, 3, 153, 153, 153
L 517, 701, 3, 481, 701, 3, 153, 153, 153
L 481, 701, 3, 481, 710, 3, 153, 153, 153
L 481, 710, 3, 480, 711, 3, 153, 153, 153
L 480, 711, 3, 467, 710, 3, 153, 153, 153
L 467, 710, 3, 467, 628, 3, 153, 153, 153
L 467, 628, 3, 457, 636, 3, 153, 153, 153
L 457, 636, 3, 455, 632, 7, 153, 153, 153
L 455, 632, 7, 447, 624, 3, 153, 153, 153
L 447, 624, 3, 440, 621, 3, 153, 153, 153
L 440, 621, 3, 437, 617, 3, 153, 153, 153
L 437, 617, 3, 437, 609, 3, 153, 153, 153
L 437, 609, 3, 559, 607, 3, 153, 153, 153
L 559, 607, 3, 561, 612, 3, 153, 153, 153
L 561, 612, 3, 561, 678, 3, 153, 153, 153
L 561, 678, 3, 567, 679, 3, 153, 153, 153
L 567, 679, 3, 576, 690, 3, 153, 153, 153
L 576, 690, 3, 574, 696, 3, 153, 153, 153
L 676, 617, 37, 676, 617, 3, 153, 153, 153
L 676, 683, 3, 672, 674, 3, 153, 153, 153
L 672, 674, 3, 660, 688, 3, 153, 153, 153
L 660, 688, 3, 637, 697, 3, 153, 153, 153
L 637, 697, 3, 637, 789, 3, 153, 153, 153
L 637, 789, 3, 639, 792, 3, 153, 153, 153
L 639, 792, 3, 651, 792, 3, 153, 153, 153
L 651, 792, 3, 651, 783, 3, 153, 153, 153
L 651, 783, 3, 656, 776, 3, 153, 153, 153
L 656, 776, 3, 668, 761, 3, 153, 153, 153
L 668, 761, 3, 729, 761, 3, 153, 153, 153
L 729, 761, 3, 731, 759, 3, 153, 153, 153
L 731, 759, 3, 731, 748, 3, 153, 153, 153
L 731, 748, 3, 729, 746, 3, 153, 153, 153
L 729, 746, 3, 721, 665, 3, 153, 153, 153
L 721, 665, 3, 732, 659, 3, 153, 153, 153
L 732, 659, 3, 731, 647, 3, 153, 153, 153
L 731, 647, 3, 701, 646, 3, 153, 153, 153
L 701, 646, 3, 701, 609, 3, 153, 153, 153
L 701, 609, 3, 680, 607, 3, 153, 153, 153
L 680, 607, 3, 676, 611, 3, 153, 153, 153
L 676, 611, 3, 676, 683, 3, 153, 153, 153
L 1916, 1021, -162, 1916, 1021, -16, 153, 153, 153
L 1916, 1021, -16, 1878, 1021, -16, 153, 153, 153
L 1878, 1021, -16, 1876, 861, -16, 153, 153, 153
L 1916, 1021, -162, 1916, 1021, -16, 153, 153, 153
L 1916, 1021, -16, 1916, 1056, -16, 153, 153, 153
L 1916, 1056, -16, 1841, 1056, -16, 153, 153, 153
L 1841, 1056, -16, 1840, 1018, -16, 153, 153, 153
L 1840, 1018, -16, 1797, 1017, -16, 153, 153, 153
L 1797, 1017, -16, 1796, 1096, -16, 153, 153, 153
L 1796, 1096, -16, 1656, 1098, -16, 153, 153, 153
L 1656, 1098, -16, 1656, 1116, -16, 153, 153, 153
L 1656, 1116, -16, 1647, 1117, -16, 153, 153, 153
L 1647, 1117, -16, 1646, 1120, -16, 153, 153, 153
L 1646, 1120, -16, 1646, 1129, -16, 153, 153, 153
L 1646, 1129, -16, 1656, 1132, -16, 153, 153, 153
L 1656, 1132, -16, 1656, 1319, -16, 153, 153, 153
L 1656, 1319, -16, 1736, 1321, -16, 153, 153, 153
L 1736, 1321, -16, 1736, 1556, -16, 153, 153, 153
L 1736, 1556, -16, 1577, 1556, -16, 153, 153, 153
L 1577, 1556, -16, 1575, 1592, -16, 153, 153, 153
L 1575, 1592, -16, 1470, 1596, -16, 153, 153, 153
L 1470, 1596, -16, 1458, 1515, -16, 153, 153, 153
L 1458, 1515, -16, 1431, 1516, -16, 153, 153, 153
L 1431, 1516, -16, 1431, 1509, -16, 153, 153, 153
L 1431, 1509, -16, 1427, 1506, -16, 153, 153, 153
L 1427, 1506, -16, 1420, 1506, -16, 153, 153, 153
L 1420, 1506, -16, 1413, 1516, -16, 153, 153, 153
L 1413, 1516, -16, 1378, 1516, -16, 153, 153, 153
L 1378, 1516, -16, 1376, 1556, -16, 153, 153, 153
L 1376, 1556, -16, 1101, 1556, -16, 153, 153, 153
L 1101, 1556, -16, 1100, 1397, -16, 153, 153, 153
L 1100, 1397, -16, 1061, 1396, -16, 153, 153, 153
L 1061, 1396, -16, 1061, 1321, -16, 153, 153, 153
L 1061, 1321, -16, 1096, 1321, -16, 153, 153, 153
L 1096, 1321, -16, 1098, 1362, -16, 153, 153, 153
L 1098, 1362, -16, 1140, 1360, -16, 153, 153, 153
L 1140, 1360, -16, 1141, 1283, -16, 153, 153, 153
L 1141, 1283, -16, 1149, 1281, -16, 153, 153, 153
L 1149, 1281, -16, 1151, 1277, -16, 153, 153, 153
L 1151, 1277, -16, 1151, 1269, -16, 153, 153, 153
L 1151, 1269, -16, 1110, 1266, -16, 153, 153, 153
L 1110, 1266, -16, 1111, 1259, -16, 153, 153, 153
L 1111, 1259, -16, 1094, 1255, -16, 153, 153, 153
L 1094, 1255, -16, 1021, 1256, -16, 153, 153, 153
L 1021, 1256, -16, 1026, 1191, -16, 153, 153, 153
L 1026, 1191, -16, 1031, 1189, -16, 153, 153, 153
L 1031, 1189, -16, 1030, 1177, -16, 153, 153, 153
L 1030, 1177, -16, 1021, 1176, -16, 153, 153, 153
L 1021, 1176, -16, 1020, 1156, -16, 153, 153, 153
L 1020, 1156, -16, 980, 1156, -26, 153, 153, 153
L 980, 1156, -26, 971, 1147, -26, 153, 153, 153
L 971, 1147, -26, 971, 1139, -26, 153, 153, 153
L 971, 1139, -26, 963, 1135, -26, 153, 153, 153
L 963, 1135, -26, 961, 1095, -26, 153, 153, 153
L 961, 1095, -26, 921, 1092, -26, 153, 153, 153
L 921, 1092, -26, 921, 1085, -26, 153, 153, 153
L 921, 1085, -26, 930, 1087, -26, 153, 153, 153
L 930, 1087, -26, 935, 1080, -26, 153, 153, 153
L 935, 1080, -26, 924, 1067, -26, 153, 153, 153
L 924, 1067, -26, 921, 1065, -26, 153, 153, 153
L 921, 1065, -26, 964, 1061, -26, 153, 153, 153
L 964, 1061, -26, 961, 1021, -26, 153, 153, 153
L 961, 1021, -26, 969, 1021, -26, 153, 153, 153
L 969, 1021, -26, 971, 1009, -26, 153, 153, 153
L 1056, 981, -162, 1056, 981, -16, 153, 153, 153
L 1056, 981, -16, 1051, 981, -16, 153, 153, 153
L 1051, 981, -16, 1046, 980, -16, 153, 153, 153
L 1046, 980, -16, 1046, 970, -16, 153, 153, 153
L 1046, 970, -16, 1056, 966, -16, 153, 153, 153
L 1056, 966, -16, 1056, 938, -16, 153, 153, 153
L 1056, 938, -16, 1098, 936, -16, 153, 153, 153
L 1098, 936, -16, 1108, 935, -16, 153, 153, 153
L 1108, 935, -16, 1117, 946, -16, 153, 153, 153
L 1117, 946, -16, 1206, 946, -16, 153, 153, 153
L 1206, 946, -16, 1206, 939, -16, 153, 153, 153
L 1206, 939, -16, 1213, 936, -16, 153, 153, 153
L 1213, 936, -16, 1223, 946, -16, 153, 153, 153
L 1223, 946, -16, 1299, 947, -16, 153, 153, 153
L 1299, 947, -16, 1301, 950, -16, 153, 153, 153
L 1301, 950, -16, 1300, 961, -16, 153, 153, 153
L 1300, 961, -16, 1298, 962, -16, 153, 153, 153
L 1298, 962, -16, 1290, 1000, -16, 153, 153, 153
L 1290, 1000, -16, 1257, 1001, -16, 153, 153, 153
L 1257, 1001, -16, 1222, 1015, -16, 153, 153, 153
L 1222, 1015, -16, 1207, 1020, -16, 153, 153, 153
L 1207, 1020, -16, 1200, 1050, -16, 153, 153, 153
L 1200, 1050, -16, 1195, 1054, -16, 153, 153, 153
L 1195, 1054, -16, 1151, 1070, -16, 153, 153, 153
L 1151, 1070, -16, 1147, 1071, -16, 153, 153, 153
L 1147, 1071, -16, 1137, 1071, -16, 153, 153, 153
L 1137, 1071, -16, 1125, 1061, -16, 153, 153, 153
L 1125, 1061, -16, 1116, 1059, -18, 153, 153, 153
L 1116, 1059, -18, 1116, 1045, -21, 153, 153, 153
L 1116, 1045, -21, 1098, 1002, -26, 153, 153, 153
L 1098, 1002, -26, 1063, 1001, -18, 153, 153, 153
L 1063, 1001, -18, 1057, 1000, -18, 153, 153, 153
L 1057, 1000, -18, 1056, 981, -16, 153, 153, 153
L 1056, 981, -16, 1049, 981, -16, 153, 153, 153
L 1151, 1106, -162, 1151, 1106, -16, 153, 153, 153
L 1151, 1106, -16, 1199, 1106, -16, 153, 153, 153
L 1199, 1106, -16, 1201, 1132, -16, 153, 153, 153
L 1201, 1132, -16, 1207, 1135, -16, 153, 153, 153
L 1207, 1135, -16, 1226, 1149, -16, 153, 153, 153
L 1226, 1149, -16, 1286, 1156, -16, 153, 153, 153
L 1286, 1156, -16, 1291, 1185, -16, 153, 153, 153
L 1291, 1185, -16, 1297, 1196, -16, 153, 153, 153
L 1297, 1196, -16, 1301, 1200, -16, 153, 153, 153
L 1301, 1200, -16, 1300, 1210, -16, 153, 153, 153
L 1300, 1210, -16, 1268, 1211, -16, 153, 153, 153
L 1268, 1211, -16, 1220, 1221, -16, 153, 153, 153
L 1220, 1221, -16, 1210, 1221, -16, 153, 153, 153
L 1210, 1221, -16, 1204, 1216, -16, 153, 153, 153
L 1204, 1216, -16, 1132, 1211, -16, 153, 153, 153
L 1132, 1211, -16, 1112, 1215, -16, 153, 153, 153
L 1112, 1215, -16, 1101, 1226, -16, 153, 153, 153
L 1101, 1226, -16, 1056, 1219, -16, 153, 153, 153
L 1056, 1219, -16, 1056, 1191, -16, 153, 153, 153
L 1056, 1191, -16, 1046, 1189, -16, 153, 153, 153
L 1046, 1189, -16, 1046, 1187, -16, 153, 153, 153
L 1046, 1187, -16, 1047, 1177, -16, 153, 153, 153
L 1047, 1177, -16, 1056, 1171, -16, 153, 153, 153
L 1056, 1171, -16, 1056, 1160, -16, 153, 153, 153
L 1056, 1160, -16, 1099, 1155, -26, 153, 153, 153
L 1099, 1155, -26, 1108, 1145, -26, 153, 153, 153
L 1108, 1145, -26, 1116, 1109, -22, 153, 153, 153
L 1116, 1109, -22, 1117, 1097, -18, 153, 153, 153
L 1117, 1097, -18, 1140, 1086, -16, 153, 153, 153
L 1140, 1086, -16, 1148, 1086, -16, 153, 153, 153
L 1148, 1086, -16, 1151, 1106, -16, 153, 153, 153
L 1326, 1196, -162, 1326, 1196, -16, 153, 153, 153
L 1326, 1196, -16, 1326, 974, -16, 153, 153, 153
L 1326, 974, -16, 1319, 961, -16, 153, 153, 153
L 1319, 961, -16, 1316, 957, -16, 153, 153, 153
L 1316, 957, -16, 1316, 954, -16, 153, 153, 153
L 1316, 954, -16, 1326, 937, -16, 153, 153, 153
L 1326, 937, -16, 1339, 936, -16, 153, 153, 153
L 1339, 936, -16, 1341, 946, -16, 153, 153, 153
L 1341, 946, -16, 1433, 946, -16, 153, 153, 153
L 1433, 946, -16, 1433, 941, -16, 153, 153, 153
L 1433, 941, -16, 1446, 935, -16, 153, 153, 153
L 1446, 935, -16, 1446, 929, -16, 153, 153, 153
L 1446, 929, -16, 1450, 926, -16, 153, 153, 153
L 1450, 926, -16, 1456, 926, -16, 153, 153, 153
L 1456, 926, -16, 1461, 1056, -16, 153, 153, 153
L 1461, 1056, -16, 1438, 1061, -16, 153, 153, 153
L 1438, 1061, -16, 1436, 1021, -16, 153, 153, 153
L 1436, 1021, -16, 1401, 1021, -16, 153, 153, 153
L 1401, 1021, -16, 1401, 1093, -16, 153, 153, 153
L 1401, 1093, -16, 1427, 1136, -16, 153, 153, 153
L 1427, 1136, -16, 1401, 1087, -16, 153, 153, 153
L 1401, 1087, -16, 1401, 1136, -16, 153, 153, 153
L 1401, 1136, -16, 1430, 1136, -16, 153, 153, 153
L 1430, 1136, -16, 1436, 1101, -16, 153, 153, 153
L 1436, 1101, -16, 1460, 1097, -16, 153, 153, 153
L 1460, 1097, -16, 1461, 1225, -16, 153, 153, 153
L 1461, 1225, -16, 1457, 1231, -16, 153, 153, 153
L 1457, 1231, -16, 1450, 1231, -16, 153, 153, 153
L 1450, 1231, -16, 1442, 1211, -16, 153, 153, 153
L 1442, 1211, -16, 1341, 1211, -16, 153, 153, 153
L 1341, 1211, -16, 1341, 1218, -16, 153, 153, 153
L 1341, 1218, -16, 1332, 1221, -16, 153, 153, 153
L 1332, 1221, -16, 1326, 1211, -16, 153, 153, 153
L 1326, 1211, -16, 1320, 1211, -16, 153, 153, 153
L 1320, 1211, -16, 1316, 1207, -16, 153, 153, 153
L 1316, 1207, -16, 1316, 1200, -16, 153, 153, 153
L 1316, 1200, -16, 1326, 1196, -16, 153, 153, 153
L 1326, 891, -162, 1326, 891, -16, 153, 153, 153
L 1326, 891, -16, 1289, 891, -16, 153, 153, 153
L 1289, 891, -16, 1286, 887, -16, 153, 153, 153
L 1286, 887, -16, 1286, 879, -16, 153, 153, 153
L 1286, 879, -16, 1296, 876, -16, 153, 153, 153
L 1296, 876, -16, 1297, 837, -16, 153, 153, 153
L 1297, 837, -16, 1376, 836, -16, 153, 153, 153
L 1376, 836, -16, 1378, 717, -16, 153, 153, 153
L 1378, 717, -16, 1501, 719, -16, 153, 153, 153
L 1501, 719, -16, 1498, 902, -16, 153, 153, 153
L 1498, 902, -16, 1461, 901, -16, 153, 153, 153
L 1461, 901, -16, 1461, 908, -16, 153, 153, 153
L 1461, 908, -16, 1457, 911, -16, 153, 153, 153
L 1457, 911, -16, 1448, 911, -16, 153, 153, 153
L 1448, 911, -16, 1443, 902, -16, 153, 153, 153
L 1443, 902, -16, 1433, 891, -16, 153, 153, 153
L 1433, 891, -16, 1372, 891, -16, 153, 153, 153
L 1372, 891, -16, 1340, 901, -16, 153, 153, 153
L 1340, 901, -16, 1334, 901, -16, 153, 153, 153
L 1334, 901, -16, 1326, 891, -16, 153, 153, 153
L 1271, 887, -162, 1271, 887, -16, 153, 153, 153
L 1271, 888, -16, 1221, 891, -16, 153, 153, 153
L 1221, 891, -16, 1221, 898, -16, 153, 153, 153
L 1221, 898, -16, 1213, 901, -16, 153, 153, 153
L 1213, 901, -16, 1206, 891, -16, 153, 153, 153
L 1206, 891, -16, 1168, 891, -16, 153, 153, 153
L 1168, 891, -16, 1166, 887, -16, 153, 153, 153
L 1166, 887, -16, 1166, 882, -16, 153, 153, 153
L 1166, 882, -16, 1174, 871, -16, 153, 153, 153
L 1174, 871, -16, 1177, 757, -16, 153, 153, 153
L 1177, 757, -16, 1218, 756, -16, 153, 153, 153
L 1218, 756, -16, 1221, 836, -16, 153, 153, 153
L 1221, 836, -16, 1260, 837, -16, 153, 153, 153
L 1260, 837, -16, 1261, 876, -16, 153, 153, 153
L 1261, 876, -16, 1269, 876, -16, 153, 153, 153
L 1269, 876, -16, 1271, 880, -16, 153, 153, 153
L 1271, 880, -16, 1271, 888, -16, 153, 153, 153
L 1339, 717, -162, 1339, 717, -16, 153, 153, 153
L 1339, 717, -16, 1341, 798, -16, 153, 153, 153
L 1341, 798, -16, 1258, 801, -16, 153, 153, 153
L 1258, 801, -16, 1257, 718, -16, 153, 153, 153
L 1257, 718, -16, 1338, 716, -16, 153, 153, 153
L 1221, 720, -162, 1221, 720, -16, 153, 153, 153
L 1221, 720, -16, 1176, 720, -16, 153, 153, 153
L 1176, 720, -16, 1176, 681, -16, 153, 153, 153
L 1176, 681, -16, 1142, 681, -16, 153, 153, 153
L 1142, 681, -16, 1141, 799, -16, 153, 153, 153
L 1141, 799, -16, 1098, 801, -16, 153, 153, 153
L 1098, 801, -16, 1097, 677, -16, 153, 153, 153
L 1097, 677, -16, 1217, 676, -16, 153, 153, 153
L 1217, 676, -16, 1220, 677, -16, 153, 153, 153
L 1220, 677, -16, 1221, 718, -16, 153, 153, 153
L 1221, 718, -16, 1220, 720, -16, 153, 153, 153
L 1541, 1096, -162, 1541, 1096, -16, 153, 153, 153
L 1541, 1096, -16, 1618, 1096, -16, 153, 153, 153
L 1618, 1096, -16, 1621, 1116, -16, 153, 153, 153
L 1621, 1116, -16, 1629, 1116, -16, 153, 153, 153
L 1629, 1116, -16, 1631, 1120, -16, 153, 153, 153
L 1631, 1120, -16, 1628, 1132, -16, 153, 153, 153
L 1628, 1132, -16, 1622, 1132, -16, 153, 153, 153
L 1622, 1132, -16, 1621, 1138, -16, 153, 153, 153
L 1621, 1138, -16, 1496, 1139, -16, 153, 153, 153
L 1496, 1139, -16, 1496, 1017, -16, 153, 153, 153
L 1496, 1017, -16, 1540, 1017, -16, 153, 153, 153
L 1540, 1017, -16, 1541, 1096, -16, 153, 153, 153
L 1581, 1321, -162, 1581, 1321, -16, 153, 153, 153
L 1581, 1321, -16, 1581, 1356, -16, 153, 153, 153
L 1581, 1356, -16, 1619, 1356, -16, 153, 153, 153
L 1619, 1356, -16, 1621, 1398, -16, 153, 153, 153
L 1621, 1398, -16, 1538, 1401, -16, 153, 153, 153
L 1538, 1401, -16, 1536, 1259, -16, 153, 153, 153
L 1536, 1259, -16, 1576, 1256, -16, 153, 153, 153
L 1576, 1256, -16, 1578, 1176, -16, 153, 153, 153
L 1578, 1176, -16, 1618, 1176, -16, 153, 153, 153
L 1618, 1176, -16, 1621, 1179, -16, 153, 153, 153
L 1621, 1179, -16, 1618, 1322, -16, 153, 153, 153
L 1618, 1322, -16, 1581, 1321, -16, 153, 153, 153
L 1656, 1436, -162, 1656, 1436, -16, 153, 153, 153
L 1656, 1436, -16, 1656, 1358, -16, 153, 153, 153
L 1656, 1358, -16, 1697, 1356, -16, 153, 153, 153
L 1697, 1356, -16, 1701, 1519, -16, 153, 153, 153
L 1701, 1519, -16, 1579, 1521, -16, 153, 153, 153
L 1579, 1521, -16, 1577, 1436, -16, 153, 153, 153
L 1577, 1436, -16, 1656, 1436, -16, 153, 153, 153
L 1540, 1437, -162, 1540, 1437, -16, 153, 153, 153
L 1540, 1437, -16, 1536, 1562, -16, 153, 153, 153
L 1536, 1562, -16, 1498, 1561, -16, 153, 153, 153
L 1498, 1561, -16, 1496, 1481, -16, 153, 153, 153
L 1496, 1481, -16, 1431, 1481, -16, 153, 153, 153
L 1431, 1481, -16, 1431, 1488, -16, 153, 153, 153
L 1431, 1488, -16, 1427, 1491, -16, 153, 153, 153
L 1427, 1491, -16, 1421, 1491, -16, 153, 153, 153
L 1421, 1491, -16, 1413, 1485, -16, 153, 153, 153
L 1413, 1485, -16, 1341, 1481, -16, 153, 153, 153
L 1341, 1481, -16, 1340, 1521, -16, 153, 153, 153
L 1340, 1521, -16, 1238, 1521, -16, 153, 153, 153
L 1238, 1521, -16, 1236, 1491, -16, 153, 153, 153
L 1236, 1491, -16, 1228, 1491, -16, 153, 153, 153
L 1228, 1491, -16, 1226, 1487, -16, 153, 153, 153
L 1226, 1487, -16, 1226, 1480, -16, 153, 153, 153
L 1226, 1480, -16, 1376, 1476, -16, 153, 153, 153
L 1376, 1476, -16, 1376, 1437, -16, 153, 153, 153
L 1376, 1437, -16, 1541, 1436, -16, 153, 153, 153
L 1140, 1466, -162, 1140, 1466, -16, 153, 153, 153
L 1140, 1466, -16, 1152, 1468, -16, 153, 153, 153
L 1152, 1468, -16, 1155, 1476, -16, 153, 153, 153
L 1155, 1476, -16, 1208, 1476, -16, 153, 153, 153
L 1208, 1476, -16, 1211, 1480, -16, 153, 153, 153
L 1211, 1480, -16, 1211, 1489, -16, 153, 153, 153
L 1211, 1489, -16, 1201, 1491, -16, 153, 153, 153
L 1201, 1491, -16, 1201, 1519, -16, 153, 153, 153
L 1201, 1519, -16, 1137, 1520, -16, 153, 153, 153
L 1137, 1520, -16, 1136, 1470, -16, 153, 153, 153
L 1136, 1470, -16, 1140, 1466, -16, 153, 153, 153
L 1140, 1451, -162, 1140, 1451, -16, 153, 153, 153
L 1140, 1451, -16, 1136, 1449, -16, 153, 153, 153
L 1136, 1449, -16, 1137, 1397, -16, 153, 153, 153
L 1137, 1397, -16, 1176, 1396, -16, 153, 153, 153
L 1176, 1396, -16, 1177, 1356, -16, 153, 153, 153
L 1177, 1356, -16, 1200, 1357, -16, 153, 153, 153
L 1200, 1357, -16, 1201, 1437, -16, 153, 153, 153
L 1201, 1437, -16, 1156, 1441, -16, 153, 153, 153
L 1156, 1441, -16, 1151, 1447, -16, 153, 153, 153
L 1151, 1447, -16, 1147, 1451, -16, 153, 153, 153
L 1147, 1451, -16, 1140, 1451, -16, 153, 153, 153
L 1176, 1281, -162, 1176, 1281, -16, 153, 153, 153
L 1176, 1281, -16, 1168, 1281, -16, 153, 153, 153
L 1168, 1281, -16, 1166, 1277, -16, 153, 153, 153
L 1166, 1277, -16, 1167, 1265, -16, 153, 153, 153
L 1167, 1265, -16, 1206, 1266, -16, 153, 153, 153
L 1206, 1266, -16, 1209, 1256, -16, 153, 153, 153
L 1209, 1256, -16, 1217, 1256, -16, 153, 153, 153
L 1217, 1256, -16, 1223, 1266, -16, 153, 153, 153
L 1223, 1266, -16, 1268, 1266, -16, 153, 153, 153
L 1268, 1266, -16, 1271, 1272, -16, 153, 153, 153
L 1271, 1272, -16, 1271, 1277, -16, 153, 153, 153
L 1271, 1277, -16, 1261, 1283, -16, 153, 153, 153
L 1261, 1283, -16, 1259, 1321, -16, 153, 153, 153
L 1259, 1321, -16, 1176, 1320, -16, 153, 153, 153
L 1176, 1320, -16, 1176, 1281, -16, 153, 153, 153
L 1296, 1356, -162, 1296, 1356, -16, 153, 153, 153
L 1296, 1356, -16, 1296, 1281, -16, 153, 153, 153
L 1296, 1281, -16, 1290, 1281, -16, 153, 153, 153
L 1290, 1281, -16, 1286, 1279, -16, 153, 153, 153
L 1286, 1279, -16, 1286, 1268, -16, 153, 153, 153
L 1286, 1268, -16, 1326, 1266, -16, 153, 153, 153
L 1326, 1266, -16, 1327, 1257, -16, 153, 153, 153
L 1327, 1257, -16, 1338, 1256, -16, 153, 153, 153
L 1338, 1256, -16, 1344, 1266, -16, 153, 153, 153
L 1344, 1266, -16, 1446, 1266, -16, 153, 153, 153
L 1446, 1266, -16, 1446, 1248, -16, 153, 153, 153
L 1446, 1248, -16, 1450, 1246, -16, 153, 153, 153
L 1450, 1246, -16, 1455, 1246, -16, 153, 153, 153
L 1455, 1246, -16, 1461, 1247, -16, 153, 153, 153
L 1461, 1247, -16, 1461, 1256, -16, 153, 153, 153
L 1461, 1256, -16, 1499, 1256, -16, 153, 153, 153
L 1499, 1256, -16, 1501, 1318, -16, 153, 153, 153
L 1501, 1318, -16, 1461, 1321, -16, 153, 153, 153
L 1461, 1321, -16, 1459, 1321, -16, 153, 153, 153
L 1459, 1321, -16, 1456, 1301, -16, 153, 153, 153
L 1456, 1301, -16, 1421, 1301, -16, 153, 153, 153
L 1421, 1301, -16, 1421, 1356, -16, 153, 153, 153
L 1421, 1356, -16, 1501, 1358, -16, 153, 153, 153
L 1501, 1358, -16, 1500, 1400, -16, 153, 153, 153
L 1500, 1400, -16, 1492, 1401, -16, 153, 153, 153
L 1492, 1401, -16, 1379, 1401, -16, 153, 153, 153
L 1379, 1401, -16, 1376, 1361, -16, 153, 153, 153
L 1376, 1361, -16, 1341, 1361, -16, 153, 153, 153
L 1341, 1361, -16, 1341, 1439, -16, 153, 153, 153
L 1341, 1439, -16, 1235, 1439, -16, 153, 153, 153
L 1235, 1439, -16, 1236, 1361, -16, 153, 153, 153
L 1236, 1361, -16, 1296, 1356, -16, 153, 153, 153
L 1540, 1220, -162, 1540, 1220, -16, 153, 153, 153
L 1540, 1220, -16, 1497, 1220, -16, 153, 153, 153
L 1497, 1220, -16, 1496, 1178, -16, 153, 153, 153
L 1496, 1178, -16, 1538, 1176, -16, 153, 153, 153
L 1538, 1176, -16, 1540, 1220, -16, 153, 153, 153
L 1714, 592, -162, 1714, 592, -16, 153, 153, 153
L 1714, 592, -16, 1714, 601, -16, 153, 153, 153
L 1714, 601, -16, 1687, 602, -16, 153, 153, 153
L 1687, 602, -16, 1684, 591, -16, 153, 153, 153
L 1684, 591, -16, 1678, 591, -16, 153, 153, 153
L 1678, 591, -16, 1676, 581, -16, 153, 153, 153
L 1676, 581, -16, 1661, 581, -16, 153, 153, 153
L 1661, 581, -16, 1661, 676, -16, 153, 153, 153
L 1661, 676, -16, 1691, 677, -16, 153, 153, 153
L 1691, 677, -16, 1691, 689, -16, 153, 153, 153
L 1691, 680, -162, 1691, 680, -16, 153, 153, 153
L 1691, 689, -16, 1681, 691, -16, 153, 153, 153
L 1681, 691, -16, 1681, 756, -16, 153, 153, 153
L 1681, 756, -16, 1759, 757, -16, 153, 153, 153
L 1759, 757, -16, 1760, 800, -16, 153, 153, 153
L 1760, 800, -16, 1656, 800, -16, 153, 153, 153
L 1656, 800, -16, 1656, 761, -16, 153, 153, 153
L 1656, 761, -16, 1536, 759, -16, 153, 153, 153
L 1840, 776, -162, 1840, 776, -16, 153, 153, 153
L 1840, 776, -16, 1849, 776, -16, 153, 153, 153
L 1849, 776, -16, 1850, 780, -16, 153, 153, 153
L 1850, 780, -16, 1850, 789, -16, 153, 153, 153
L 1850, 789, -16, 1847, 794, -16, 153, 153, 153
L 1847, 794, -16, 1839, 801, -16, 153, 153, 153
L 1839, 801, -16, 1798, 801, -16, 153, 153, 153
L 1798, 801, -16, 1796, 759, -16, 153, 153, 153
L 1796, 759, -16, 1840, 757, -16, 153, 153, 153
L 1840, 757, -16, 1840, 776, -16, 153, 153, 153
L 1621, 836, -162, 1621, 836, -16, 153, 153, 153
L 1621, 836, -16, 1660, 837, -16, 153, 153, 153
L 1660, 837, -16, 1657, 1061, -16, 153, 153, 153
L 1657, 1061, -16, 1576, 1059, -16, 153, 153, 153
L 1576, 1059, -16, 1576, 983, -16, 153, 153, 153
L 1621, 836, -162, 1621, 836, -16, 153, 153, 153
L 1621, 836, -16, 1619, 796, -16, 153, 153, 153
L 1619, 796, -16, 1536, 798, -16, 153, 153, 153
L 955, 1056, -122, 955, 1056, -12, 153, 153, 153
L 955, 1056, -12, 856, 1058, 3, 153, 153, 153
L 856, 1058, 3, 857, 1099, 3, 153, 153, 153
L 857, 1099, 3, 953, 1100, -12, 153, 153, 153
L 953, 1100, -12, 956, 1136, -12, 153, 153, 153
L 956, 1136, -12, 813, 1136, 3, 153, 153, 153
L 813, 1136, 3, 819, 1126, 3, 153, 153, 153
L 819, 1126, 3, 801, 1118, 3, 153, 153, 153
L 801, 1118, 3, 799, 1096, 3, 153, 153, 153
L 799, 1096, 3, 761, 1096, 3, 153, 153, 153
L 761, 1096, 3, 761, 1089, 3, 153, 153, 153
L 761, 1089, 3, 753, 1086, 3, 153, 153, 153
L 753, 1086, 3, 738, 1086, 3, 153, 153, 153
L 738, 1086, 3, 736, 1110, 3, 153, 153, 153
L 736, 1110, 3, 731, 1111, 3, 153, 153, 153
L 731, 1111, 3, 720, 1118, 3, 153, 153, 153
L 720, 1118, 3, 701, 1126, 3, 153, 153, 153
L 701, 1126, 3, 701, 1100, 3, 153, 153, 153
L 701, 1100, 3, 598, 1096, 3, 153, 153, 153
L 598, 1096, 3, 516, 1178, 3, 153, 153, 153
L 516, 1178, 3, 517, 1280, 3, 153, 153, 153
L 517, 1280, 3, 519, 1283, 3, 153, 153, 153
L 519, 1283, 3, 526, 1281, 3, 153, 153, 153
L 526, 1281, 3, 531, 1278, 3, 153, 153, 153
L 531, 1278, 3, 533, 1260, 3, 153, 153, 153
L 533, 1260, 3, 577, 1261, -6, 153, 153, 153
L 577, 1261, -6, 570, 1191, -36, 153, 153, 153
L 570, 1191, -36, 565, 1192, -36, 153, 153, 153
L 565, 1192, -36, 563, 1252, -36, 153, 153, 153
L 595, 1259, -362, 595, 1259, -36, 153, 153, 153
L 595, 1259, -36, 593, 1192, -36, 153, 153, 153
L 593, 1192, -36, 589, 1192, -36, 153, 153, 153
L 589, 1192, -36, 587, 1266, -6, 153, 153, 153
L 953, 1057, -122, 953, 1057, -12, 153, 153, 153
L 953, 1057, -12, 953, 1021, -12, 153, 153, 153
L -148, 1396, -162, -148, 1396, -16, 153, 153, 153
L -148, 1396, -16, -144, 1396, -16, 153, 153, 153
L -144, 1396, -16, -143, 1407, -16, 153, 153, 153
L -143, 1407, -16, -149, 1411, -16, 153, 153, 153
L -149, 1411, -16, -177, 1438, -16, 153, 153, 153
L -177, 1438, -16, -178, 1441, -16, 153, 153, 153
L -178, 1441, -16, -190, 1446, -16, 153, 153, 153
L -190, 1446, -16, -192, 1441, -16, 153, 153, 153
L -192, 1441, -16, -258, 1441, -16, 153, 153, 153
L -258, 1441, -16, -258, 1589, -16, 153, 153, 153
L -258, 1589, -16, -411, 1590, -76, 153, 153, 153
L -411, 1590, -76, -412, 1481, -76, 153, 153, 153
L -412, 1481, -76, -468, 1481, -76, 153, 153, 153
L -468, 1481, -76, -479, 1486, -76, 153, 153, 153
L -479, 1486, -76, -483, 1483, -76, 153, 153, 153
L -483, 1483, -76, -506, 1461, -76, 153, 153, 153
L -506, 1461, -76, -507, 1447, -76, 153, 153, 153
L -507, 1447, -76, -502, 1443, -76, 153, 153, 153
L -502, 1443, -76, -502, 1345, -76, 153, 153, 153
L -502, 1345, -76, -501, 1341, -76, 153, 153, 153
L -501, 1341, -76, -485, 1345, -73, 153, 153, 153
L -485, 1345, -73, -479, 1346, -71, 153, 153, 153
L -479, 1346, -71, -147, 1350, -16, 153, 153, 153
L -147, 1350, -16, -148, 1396, -16, 153, 153, 153
P -1437, 1275, 0, 0, 0, 0, 2, Westwastes
P 1836, -1199, 0, 0, 0, 0, 2, Westwastes
P 1670, 615, 0, 0, 0, 0, 2, Westwastes
P 499, 2086, 0, 255, 255, 255, 2, Succor_Point
