L 7, -157, 34, 4, -157, 3, 255, 255, 255
L 4, -157, 3, 2, -155, 2, 255, 255, 255
L 2, -155, 2, 2, -117, 2, 255, 255, 255
L 2, -117, 2, -35, -117, 2, 255, 255, 255
L -35, -117, 2, -37, -115, 2, 255, 255, 255
L -37, -115, 2, -37, -105, 2, 255, 255, 255
L -18, -157, 34, -15, -157, 3, 255, 255, 255
L -15, -157, 3, -13, -155, 2, 255, 255, 255
L -13, -155, 2, -13, -135, 2, 255, 255, 255
L -13, -135, 2, -15, -133, 2, 255, 255, 255
L -15, -133, 2, -53, -133, 2, 255, 255, 255
L -53, -133, 2, -53, -109, 2, 255, 255, 255
L 7, -157, 34, 7, -175, 3, 255, 255, 255
L 7, -175, 3, 13, -181, 3, 255, 255, 255
L 13, -181, 3, 24, -197, 3, 255, 255, 255
L 24, -197, 3, 28, -197, 3, 255, 255, 255
L 28, -197, 3, 38, -207, 3, 255, 255, 255
L 38, -207, 3, 49, -207, 3, 255, 255, 255
L 49, -207, 3, 68, -216, 3, 255, 255, 255
L 68, -216, 3, 79, -227, 3, 255, 255, 255
L 79, -227, 3, 97, -236, 3, 255, 255, 255
L 97, -236, 3, 97, -245, 3, 255, 255, 255
L 97, -245, 3, 127, -266, 3, 255, 255, 255
L 127, -266, 3, 137, -285, 3, 255, 255, 255
L 137, -285, 3, 133, -288, 3, 255, 255, 255
L 133, -288, 3, 115, -288, 3, 255, 255, 255
L 115, -288, 3, 106, -284, 3, 255, 255, 255
L 106, -284, 3, 103, -288, 3, 255, 255, 255
L 103, -288, 3, 85, -288, 3, 255, 255, 255
L 85, -288, 3, 79, -283, 3, 255, 255, 255
L 79, -283, 3, 73, -288, 3, 255, 255, 255
L 73, -288, 3, 55, -288, 3, 255, 255, 255
L 55, -288, 3, 49, -283, 3, 255, 255, 255
L 49, -283, 3, 43, -288, 3, 255, 255, 255
L 43, -288, 3, 25, -288, 3, 255, 255, 255
L 25, -288, 3, 18, -283, 3, 255, 255, 255
L 18, -283, 3, 13, -288, 3, 255, 255, 255
L 13, -288, 3, 7, -288, 3, 255, 255, 255
L 7, -288, 3, 8, -311, 3, 255, 255, 255
L 8, -311, 3, 13, -312, 3, 255, 255, 255
L 13, -312, 3, 20, -317, 3, 255, 255, 255
L 20, -317, 3, 25, -312, 3, 255, 255, 255
L 25, -312, 3, 43, -312, 3, 255, 255, 255
L 43, -312, 3, 49, -317, 3, 255, 255, 255
L 49, -317, 3, 55, -312, 3, 255, 255, 255
L 55, -312, 3, 73, -312, 3, 255, 255, 255
L 73, -312, 3, 79, -317, 3, 255, 255, 255
L 79, -317, 3, 85, -312, 3, 255, 255, 255
L 85, -312, 3, 103, -312, 3, 255, 255, 255
L 103, -312, 3, 109, -317, 3, 255, 255, 255
L 109, -317, 3, 115, -312, 3, 255, 255, 255
L 115, -312, 3, 133, -312, 3, 255, 255, 255
L 133, -312, 3, 137, -316, 3, 255, 255, 255
L 137, -316, 3, 147, -335, 3, 255, 255, 255
L 147, -335, 3, 137, -344, 3, 255, 255, 255
L 137, -344, 3, 158, -371, 3, 255, 255, 255
L 158, -371, 3, 197, -396, 2, 255, 255, 255
L 197, -396, 2, 222, -406, 2, 255, 255, 255
L 222, -406, 2, 232, -460, 2, 255, 255, 255
L 232, -460, 2, 217, -499, 2, 255, 255, 255
L 217, -499, 2, 198, -523, 2, 255, 255, 255
L 198, -523, 2, 159, -523, 3, 255, 255, 255
L 159, -523, 3, 141, -523, 3, 255, 255, 255
L 141, -523, 3, 141, -494, 3, 255, 255, 255
L 141, -494, 3, 120, -473, 3, 255, 255, 255
L 120, -473, 3, 88, -473, 3, 255, 255, 255
L 88, -473, 3, 67, -494, 3, 255, 255, 255
L 67, -494, 3, 67, -503, 3, 255, 255, 255
L 67, -503, 3, 11, -503, 3, 255, 255, 255
L 11, -503, 3, 9, -501, 3, 255, 255, 255
L 9, -501, 3, 6, -501, 3, 255, 255, 255
L 6, -501, 3, 6, -486, 3, 255, 255, 255
L 6, -486, 3, 11, -480, 2, 255, 255, 255
L 11, -480, 2, 6, -474, 2, 255, 255, 255
L 6, -474, 2, 6, -456, 2, 255, 255, 255
L 6, -456, 2, 11, -450, 2, 255, 255, 255
L 11, -450, 2, 6, -444, 2, 255, 255, 255
L 6, -444, 2, 6, -426, 2, 255, 255, 255
L 6, -426, 2, 11, -419, 2, 255, 255, 255
L 11, -419, 2, 6, -414, 2, 255, 255, 255
L 6, -414, 2, 6, -396, 2, 255, 255, 255
L 6, -396, 2, 11, -391, 2, 255, 255, 255
L 11, -391, 2, 6, -384, 3, 255, 255, 255
L 6, -384, 3, 6, -366, 3, 255, 255, 255
L 6, -366, 3, 11, -360, 3, 255, 255, 255
L 11, -360, 3, 4, -353, 6, 255, 255, 255
L -18, -157, 34, -18, -176, 3, 255, 255, 255
L -18, -176, 3, -23, -181, 3, 255, 255, 255
L -23, -181, 3, -28, -196, 3, 255, 255, 255
L -28, -196, 3, -38, -206, 3, 255, 255, 255
L -38, -206, 3, -58, -216, 3, 255, 255, 255
L -58, -216, 3, -58, -226, 3, 255, 255, 255
L -58, -226, 3, -79, -236, 3, 255, 255, 255
L -79, -236, 3, -89, -247, 3, 255, 255, 255
L -89, -247, 3, -109, -256, 3, 255, 255, 255
L -109, -256, 3, -119, -266, 3, 255, 255, 255
L -119, -266, 3, -139, -276, 3, 255, 255, 255
L -139, -276, 3, -147, -285, 3, 255, 255, 255
L -147, -285, 3, -144, -288, 3, 255, 255, 255
L -144, -288, 3, -126, -288, 3, 255, 255, 255
L -126, -288, 3, -120, -283, 3, 255, 255, 255
L -120, -283, 3, -114, -288, 3, 255, 255, 255
L -114, -288, 3, -96, -288, 3, 255, 255, 255
L -96, -288, 3, -90, -283, 3, 255, 255, 255
L -90, -283, 3, -84, -288, 3, 255, 255, 255
L -84, -288, 3, -66, -288, 3, 255, 255, 255
L -66, -288, 3, -60, -283, 3, 255, 255, 255
L -60, -283, 3, -54, -288, 3, 255, 255, 255
L -54, -288, 3, -36, -288, 3, 255, 255, 255
L -36, -288, 3, -30, -283, 3, 255, 255, 255
L -30, -283, 3, -24, -288, 3, 255, 255, 255
L -24, -288, 3, -18, -288, 3, 255, 255, 255
L -18, -288, 3, -18, -312, 3, 255, 255, 255
L -18, -312, 3, -24, -312, 3, 255, 255, 255
L -24, -312, 3, -30, -317, 3, 255, 255, 255
L -30, -317, 3, -36, -312, 3, 255, 255, 255
L -36, -312, 3, -54, -312, 3, 255, 255, 255
L -54, -312, 3, -60, -317, 3, 255, 255, 255
L -60, -317, 3, -66, -312, 3, 255, 255, 255
L -66, -312, 3, -84, -312, 3, 255, 255, 255
L -84, -312, 3, -90, -317, 3, 255, 255, 255
L -90, -317, 3, -96, -312, 3, 255, 255, 255
L -96, -312, 3, -114, -312, 3, 255, 255, 255
L -114, -312, 3, -120, -317, 3, 255, 255, 255
L -120, -317, 3, -126, -312, 3, 255, 255, 255
L -126, -312, 3, -144, -312, 3, 255, 255, 255
L -144, -312, 3, -148, -315, 3, 255, 255, 255
L -148, -315, 3, -138, -345, 3, 255, 255, 255
L -138, -345, 3, -145, -360, 3, 255, 255, 255
L -145, -360, 3, -137, -366, 3, 255, 255, 255
L -137, -366, 3, -133, -371, 3, 255, 255, 255
L -133, -371, 3, -130, -381, 3, 255, 255, 255
L -130, -381, 3, -132, -390, 2, 255, 255, 255
L -132, -390, 2, -137, -396, 2, 255, 255, 255
L -137, -396, 2, -141, -398, 2, 255, 255, 255
L -141, -398, 2, -154, -399, 2, 255, 255, 255
L -154, -399, 2, -171, -398, 2, 255, 255, 255
L -171, -398, 2, -182, -397, 2, 255, 255, 255
L -182, -397, 2, -185, -395, 2, 255, 255, 255
L -185, -395, 2, -186, -394, 2, 255, 255, 255
L -186, -394, 2, -194, -397, 2, 255, 255, 255
L -194, -397, 2, -238, -426, 2, 255, 255, 255
L -238, -426, 2, -238, -479, 2, 255, 255, 255
L -238, -479, 2, -199, -523, 3, 255, 255, 255
L -199, -523, 3, -152, -523, 3, 255, 255, 255
L -152, -523, 3, -152, -494, 3, 255, 255, 255
L -152, -494, 3, -131, -473, 3, 255, 255, 255
L -131, -473, 3, -99, -473, 3, 255, 255, 255
L -99, -473, 3, -78, -494, 3, 255, 255, 255
L -78, -494, 3, -78, -503, 3, 255, 255, 255
L -78, -503, 3, -22, -503, 3, 255, 255, 255
L -22, -503, 3, -17, -501, 3, 255, 255, 255
L -17, -501, 3, -17, -486, 2, 255, 255, 255
L -17, -486, 2, -22, -480, 2, 255, 255, 255
L -22, -480, 2, -17, -474, 2, 255, 255, 255
L -17, -474, 2, -17, -456, 2, 255, 255, 255
L -17, -456, 2, -22, -450, 2, 255, 255, 255
L -22, -450, 2, -17, -444, 2, 255, 255, 255
L -17, -444, 2, -17, -426, 2, 255, 255, 255
L -17, -426, 2, -22, -420, 2, 255, 255, 255
L -22, -420, 2, -17, -414, 2, 255, 255, 255
L -17, -414, 2, -17, -396, 2, 255, 255, 255
L -17, -396, 2, -22, -390, 2, 255, 255, 255
L -22, -390, 2, -17, -384, 3, 255, 255, 255
L -17, -384, 3, -17, -366, 3, 255, 255, 255
L -17, -366, 3, -22, -360, 3, 255, 255, 255
L -22, -360, 3, -16, -353, 6, 255, 255, 255
L -8, -360, 84, -9, -505, 8, 153, 0, 0
L -2, -360, 84, -1, -505, 8, 153, 0, 0
L -13, -512, 84, -13, -513, 8, 255, 255, 255
L -13, -513, 8, -9, -513, 8, 255, 255, 255
L -9, -513, 8, -8, -545, 8, 255, 255, 255
L -8, -545, 8, -10, -547, 8, 255, 255, 255
L -10, -547, 8, -74, -547, 8, 255, 255, 255
L -74, -547, 8, -78, -550, 9, 255, 255, 255
L -78, -550, 9, -79, -552, 9, 255, 255, 255
L -79, -552, 9, -86, -552, 8, 255, 255, 255
L -86, -552, 8, -199, -552, 8, 255, 255, 255
L -199, -552, 8, -203, -556, 9, 255, 255, 255
L -203, -556, 9, -205, -557, 8, 255, 255, 255
L -205, -557, 8, -240, -557, 18, 255, 255, 255
L -240, -557, 18, -252, -545, 18, 255, 255, 255
L -252, -545, 18, -252, -315, 18, 255, 255, 255
L -252, -315, 18, -240, -303, 18, 255, 255, 255
L -240, -303, 18, -150, -303, 18, 255, 255, 255
L -150, -303, 184, 139, -303, 18, 153, 0, 0
L 139, -303, 184, 239, -303, 18, 255, 255, 255
L 239, -303, 18, 251, -315, 18, 255, 255, 255
L 251, -315, 18, 251, -545, 18, 255, 255, 255
L 251, -545, 18, 239, -557, 18, 255, 255, 255
L 239, -557, 18, 204, -557, 8, 255, 255, 255
L 204, -557, 8, 202, -555, 9, 255, 255, 255
L 202, -555, 9, 198, -552, 9, 255, 255, 255
L 198, -552, 9, 75, -552, 8, 255, 255, 255
L 75, -552, 8, 68, -552, 9, 255, 255, 255
L 68, -552, 9, 67, -550, 9, 255, 255, 255
L 67, -550, 9, 63, -547, 8, 255, 255, 255
L 63, -547, 8, 0, -547, 8, 255, 255, 255
L 0, -547, 8, -2, -545, 8, 255, 255, 255
L -2, -545, 8, -2, -515, 8, 255, 255, 255
L -2, -515, 8, 0, -513, 8, 255, 255, 255
L 0, -513, 8, 2, -513, 8, 255, 255, 255
L 2, -513, 8, 2, -512, 8, 255, 255, 255
L 67, -584, 91, 67, -576, 8, 255, 255, 255
L 67, -576, 8, 67, -569, 9, 255, 255, 255
L 67, -569, 9, 68, -568, 9, 255, 255, 255
L 68, -568, 9, 75, -568, 8, 255, 255, 255
L 75, -568, 8, 198, -568, 8, 255, 255, 255
L 198, -568, 8, 202, -564, 9, 255, 255, 255
L 202, -564, 9, 203, -563, 8, 255, 255, 255
L 203, -563, 8, 238, -563, 17, 255, 255, 255
L 238, -563, 17, 257, -544, 18, 255, 255, 255
L 257, -544, 18, 257, -316, 18, 255, 255, 255
L 257, -316, 18, 238, -297, 18, 255, 255, 255
L 238, -297, 18, 139, -297, 18, 255, 255, 255
L 139, -297, 184, -150, -297, 18, 153, 0, 0
L -150, -297, 184, -239, -297, 18, 255, 255, 255
L -239, -297, 18, -258, -316, 18, 255, 255, 255
L -258, -316, 18, -258, -544, 18, 255, 255, 255
L -258, -544, 18, -239, -563, 17, 255, 255, 255
L -239, -563, 17, -205, -563, 8, 255, 255, 255
L -205, -563, 8, -203, -564, 9, 255, 255, 255
L -203, -564, 9, -199, -568, 8, 255, 255, 255
L -199, -568, 8, -86, -568, 9, 255, 255, 255
L -86, -568, 9, -79, -568, 8, 255, 255, 255
L -79, -568, 8, -78, -569, 9, 255, 255, 255
L -78, -569, 9, -78, -576, 8, 255, 255, 255
L -78, -576, 8, -78, -596, 8, 255, 255, 255
L -78, -596, 8, -80, -598, 8, 255, 255, 255
L -80, -598, 8, -86, -597, 8, 255, 255, 255
L -86, -597, 8, -103, -601, 8, 255, 255, 255
L -103, -601, 8, -104, -603, 8, 255, 255, 255
L -104, -603, 8, -111, -602, 8, 255, 255, 255
L -111, -602, 8, -112, -602, 8, 255, 255, 255
L -112, -602, 8, -130, -602, 13, 255, 255, 255
L -130, -602, 13, -132, -600, 14, 255, 255, 255
L -132, -600, 14, -132, -590, 18, 255, 255, 255
L -132, -590, 18, -130, -588, 19, 255, 255, 255
L -130, -588, 19, -92, -588, 38, 255, 255, 255
L -92, -588, 384, -62, -588, 38, 102, 102, 102
L -62, -588, 38, -60, -587, 38, 102, 102, 102
L -60, -587, 38, -55, -587, 38, 102, 102, 102
L -55, -587, 38, -53, -589, 38, 102, 102, 102
L -53, -589, 38, -53, -621, 38, 102, 102, 102
L -53, -621, 38, -55, -623, 38, 102, 102, 102
L -55, -623, 38, -60, -623, 38, 102, 102, 102
L -60, -623, 38, -62, -622, 38, 102, 102, 102
L -62, -622, 38, -110, -622, 48, 102, 102, 102
L -110, -622, 48, -112, -620, 48, 102, 102, 102
L -112, -620, 48, -112, -610, 53, 102, 102, 102
L -112, -610, 53, -110, -608, 53, 102, 102, 102
L -110, -608, 53, -77, -608, 63, 102, 102, 102
L -77, -608, 63, -75, -607, 63, 102, 102, 102
L -75, -607, 63, -70, -607, 63, 102, 102, 102
L -70, -607, 63, -68, -608, 63, 102, 102, 102
L -68, -608, 634, -60, -608, 63, 0, 153, 153
L -60, -608, 63, -58, -610, 63, 0, 153, 153
L -58, -610, 63, -58, -654, 64, 0, 153, 153
L -58, -654, 64, -55, -658, 64, 0, 153, 153
L -55, -658, 64, -30, -658, 63, 0, 153, 153
L -30, -658, 63, -28, -660, 64, 0, 153, 153
L -28, -660, 64, -28, -669, 64, 0, 153, 153
L -28, -669, 64, -29, -671, 63, 0, 153, 153
L -29, -671, 63, -31, -673, 63, 0, 153, 153
L -31, -673, 63, -34, -673, 63, 0, 153, 153
L -34, -673, 63, -36, -671, 63, 0, 153, 153
L -36, -671, 63, -64, -671, 63, 0, 153, 153
L -64, -671, 63, -71, -672, 63, 0, 153, 153
L -71, -672, 63, -72, -666, 63, 0, 153, 153
L -72, -666, 63, -72, -654, 63, 0, 153, 153
L -72, -654, 63, -74, -652, 63, 0, 153, 153
L -74, -652, 63, -116, -652, 63, 0, 153, 153
L -116, -652, 63, -118, -654, 63, 0, 153, 153
L -118, -654, 63, -118, -696, 63, 0, 153, 153
L -118, -696, 63, -116, -698, 63, 0, 153, 153
L -116, -698, 63, -74, -698, 63, 0, 153, 153
L -74, -698, 63, -72, -696, 63, 0, 153, 153
L -72, -696, 63, -72, -684, 63, 0, 153, 153
L -72, -684, 63, -71, -678, 63, 0, 153, 153
L -71, -678, 63, -29, -678, 63, 0, 153, 153
L -29, -678, 63, -19, -688, 63, 0, 153, 153
L -19, -688, 63, -18, -696, 69, 0, 153, 153
L -18, -696, 69, -18, -704, 69, 0, 153, 153
L -18, -704, 69, -14, -708, 69, 0, 153, 153
L -14, -708, 69, -10, -708, 69, 0, 153, 153
L -10, -708, 69, -8, -710, 69, 0, 153, 153
L -8, -710, 69, -8, -739, 63, 0, 153, 153
L -8, -739, 63, -8, -745, 63, 0, 153, 153
L -8, -745, 63, -18, -747, 63, 0, 153, 153
L -18, -747, 63, -23, -751, 63, 0, 153, 153
L -23, -751, 63, -23, -779, 63, 0, 153, 153
L -23, -779, 63, -19, -783, 63, 0, 153, 153
L -19, -783, 63, 8, -783, 63, 0, 153, 153
L 8, -783, 63, 12, -777, 63, 0, 153, 153
L 12, -777, 63, 12, -751, 63, 0, 153, 153
L 12, -751, 63, 8, -747, 63, 0, 153, 153
L 8, -747, 63, -2, -745, 63, 0, 153, 153
L -2, -745, 63, -2, -739, 63, 0, 153, 153
L -2, -739, 63, -2, -710, 69, 0, 153, 153
L -2, -710, 69, 3, -708, 69, 0, 153, 153
L 3, -708, 69, 7, -704, 69, 0, 153, 153
L 7, -704, 69, 7, -696, 69, 0, 153, 153
L 7, -696, 69, 8, -688, 63, 0, 153, 153
L 8, -688, 63, 17, -680, 64, 0, 153, 153
L 17, -680, 64, 18, -678, 63, 0, 153, 153
L 18, -678, 63, 60, -678, 63, 0, 153, 153
L 60, -678, 63, 61, -680, 63, 0, 153, 153
L 61, -680, 63, 61, -688, 63, 0, 153, 153
L 61, -688, 63, 83, -688, 63, 0, 153, 153
L 83, -688, 63, 87, -684, 63, 0, 153, 153
L 87, -684, 63, 87, -662, 63, 0, 153, 153
L 87, -662, 63, 61, -662, 63, 0, 153, 153
L 61, -662, 63, 61, -670, 63, 0, 153, 153
L 61, -670, 63, 60, -671, 63, 0, 153, 153
L 60, -671, 63, 18, -671, 63, 0, 153, 153
L 18, -671, 63, 17, -660, 64, 0, 153, 153
L 17, -660, 64, 19, -658, 63, 0, 153, 153
L 19, -658, 63, 44, -658, 64, 0, 153, 153
L 44, -658, 64, 47, -654, 64, 0, 153, 153
L 47, -654, 64, 47, -610, 63, 0, 153, 153
L 47, -610, 63, 49, -608, 63, 0, 153, 153
L 49, -608, 63, 57, -608, 63, 0, 153, 153
L 57, -608, 634, 59, -607, 63, 102, 102, 102
L 59, -607, 63, 64, -607, 63, 102, 102, 102
L 64, -607, 63, 66, -608, 63, 102, 102, 102
L 66, -608, 63, 107, -608, 53, 102, 102, 102
L 107, -608, 53, 107, -582, 48, 102, 102, 102
L 107, -582, 48, 51, -582, 38, 102, 102, 102
L 51, -582, 384, 42, -569, 39, 102, 102, 102
L 42, -569, 39, 34, -562, 39, 102, 102, 102
L 34, -562, 39, -45, -562, 39, 102, 102, 102
L -45, -562, 39, -53, -569, 39, 102, 102, 102
L -53, -569, 39, -53, -581, 38, 102, 102, 102
L -53, -581, 38, -55, -583, 38, 102, 102, 102
L -55, -583, 38, -60, -583, 38, 102, 102, 102
L -60, -583, 38, -62, -582, 38, 102, 102, 102
L -62, -582, 384, -138, -582, 18, 255, 255, 255
L -138, -582, 18, -138, -608, 13, 255, 255, 255
L -138, -608, 13, -112, -608, 8, 255, 255, 255
L -112, -608, 8, -110, -607, 8, 255, 255, 255
L -110, -607, 8, -105, -607, 8, 255, 255, 255
L -105, -607, 8, -103, -608, 8, 255, 255, 255
L -103, -608, 8, -86, -612, 8, 255, 255, 255
L -86, -612, 8, -80, -612, 8, 255, 255, 255
L -80, -612, 8, -78, -614, 8, 255, 255, 255
L -78, -614, 8, -78, -619, 8, 255, 255, 255
L -78, -619, 8, -78, -625, 9, 255, 255, 255
L -78, -625, 9, -78, -659, 9, 255, 255, 255
L -78, -659, 9, -74, -663, 8, 255, 255, 255
L -74, -663, 8, -21, -663, 8, 255, 255, 255
L -21, -663, 8, -14, -663, 9, 255, 255, 255
L -14, -663, 9, -13, -665, 8, 255, 255, 255
L -13, -665, 8, -13, -690, 8, 255, 255, 255
L -13, -690, 8, -15, -692, 8, 255, 255, 255
L -15, -692, 8, -33, -692, 8, 255, 255, 255
L -33, -692, 8, -33, -735, 8, 255, 255, 255
L -33, -735, 8, -35, -737, 9, 255, 255, 255
L -35, -737, 9, -43, -744, 9, 255, 255, 255
L -43, -744, 9, -43, -746, 8, 255, 255, 255
L -43, -746, 8, -45, -748, 8, 255, 255, 255
L -45, -748, 8, -60, -747, 8, 255, 255, 255
L -60, -747, 83, -80, -747, -1, 255, 0, 255
L -80, -747, -1, -82, -744, -2, 255, 0, 255
L -82, -744, -2, -82, -715, -16, 255, 0, 255
L -82, -715, -16, -80, -713, -16, 255, 0, 255
L -80, -713, -16, -59, -713, -26, 255, 0, 255
L -59, -713, -26, -58, -715, -26, 255, 0, 255
L -58, -715, -26, -58, -725, -31, 255, 0, 255
L -58, -725, -31, -60, -727, -31, 255, 0, 255
L -60, -727, -31, -154, -727, -36, 255, 0, 255
L -154, -727, -36, -156, -728, -36, 255, 0, 255
L -156, -728, -36, -166, -726, -36, 255, 0, 255
L -166, -726, -36, -175, -727, -41, 255, 0, 255
L -175, -727, -41, -177, -725, -41, 255, 0, 255
L -177, -725, -41, -177, -716, -41, 255, 0, 255
L -177, -716, -41, -186, -707, -41, 255, 0, 255
L -186, -707, -41, -274, -707, -41, 255, 0, 255
L -274, -707, -41, -283, -716, -41, 255, 0, 255
L -283, -716, -41, -288, -717, -41, 255, 0, 255
L -288, -717, -41, -288, -743, -41, 255, 0, 255
L -288, -743, -41, -284, -743, -41, 255, 0, 255
L -284, -743, -41, -274, -753, -41, 255, 0, 255
L -274, -753, -41, -186, -753, -41, 255, 0, 255
L -186, -753, -41, -177, -744, -41, 255, 0, 255
L -177, -744, -41, -177, -735, -41, 255, 0, 255
L -177, -735, -41, -175, -733, -41, 255, 0, 255
L -175, -733, -41, -166, -733, -36, 255, 0, 255
L -166, -733, -36, -154, -733, -36, 255, 0, 255
L -154, -733, -36, -52, -733, -31, 255, 0, 255
L -52, -733, -31, -52, -707, -26, 255, 0, 255
L -52, -707, -26, -88, -707, -16, 255, 0, 255
L -88, -707, -16, -88, -753, -1, 255, 0, 255
L -88, -753, -1, -60, -753, 8, 255, 0, 255
L -60, -753, 84, -52, -753, 8, 255, 255, 255
L -52, -753, 8, -50, -752, 8, 255, 255, 255
L -50, -752, 8, -45, -752, 8, 255, 255, 255
L -45, -752, 8, -43, -755, 9, 255, 255, 255
L -43, -755, 9, -36, -763, 9, 255, 255, 255
L -36, -763, 9, -33, -765, 8, 255, 255, 255
L -33, -765, 8, -33, -784, 0, 255, 255, 255
L -33, -784, 0, -33, -795, -1, 255, 255, 255
L -33, -795, -1, -35, -797, -1, 255, 255, 255
L -35, -797, -1, -73, -796, 18, 255, 255, 255
L -73, -796, 18, -73, -893, 18, 255, 255, 255
L -73, -893, 18, -35, -893, -1, 255, 255, 255
L -35, -893, -1, -33, -894, -1, 255, 255, 255
L -33, -894, -1, -23, -903, -1, 255, 255, 255
L -23, -903, -1, 11, -903, -1, 255, 255, 255
L 11, -903, -1, 22, -895, -1, 255, 255, 255
L 22, -895, -1, 24, -893, -1, 255, 255, 255
L 24, -893, -1, 62, -893, 18, 255, 255, 255
L 62, -893, 18, 62, -796, 18, 255, 255, 255
L 62, -796, 18, 24, -797, -1, 255, 255, 255
L 24, -797, -1, 22, -796, -1, 255, 255, 255
L 22, -796, -1, 22, -784, 0, 255, 255, 255
L 22, -784, 0, 22, -765, 8, 255, 255, 255
L 22, -765, 8, 24, -763, 9, 255, 255, 255
L 24, -763, 9, 32, -755, 9, 255, 255, 255
L 32, -755, 9, 34, -752, 8, 255, 255, 255
L 35, -748, 84, 32, -744, 9, 255, 255, 255
L 32, -744, 9, 25, -737, 9, 255, 255, 255
L 25, -737, 9, 22, -735, 8, 255, 255, 255
L 22, -735, 8, 22, -692, 8, 255, 255, 255
L 22, -692, 8, 4, -692, 8, 255, 255, 255
L 4, -692, 8, 2, -690, 8, 255, 255, 255
L 2, -690, 8, 2, -665, 8, 255, 255, 255
L 2, -665, 8, 3, -663, 8, 255, 255, 255
L 3, -663, 8, 10, -663, 9, 255, 255, 255
L 10, -663, 9, 18, -663, 8, 255, 255, 255
L 18, -663, 8, 63, -663, 8, 255, 255, 255
L 63, -663, 8, 67, -659, 8, 255, 255, 255
L 67, -659, 8, 67, -614, 8, 255, 255, 255
L 67, -614, 8, 69, -612, 8, 255, 255, 255
L 69, -612, 8, 75, -612, 8, 255, 255, 255
L 75, -612, 8, 92, -608, 8, 255, 255, 255
L 92, -608, 8, 94, -607, 8, 255, 255, 255
L 94, -607, 8, 99, -607, 8, 255, 255, 255
L 99, -607, 8, 101, -608, 8, 255, 255, 255
L 101, -608, 8, 119, -608, 13, 255, 255, 255
L 119, -608, 13, 121, -610, 14, 255, 255, 255
L 121, -610, 14, 121, -620, 18, 255, 255, 255
L 121, -620, 18, 119, -622, 19, 255, 255, 255
L 119, -622, 19, 81, -622, 38, 255, 255, 255
L 81, -622, 384, 51, -622, 38, 102, 102, 102
L 51, -622, 38, 49, -623, 38, 102, 102, 102
L 49, -623, 38, 43, -623, 38, 102, 102, 102
L 43, -623, 38, 42, -621, 38, 102, 102, 102
L 42, -621, 38, 42, -609, 39, 102, 102, 102
L 42, -609, 39, 42, -600, 39, 102, 102, 102
L 42, -600, 39, 42, -589, 38, 102, 102, 102
L 42, -589, 38, 44, -587, 38, 102, 102, 102
L 44, -587, 38, 49, -587, 38, 102, 102, 102
L 49, -587, 38, 51, -588, 38, 102, 102, 102
L 51, -588, 38, 99, -588, 48, 102, 102, 102
L 99, -588, 48, 101, -590, 48, 102, 102, 102
L 101, -590, 48, 101, -600, 53, 102, 102, 102
L 101, -600, 53, 99, -602, 53, 102, 102, 102
L 99, -602, 53, 79, -602, 63, 102, 102, 102
L 79, -602, 634, 66, -602, 63, 0, 153, 153
L 66, -602, 63, 64, -603, 63, 0, 153, 153
L 64, -603, 63, 59, -603, 63, 0, 153, 153
L 59, -603, 63, 57, -602, 63, 0, 153, 153
L 57, -602, 63, 49, -602, 63, 0, 153, 153
L 49, -602, 63, 47, -600, 63, 0, 153, 153
L 47, -600, 63, 47, -557, 64, 0, 153, 153
L 47, -557, 64, 47, -552, 63, 0, 153, 153
L 47, -552, 63, 29, -552, 63, 0, 153, 153
L 29, -552, 63, 27, -550, 65, 0, 153, 153
L 27, -550, 65, 27, -541, 66, 0, 153, 153
L 27, -541, 66, 18, -532, 67, 0, 153, 153
L 18, -532, 67, -29, -532, 67, 0, 153, 153
L -29, -532, 67, -38, -541, 66, 0, 153, 153
L -38, -541, 66, -38, -550, 65, 0, 153, 153
L -38, -550, 65, -40, -552, 63, 0, 153, 153
L -40, -552, 63, -54, -552, 64, 0, 153, 153
L -54, -552, 64, -58, -555, 64, 0, 153, 153
L -58, -555, 64, -58, -600, 63, 0, 153, 153
L -58, -600, 63, -60, -602, 63, 0, 153, 153
L -60, -602, 63, -68, -602, 63, 0, 153, 153
L -68, -602, 63, -70, -603, 63, 0, 153, 153
L -70, -603, 63, -75, -603, 63, 0, 153, 153
L -75, -603, 63, -77, -602, 63, 0, 153, 153
L -77, -602, 63, -90, -602, 63, 0, 153, 153
L -90, -602, 632, -118, -602, 53, 0, 153, 153
L -118, -602, 534, -118, -628, 48, 102, 102, 102
L -118, -628, 48, -62, -628, 38, 102, 102, 102
L -62, -628, 38, -60, -627, 38, 102, 102, 102
L -60, -627, 38, -55, -627, 38, 102, 102, 102
L -55, -627, 38, -53, -629, 38, 102, 102, 102
L -53, -629, 38, -53, -640, 39, 102, 102, 102
L -53, -640, 39, -45, -648, 39, 102, 102, 102
L -45, -648, 39, -40, -648, 38, 102, 102, 102
L -40, -648, 38, -38, -650, 38, 102, 102, 102
L -38, -650, 38, -38, -675, 38, 102, 102, 102
L -38, -675, 38, -40, -677, 38, 102, 102, 102
L -40, -677, 38, -43, -677, 38, 102, 102, 102
L -43, -677, 38, -45, -678, 38, 102, 102, 102
L -45, -678, 38, -50, -678, 38, 102, 102, 102
L -50, -678, 38, -52, -677, 38, 102, 102, 102
L -52, -677, 38, -61, -677, 38, 102, 102, 102
L -61, -677, 38, -63, -675, 38, 102, 102, 102
L -63, -675, 38, -63, -673, 38, 102, 102, 102
L -63, -673, 38, -61, -668, 38, 102, 102, 102
L -61, -668, 38, -57, -668, 38, 102, 102, 102
L -57, -668, 38, -57, -652, 40, 102, 102, 102
L -57, -652, 40, -71, -652, 38, 102, 102, 102
L -71, -652, 38, -73, -659, 38, 102, 102, 102
L -73, -659, 38, -73, -664, 38, 102, 102, 102
L -73, -664, 38, -69, -668, 38, 102, 102, 102
L -69, -668, 38, -67, -673, 38, 102, 102, 102
L -67, -673, 38, -69, -677, 38, 102, 102, 102
L -69, -677, 38, -86, -677, 38, 102, 102, 102
L -86, -677, 38, -88, -675, 38, 102, 102, 102
L -88, -675, 38, -88, -673, 38, 102, 102, 102
L -88, -673, 38, -86, -668, 38, 102, 102, 102
L -86, -668, 38, -82, -668, 38, 102, 102, 102
L -82, -668, 38, -82, -652, 40, 102, 102, 102
L -82, -652, 40, -96, -652, 38, 102, 102, 102
L -96, -652, 38, -98, -659, 38, 102, 102, 102
L -98, -659, 38, -98, -665, 38, 102, 102, 102
L -98, -665, 38, -94, -668, 38, 102, 102, 102
L -94, -668, 38, -92, -673, 38, 102, 102, 102
L -92, -673, 38, -92, -674, 38, 102, 102, 102
L -92, -674, 38, -94, -677, 38, 102, 102, 102
L -94, -677, 38, -111, -677, 38, 102, 102, 102
L -111, -677, 38, -113, -674, 38, 102, 102, 102
L -113, -674, 38, -113, -673, 38, 102, 102, 102
L -113, -673, 38, -111, -668, 38, 102, 102, 102
L -111, -668, 38, -107, -668, 38, 102, 102, 102
L -107, -668, 38, -107, -652, 40, 102, 102, 102
L -107, -652, 40, -121, -652, 38, 102, 102, 102
L -121, -652, 38, -123, -659, 38, 102, 102, 102
L -123, -659, 38, -123, -665, 38, 102, 102, 102
L -123, -665, 38, -119, -668, 38, 102, 102, 102
L -119, -668, 38, -117, -672, 38, 102, 102, 102
L -117, -672, 38, -117, -675, 38, 102, 102, 102
L -117, -675, 38, -119, -677, 38, 102, 102, 102
L -119, -677, 38, -123, -677, 38, 102, 102, 102
L -123, -677, 38, -123, -683, 38, 102, 102, 102
L -123, -683, 38, -119, -683, 38, 102, 102, 102
L -119, -683, 38, -117, -685, 38, 102, 102, 102
L -117, -685, 38, -117, -687, 38, 102, 102, 102
L -117, -687, 38, -119, -692, 38, 102, 102, 102
L -119, -692, 38, -123, -696, 38, 102, 102, 102
L -123, -696, 38, -123, -701, 38, 102, 102, 102
L -123, -701, 38, -121, -708, 38, 102, 102, 102
L -121, -708, 38, -107, -708, 40, 102, 102, 102
L -107, -708, 40, -107, -692, 38, 102, 102, 102
L -107, -692, 38, -111, -692, 38, 102, 102, 102
L -111, -692, 38, -113, -687, 38, 102, 102, 102
L -113, -687, 38, -113, -684, 38, 102, 102, 102
L -113, -684, 38, -111, -683, 38, 102, 102, 102
L -111, -683, 38, -94, -683, 38, 102, 102, 102
L -94, -683, 38, -92, -685, 38, 102, 102, 102
L -92, -685, 38, -92, -687, 38, 102, 102, 102
L -92, -687, 38, -94, -692, 38, 102, 102, 102
L -94, -692, 38, -95, -692, 38, 102, 102, 102
L -95, -692, 38, -98, -696, 38, 102, 102, 102
L -98, -696, 38, -98, -701, 38, 102, 102, 102
L -98, -701, 38, -96, -708, 38, 102, 102, 102
L -96, -708, 38, -82, -708, 40, 102, 102, 102
L -82, -708, 40, -82, -692, 38, 102, 102, 102
L -82, -692, 38, -86, -692, 38, 102, 102, 102
L -86, -692, 38, -88, -687, 38, 102, 102, 102
L -88, -687, 38, -88, -685, 38, 102, 102, 102
L -88, -685, 38, -86, -683, 38, 102, 102, 102
L -86, -683, 38, -69, -683, 38, 102, 102, 102
L -69, -683, 38, -67, -685, 38, 102, 102, 102
L -67, -685, 38, -67, -687, 38, 102, 102, 102
L -67, -687, 38, -69, -692, 38, 102, 102, 102
L -69, -692, 38, -70, -692, 38, 102, 102, 102
L -70, -692, 38, -73, -695, 38, 102, 102, 102
L -73, -695, 38, -73, -701, 38, 102, 102, 102
L -73, -701, 38, -71, -708, 38, 102, 102, 102
L -71, -708, 38, -57, -708, 40, 102, 102, 102
L -57, -708, 40, -57, -692, 38, 102, 102, 102
L -57, -692, 38, -61, -692, 38, 102, 102, 102
L -61, -692, 38, -63, -687, 38, 102, 102, 102
L -63, -687, 38, -63, -685, 38, 102, 102, 102
L -63, -685, 38, -61, -683, 38, 102, 102, 102
L -61, -683, 38, -52, -683, 38, 102, 102, 102
L -52, -683, 38, -50, -682, 38, 102, 102, 102
L -50, -682, 38, -45, -682, 38, 102, 102, 102
L -45, -682, 38, -43, -683, 38, 102, 102, 102
L -43, -683, 38, -39, -683, 38, 102, 102, 102
L -39, -683, 38, -38, -685, 38, 102, 102, 102
L -38, -685, 38, -38, -711, 38, 102, 102, 102
L -38, -711, 38, -38, -715, 42, 102, 102, 102
L -38, -715, 42, -35, -718, 43, 102, 102, 102
L -35, -718, 43, -15, -718, 38, 102, 102, 102
L -15, -718, 38, -13, -720, 38, 102, 102, 102
L -13, -720, 38, -13, -723, 38, 102, 102, 102
L -13, -723, 38, -12, -724, 38, 102, 102, 102
L -12, -724, 38, -12, -730, 38, 102, 102, 102
L -12, -730, 38, -13, -731, 38, 102, 102, 102
L -13, -731, 38, -13, -735, 38, 102, 102, 102
L -13, -735, 38, -15, -737, 38, 102, 102, 102
L -15, -737, 38, -18, -737, 38, 102, 102, 102
L -18, -737, 38, -18, -753, 38, 102, 102, 102
L -18, -753, 38, -10, -753, 38, 102, 102, 102
L -10, -753, 38, -8, -755, 38, 102, 102, 102
L -8, -755, 38, -8, -758, 38, 102, 102, 102
L -8, -758, 38, -7, -760, 38, 102, 102, 102
L -7, -760, 38, -7, -762, 38, 102, 102, 102
L -7, -762, 38, -8, -766, 38, 102, 102, 102
L -8, -766, 38, -13, -767, 41, 102, 102, 102
L -13, -767, 41, -13, -783, 42, 102, 102, 102
L -13, -783, 42, 2, -783, 42, 102, 102, 102
L 2, -783, 42, 2, -767, 38, 102, 102, 102
L 2, -767, 38, -1, -767, 38, 102, 102, 102
L -1, -767, 38, -3, -762, 38, 102, 102, 102
L -3, -762, 38, -3, -759, 38, 102, 102, 102
L -3, -759, 38, -2, -758, 38, 102, 102, 102
L -2, -758, 38, -2, -754, 38, 102, 102, 102
L -2, -754, 38, 0, -753, 38, 102, 102, 102
L 0, -753, 38, 9, -753, 38, 102, 102, 102
L 9, -753, 38, 11, -755, 38, 102, 102, 102
L 11, -755, 38, 11, -763, 38, 102, 102, 102
L 11, -763, 38, 87, -763, 38, 102, 102, 102
L 87, -763, 38, 87, -727, 38, 102, 102, 102
L 87, -727, 38, 11, -727, 38, 102, 102, 102
L 11, -727, 38, 11, -735, 38, 102, 102, 102
L 11, -735, 38, 9, -737, 38, 102, 102, 102
L 9, -737, 38, 4, -737, 38, 102, 102, 102
L 4, -737, 38, 2, -735, 38, 102, 102, 102
L 2, -735, 38, 2, -731, 38, 102, 102, 102
L 2, -731, 38, 1, -730, 38, 102, 102, 102
L 1, -730, 38, 1, -724, 38, 102, 102, 102
L 1, -724, 38, 2, -723, 38, 102, 102, 102
L 2, -723, 38, 2, -719, 38, 102, 102, 102
L 2, -719, 38, 4, -718, 38, 102, 102, 102
L 4, -718, 38, 20, -718, 38, 102, 102, 102
L 20, -718, 38, 27, -711, 38, 102, 102, 102
L 27, -711, 38, 27, -684, 38, 102, 102, 102
L 27, -684, 38, 29, -683, 38, 102, 102, 102
L 29, -683, 38, 32, -683, 38, 102, 102, 102
L 32, -683, 38, 34, -682, 38, 102, 102, 102
L 34, -682, 38, 39, -682, 38, 102, 102, 102
L 39, -682, 38, 41, -683, 38, 102, 102, 102
L 41, -683, 38, 50, -683, 38, 102, 102, 102
L 50, -683, 38, 52, -684, 38, 102, 102, 102
L 52, -684, 38, 52, -687, 38, 102, 102, 102
L 52, -687, 38, 50, -692, 38, 102, 102, 102
L 50, -692, 38, 49, -692, 38, 102, 102, 102
L 49, -692, 38, 46, -696, 38, 102, 102, 102
L 46, -696, 38, 46, -701, 38, 102, 102, 102
L 46, -701, 38, 48, -708, 38, 102, 102, 102
L 48, -708, 38, 62, -708, 40, 102, 102, 102
L 62, -708, 40, 62, -692, 38, 102, 102, 102
L 62, -692, 38, 58, -692, 38, 102, 102, 102
L 58, -692, 38, 56, -687, 38, 102, 102, 102
L 56, -687, 38, 56, -685, 38, 102, 102, 102
L 56, -685, 38, 58, -683, 38, 102, 102, 102
L 58, -683, 38, 75, -683, 38, 102, 102, 102
L 75, -683, 38, 77, -685, 38, 102, 102, 102
L 77, -685, 38, 77, -687, 38, 102, 102, 102
L 77, -687, 38, 75, -692, 38, 102, 102, 102
L 75, -692, 38, 74, -692, 38, 102, 102, 102
L 74, -692, 38, 71, -695, 38, 102, 102, 102
L 71, -695, 38, 71, -701, 38, 102, 102, 102
L 71, -701, 38, 73, -708, 38, 102, 102, 102
L 73, -708, 38, 87, -708, 40, 102, 102, 102
L 87, -708, 40, 87, -692, 38, 102, 102, 102
L 87, -692, 38, 83, -692, 38, 102, 102, 102
L 83, -692, 38, 81, -687, 38, 102, 102, 102
L 81, -687, 38, 81, -685, 38, 102, 102, 102
L 81, -685, 38, 82, -683, 38, 102, 102, 102
L 82, -683, 38, 100, -683, 38, 102, 102, 102
L 100, -683, 38, 102, -685, 38, 102, 102, 102
L 102, -685, 38, 102, -687, 38, 102, 102, 102
L 102, -687, 38, 100, -692, 38, 102, 102, 102
L 100, -692, 38, 96, -695, 38, 102, 102, 102
L 96, -695, 38, 96, -701, 38, 102, 102, 102
L 96, -701, 38, 98, -708, 38, 102, 102, 102
L 98, -708, 38, 112, -708, 40, 102, 102, 102
L 112, -708, 40, 112, -692, 38, 102, 102, 102
L 112, -692, 38, 108, -692, 38, 102, 102, 102
L 108, -692, 38, 106, -687, 38, 102, 102, 102
L 106, -687, 38, 106, -685, 38, 102, 102, 102
L 106, -685, 38, 108, -683, 38, 102, 102, 102
L 108, -683, 38, 112, -683, 38, 102, 102, 102
L 112, -683, 38, 112, -677, 38, 102, 102, 102
L 112, -677, 38, 108, -677, 38, 102, 102, 102
L 108, -677, 38, 106, -675, 38, 102, 102, 102
L 106, -675, 38, 106, -673, 38, 102, 102, 102
L 106, -673, 38, 108, -668, 38, 102, 102, 102
L 108, -668, 38, 112, -668, 38, 102, 102, 102
L 112, -668, 38, 112, -652, 40, 102, 102, 102
L 112, -652, 40, 98, -652, 38, 102, 102, 102
L 98, -652, 38, 96, -659, 38, 102, 102, 102
L 96, -659, 38, 96, -664, 38, 102, 102, 102
L 96, -664, 38, 99, -668, 38, 102, 102, 102
L 99, -668, 38, 100, -668, 38, 102, 102, 102
L 100, -668, 38, 102, -673, 38, 102, 102, 102
L 102, -673, 38, 102, -675, 38, 102, 102, 102
L 102, -675, 38, 100, -677, 38, 102, 102, 102
L 100, -677, 38, 83, -677, 38, 102, 102, 102
L 83, -677, 38, 81, -674, 38, 102, 102, 102
L 81, -674, 38, 81, -673, 38, 102, 102, 102
L 81, -673, 38, 83, -668, 38, 102, 102, 102
L 83, -668, 38, 87, -668, 38, 102, 102, 102
L 87, -668, 38, 87, -652, 40, 102, 102, 102
L 87, -652, 40, 73, -652, 38, 102, 102, 102
L 73, -652, 38, 71, -659, 38, 102, 102, 102
L 71, -659, 38, 71, -664, 38, 102, 102, 102
L 71, -664, 38, 74, -668, 38, 102, 102, 102
L 74, -668, 38, 75, -668, 38, 102, 102, 102
L 75, -668, 38, 77, -673, 38, 102, 102, 102
L 77, -673, 38, 77, -675, 38, 102, 102, 102
L 77, -675, 38, 75, -677, 38, 102, 102, 102
L 75, -677, 38, 58, -677, 38, 102, 102, 102
L 58, -677, 38, 56, -675, 38, 102, 102, 102
L 56, -675, 38, 56, -673, 38, 102, 102, 102
L 56, -673, 38, 58, -668, 38, 102, 102, 102
L 58, -668, 38, 62, -668, 38, 102, 102, 102
L 62, -668, 38, 62, -652, 40, 102, 102, 102
L 62, -652, 40, 48, -652, 38, 102, 102, 102
L 48, -652, 38, 46, -659, 38, 102, 102, 102
L 46, -659, 38, 46, -665, 38, 102, 102, 102
L 46, -665, 38, 49, -668, 38, 102, 102, 102
L 49, -668, 38, 50, -668, 38, 102, 102, 102
L 50, -668, 38, 52, -672, 38, 102, 102, 102
L 52, -672, 38, 52, -675, 38, 102, 102, 102
L 52, -675, 38, 50, -677, 38, 102, 102, 102
L 50, -677, 38, 41, -677, 38, 102, 102, 102
L 41, -677, 38, 39, -678, 38, 102, 102, 102
L 39, -678, 38, 34, -678, 38, 102, 102, 102
L 34, -678, 38, 32, -677, 38, 102, 102, 102
L 32, -677, 38, 29, -677, 38, 102, 102, 102
L 29, -677, 38, 27, -675, 38, 102, 102, 102
L 27, -675, 38, 27, -650, 38, 102, 102, 102
L 27, -650, 38, 29, -648, 38, 102, 102, 102
L 29, -648, 38, 35, -648, 39, 102, 102, 102
L 35, -648, 39, 42, -640, 39, 102, 102, 102
L 42, -640, 39, 42, -628, 38, 102, 102, 102
L 42, -628, 38, 44, -627, 38, 102, 102, 102
L 44, -627, 38, 51, -628, 38, 102, 102, 102
L 51, -628, 38, 81, -628, 38, 102, 102, 102
L 81, -628, 384, 127, -628, 18, 255, 255, 255
L 127, -628, 18, 127, -602, 13, 255, 255, 255
L 127, -602, 13, 101, -602, 8, 255, 255, 255
L 101, -602, 8, 99, -603, 8, 255, 255, 255
L 99, -603, 8, 94, -603, 8, 255, 255, 255
L 94, -603, 8, 92, -601, 8, 255, 255, 255
L 92, -601, 8, 75, -597, 8, 255, 255, 255
L 75, -597, 8, 74, -598, 8, 255, 255, 255
L 74, -598, 8, 68, -598, 8, 255, 255, 255
L 68, -598, 8, 67, -595, 8, 255, 255, 255
L 67, -595, 8, 67, -584, 9, 255, 255, 255
L 1, -625, 34, -12, -625, 3, 255, 0, 0
L -12, -625, 3, -24, -612, 3, 255, 0, 0
L -24, -612, 3, -24, -598, 3, 255, 0, 0
L -24, -598, 3, -12, -585, 3, 255, 0, 0
L -12, -585, 3, 1, -585, 3, 255, 0, 0
L 1, -585, 3, 14, -597, 3, 255, 0, 0
L 14, -597, 3, 15, -612, 3, 255, 0, 0
L 15, -612, 3, 1, -625, 3, 255, 0, 0
L -123, -638, -432, -123, -638, -43, 0, 255, 255
L -123, -638, -43, -108, -620, -43, 0, 255, 255
L -108, -620, -43, -86, -617, -43, 0, 255, 255
L -86, -617, -43, -73, -638, -42, 0, 255, 255
L -73, -638, -42, -54, -657, -61, 0, 255, 255
L -54, -657, -61, -42, -657, -76, 0, 255, 255
L -42, -657, -76, -30, -667, -81, 0, 255, 255
L -30, -667, -81, -26, -663, -85, 0, 255, 255
L -26, -663, -85, -5, -667, -91, 0, 255, 255
L -5, -667, -91, 3, -658, -91, 0, 255, 255
L 3, -658, -91, 48, -657, -101, 0, 255, 255
L 48, -657, -101, 57, -644, -101, 0, 255, 255
L 57, -644, -101, 57, -604, -101, 0, 255, 255
L 57, -604, -101, 70, -593, -101, 0, 255, 255
L 70, -593, -101, 94, -598, -106, 0, 255, 255
L 94, -598, -106, 105, -612, -106, 0, 255, 255
L 105, -612, -106, 124, -613, -106, 0, 255, 255
L 124, -613, -106, 129, -618, -107, 0, 255, 255
L 129, -618, -107, 140, -610, -110, 0, 255, 255
L 140, -610, -110, 159, -607, -111, 0, 255, 255
L 159, -607, -111, 170, -604, -111, 0, 255, 255
L 170, -604, -111, 188, -555, -111, 0, 255, 255
L 188, -555, -111, 192, -533, -111, 0, 255, 255
L 192, -533, -111, 198, -522, -111, 0, 255, 255
L 198, -522, -111, 218, -497, -116, 0, 255, 255
L 218, -497, -116, 231, -460, -116, 0, 255, 255
L 231, -460, -116, 222, -408, -116, 0, 255, 255
L 222, -408, -116, 196, -396, -116, 0, 255, 255
L 196, -396, -116, 161, -374, -116, 0, 255, 255
L 161, -374, -116, 161, -386, -116, 0, 255, 255
L 161, -386, -116, 138, -392, -116, 0, 255, 255
L 138, -392, -116, 107, -392, -121, 0, 255, 255
L 107, -392, -121, 80, -387, -121, 0, 255, 255
L 80, -387, -121, 62, -391, -121, 0, 255, 255
L 62, -391, -121, 41, -388, -121, 0, 255, 255
L 41, -388, -121, 33, -390, -121, 0, 255, 255
L 33, -390, -121, 16, -392, -121, 0, 255, 255
L 16, -392, -121, 5, -388, -121, 0, 255, 255
L 5, -388, -121, -6, -387, -121, 0, 255, 255
L -6, -387, -121, -34, -392, -121, 0, 255, 255
L -34, -392, -121, -62, -388, -121, 0, 255, 255
L -62, -388, -121, -76, -392, -121, 0, 255, 255
L -76, -392, -121, -106, -392, -121, 0, 255, 255
L -106, -392, -121, -117, -388, -121, 0, 255, 255
L -117, -388, -121, -141, -392, -121, 0, 255, 255
L -141, -392, -121, -160, -387, -121, 0, 255, 255
L -160, -387, -121, -195, -398, -121, 0, 255, 255
L -195, -398, -121, -239, -427, -121, 0, 255, 255
L -239, -427, -121, -249, -442, -121, 0, 255, 255
L -249, -442, -121, -260, -442, -121, 0, 255, 255
L -260, -442, -121, -263, -421, -121, 0, 255, 255
L -263, -421, -121, -274, -413, -121, 0, 255, 255
L -274, -413, -121, -294, -412, -116, 0, 255, 255
L -294, -412, -116, -317, -406, -111, 0, 255, 255
L -317, -406, -111, -321, -402, -111, 0, 255, 255
L -321, -402, -111, -317, -390, -111, 0, 255, 255
L -317, -390, -111, -318, -375, -111, 0, 255, 255
L -318, -375, -111, -327, -361, -111, 0, 255, 255
L -327, -361, -111, -347, -351, -111, 0, 255, 255
L -347, -351, -111, -372, -340, -111, 0, 255, 255
L -372, -340, -111, -370, -296, -106, 0, 255, 255
L -370, -296, -106, -352, -259, -106, 0, 255, 255
L -352, -259, -106, -352, -218, -111, 0, 255, 255
L -352, -218, -111, -315, -193, -111, 0, 255, 255
L -315, -193, -111, -293, -214, -111, 0, 255, 255
L -293, -214, -111, -293, -223, -111, 0, 255, 255
L -293, -223, -111, -275, -233, -111, 0, 255, 255
L -275, -233, -111, -273, -249, -113, 0, 255, 255
L -273, -249, -113, -259, -267, -113, 0, 255, 255
L -259, -267, -113, -257, -268, -113, 0, 255, 255
L -257, -268, -113, -257, -225, -113, 0, 255, 255
L -257, -225, -113, -236, -212, -106, 0, 255, 255
L -236, -212, -106, -228, -205, -106, 0, 255, 255
L -228, -205, -106, -227, -191, -106, 0, 255, 255
L -227, -191, -106, -238, -167, -107, 0, 255, 255
L -238, -167, -107, -258, -120, -111, 0, 255, 255
L -258, -120, -111, -278, -100, -113, 0, 255, 255
L -278, -100, -113, -296, -63, -113, 0, 255, 255
L -296, -63, -113, -315, -62, -113, 0, 255, 255
L -315, -62, -113, -354, -43, -113, 0, 255, 255
L -354, -43, -113, -406, -37, -113, 0, 255, 255
L -406, -37, -113, -434, -23, -113, 0, 255, 255
L -434, -23, -113, -418, -4, -111, 0, 255, 255
L -418, -4, -111, -417, 0, -111, 0, 255, 255
L -417, 0, -111, -395, 2, -113, 0, 255, 255
L -395, 2, -113, -387, 5, -113, 0, 255, 255
L -387, 5, -113, -351, 6, -113, 0, 255, 255
L -351, 6, -113, -309, 26, -113, 0, 255, 255
L -309, 26, -113, -266, 26, -113, 0, 255, 255
L -266, 26, -113, -226, 61, -113, 0, 255, 255
L -226, 61, -113, -203, 45, -106, 0, 255, 255
L -203, 45, -106, -183, 26, -106, 0, 255, 255
L -183, 26, -106, -183, 20, -106, 0, 255, 255
L -183, 20, -106, -162, 25, -106, 0, 255, 255
L -162, 25, -106, -147, 30, -110, 0, 255, 255
L -147, 30, -110, -127, 59, -111, 0, 255, 255
L -127, 59, -111, -109, 78, -113, 0, 255, 255
L -109, 78, -113, -106, 81, -113, 0, 255, 255
L -106, 81, -113, -64, 82, -113, 0, 255, 255
L -64, 82, -113, -24, 103, -113, 0, 255, 255
L -24, 103, -113, 10, 138, -113, 0, 255, 255
L 10, 138, -113, 53, 141, -113, 0, 255, 255
L 53, 141, -113, 74, 161, -113, 0, 255, 255
L 74, 161, -113, 93, 156, -113, 0, 255, 255
L 93, 156, -113, 99, 141, -111, 0, 255, 255
L 99, 141, -111, 111, 121, -111, 0, 255, 255
L 111, 121, -111, 142, 112, -111, 0, 255, 255
L 142, 112, -111, 189, 112, -111, 0, 255, 255
L 189, 112, -111, 207, 126, -111, 0, 255, 255
L 207, 126, -111, 213, 136, -113, 0, 255, 255
L 213, 136, -113, 244, 136, -113, 0, 255, 255
L 244, 136, -113, 275, 142, -113, 0, 255, 255
L 275, 142, -113, 288, 149, -106, 0, 255, 255
L 288, 149, -106, 284, 151, -115, 0, 255, 255
L 284, 151, -115, 274, 148, -115, 0, 255, 255
L 274, 148, -115, 241, 149, -115, 0, 255, 255
L 241, 149, -115, 212, 160, -113, 0, 255, 255
L 212, 160, -113, 212, 169, -113, 0, 255, 255
L 212, 169, -113, 173, 205, -113, 0, 255, 255
L 173, 205, -113, 178, 215, -113, 0, 255, 255
L 178, 215, -113, 178, 224, -113, 0, 255, 255
L 178, 224, -113, 167, 246, -113, 0, 255, 255
L 167, 246, -113, 168, 249, -113, 0, 255, 255
L 168, 249, -113, 227, 309, -113, 0, 255, 255
L 227, 309, -113, 228, 330, -113, 0, 255, 255
L 228, 330, -113, 248, 349, -113, 0, 255, 255
L 248, 349, -113, 247, 369, -118, 0, 255, 255
L 247, 369, -118, 208, 398, -118, 0, 255, 255
L 208, 398, -118, 213, 409, -118, 0, 255, 255
L 213, 409, -118, 208, 419, -118, 0, 255, 255
L 208, 419, -118, 220, 428, -122, 0, 255, 255
L 220, 428, -122, 228, 439, -123, 0, 255, 255
L 228, 439, -123, 217, 459, -123, 0, 255, 255
L 217, 459, -123, 208, 468, -123, 0, 255, 255
L 208, 468, -123, 206, 489, -123, 0, 255, 255
L 206, 489, -123, 163, 518, -123, 0, 255, 255
L 163, 518, -123, 118, 563, -123, 0, 255, 255
L 118, 563, -123, 88, 563, -123, 0, 255, 255
L 88, 563, -123, 82, 575, -123, 0, 255, 255
L 82, 575, -123, 88, 615, -123, 0, 255, 255
L 88, 615, -123, 108, 630, -123, 0, 255, 255
L 108, 630, -123, 108, 649, -123, 0, 255, 255
L 108, 649, -123, 88, 669, -122, 0, 255, 255
L 88, 669, -122, 83, 710, -98, 0, 255, 255
L 83, 710, -98, 82, 724, -98, 0, 255, 255
L 82, 724, -98, 66, 746, -98, 0, 255, 255
L 66, 746, -98, 82, 749, -98, 0, 255, 255
L 82, 749, -98, 83, 763, -98, 0, 255, 255
L 71, 760, -962, 71, 760, -96, 0, 255, 255
L 71, 760, -96, 71, 758, -96, 0, 255, 255
L 71, 758, -96, 56, 752, -96, 0, 255, 255
L 56, 752, -96, 57, 744, -96, 0, 255, 255
L 57, 744, -96, 66, 725, -96, 0, 255, 255
L 66, 725, -96, 66, 708, -96, 0, 255, 255
L 66, 708, -96, 71, 689, -109, 0, 255, 255
L 71, 689, -109, 71, 660, -121, 0, 255, 255
L 71, 660, -121, 76, 656, -123, 0, 255, 255
L 76, 656, -123, 90, 650, -123, 0, 255, 255
L 90, 650, -123, 89, 629, -123, 0, 255, 255
L 89, 629, -123, 82, 629, -123, 0, 255, 255
L 82, 629, -123, 70, 623, -123, 0, 255, 255
L 70, 623, -123, 70, 611, -123, 0, 255, 255
L 70, 611, -123, 65, 588, -123, 0, 255, 255
L 65, 588, -123, 64, 572, -123, 0, 255, 255
L 64, 572, -123, 60, 563, -123, 0, 255, 255
L 60, 563, -123, 60, 555, -123, 0, 255, 255
L 60, 555, -123, 106, 540, -123, 0, 255, 255
L 106, 540, -123, 119, 545, -123, 0, 255, 255
L 119, 545, -123, 141, 518, -123, 0, 255, 255
L 141, 518, -123, 140, 510, -123, 0, 255, 255
L 140, 510, -123, 166, 498, -123, 0, 255, 255
L 166, 498, -123, 186, 467, -123, 0, 255, 255
L 186, 467, -123, 170, 454, -123, 0, 255, 255
L 170, 454, -123, 170, 439, -123, 0, 255, 255
L 170, 439, -123, 190, 418, -118, 0, 255, 255
L 190, 418, -118, 185, 413, -118, 0, 255, 255
L 185, 413, -118, 185, 406, -118, 0, 255, 255
L 185, 406, -118, 189, 400, -118, 0, 255, 255
L 189, 400, -118, 190, 389, -118, 0, 255, 255
L 190, 389, -118, 230, 370, -118, 0, 255, 255
L 230, 370, -118, 230, 347, -113, 0, 255, 255
L 230, 347, -113, 210, 338, -113, 0, 255, 255
L 210, 338, -113, 209, 304, -113, 0, 255, 255
L 209, 304, -113, 202, 301, -113, 0, 255, 255
L 202, 301, -113, 155, 253, -113, 0, 255, 255
L 155, 253, -113, 155, 203, -113, 0, 255, 255
L 155, 203, -113, 97, 193, -110, 0, 255, 255
L 97, 193, -110, 94, 183, -113, 0, 255, 255
L 94, 183, -113, 74, 177, -115, 0, 255, 255
L 74, 177, -115, 56, 159, -115, 0, 255, 255
L 56, 159, -115, 14, 158, -115, 0, 255, 255
L 14, 158, -115, -22, 121, -115, 0, 255, 255
L -22, 121, -115, -64, 98, -115, 0, 255, 255
L -64, 98, -115, -104, 98, -115, 0, 255, 255
L -104, 98, -115, -145, 78, -115, 0, 255, 255
L -145, 78, -115, -185, 98, -113, 0, 255, 255
L -185, 98, -113, -224, 88, -113, 0, 255, 255
L -224, 88, -113, -224, 77, -115, 0, 255, 255
L -224, 77, -115, -264, 43, -115, 0, 255, 255
L -264, 43, -115, -293, 43, -115, 0, 255, 255
L -293, 43, -115, -309, 43, -97, 0, 255, 255
L -309, 43, -97, -348, 23, -115, 0, 255, 255
L -348, 23, -115, -385, 28, -115, 0, 255, 255
L -385, 28, -115, -401, 38, -104, 0, 255, 255
L -401, 38, -104, -435, 47, -113, 0, 255, 255
L -435, 47, -113, -465, 30, -113, 0, 255, 255
L -465, 30, -113, -469, 24, -113, 0, 255, 255
L -469, 24, -113, -490, 18, -115, 0, 255, 255
L -490, 18, -115, -525, 38, -115, 0, 255, 255
L -525, 38, -115, -577, 12, -115, 0, 255, 255
L -577, 12, -115, -606, 9, -115, 0, 255, 255
L -606, 9, -115, -622, 4, -115, 0, 255, 255
L -622, 4, -115, -624, -5, -115, 0, 255, 255
L -624, -5, -115, -642, -24, -115, 0, 255, 255
L -642, -24, -115, -644, -45, -115, 0, 255, 255
L -644, -45, -115, -649, -65, -115, 0, 255, 255
L -649, -65, -115, -650, -88, -115, 0, 255, 255
L -650, -88, -115, -653, -90, -115, 0, 255, 255
L -653, -90, -115, -654, -123, -115, 0, 255, 255
L -654, -123, -115, -639, -139, -115, 0, 255, 255
L -639, -139, -115, -631, -139, -115, 0, 255, 255
L -631, -139, -115, -626, -117, -115, 0, 255, 255
L -626, -117, -115, -626, -91, -115, 0, 255, 255
L -626, -91, -115, -631, -86, -115, 0, 255, 255
L -631, -86, -115, -625, -42, -115, 0, 255, 255
L -625, -42, -115, -604, -3, -115, 0, 255, 255
L -604, -3, -115, -567, -4, -115, 0, 255, 255
L -567, -4, -115, -526, 19, -115, 0, 255, 255
L -526, 19, -115, -491, 1, -115, 0, 255, 255
L -491, 1, -115, -468, 0, -115, 0, 255, 255
L -468, 0, -115, -464, -9, -113, 0, 255, 255
L -464, -9, -113, -436, -38, -115, 0, 255, 255
L -436, -38, -115, -394, -59, -115, 0, 255, 255
L -394, -59, -115, -384, -59, -115, 0, 255, 255
L -384, -59, -115, -384, -64, -113, 0, 255, 255
L -384, -64, -113, -353, -69, -113, 0, 255, 255
L -353, -69, -113, -314, -80, -115, 0, 255, 255
L -314, -80, -115, -295, -98, -115, 0, 255, 255
L -295, -98, -115, -294, -101, -115, 0, 255, 255
L -294, -101, -115, -294, -121, -115, 0, 255, 255
L -294, -121, -115, -315, -147, -113, 0, 255, 255
L -315, -147, -113, -334, -160, -113, 0, 255, 255
L -334, -160, -113, -334, -168, -113, 0, 255, 255
L -334, -168, -113, -349, -191, -113, 0, 255, 255
L -349, -191, -113, -368, -205, -113, 0, 255, 255
L -368, -205, -113, -369, -257, -109, 0, 255, 255
L -369, -257, -109, -389, -302, -108, 0, 255, 255
L -389, -302, -108, -389, -345, -113, 0, 255, 255
L -389, -345, -113, -384, -354, -113, 0, 255, 255
L -384, -354, -113, -366, -361, -113, 0, 255, 255
L -366, -361, -113, -339, -389, -113, 0, 255, 255
L -339, -389, -113, -339, -407, -113, 0, 255, 255
L -339, -407, -113, -365, -427, -113, 0, 255, 255
L -365, -427, -113, -379, -455, -113, 0, 255, 255
L -379, -455, -113, -379, -479, -113, 0, 255, 255
L -379, -479, -113, -365, -503, -113, 0, 255, 255
L -365, -503, -113, -339, -524, -113, 0, 255, 255
L -339, -524, -113, -315, -534, -113, 0, 255, 255
L -315, -534, -113, -295, -533, -117, 0, 255, 255
L -295, -533, -117, -276, -519, -118, 0, 255, 255
L -276, -519, -118, -276, -505, -118, 0, 255, 255
L -276, -505, -118, -263, -496, -123, 0, 255, 255
L -263, -496, -123, -261, -479, -123, 0, 255, 255
L -261, -479, -123, -250, -474, -123, 0, 255, 255
L -250, -474, -123, -244, -476, -123, 0, 255, 255
L -244, -476, -123, -200, -522, -122, 0, 255, 255
L -200, -522, -122, -196, -504, -123, 0, 255, 255
L -196, -504, -123, -182, -499, -123, 0, 255, 255
L -182, -499, -123, -162, -470, -123, 0, 255, 255
L -162, -470, -123, -138, -458, -123, 0, 255, 255
L -138, -458, -123, -120, -464, -123, 0, 255, 255
L -120, -464, -123, -103, -459, -123, 0, 255, 255
L -103, -459, -123, -99, -478, -123, 0, 255, 255
L -99, -478, -123, -85, -479, -123, 0, 255, 255
L -85, -479, -123, -75, -468, -123, 0, 255, 255
L -75, -468, -123, -60, -478, -123, 0, 255, 255
L -60, -478, -123, -10, -489, -118, 0, 255, 255
L -10, -489, -118, 16, -480, -123, 0, 255, 255
L 16, -480, -123, 37, -483, -123, 0, 255, 255
L 37, -483, -123, 53, -464, -123, 0, 255, 255
L 53, -464, -123, 77, -459, -123, 0, 255, 255
L 77, -459, -123, 106, -459, -123, 0, 255, 255
L 106, -459, -123, 139, -474, -118, 0, 255, 255
L 139, -474, -118, 156, -490, -118, 0, 255, 255
L 156, -490, -118, 160, -526, -113, 0, 255, 255
L 160, -526, -113, 160, -529, -113, 0, 255, 255
L 160, -529, -113, 167, -533, -113, 0, 255, 255
L 167, -533, -113, 160, -547, -113, 0, 255, 255
L 160, -547, -113, 160, -559, -113, 0, 255, 255
L 160, -559, -113, 144, -561, -113, 0, 255, 255
L 144, -561, -113, 124, -576, -108, 0, 255, 255
L 124, -576, -108, 101, -575, -108, 0, 255, 255
L 101, -575, -108, 93, -561, -108, 0, 255, 255
L 93, -561, -108, 65, -560, -103, 0, 255, 255
L 65, -560, -103, 64, -557, -103, 0, 255, 255
L 64, -557, -103, 15, -555, -93, 0, 255, 255
L 15, -555, -93, 14, -547, -93, 0, 255, 255
L 14, -547, -93, 11, -544, -93, 0, 255, 255
L 11, -544, -93, -21, -542, -93, 0, 255, 255
L -21, -542, -93, -54, -556, -83, 0, 255, 255
L -54, -556, -83, -73, -579, -44, 0, 255, 255
L -73, -579, -44, -84, -597, -43, 0, 255, 255
L -84, -597, -43, -85, -608, -45, 0, 255, 255
L -85, -608, -45, -104, -606, -45, 0, 255, 255
L -104, -606, -45, -124, -630, -45, 0, 255, 255
L -124, -630, -45, -124, -642, -45, 0, 255, 255
L -124, -642, -45, -124, -639, -45, 0, 255, 255
L -571, -3, -1204, -571, 12, -120, 0, 0, 255
L -571, 12, -120, -604, 12, -133, 0, 0, 255
L -604, 12, -133, -621, 3, -134, 0, 0, 255
L -621, 3, -134, -622, -4, -135, 0, 0, 255
L -622, -4, -135, -641, -24, -135, 0, 0, 255
L -641, -24, -135, -642, -39, -135, 0, 0, 255
L -642, -39, -135, -647, -62, -135, 0, 0, 255
L -647, -62, -135, -668, -63, -131, 0, 0, 255
L -668, -63, -131, -690, -48, -126, 0, 0, 255
L -690, -48, -126, -714, -47, -126, 0, 0, 255
L -714, -47, -126, -732, -35, -126, 0, 0, 255
L -732, -35, -126, -753, -42, -121, 0, 0, 255
L -753, -42, -121, -758, -42, -121, 0, 0, 255
L -758, -42, -121, -779, -37, -111, 0, 0, 255
L -779, -37, -111, -791, -30, -111, 0, 0, 255
L -791, -30, -111, -792, -34, -111, 0, 0, 255
L -792, -34, -111, -797, -40, -111, 0, 0, 255
L -797, -40, -111, -792, -51, -110, 0, 0, 255
L -792, -51, -110, -783, -49, -110, 0, 0, 255
L -783, -49, -110, -757, -53, -121, 0, 0, 255
L -757, -53, -121, -736, -43, -124, 0, 0, 255
L -736, -43, -124, -719, -54, -126, 0, 0, 255
L -719, -54, -126, -690, -58, -126, 0, 0, 255
L -690, -58, -126, -669, -73, -131, 0, 0, 255
L -669, -73, -131, -650, -82, -131, 0, 0, 255
L -650, -82, -131, -652, -91, -134, 0, 0, 255
L -652, -91, -134, -652, -94, -135, 0, 0, 255
L -652, -94, -135, -652, -122, -135, 0, 0, 255
L -652, -122, -135, -641, -136, -135, 0, 0, 255
L -641, -136, -135, -635, -138, -135, 0, 0, 255
L -635, -138, -135, -628, -118, -135, 0, 0, 255
L -628, -118, -135, -627, -92, -135, 0, 0, 255
L -627, -92, -135, -631, -87, -135, 0, 0, 255
L -631, -87, -135, -627, -48, -135, 0, 0, 255
L -627, -48, -135, -607, -4, -135, 0, 0, 255
L -607, -4, -135, -580, -3, -124, 0, 0, 255
L -580, -3, -124, -571, -3, -120, 0, 0, 255
L -792, -52, -303, -792, -52, -34, 153, 153, 153
L -792, -52, -34, -818, -63, -21, 153, 153, 153
L -818, -63, -21, -835, -68, -20, 153, 153, 153
L -835, -68, -20, -854, -57, -21, 153, 153, 153
L -854, -57, -21, -870, -43, -21, 153, 153, 153
L -870, -43, -21, -876, -43, -21, 153, 153, 153
L -876, -43, -21, -886, -58, -21, 153, 153, 153
L -886, -58, -21, -910, -72, -20, 153, 153, 153
L -910, -72, -20, -921, -67, -21, 153, 153, 153
L -921, -67, -21, -927, -68, -21, 153, 153, 153
L -927, -68, -21, -937, -53, -21, 153, 153, 153
L -937, -53, -21, -937, -42, -21, 153, 153, 153
L -937, -42, -21, -930, -33, -21, 153, 153, 153
L -930, -33, -21, -926, -9, -21, 153, 153, 153
L -926, -9, -21, -918, -1, -21, 153, 153, 153
L -918, -1, -21, -917, 22, -21, 153, 153, 153
L -917, 22, -21, -898, 37, -21, 153, 153, 153
L -898, 37, -21, -878, 58, -21, 153, 153, 153
L -878, 58, -21, -877, 78, -24, 153, 153, 153
L -867, 81, -252, -867, 81, -24, 153, 153, 153
L -867, 81, -24, -868, 59, -21, 153, 153, 153
L -868, 59, -21, -902, 23, -21, 153, 153, 153
L -902, 23, -21, -902, 0, -21, 153, 153, 153
L -902, 0, -21, -886, -7, -21, 153, 153, 153
L -886, -7, -21, -876, -27, -21, 153, 153, 153
L -876, -27, -21, -868, -26, -21, 153, 153, 153
L -868, -26, -21, -860, -20, -21, 153, 153, 153
L -860, -20, -21, -848, -12, -21, 153, 153, 153
L -848, -12, -21, -834, -12, -21, 153, 153, 153
L -834, -12, -21, -820, -18, -21, 153, 153, 153
L -820, -18, -21, -814, -23, -21, 153, 153, 153
L -814, -23, -21, -796, -27, -21, 153, 153, 153
L -796, -27, -21, -792, -29, -31, 153, 153, 153
P -45, -106, 0, 255, 255, 255, 2, Thurgadin
P -211, -730, 0, 255, 0, 255, 2, Hall_of_Ancestors
P 34, -750, 0, 255, 255, 255, 2, Guarded_Door
P 68, -744, 0, 102, 102, 102, 2, Barracks
P 0, -600, 0, 255, 0, 0, 2, The_Pit
P 77, 759, 0, 255, 255, 255, 2, Thurgadin
P -877, 78, 0, 255, 255, 255, 2, Great_Divide
P 0, -250, 0, 255, 255, 255, 2, Succor_Point
