L 841, 220, -2558, 841, 220, -255, 153, 153, 153
L 841, 220, -255, 820, 301, -256, 153, 153, 153
L 820, 301, -256, 800, 361, -256, 153, 153, 153
L 800, 361, -256, 758, 361, -256, 153, 153, 153
L 758, 361, -256, 695, 341, -255, 153, 153, 153
L 695, 341, -255, 639, 341, -255, 153, 153, 153
L 639, 341, -255, 615, 299, -255, 153, 153, 153
L 615, 299, -255, 576, 260, -256, 153, 153, 153
L 576, 260, -256, 499, 261, -250, 153, 153, 153
L 499, 261, -250, 476, 179, -256, 153, 153, 153
L 476, 179, -256, 439, 144, -261, 153, 153, 153
L 439, 144, -261, 401, 122, -256, 153, 153, 153
L 401, 122, -256, 358, 141, -256, 153, 153, 153
L 358, 141, -256, 319, 122, -253, 153, 153, 153
L 319, 122, -253, 281, 141, -255, 153, 153, 153
L 281, 141, -255, 259, 142, -256, 153, 153, 153
L 259, 142, -256, 240, 161, -256, 153, 153, 153
L 240, 161, -256, 221, 161, -256, 153, 153, 153
L 221, 161, -256, 221, 217, -256, 153, 153, 153
L 221, 217, -256, 203, 257, -232, 153, 153, 153
L 203, 257, -232, 202, 319, -230, 153, 153, 153
L 202, 319, -230, 221, 347, -239, 153, 153, 153
L 221, 347, -239, 221, 357, -241, 153, 153, 153
L 221, 357, -241, 238, 357, -245, 153, 153, 153
L 238, 357, -245, 241, 377, -250, 153, 153, 153
L 241, 377, -250, 260, 417, -256, 153, 153, 153
L 260, 417, -256, 280, 437, -255, 153, 153, 153
L 280, 437, -255, 322, 437, -251, 153, 153, 153
L 322, 437, -251, 362, 455, -227, 153, 153, 153
L 362, 455, -227, 402, 430, -237, 153, 153, 153
L 402, 430, -237, 427, 393, -248, 153, 153, 153
L 427, 393, -248, 462, 331, -255, 153, 153, 153
L 462, 331, -255, 480, 316, -256, 153, 153, 153
L 480, 316, -256, 500, 317, -256, 153, 153, 153
L 500, 317, -256, 539, 337, -256, 153, 153, 153
L 539, 337, -256, 554, 351, -256, 153, 153, 153
L 554, 351, -256, 601, 378, -251, 153, 153, 153
L 601, 378, -251, 559, 446, -246, 153, 153, 153
L 559, 446, -246, 541, 499, -246, 153, 153, 153
L 541, 499, -246, 562, 542, -246, 153, 153, 153
L 562, 542, -246, 561, 577, -217, 153, 153, 153
L 561, 577, -217, 599, 577, -226, 153, 153, 153
L 599, 577, -226, 645, 592, -237, 153, 153, 153
L 645, 592, -237, 749, 591, -199, 153, 153, 153
L 749, 591, -199, 776, 558, -208, 153, 153, 153
L 776, 558, -208, 776, 538, -214, 153, 153, 153
L 776, 538, -214, 799, 473, -233, 153, 153, 153
L 799, 473, -233, 819, 436, -244, 153, 153, 153
L 819, 436, -244, 849, 437, -250, 153, 153, 153
L 849, 437, -250, 898, 395, -256, 153, 153, 153
L 898, 395, -256, 916, 335, -256, 153, 153, 153
L 916, 335, -256, 917, 278, -256, 153, 153, 153
L 917, 278, -256, 956, 258, -255, 153, 153, 153
L 956, 258, -255, 998, 257, -256, 153, 153, 153
L 998, 257, -256, 1063, 237, -256, 153, 153, 153
L 1060, 237, -2610, 1060, 237, -261, 0, 0, 255
L 1060, 237, -261, 1061, 295, -272, 0, 0, 255
L 1061, 295, -272, 1079, 335, -280, 0, 0, 255
L 1079, 335, -280, 1121, 357, -288, 0, 0, 255
L 1121, 357, -288, 1177, 357, -296, 0, 0, 255
L 1177, 357, -296, 1219, 376, -265, 0, 0, 255
L 1219, 376, -265, 1276, 335, -261, 0, 0, 255
L 1276, 335, -261, 1316, 257, -261, 0, 0, 255
L 1316, 257, -261, 1316, 218, -261, 0, 0, 255
L 1316, 218, -261, 1293, 177, -261, 0, 0, 255
L 1293, 177, -261, 1235, 121, -261, 0, 0, 255
L 1235, 121, -261, 1213, 121, -261, 0, 0, 255
L 1213, 121, -261, 1134, 124, -260, 0, 0, 255
L 1134, 124, -260, 1101, 140, -260, 0, 0, 255
L 1101, 140, -260, 1078, 142, -261, 0, 0, 255
L 1078, 142, -261, 1061, 141, -262, 0, 0, 255
L 1061, 141, -262, 1061, 243, -287, 0, 0, 255
L 1219, 376, -2607, 1219, 376, -261, 153, 153, 153
L 1219, 376, -261, 1259, 416, -256, 153, 153, 153
L 1259, 416, -256, 1321, 437, -256, 153, 153, 153
L 1321, 437, -256, 1357, 437, -256, 153, 153, 153
L 1357, 437, -256, 1399, 396, -255, 153, 153, 153
L 1399, 396, -255, 1437, 377, -255, 153, 153, 153
L 1437, 377, -255, 1477, 396, -256, 153, 153, 153
L 1477, 396, -256, 1558, 356, -256, 153, 153, 153
L 1558, 356, -256, 1577, 337, -256, 153, 153, 153
L 1577, 337, -256, 1597, 297, -256, 153, 153, 153
L 1597, 297, -256, 1622, 298, -255, 153, 153, 153
L 1622, 298, -255, 1658, 316, -256, 153, 153, 153
L 1658, 316, -256, 1677, 297, -256, 153, 153, 153
L 1677, 297, -256, 1663, 286, -256, 153, 153, 153
L 1663, 286, -256, 1681, 251, -255, 153, 153, 153
L 1681, 251, -255, 1676, 240, -256, 153, 153, 153
L 1676, 240, -256, 1695, 219, -256, 153, 153, 153
L 1695, 219, -256, 1758, 216, -256, 153, 153, 153
L 1758, 216, -256, 1778, 197, -255, 153, 153, 153
L 1778, 197, -255, 1822, 197, -256, 153, 153, 153
L 1822, 197, -256, 1840, 216, -226, 153, 153, 153
L 1840, 216, -226, 1922, 172, -237, 153, 153, 153
L 1922, 172, -237, 1941, 142, -242, 153, 153, 153
L 1941, 142, -242, 1953, 108, -246, 153, 153, 153
L 1953, 108, -246, 1975, 79, -239, 153, 153, 153
L 1975, 79, -239, 1975, 77, -239, 153, 153, 153
L 1975, 77, -239, 1913, 1, -249, 153, 153, 153
L 1913, 1, -249, 1878, 1, -253, 153, 153, 153
L 1878, 1, -253, 1876, -12, -255, 153, 153, 153
L 1876, -12, -255, 1857, -77, -256, 153, 153, 153
L 1857, -77, -256, 1836, -100, -255, 153, 153, 153
L 1836, -100, -255, 1835, -142, -256, 153, 153, 153
L 1835, -142, -256, 1817, -178, -256, 153, 153, 153
L 1817, -178, -256, 1832, -213, -256, 153, 153, 153
L 1832, -213, -256, 1856, -240, -245, 153, 153, 153
L 1856, -240, -245, 1856, -280, -248, 153, 153, 153
L 1856, -280, -248, 1880, -304, -252, 153, 153, 153
L 1880, -304, -252, 1931, -320, -256, 153, 153, 153
L 1931, -320, -256, 1972, -356, -256, 153, 153, 153
L 1972, -356, -256, 1976, -419, -256, 153, 153, 153
L 1976, -419, -256, 2019, -466, -256, 153, 153, 153
L 2019, -466, -256, 2035, -498, -256, 153, 153, 153
L 2035, -498, -256, 2036, -541, -256, 153, 153, 153
L 2036, -541, -256, 2056, -580, -256, 153, 153, 153
L 2056, -580, -256, 2077, -601, -255, 153, 153, 153
L 2077, -601, -255, 2106, -586, -231, 153, 153, 153
L 2106, -586, -231, 2139, -602, -235, 153, 153, 153
L 2139, -602, -235, 2161, -561, -242, 153, 153, 153
L 2161, -561, -242, 2200, -541, -247, 153, 153, 153
L 2200, -541, -247, 2191, -510, -251, 153, 153, 153
L 2191, -510, -251, 2180, -442, -256, 153, 153, 153
L 2180, -442, -256, 2170, -418, -256, 153, 153, 153
L 2170, -418, -256, 2181, -403, -255, 153, 153, 153
L 2181, -403, -255, 2181, -379, -248, 153, 153, 153
L 2181, -379, -248, 2200, -320, -254, 153, 153, 153
L 2200, -320, -254, 2179, -278, -256, 153, 153, 153
L 2179, -278, -256, 2137, -258, -256, 153, 153, 153
L 2137, -258, -256, 2063, -258, -256, 153, 153, 153
L 2063, -258, -256, 1959, -237, -256, 153, 153, 153
L 1959, -237, -256, 1943, -204, -256, 153, 153, 153
L 1943, -204, -256, 1942, -179, -256, 153, 153, 153
L 1942, -179, -256, 1960, -161, -256, 153, 153, 153
L 1960, -161, -256, 1980, -121, -256, 153, 153, 153
L 1980, -121, -256, 2023, -80, -256, 153, 153, 153
L 2023, -80, -256, 2065, -60, -256, 153, 153, 153
L 2065, -60, -256, 2119, -42, -253, 153, 153, 153
L 2119, -42, -253, 2237, -22, -246, 153, 153, 153
L 2237, -22, -246, 2300, 37, -246, 153, 153, 153
L 2300, 37, -2461, 2300, 37, -245, 255, 255, 0
L 2300, 37, -245, 2396, 56, -251, 255, 255, 0
L 2396, 56, -251, 2415, -77, -251, 255, 255, 0
L 2415, -77, -251, 2359, -58, -251, 255, 255, 0
L 2359, -58, -251, 2301, 37, -251, 255, 255, 0
L 2359, -58, -2511, 2359, -58, -250, 153, 153, 153
L 2359, -58, -250, 2275, -79, -246, 153, 153, 153
L 2275, -79, -246, 2238, -97, -225, 153, 153, 153
L 2238, -97, -225, 2155, -78, -243, 153, 153, 153
L 2155, -78, -243, 2097, -98, -256, 153, 153, 153
L 2097, -98, -256, 2067, -98, -256, 153, 153, 153
L 2067, -98, -256, 2018, -137, -256, 153, 153, 153
L 2018, -137, -256, 2034, -159, -256, 153, 153, 153
L 2034, -159, -256, 2065, -164, -256, 153, 153, 153
L 2065, -164, -256, 2117, -177, -256, 153, 153, 153
L 2117, -177, -256, 2177, -202, -256, 153, 153, 153
L 2177, -202, -256, 2196, -241, -256, 153, 153, 153
L 2196, -241, -256, 2217, -264, -256, 153, 153, 153
L 2217, -264, -256, 2224, -284, -256, 153, 153, 153
L 2224, -284, -256, 2236, -356, -256, 153, 153, 153
L 2236, -356, -256, 2218, -377, -256, 153, 153, 153
L 2218, -377, -256, 2216, -438, -256, 153, 153, 153
L 2216, -438, -256, 2233, -474, -250, 153, 153, 153
L 2233, -474, -250, 2217, -498, -255, 153, 153, 153
L 2217, -498, -255, 2216, -560, -256, 153, 153, 153
L 2216, -560, -256, 2197, -597, -256, 153, 153, 153
L 2197, -597, -256, 2176, -618, -256, 153, 153, 153
L 2176, -618, -256, 2137, -638, -256, 153, 153, 153
L 2137, -638, -256, 2119, -655, -256, 153, 153, 153
L 2119, -655, -256, 2060, -638, -256, 153, 153, 153
L 2060, -638, -256, 2040, -637, -256, 153, 153, 153
L 2040, -637, -256, 2019, -617, -256, 153, 153, 153
L 2019, -617, -256, 2008, -595, -256, 153, 153, 153
L 2008, -595, -256, 2015, -592, -256, 153, 153, 153
L 2015, -592, -256, 2013, -566, -256, 153, 153, 153
L 2013, -566, -256, 2000, -562, -256, 153, 153, 153
L 2000, -562, -256, 2000, -548, -256, 153, 153, 153
L 2000, -548, -256, 1980, -518, -256, 153, 153, 153
L 1980, -518, -256, 1960, -457, -256, 153, 153, 153
L 1960, -457, -256, 1941, -420, -256, 153, 153, 153
L 1941, -420, -256, 1940, -382, -256, 153, 153, 153
L 1940, -382, -256, 1899, -358, -256, 153, 153, 153
L 1899, -358, -256, 1867, -347, -256, 153, 153, 153
L 1867, -347, -256, 1867, -337, -256, 153, 153, 153
L 1867, -337, -256, 1841, -316, -256, 153, 153, 153
L 1841, -316, -256, 1834, -321, -256, 153, 153, 153
L 1834, -321, -256, 1822, -283, -256, 153, 153, 153
L 1822, -283, -256, 1801, -241, -256, 153, 153, 153
L 1801, -241, -256, 1754, -238, -255, 153, 153, 153
L 1754, -238, -255, 1700, -198, -245, 153, 153, 153
L 1700, -198, -245, 1659, -236, -255, 153, 153, 153
L 1659, -236, -255, 1636, -278, -255, 153, 153, 153
L 1636, -278, -255, 1594, -299, -256, 153, 153, 153
L 1594, -299, -256, 1538, -318, -256, 153, 153, 153
L 1538, -318, -256, 1497, -338, -252, 153, 153, 153
L 1497, -338, -252, 1477, -378, -256, 153, 153, 153
L 1477, -378, -256, 1418, -437, -256, 153, 153, 153
L 1418, -437, -256, 1376, -500, -256, 153, 153, 153
L 1376, -500, -256, 1356, -559, -256, 153, 153, 153
L 1356, -559, -256, 1365, -577, -256, 153, 153, 153
L 1365, -577, -256, 1362, -599, -249, 153, 153, 153
L 1362, -599, -249, 1365, -610, -251, 153, 153, 153
L 1365, -610, -251, 1341, -634, -256, 153, 153, 153
L 1341, -634, -256, 1296, -761, -255, 153, 153, 153
L 1296, -761, -255, 1316, -820, -256, 153, 153, 153
L 1316, -820, -256, 1294, -862, -256, 153, 153, 153
L 1294, -862, -256, 1250, -924, -256, 153, 153, 153
L 1250, -924, -256, 1219, -955, -256, 153, 153, 153
L 1219, -955, -256, 1058, -997, -256, 153, 153, 153
L 1058, -997, -256, 983, -978, -256, 153, 153, 153
L 983, -978, -256, 926, -995, -217, 153, 153, 153
L 926, -995, -217, 876, -977, -225, 153, 153, 153
L 876, -977, -225, 836, -978, -235, 153, 153, 153
L 836, -978, -235, 822, -993, -239, 153, 153, 153
L 822, -993, -239, 778, -977, -247, 153, 153, 153
L 778, -977, -247, 756, -1041, -256, 153, 153, 153
L 756, -1041, -256, 756, -1117, -256, 153, 153, 153
L 756, -1117, -256, 776, -1196, -256, 153, 153, 153
L 776, -1196, -256, 736, -1282, -256, 153, 153, 153
L 736, -1282, -256, 736, -1378, -255, 153, 153, 153
L 736, -1378, -255, 669, -1425, -246, 153, 153, 153
L 669, -1425, -246, 659, -1436, -230, 153, 153, 153
L 659, -1436, -230, 638, -1416, -234, 153, 153, 153
L 638, -1416, -234, 572, -1441, -246, 153, 153, 153
L 572, -1441, -246, 556, -1458, -250, 153, 153, 153
L 556, -1458, -250, 515, -1477, -255, 153, 153, 153
L 515, -1477, -255, 468, -1477, -256, 153, 153, 153
L 468, -1477, -256, 465, -1466, -253, 153, 153, 153
L 465, -1466, -253, 451, -1461, -255, 153, 153, 153
L 451, -1461, -255, 443, -1469, -255, 153, 153, 153
L 443, -1469, -255, 448, -1481, -239, 153, 153, 153
L 448, -1481, -239, 427, -1488, -263, 153, 153, 153
L 428, -1487, -2562, 428, -1487, -256, 0, 0, 255
L 428, -1487, -256, 371, -1512, -275, 0, 0, 255
L 371, -1512, -275, 294, -1516, -288, 0, 0, 255
L 294, -1516, -288, 261, -1483, -292, 0, 0, 255
L 261, -1483, -292, 238, -1497, -294, 0, 0, 255
L 238, -1497, -294, 222, -1488, -296, 0, 0, 255
L 222, -1488, -296, 221, -1480, -295, 0, 0, 255
L 221, -1480, -295, 225, -1467, -296, 0, 0, 255
L 225, -1467, -296, 239, -1462, -295, 0, 0, 255
L 239, -1462, -295, 241, -1446, -296, 0, 0, 255
L 241, -1446, -296, 254, -1437, -296, 0, 0, 255
L 254, -1437, -296, 292, -1418, -293, 0, 0, 255
L 292, -1418, -293, 327, -1389, -296, 0, 0, 255
L 327, -1389, -296, 387, -1382, -285, 0, 0, 255
L 387, -1382, -285, 426, -1386, -281, 0, 0, 255
L 426, -1386, -281, 427, -1488, -281, 0, 0, 255
L 427, -1386, -2642, 427, -1386, -270, 153, 153, 153
L 427, -1386, -270, 435, -1400, -256, 153, 153, 153
L 435, -1400, -256, 466, -1404, -254, 153, 153, 153
L 466, -1404, -254, 519, -1422, -254, 153, 153, 153
L 519, -1422, -254, 540, -1403, -252, 153, 153, 153
L 540, -1403, -252, 622, -1362, -255, 153, 153, 153
L 622, -1362, -255, 658, -1362, -256, 153, 153, 153
L 658, -1362, -256, 681, -1340, -251, 153, 153, 153
L 681, -1340, -251, 681, -1280, -253, 153, 153, 153
L 681, -1280, -253, 701, -1221, -255, 153, 153, 153
L 701, -1221, -255, 679, -1157, -256, 153, 153, 153
L 679, -1157, -256, 640, -1138, -257, 153, 153, 153
L 640, -1138, -257, 597, -1158, -256, 153, 153, 153
L 597, -1158, -256, 579, -1176, -256, 153, 153, 153
L 579, -1176, -256, 539, -1197, -256, 153, 153, 153
L 539, -1197, -256, 510, -1168, -253, 153, 153, 153
L 510, -1168, -253, 502, -1159, -247, 153, 153, 153
L 502, -1159, -247, 520, -1123, -250, 153, 153, 153
L 520, -1123, -250, 561, -1142, -255, 153, 153, 153
L 561, -1142, -255, 585, -1140, -256, 153, 153, 153
L 585, -1140, -256, 639, -1122, -265, 153, 153, 153
L 639, -1122, -265, 679, -1122, -256, 153, 153, 153
L 679, -1122, -256, 700, -1062, -256, 153, 153, 153
L 700, -1062, -256, 723, -959, -253, 153, 153, 153
L 723, -959, -253, 759, -922, -256, 153, 153, 153
L 759, -922, -256, 822, -921, -256, 153, 153, 153
L 822, -921, -256, 820, -898, -256, 153, 153, 153
L 820, -898, -256, 781, -820, -255, 153, 153, 153
L 781, -820, -255, 717, -818, -256, 153, 153, 153
L 717, -818, -256, 679, -836, -256, 153, 153, 153
L 679, -836, -256, 660, -817, -256, 153, 153, 153
L 660, -817, -256, 620, -738, -256, 153, 153, 153
L 620, -738, -256, 597, -716, -255, 153, 153, 153
L 597, -716, -255, 559, -697, -256, 153, 153, 153
L 559, -697, -256, 517, -696, -255, 153, 153, 153
L 517, -696, -255, 480, -678, -256, 153, 153, 153
L 480, -678, -256, 439, -697, -223, 153, 153, 153
L 439, -697, -223, 400, -658, -234, 153, 153, 153
L 400, -658, -234, 382, -657, -238, 153, 153, 153
L 382, -657, -238, 361, -618, -248, 153, 153, 153
L 361, -618, -248, 321, -617, -255, 153, 153, 153
L 321, -617, -255, 299, -597, -256, 153, 153, 153
L 299, -597, -256, 279, -616, -256, 153, 153, 153
L 279, -616, -256, 257, -658, -256, 153, 153, 153
L 257, -658, -256, 257, -761, -256, 153, 153, 153
L 257, -761, -256, 297, -781, -256, 153, 153, 153
L 297, -781, -256, 335, -819, -256, 153, 153, 153
L 335, -819, -256, 356, -858, -236, 153, 153, 153
L 356, -858, -236, 337, -901, -243, 153, 153, 153
L 337, -901, -243, 337, -937, -250, 153, 153, 153
L 337, -937, -250, 278, -997, -256, 153, 153, 153
L 278, -997, -256, 238, -996, -254, 153, 153, 153
L 238, -996, -254, 221, -979, -256, 153, 153, 153
L 221, -979, -256, 208, -977, -255, 153, 153, 153
L 208, -977, -255, 182, -977, -246, 153, 153, 153
L 182, -977, -246, 144, -942, -255, 153, 153, 153
L 144, -942, -255, 122, -899, -253, 153, 153, 153
L 122, -899, -253, 141, -860, -248, 153, 153, 153
L 141, -860, -248, 182, -818, -251, 153, 153, 153
L 182, -818, -251, 221, -741, -255, 153, 153, 153
L 221, -741, -255, 202, -701, -256, 153, 153, 153
L 202, -701, -256, 183, -680, -222, 153, 153, 153
L 183, -680, -222, 203, -640, -225, 153, 153, 153
L 203, -640, -225, 241, -621, -233, 153, 153, 153
L 241, -621, -233, 280, -562, -238, 153, 153, 153
L 280, -562, -238, 282, -519, -242, 153, 153, 153
L 282, -519, -242, 299, -484, -245, 153, 153, 153
L 299, -484, -245, 343, -462, -248, 153, 153, 153
L 343, -462, -248, 360, -462, -249, 153, 153, 153
L 360, -462, -249, 396, -444, -251, 153, 153, 153
L 396, -444, -251, 362, -399, -254, 153, 153, 153
L 362, -399, -254, 380, -363, -256, 153, 153, 153
L 380, -363, -256, 419, -382, -255, 153, 153, 153
L 419, -382, -255, 440, -362, -256, 153, 153, 153
L 440, -362, -256, 477, -343, -256, 153, 153, 153
L 477, -343, -256, 499, -323, -236, 153, 153, 153
L 499, -323, -236, 523, -344, -239, 153, 153, 153
L 523, -344, -239, 558, -362, -242, 153, 153, 153
L 558, -362, -242, 583, -337, -245, 153, 153, 153
L 583, -337, -245, 600, -302, -248, 153, 153, 153
L 600, -302, -248, 601, -259, -249, 153, 153, 153
L 601, -259, -249, 560, -238, -252, 153, 153, 153
L 560, -238, -252, 518, -197, -255, 153, 153, 153
L 518, -197, -255, 517, -236, -256, 153, 153, 153
L 517, -236, -256, 481, -219, -248, 153, 153, 153
L 481, -219, -248, 481, -182, -250, 153, 153, 153
L 481, -182, -250, 515, -182, -252, 153, 153, 153
L 515, -182, -252, 560, -222, -255, 153, 153, 153
L 560, -222, -255, 599, -183, -255, 153, 153, 153
L 599, -183, -255, 600, -176, -256, 153, 153, 153
L 600, -176, -256, 579, -117, -256, 153, 153, 153
L 579, -117, -256, 557, -96, -256, 153, 153, 153
L 557, -96, -256, 519, -97, -256, 153, 153, 153
L 519, -97, -256, 501, -79, -256, 153, 153, 153
L 501, -79, -256, 455, -76, -254, 153, 153, 153
L 455, -76, -254, 401, -58, -256, 153, 153, 153
L 401, -58, -256, 401, -21, -247, 153, 153, 153
L 401, -21, -247, 424, 0, -247, 153, 153, 153
L 424, 0, -247, 459, 16, -245, 153, 153, 153
L 459, 16, -245, 497, -2, -247, 153, 153, 153
L 497, -2, -247, 516, -40, -249, 153, 153, 153
L 516, -40, -249, 596, -81, -254, 153, 153, 153
L 596, -81, -254, 616, -101, -255, 153, 153, 153
L 616, -101, -255, 636, -142, -256, 153, 153, 153
L 636, -142, -256, 637, -178, -256, 153, 153, 153
L 637, -178, -256, 680, -162, -255, 153, 153, 153
L 680, -162, -255, 700, -142, -256, 153, 153, 153
L 700, -142, -256, 736, -142, -249, 153, 153, 153
L 736, -142, -249, 736, -172, -249, 153, 153, 153
L 736, -172, -249, 699, -178, -251, 153, 153, 153
L 699, -178, -251, 655, -202, -254, 153, 153, 153
L 655, -202, -254, 637, -239, -256, 153, 153, 153
L 637, -239, -256, 636, -279, -256, 153, 153, 153
L 636, -279, -256, 616, -320, -252, 153, 153, 153
L 616, -320, -252, 616, -439, -256, 153, 153, 153
L 616, -439, -256, 636, -480, -256, 153, 153, 153
L 636, -480, -256, 674, -465, -256, 153, 153, 153
L 674, -465, -256, 696, -499, -255, 153, 153, 153
L 696, -499, -255, 679, -516, -256, 153, 153, 153
L 679, -516, -256, 676, -559, -256, 153, 153, 153
L 676, -559, -256, 696, -602, -256, 153, 153, 153
L 696, -602, -256, 696, -639, -256, 153, 153, 153
L 696, -639, -256, 658, -658, -256, 153, 153, 153
L 658, -658, -256, 636, -704, -256, 153, 153, 153
L 636, -704, -256, 657, -722, -256, 153, 153, 153
L 657, -722, -256, 677, -761, -256, 153, 153, 153
L 677, -761, -256, 696, -780, -256, 153, 153, 153
L 696, -780, -256, 795, -782, -256, 153, 153, 153
L 795, -782, -256, 818, -803, -256, 153, 153, 153
L 818, -803, -256, 835, -837, -256, 153, 153, 153
L 835, -837, -256, 836, -878, -256, 153, 153, 153
L 836, -878, -256, 855, -900, -256, 153, 153, 153
L 855, -900, -256, 917, -922, -244, 153, 153, 153
L 917, -922, -244, 958, -902, -246, 153, 153, 153
L 958, -902, -246, 1042, -922, -250, 153, 153, 153
L 1042, -922, -250, 1060, -922, -252, 153, 153, 153
L 1060, -922, -252, 1085, -909, -253, 153, 153, 153
L 1085, -909, -253, 1096, -922, -254, 153, 153, 153
L 1096, -922, -254, 1111, -918, -254, 153, 153, 153
L 1111, -918, -254, 1120, -922, -255, 153, 153, 153
L 1120, -922, -255, 1180, -902, -256, 153, 153, 153
L 1180, -902, -256, 1221, -860, -255, 153, 153, 153
L 1221, -860, -255, 1241, -818, -256, 153, 153, 153
L 1241, -818, -256, 1260, -763, -256, 153, 153, 153
L 1260, -763, -256, 1242, -739, -240, 153, 153, 153
L 1242, -739, -240, 1261, -698, -239, 153, 153, 153
L 1261, -698, -239, 1283, -636, -244, 153, 153, 153
L 1283, -636, -244, 1300, -602, -246, 153, 153, 153
L 1300, -602, -246, 1301, -560, -248, 153, 153, 153
L 1301, -560, -248, 1379, -403, -256, 153, 153, 153
L 1379, -403, -256, 1381, -360, -256, 153, 153, 153
L 1381, -360, -256, 1316, -322, -244, 153, 153, 153
L 1316, -322, -244, 1243, -298, -217, 153, 153, 153
L 1243, -298, -217, 1199, -317, -168, 153, 153, 153
L 1199, -317, -168, 1161, -297, -180, 153, 153, 153
L 1161, -297, -180, 1161, -260, -188, 153, 153, 153
L 1161, -260, -188, 1182, -218, -176, 153, 153, 153
L 1182, -218, -176, 1199, -185, -168, 153, 153, 153
L 1199, -185, -168, 1182, -131, -147, 153, 153, 153
L 1182, -131, -147, 1182, -78, -142, 153, 153, 153
L 1182, -78, -142, 1181, -26, -121, 153, 153, 153
L 1181, -26, -121, 1219, 36, -114, 153, 153, 153
L 1219, 36, -114, 1293, 55, -96, 153, 153, 153
L 1293, 55, -96, 1335, 38, -66, 153, 153, 153
L 1335, 38, -66, 1377, 37, -43, 153, 153, 153
L 1377, 37, -43, 1417, -2, -28, 153, 153, 153
L 1417, -2, -28, 1436, -59, -13, 153, 153, 153
L 1436, -59, -13, 1511, -106, 3, 153, 153, 153
L 1390, -155, 28, 1390, -155, 2, 153, 153, 153
L 1390, -155, 2, 1380, -96, -16, 153, 153, 153
L 1380, -96, -16, 1357, -17, -39, 153, 153, 153
L 1357, -17, -39, 1314, 1, -68, 153, 153, 153
L 1314, 1, -68, 1255, 0, -98, 153, 153, 153
L 1255, 0, -98, 1236, -19, -106, 153, 153, 153
L 1236, -19, -106, 1236, -60, -121, 153, 153, 153
L 1236, -60, -121, 1256, -101, -123, 153, 153, 153
L 1256, -101, -123, 1217, -217, -176, 153, 153, 153
L 1217, -217, -176, 1217, -222, -181, 153, 153, 153
L 1217, -222, -181, 1257, -242, -196, 153, 153, 153
L 1257, -242, -196, 1297, -242, -228, 153, 153, 153
L 1297, -242, -228, 1419, -323, -255, 153, 153, 153
L 1419, -323, -255, 1459, -302, -256, 153, 153, 153
L 1459, -302, -256, 1471, -290, -256, 153, 153, 153
L 1471, -290, -256, 1580, -262, -256, 153, 153, 153
L 1580, -262, -256, 1598, -244, -256, 153, 153, 153
L 1598, -244, -256, 1620, -201, -255, 153, 153, 153
L 1620, -201, -255, 1645, -179, -256, 153, 153, 153
L 1645, -179, -256, 1679, -162, -256, 153, 153, 153
L 1679, -162, -256, 1697, -162, -256, 153, 153, 153
L 1697, -162, -256, 1718, -125, -256, 153, 153, 153
L 1718, -125, -256, 1760, -82, -256, 153, 153, 153
L 1760, -82, -256, 1799, -82, -256, 153, 153, 153
L 1799, -82, -256, 1832, -17, -256, 153, 153, 153
L 1832, -17, -256, 1849, -7, -256, 153, 153, 153
L 1849, -7, -256, 1845, 20, -254, 153, 153, 153
L 1845, 20, -254, 1859, 37, -256, 153, 153, 153
L 1859, 37, -256, 1878, 37, -256, 153, 153, 153
L 1878, 37, -256, 1920, 57, -256, 153, 153, 153
L 1920, 57, -256, 1920, 81, -256, 153, 153, 153
L 1920, 81, -256, 1901, 119, -256, 153, 153, 153
L 1901, 119, -256, 1888, 132, -256, 153, 153, 153
L 1888, 132, -256, 1865, 153, -255, 153, 153, 153
L 1865, 153, -255, 1845, 150, -250, 153, 153, 153
L 1845, 150, -250, 1839, 141, -248, 153, 153, 153
L 1839, 141, -248, 1815, 143, -256, 153, 153, 153
L 1815, 143, -256, 1781, 160, -256, 153, 153, 153
L 1781, 160, -256, 1707, 179, -256, 153, 153, 153
L 1707, 179, -256, 1695, 180, -256, 153, 153, 153
L 1695, 180, -256, 1681, 148, -256, 153, 153, 153
L 1681, 148, -256, 1640, 122, -256, 153, 153, 153
L 1640, 122, -256, 1614, 134, -256, 153, 153, 153
L 1614, 134, -256, 1581, 141, -256, 153, 153, 153
L 1581, 141, -256, 1562, 159, -256, 153, 153, 153
L 1562, 159, -256, 1561, 179, -256, 153, 153, 153
L 1561, 179, -256, 1581, 224, -256, 153, 153, 153
L 1581, 224, -256, 1581, 236, -256, 153, 153, 153
L 1581, 236, -256, 1559, 281, -256, 153, 153, 153
L 1559, 281, -256, 1539, 301, -256, 153, 153, 153
L 1539, 301, -256, 1499, 321, -256, 153, 153, 153
L 1499, 321, -256, 1481, 339, -256, 153, 153, 153
L 1481, 339, -256, 1419, 322, -256, 153, 153, 153
L 1419, 322, -256, 1401, 340, -256, 153, 153, 153
L 1401, 340, -256, 1339, 363, -256, 153, 153, 153
L 1339, 363, -256, 1321, 399, -256, 153, 153, 153
L 1321, 399, -256, 1313, 399, -256, 153, 153, 153
L 1313, 399, -256, 1276, 380, -256, 153, 153, 153
L 1276, 380, -256, 1277, 337, -267, 153, 153, 153
L 1061, 141, -2708, 1061, 141, -270, 153, 153, 153
L 1061, 141, -270, 999, 122, -227, 153, 153, 153
L 999, 122, -227, 978, 142, -256, 153, 153, 153
L 978, 142, -256, 910, 166, -256, 153, 153, 153
L 910, 166, -256, 882, 180, -256, 153, 153, 153
L 882, 180, -256, 846, 214, -256, 153, 153, 153
L 846, 214, -256, 841, 220, -256, 153, 153, 153
L 678, -463, -2561, 678, -463, -256, 153, 153, 153
L 678, -463, -256, 718, -462, -216, 153, 153, 153
L 718, -462, -216, 741, -442, -216, 153, 153, 153
L 741, -442, -216, 798, -443, -216, 153, 153, 153
L 798, -443, -216, 840, -483, -216, 153, 153, 153
L 840, -483, -216, 861, -462, -216, 153, 153, 153
L 861, -462, -216, 878, -462, -216, 153, 153, 153
L 878, -462, -216, 885, -469, -216, 153, 153, 153
L 885, -469, -216, 896, -480, -193, 153, 153, 153
L 896, -480, -193, 879, -515, -216, 153, 153, 153
L 879, -515, -216, 850, -513, -196, 153, 153, 153
L 850, -513, -196, 836, -498, -216, 153, 153, 153
L 836, -498, -216, 816, -498, -214, 153, 153, 153
L 816, -498, -214, 816, -531, -210, 153, 153, 153
L 816, -531, -210, 816, -579, -205, 153, 153, 153
L 816, -579, -205, 798, -597, -204, 153, 153, 153
L 798, -597, -204, 759, -617, -198, 153, 153, 153
L 759, -617, -198, 720, -578, -197, 153, 153, 153
L 720, -578, -197, 696, -600, -256, 153, 153, 153
L 696, -499, -2561, 696, -499, -256, 153, 153, 153
L 696, -499, -256, 719, -477, -216, 153, 153, 153
L 719, -477, -216, 760, -458, -216, 153, 153, 153
L 760, -458, -216, 780, -458, -216, 153, 153, 153
L 780, -458, -216, 801, -480, -216, 153, 153, 153
L 801, -480, -216, 801, -559, -205, 153, 153, 153
L 801, -559, -205, 760, -582, -201, 153, 153, 153
L 760, -582, -201, 743, -567, -189, 153, 153, 153
L 743, -567, -189, 722, -563, -196, 153, 153, 153
L 722, -563, -196, 694, -562, -196, 153, 153, 153
L 694, -562, -196, 690, -569, -196, 153, 153, 153
L 690, -569, -196, 677, -561, -256, 153, 153, 153
L 2736, 66, -567, 2736, 66, -56, 255, 255, 0
L 2736, 66, -56, 2720, 66, -56, 255, 255, 0
L 2720, 66, -56, 2720, 112, -57, 255, 255, 0
L 2720, 112, -57, 2736, 112, -59, 255, 255, 0
L 2736, 112, -59, 2736, 66, -62, 255, 255, 0
L 2685, 65, 0, 2685, 113, 0, 255, 255, 0
L 2685, 113, 0, 2719, 132, 0, 255, 255, 0
L 2719, 132, 0, 2737, 132, -1, 255, 255, 0
L 2737, 132, -1, 2771, 113, 0, 255, 255, 0
L 2771, 113, 0, 2771, 65, 0, 255, 255, 0
L 2771, 65, 0, 2737, 46, 0, 255, 255, 0
L 2737, 46, 0, 2685, 65, 1, 255, 255, 0
L 2757, 157, -1958, 2757, 157, -196, 255, 255, 0
L 2757, 157, -196, 2786, 138, -195, 255, 255, 0
L 2786, 138, -195, 2835, 117, -193, 255, 255, 0
L 2835, 117, -193, 2835, 59, -192, 255, 255, 0
L 2835, 59, -192, 2797, 2, -189, 255, 255, 0
L 2797, 2, -189, 2749, 11, -196, 255, 255, 0
L 2749, 11, -196, 2698, 1, -184, 255, 255, 0
L 2698, 1, -184, 2639, -37, -170, 255, 255, 0
L 2639, -37, -170, 2579, -38, -159, 255, 255, 0
L 2579, -38, -159, 2500, -77, -169, 255, 255, 0
L 2500, -77, -169, 2480, 18, -242, 255, 255, 0
L 2480, 18, -242, 2537, 58, -294, 255, 255, 0
L 2537, 58, -294, 2588, 76, -288, 255, 255, 0
L 2588, 76, -288, 2636, 38, -293, 255, 255, 0
L 2636, 38, -293, 2636, -38, -293, 255, 255, 0
L 2640, 41, -1188, 2640, 41, -118, 255, 255, 0
L 2640, 41, -118, 2698, 31, -119, 255, 255, 0
L 2757, 157, -1960, 2757, 157, -195, 255, 255, 0
L 2757, 157, -195, 2700, 147, -196, 255, 255, 0
L 2700, 147, -196, 2640, 156, -196, 255, 255, 0
L 2640, 156, -196, 2636, 38, -262, 255, 255, 0
L 2497, -78, -2844, 2497, -78, -284, 255, 255, 0
L 2497, -78, -284, 2418, -78, -270, 255, 255, 0
L 2398, 57, -2835, 2398, 57, -283, 255, 255, 0
L 2398, 57, -283, 2480, 18, -297, 255, 255, 0
L 2560, 137, -2416, 2560, 137, -241, 255, 255, 0
L 2560, 137, -241, 2636, 156, -240, 255, 255, 0
L 2560, 137, -2461, 2560, 137, -246, 255, 255, 0
L 2560, 137, -246, 2534, 57, -284, 255, 255, 0
L -729, -1048, -15, -729, -1048, -1, 153, 153, 153
L -729, -1048, -1, -730, -1283, -86, 153, 153, 153
L -730, -1283, -86, -811, -1321, -88, 153, 153, 153
L -811, -1321, -88, -1009, -1321, -113, 153, 153, 153
L -1009, -1321, -113, -1087, -1399, -122, 153, 153, 153
L -1087, -1399, -122, -1089, -1486, -138, 153, 153, 153
L -1089, -1486, -138, -1128, -1481, -138, 153, 153, 153
L -1128, -1481, -138, -1128, -1558, -138, 153, 153, 153
L -1128, -1558, -138, -1090, -1557, -138, 153, 153, 153
L -1090, -1557, -138, -1088, -1598, -138, 153, 153, 153
L -1088, -1598, -138, -1011, -1598, -138, 153, 153, 153
L -1011, -1598, -138, -1010, -1559, -138, 153, 153, 153
L -1010, -1559, -138, -784, -1558, -158, 153, 153, 153
L -784, -1558, -158, -783, -1542, -158, 153, 153, 153
L -783, -1542, -158, -778, -1511, -158, 153, 153, 153
L -778, -1511, -158, -749, -1508, -158, 153, 153, 153
L -749, -1508, -158, -732, -1501, -158, 153, 153, 153
L -732, -1501, -158, -717, -1492, -158, 153, 153, 153
L -717, -1492, -158, -709, -1488, -158, 153, 153, 153
L -709, -1488, -158, -696, -1483, -158, 153, 153, 153
L -696, -1483, -158, -683, -1483, -158, 153, 153, 153
L -683, -1483, -158, -656, -1478, -158, 153, 153, 153
L -656, -1478, -158, -594, -1463, -158, 153, 153, 153
L -594, -1463, -158, -571, -1454, -158, 153, 153, 153
L -571, -1454, -158, -566, -1399, -158, 153, 153, 153
L -566, -1399, -158, -571, -1383, -158, 153, 153, 153
L -571, -1383, -158, -566, -1341, -158, 153, 153, 153
L -566, -1341, -158, -550, -1307, -156, 153, 153, 153
L -550, -1307, -156, -541, -1255, -158, 153, 153, 153
L -541, -1255, -158, -540, -1217, -158, 153, 153, 153
L -540, -1217, -158, -497, -1177, -158, 153, 153, 153
L -497, -1177, -158, -439, -1178, -169, 153, 153, 153
L -457, -1101, -1651, -457, -1101, -165, 153, 153, 153
L -457, -1101, -165, -532, -1137, -158, 153, 153, 153
L -532, -1137, -158, -579, -1200, -158, 153, 153, 153
L -579, -1200, -158, -589, -1246, -158, 153, 153, 153
L -589, -1246, -158, -593, -1285, -158, 153, 153, 153
L -593, -1285, -158, -589, -1297, -158, 153, 153, 153
L -589, -1297, -158, -594, -1321, -158, 153, 153, 153
L -594, -1321, -158, -599, -1386, -158, 153, 153, 153
L -599, -1386, -158, -589, -1404, -158, 153, 153, 153
L -589, -1404, -158, -590, -1436, -158, 153, 153, 153
L -590, -1436, -158, -603, -1447, -158, 153, 153, 153
L -603, -1447, -158, -617, -1451, -158, 153, 153, 153
L -617, -1451, -158, -661, -1453, -158, 153, 153, 153
L -661, -1453, -158, -664, -1455, -158, 153, 153, 153
L -664, -1455, -158, -676, -1464, -158, 153, 153, 153
L -676, -1464, -158, -715, -1466, -158, 153, 153, 153
L -715, -1466, -158, -741, -1489, -158, 153, 153, 153
L -741, -1489, -158, -755, -1496, -158, 153, 153, 153
L -755, -1496, -158, -767, -1496, -157, 153, 153, 153
L -767, -1496, -157, -796, -1481, -158, 153, 153, 153
L -796, -1481, -158, -1009, -1481, -138, 153, 153, 153
L -1009, -1481, -138, -1011, -1440, -123, 153, 153, 153
L -1011, -1440, -123, -971, -1399, -113, 153, 153, 153
L -971, -1399, -113, -729, -1398, -84, 153, 153, 153
L -729, -1398, -84, -692, -1360, -83, 153, 153, 153
L -692, -1360, -83, -652, -1281, -83, 153, 153, 153
L -652, -1281, -83, -651, -1048, -1, 153, 153, 153
L -457, -1101, -1709, -457, -1101, -170, 0, 0, 255
L -457, -1101, -170, -438, -1120, -179, 0, 0, 255
L -438, -1120, -179, -439, -1178, -179, 0, 0, 255
L -439, -1178, -179, -341, -1178, -185, 0, 0, 255
L -341, -1178, -185, -218, -1158, -188, 0, 0, 255
L -218, -1158, -188, -199, -1198, -188, 0, 0, 255
L -199, -1198, -188, -161, -1218, -195, 0, 0, 255
L -161, -1218, -195, -104, -1218, -188, 0, 0, 255
L -104, -1218, -188, -60, -1198, -188, 0, 0, 255
L -60, -1198, -188, -42, -1180, -191, 0, 0, 255
L -42, -1180, -191, -41, -1121, -188, 0, 0, 255
L -41, -1121, -188, -22, -1080, -188, 0, 0, 255
L -22, -1080, -188, 7, -1067, -191, 0, 0, 255
L 7, -1067, -191, 37, -1040, -188, 0, 0, 255
L 37, -1040, -188, 38, -1001, -194, 0, 0, 255
L 38, -1001, -194, 15, -958, -189, 0, 0, 255
L 15, -958, -189, -2, -939, -188, 0, 0, 255
L -2, -939, -188, -1, -924, -188, 0, 0, 255
L -1, -924, -188, -19, -884, -188, 0, 0, 255
L -19, -884, -188, -38, -881, -187, 0, 0, 255
L -38, -881, -187, -58, -863, -188, 0, 0, 255
L -58, -863, -188, -100, -861, -187, 0, 0, 255
L -100, -861, -187, -121, -851, -187, 0, 0, 255
L -121, -851, -187, -141, -820, -188, 0, 0, 255
L -141, -820, -188, -161, -786, -187, 0, 0, 255
L -161, -786, -187, -135, -758, -188, 0, 0, 255
L -135, -758, -188, -123, -741, -188, 0, 0, 255
L -123, -741, -188, -121, -704, -188, 0, 0, 255
L -121, -704, -188, -141, -660, -187, 0, 0, 255
L -141, -660, -187, -180, -621, -188, 0, 0, 255
L -180, -621, -188, -141, -619, -188, 0, 0, 255
L -141, -619, -188, -99, -619, -175, 0, 0, 255
L -99, -619, -175, -61, -638, -173, 0, 0, 255
L -61, -638, -173, -61, -620, -168, 0, 0, 255
L -61, -620, -168, -102, -600, -176, 0, 0, 255
L -102, -600, -176, -120, -581, -180, 0, 0, 255
L -120, -581, -180, -143, -583, -184, 0, 0, 255
L -143, -583, -184, -177, -600, -187, 0, 0, 255
L -177, -600, -187, -181, -561, -187, 0, 0, 255
L -181, -561, -187, -221, -521, -188, 0, 0, 255
L -221, -521, -188, -221, -482, -176, 0, 0, 255
L -221, -482, -176, -240, -496, -179, 0, 0, 255
L -240, -496, -179, -254, -483, -183, 0, 0, 255
L -254, -483, -183, -277, -481, -183, 0, 0, 255
L -277, -481, -183, -239, -520, -182, 0, 0, 255
L -239, -520, -182, -199, -599, -187, 0, 0, 255
L -199, -599, -187, -199, -640, -187, 0, 0, 255
L -199, -640, -187, -139, -699, -187, 0, 0, 255
L -139, -699, -187, -139, -720, -187, 0, 0, 255
L -139, -720, -187, -159, -760, -188, 0, 0, 255
L -159, -760, -188, -173, -762, -188, 0, 0, 255
L -173, -762, -188, -181, -767, -188, 0, 0, 255
L -181, -767, -188, -160, -817, -188, 0, 0, 255
L -160, -817, -188, -149, -869, -188, 0, 0, 255
L -149, -869, -188, -160, -881, -188, 0, 0, 255
L -160, -881, -188, -191, -897, -192, 0, 0, 255
L -191, -897, -192, -217, -918, -175, 0, 0, 255
L -217, -918, -175, -220, -985, -164, 0, 0, 255
L -220, -985, -164, -238, -1038, -164, 0, 0, 255
L -238, -1038, -164, -240, -1081, -165, 0, 0, 255
L -240, -1081, -165, -337, -1100, -164, 0, 0, 255
L -337, -1100, -164, -457, -1101, -165, 0, 0, 255
L -61, -638, -1691, -61, -638, -169, 153, 153, 153
L -61, -638, -169, -41, -639, -163, 153, 153, 153
L -41, -639, -163, 0, -619, -162, 153, 153, 153
L 0, -619, -162, 20, -659, -160, 153, 153, 153
L 20, -659, -160, 39, -659, -162, 153, 153, 153
L 39, -659, -162, 77, -639, -163, 153, 153, 153
L 77, -639, -163, 58, -601, -163, 153, 153, 153
L 58, -601, -163, 19, -581, -163, 153, 153, 153
L 19, -581, -163, 0, -601, -162, 153, 153, 153
L 0, -601, -162, -20, -602, -163, 153, 153, 153
L -20, -602, -163, -41, -621, -162, 153, 153, 153
L -41, -621, -162, -61, -620, -173, 153, 153, 153
L -221, -482, -1768, -221, -482, -176, 153, 153, 153
L -221, -482, -176, -241, -461, -162, 153, 153, 153
L -241, -461, -162, -287, -460, -162, 153, 153, 153
L -287, -460, -162, -300, -441, -163, 153, 153, 153
L -300, -441, -163, -320, -441, -162, 153, 153, 153
L -320, -441, -162, -340, -421, -162, 153, 153, 153
L -340, -421, -162, -425, -422, -163, 153, 153, 153
L -425, -422, -163, -434, -431, -162, 153, 153, 153
L -434, -431, -162, -441, -401, -163, 153, 153, 153
L -441, -401, -163, -461, -401, -162, 153, 153, 153
L -461, -401, -162, -523, -379, -162, 153, 153, 153
L -523, -379, -162, -541, -361, -162, 153, 153, 153
L -541, -361, -162, -579, -341, -163, 153, 153, 153
L -579, -341, -163, -618, -380, -162, 153, 153, 153
L -618, -380, -162, -660, -402, -162, 153, 153, 153
L -660, -402, -162, -703, -442, -162, 153, 153, 153
L -703, -442, -162, -719, -441, -162, 153, 153, 153
L -719, -441, -162, -740, -421, -163, 153, 153, 153
L -740, -421, -163, -780, -401, -132, 153, 153, 153
L -780, -401, -132, -799, -420, -144, 153, 153, 153
L -799, -420, -144, -799, -457, -149, 153, 153, 153
L -799, -457, -149, -778, -481, -152, 153, 153, 153
L -778, -481, -152, -779, -498, -152, 153, 153, 153
L -779, -498, -152, -744, -516, -153, 153, 153, 153
L -744, -516, -153, -710, -503, -156, 153, 153, 153
L -710, -503, -156, -639, -436, -162, 153, 153, 153
L -639, -436, -162, -617, -397, -163, 153, 153, 153
L -617, -397, -163, -581, -379, -163, 153, 153, 153
L -581, -379, -163, -535, -399, -163, 153, 153, 153
L -535, -399, -163, -520, -399, -163, 153, 153, 153
L -520, -399, -163, -501, -417, -162, 153, 153, 153
L -501, -417, -162, -457, -420, -163, 153, 153, 153
L -457, -420, -163, -460, -483, -162, 153, 153, 153
L -460, -483, -162, -479, -523, -162, 153, 153, 153
L -479, -523, -162, -479, -559, -163, 153, 153, 153
L -479, -559, -163, -469, -569, -163, 153, 153, 153
L -469, -569, -163, -460, -578, -146, 153, 153, 153
L -460, -578, -146, -435, -556, -149, 153, 153, 153
L -435, -556, -149, -404, -540, -152, 153, 153, 153
L -404, -540, -152, -404, -526, -152, 153, 153, 153
L -404, -526, -152, -415, -496, -155, 153, 153, 153
L -415, -496, -155, -429, -486, -155, 153, 153, 153
L -429, -486, -155, -441, -459, -158, 153, 153, 153
L -441, -459, -158, -414, -436, -160, 153, 153, 153
L -414, -436, -160, -376, -440, -163, 153, 153, 153
L -376, -440, -163, -356, -460, -162, 153, 153, 153
L -356, -460, -162, -318, -479, -162, 153, 153, 153
L -318, -479, -162, -278, -479, -162, 153, 153, 153
L -278, -479, -162, -277, -481, -173, 153, 153, 153
L -160, -1218, -1679, -160, -1218, -167, 153, 153, 153
L -160, -1218, -167, -139, -1240, -158, 153, 153, 153
L -139, -1240, -158, -119, -1282, -158, 153, 153, 153
L -119, -1282, -158, -121, -1463, -149, 153, 153, 153
L -121, -1463, -149, -138, -1479, -153, 153, 153, 153
L -138, -1479, -153, -139, -1539, -158, 153, 153, 153
L -139, -1539, -158, -119, -1559, -158, 153, 153, 153
L -119, -1559, -158, -119, -1601, -158, 153, 153, 153
L -119, -1601, -158, -139, -1659, -158, 153, 153, 153
L -139, -1659, -158, -118, -1700, -155, 153, 153, 153
L -118, -1700, -155, -98, -1740, -158, 153, 153, 153
L -98, -1740, -158, -80, -1757, -158, 153, 153, 153
L -80, -1757, -158, -41, -1757, -158, 153, 153, 153
L -41, -1757, -158, 19, -1738, -158, 153, 153, 153
L 19, -1738, -158, 98, -1658, -158, 153, 153, 153
L 98, -1658, -158, 98, -1617, -158, 153, 153, 153
L 98, -1617, -158, 116, -1601, -158, 153, 153, 153
L 116, -1601, -158, 202, -1557, -158, 153, 153, 153
L 202, -1557, -158, 239, -1578, -158, 153, 153, 153
L 239, -1578, -158, 278, -1559, -158, 153, 153, 153
L 278, -1559, -158, 278, -1557, -139, 153, 153, 153
L 278, -1557, -139, 298, -1479, -158, 153, 153, 153
L 298, -1479, -158, 258, -1401, -158, 153, 153, 153
L 258, -1401, -158, 198, -1421, -158, 153, 153, 153
L 198, -1421, -158, 162, -1439, -158, 153, 153, 153
L 162, -1439, -158, 180, -1479, -158, 153, 153, 153
L 180, -1479, -158, 180, -1518, -158, 153, 153, 153
L 180, -1518, -158, 136, -1541, -158, 153, 153, 153
L 136, -1541, -158, 118, -1539, -153, 153, 153, 153
L 118, -1539, -153, 77, -1461, -158, 153, 153, 153
L 77, -1461, -158, 58, -1462, -158, 153, 153, 153
L 58, -1462, -158, 41, -1481, -158, 153, 153, 153
L 41, -1481, -158, 60, -1518, -158, 153, 153, 153
L 60, -1518, -158, 80, -1519, -158, 153, 153, 153
L 80, -1519, -158, 103, -1567, -155, 153, 153, 153
L 103, -1567, -155, 92, -1568, -158, 153, 153, 153
L 92, -1568, -158, 79, -1582, -158, 153, 153, 153
L 79, -1582, -158, 43, -1654, -158, 153, 153, 153
L 43, -1654, -158, 39, -1661, -154, 153, 153, 153
L 39, -1661, -154, 20, -1680, -154, 153, 153, 153
L 20, -1680, -154, 0, -1680, -158, 153, 153, 153
L 0, -1680, -158, -41, -1721, -158, 153, 153, 153
L -41, -1721, -158, -80, -1720, -158, 153, 153, 153
L -80, -1720, -158, -101, -1656, -158, 153, 153, 153
L -101, -1656, -158, -99, -1595, -158, 153, 153, 153
L -99, -1595, -158, -73, -1551, -158, 153, 153, 153
L -73, -1551, -158, -78, -1537, -158, 153, 153, 153
L -78, -1537, -158, -64, -1525, -158, 153, 153, 153
L -64, -1525, -158, -62, -1486, -158, 153, 153, 153
L -62, -1486, -158, -71, -1470, -144, 153, 153, 153
L -71, -1470, -144, -84, -1449, -158, 153, 153, 153
L -84, -1449, -158, -81, -1420, -158, 153, 153, 153
L -81, -1420, -158, -101, -1359, -158, 153, 153, 153
L -101, -1359, -158, -101, -1318, -158, 153, 153, 153
L -101, -1318, -158, -87, -1292, -158, 153, 153, 153
L -87, -1292, -158, -95, -1279, -158, 153, 153, 153
L -95, -1279, -158, -93, -1268, -158, 153, 153, 153
L -93, -1268, -158, -121, -1240, -158, 153, 153, 153
L -121, -1240, -158, -120, -1218, -168, 153, 153, 153
P 2636, -38, 0, 255, 255, 255, 2, Necropolis
P 1425, -161, 0, 255, 255, 255, 2, Necropolis
P -731, -1006, 0, 255, 255, 255, 2, Necropolis
