L 499, 260, -2180, 499, 260, -218, 153, 153, 153
L 499, 260, -218, 529, 278, -218, 153, 153, 153
L 529, 278, -218, 539, 280, -218, 153, 153, 153
L 539, 280, -218, 540, 248, -218, 153, 153, 153
L 540, 248, -218, 520, 208, -228, 153, 153, 153
L 520, 208, -228, 493, 190, -226, 153, 153, 153
L 538, 338, -2180, 538, 338, -218, 153, 153, 153
L 538, 338, -218, 548, 327, -218, 153, 153, 153
L 548, 327, -218, 567, 279, -218, 153, 153, 153
L 567, 279, -218, 537, 208, -228, 153, 153, 153
L 537, 208, -228, 507, 168, -237, 153, 153, 153
L 507, 168, -237, 478, 106, -247, 153, 153, 153
L 478, 106, -247, 478, 108, -247, 153, 153, 153
L 478, 108, -2474, 478, 108, -247, 153, 153, 153
L 478, 108, -247, 519, 45, -258, 153, 153, 153
L 519, 45, -258, 528, 29, -258, 153, 153, 153
L 528, 29, -258, 517, -10, -258, 153, 153, 153
L 517, -10, -258, 488, -39, -258, 153, 153, 153
L 488, -39, -258, 475, -60, -261, 153, 153, 153
L 475, -60, -261, 458, -66, -265, 153, 153, 153
L 458, -66, -265, 451, -62, -267, 153, 153, 153
L 451, -62, -267, 440, -65, -271, 153, 153, 153
L 440, -65, -271, 438, -84, -277, 153, 153, 153
L 438, -84, -277, 448, -103, -277, 153, 153, 153
L 448, -103, -277, 448, -143, -281, 153, 153, 153
L 448, -143, -281, 480, -193, -284, 153, 153, 153
L 480, -193, -284, 528, -242, -284, 153, 153, 153
L 528, -242, -284, 538, -282, -286, 153, 153, 153
L 538, -282, -286, 538, -310, -287, 153, 153, 153
L 538, -310, -287, 528, -330, -287, 153, 153, 153
L 528, -330, -287, 538, -350, -287, 153, 153, 153
L 538, -350, -287, 556, -377, -281, 153, 153, 153
L 556, -377, -281, 539, -389, -287, 153, 153, 153
L 539, -389, -287, 510, -369, -286, 153, 153, 153
L 510, -369, -286, 508, -381, -287, 153, 153, 153
L 508, -381, -287, 528, -420, -282, 153, 153, 153
L 528, -420, -282, 527, -430, -283, 153, 153, 153
L 527, -430, -283, 507, -440, -287, 153, 153, 153
L 507, -440, -287, 488, -459, -287, 153, 153, 153
L 488, -459, -287, 459, -468, -287, 153, 153, 153
L 459, -468, -287, 450, -459, -285, 153, 153, 153
L 429, -469, -2923, 429, -469, -292, 0, 0, 255
L 429, -469, -292, 400, -459, -297, 0, 0, 255
L 400, -459, -297, 400, -440, -297, 0, 0, 255
L 400, -440, -297, 429, -392, -297, 0, 0, 255
L 429, -392, -297, 460, -371, -297, 0, 0, 255
L 460, -371, -297, 489, -342, -297, 0, 0, 255
L 489, -342, -297, 508, -370, -293, 0, 0, 255
L 508, -370, -293, 507, -380, -292, 0, 0, 255
L 507, -380, -292, 457, -430, -292, 0, 0, 255
L 457, -430, -292, 448, -459, -292, 0, 0, 255
L 448, -459, -292, 428, -468, -292, 0, 0, 255
L 400, -459, -2979, 400, -459, -297, 153, 153, 153
L 400, -459, -297, 350, -458, -288, 153, 153, 153
L 350, -458, -288, 338, -490, -289, 153, 153, 153
L 338, -490, -289, 359, -481, -287, 153, 153, 153
L 359, -481, -287, 378, -491, -287, 153, 153, 153
L 378, -491, -287, 378, -504, -287, 153, 153, 153
L 378, -504, -287, 338, -529, -287, 153, 153, 153
L 338, -529, -287, 317, -569, -287, 153, 153, 153
L 317, -569, -287, 289, -578, -287, 153, 153, 153
L 289, -578, -287, 261, -550, -287, 153, 153, 153
L 261, -550, -287, 258, -528, -290, 153, 153, 153
L 258, -528, -290, 169, -499, -287, 153, 153, 153
L 169, -499, -287, 148, -529, -291, 153, 153, 153
L 148, -529, -291, 113, -535, -291, 153, 153, 153
L 113, -535, -291, 90, -519, -291, 153, 153, 153
L 90, -519, -291, 90, -499, -291, 153, 153, 153
L 90, -499, -291, 100, -459, -291, 153, 153, 153
L 100, -459, -291, 80, -429, -291, 153, 153, 153
L 80, -429, -291, 80, -400, -291, 153, 153, 153
L 80, -400, -291, 97, -365, -291, 153, 153, 153
L 97, -365, -291, 100, -341, -280, 153, 153, 153
L 100, -341, -280, 118, -332, -287, 153, 153, 153
L 118, -332, -287, 128, -360, -291, 153, 153, 153
L 128, -360, -291, 139, -371, -291, 153, 153, 153
L 139, -371, -291, 169, -361, -291, 153, 153, 153
L 169, -361, -291, 187, -365, -291, 153, 153, 153
L 187, -365, -291, 200, -321, -287, 153, 153, 153
L 200, -321, -287, 180, -271, -282, 153, 153, 153
L 180, -271, -282, 109, -249, -287, 153, 153, 153
L 109, -249, -287, 100, -249, -287, 153, 153, 153
L 100, -249, -287, 88, -228, -288, 153, 153, 153
L 88, -228, -288, 48, -209, -297, 153, 153, 153
L 48, -209, -297, -2, -220, -297, 153, 153, 153
L -2, -220, -297, -19, -227, -297, 153, 153, 153
L -19, -227, -297, -35, -271, -281, 153, 153, 153
L -35, -271, -281, -46, -276, -292, 153, 153, 153
L -46, -276, -292, -70, -269, -297, 153, 153, 153
L -70, -269, -297, -140, -309, -298, 153, 153, 153
L -140, -309, -298, -141, -341, -299, 153, 153, 153
L -141, -341, -299, -161, -410, -310, 153, 153, 153
L -161, -410, -310, -161, -431, -310, 153, 153, 153
L -161, -431, -310, -81, -451, -307, 153, 153, 153
L -81, -451, -307, -66, -466, -307, 153, 153, 153
L -66, -466, -307, -61, -479, -307, 153, 153, 153
L -61, -479, -307, -80, -508, -307, 153, 153, 153
L -80, -508, -307, -115, -509, -307, 153, 153, 153
L -115, -509, -307, -162, -478, -310, 153, 153, 153
L -162, -478, -310, -164, -471, -310, 153, 153, 153
L -164, -471, -310, -170, -471, -309, 153, 153, 153
L -170, -471, -309, -174, -473, -309, 153, 153, 153
L -174, -473, -309, -259, -439, -311, 153, 153, 153
L -259, -439, -311, -340, -462, -307, 153, 153, 153
L -340, -462, -307, -362, -470, -308, 153, 153, 153
L -362, -470, -308, -400, -499, -309, 153, 153, 153
L -400, -499, -309, -439, -499, -309, 153, 153, 153
L -439, -499, -309, -469, -460, -309, 153, 153, 153
L -469, -460, -309, -489, -439, -309, 153, 153, 153
L -489, -439, -309, -499, -409, -309, 153, 153, 153
L -499, -409, -309, -499, -372, -308, 153, 153, 153
L -499, -372, -308, -519, -339, -307, 153, 153, 153
L -519, -339, -307, -520, -315, -307, 153, 153, 153
L -520, -315, -307, -549, -259, -307, 153, 153, 153
L -549, -259, -307, -548, -240, -307, 153, 153, 153
L -548, -240, -307, -519, -209, -307, 153, 153, 153
L -519, -209, -307, -519, -199, -307, 153, 153, 153
L -519, -199, -307, -549, -169, -307, 153, 153, 153
L -549, -169, -307, -549, -159, -307, 153, 153, 153
L -549, -159, -307, -610, -128, -304, 153, 153, 153
L -610, -128, -304, -628, -110, -302, 153, 153, 153
L -628, -110, -302, -629, -89, -302, 153, 153, 153
L -629, -89, -302, -649, -39, -307, 153, 153, 153
L -649, -39, -307, -649, -13, -307, 153, 153, 153
L -649, -13, -307, -644, 21, -301, 153, 153, 153
L -644, 21, -301, -631, 27, -298, 153, 153, 153
L -631, 27, -298, -629, 6, -299, 153, 153, 153
L -629, 6, -299, -613, 8, -298, 153, 153, 153
L -613, 8, -298, -613, -9, -306, 153, 153, 153
L -613, -9, -306, -610, -11, -305, 153, 153, 153
L -610, -11, -305, -609, 6, -297, 153, 153, 153
L -609, 6, -297, -609, 12, -297, 153, 153, 153
L -609, 12, -297, -627, 12, -297, 153, 153, 153
L -627, 12, -297, -627, 50, -292, 153, 153, 153
L -627, 50, -292, -591, 50, -297, 153, 153, 153
L -591, 50, -297, -591, 70, -297, 153, 153, 153
L -591, 70, -297, -573, 70, -297, 153, 153, 153
L -573, 70, -297, -573, 12, -297, 153, 153, 153
L -573, 12, -297, -591, 12, -297, 153, 153, 153
L -591, 12, -297, -591, 10, -297, 153, 153, 153
L -591, 10, -297, -591, -14, -305, 153, 153, 153
L -591, -14, -305, -588, -14, -306, 153, 153, 153
L -588, -14, -306, -587, 8, -298, 153, 153, 153
L -587, 8, -298, -570, 7, -301, 153, 153, 153
L -570, 7, -301, -569, 47, -298, 153, 153, 153
L -569, 47, -298, -520, 28, -307, 153, 153, 153
L -520, 28, -307, -499, 28, -297, 153, 153, 153
L -499, 28, -297, -471, 28, -297, 153, 153, 153
L -471, 28, -297, -470, -1, -297, 153, 153, 153
L -470, -1, -297, -461, -1, -297, 153, 153, 153
L -461, -1, -297, -459, 68, -297, 153, 153, 153
L -459, 68, -297, -431, 68, -297, 153, 153, 153
L -431, 68, -297, -431, 59, -297, 153, 153, 153
L -431, 59, -297, -427, 58, -297, 153, 153, 153
L -427, 58, -297, -399, 59, -296, 153, 153, 153
L -399, 59, -296, -399, 98, -297, 153, 153, 153
L -399, 98, -297, -301, 98, -297, 153, 153, 153
L -301, 98, -297, -301, 58, -297, 153, 153, 153
L -301, 58, -297, -160, 58, -297, 153, 153, 153
L -160, 58, -297, -160, 68, -294, 153, 153, 153
L -160, 68, -294, -100, 68, -293, 153, 153, 153
L -100, 68, -293, -101, 58, -297, 153, 153, 153
L -101, 58, -297, -88, 59, -297, 153, 153, 153
L -88, 59, -297, -89, 68, -297, 153, 153, 153
L -89, 68, -297, -79, 99, -298, 153, 153, 153
L -79, 99, -298, -89, 130, -296, 153, 153, 153
L -89, 130, -296, -89, 148, -298, 153, 153, 153
L -89, 148, -298, -100, 160, -297, 153, 153, 153
L -100, 160, -297, -119, 160, -297, 153, 153, 153
L -119, 160, -297, -119, 178, -297, 153, 153, 153
L -119, 178, -297, -99, 178, -297, 153, 153, 153
L -99, 178, -297, -78, 189, -298, 153, 153, 153
L -78, 189, -298, -59, 208, -328, 153, 153, 153
L -59, 208, -3287, -59, 208, -328, 0, 0, 255
L -59, 208, -328, -40, 228, -326, 0, 0, 255
L -40, 228, -326, -29, 229, -326, 0, 0, 255
L -29, 229, -326, -21, 245, -325, 0, 0, 255
L -21, 245, -325, 7, 257, -325, 0, 0, 255
L 7, 257, -325, 36, 249, -324, 0, 0, 255
L 36, 249, -324, 38, 243, -324, 0, 0, 255
L 38, 243, -324, 9, 220, -321, 0, 0, 255
L 9, 220, -321, 8, 204, -320, 0, 0, 255
L 8, 204, -320, 18, 179, -319, 0, 0, 255
L 18, 179, -319, 37, 150, -313, 0, 0, 255
L 37, 150, -313, 38, 110, -311, 0, 0, 255
L 38, 110, -311, 21, 101, -310, 0, 0, 255
L 21, 101, -310, 10, 100, -320, 0, 0, 255
L 10, 100, -320, -1, 89, -327, 0, 0, 255
L -1, 89, -327, -11, 70, -332, 0, 0, 255
L -11, 70, -332, -1, 49, -340, 0, 0, 255
L -1, 49, -340, -10, 31, -350, 0, 0, 255
L -10, 31, -350, -11, 10, -355, 0, 0, 255
L -11, 10, -355, -2, -16, -362, 0, 0, 255
L -2, -16, -362, 7, -38, -348, 0, 0, 255
L 7, -38, -348, 6, -57, -342, 0, 0, 255
L 6, -57, -342, -5, -80, -332, 0, 0, 255
L -5, -80, -332, -21, -99, -320, 0, 0, 255
L -21, -99, -320, -38, -99, -313, 0, 0, 255
L -38, -99, -313, -59, -79, -322, 0, 0, 255
L -59, -79, -322, -69, -60, -337, 0, 0, 255
L -69, -60, -337, -89, -40, -347, 0, 0, 255
L -89, -40, -347, -89, -11, -371, 0, 0, 255
L -89, -11, -371, -48, 8, -368, 0, 0, 255
L -48, 8, -368, -49, 18, -365, 0, 0, 255
L -49, 18, -365, -21, 47, -358, 0, 0, 255
L -21, 47, -358, -39, 78, -352, 0, 0, 255
L -39, 78, -352, -69, 100, -338, 0, 0, 255
L -69, 100, -338, -69, 117, -338, 0, 0, 255
L -69, 117, -338, -79, 130, -318, 0, 0, 255
L -79, 130, -318, -79, 148, -314, 0, 0, 255
L -79, 148, -314, -60, 168, -311, 0, 0, 255
L -60, 168, -311, -59, 208, -311, 0, 0, 255
L -89, 30, -2979, -89, 30, -297, 153, 153, 153
L -89, 30, -297, -89, 39, -297, 153, 153, 153
L -89, 39, -297, -100, 40, -297, 153, 153, 153
L -100, 40, -297, -101, 30, -295, 153, 153, 153
L -101, 30, -295, -156, 30, -295, 153, 153, 153
L -156, 30, -295, -158, 38, -295, 153, 153, 153
L -158, 38, -295, -172, 40, -297, 153, 153, 153
L -172, 40, -297, -301, 40, -297, 153, 153, 153
L -301, 40, -297, -301, 0, -297, 153, 153, 153
L -301, 0, -297, -399, 0, -297, 153, 153, 153
L -399, 0, -297, -399, 40, -297, 153, 153, 153
L -399, 40, -297, -431, 40, -297, 153, 153, 153
L -369, -39, -2779, -369, -39, -277, 255, 255, 0
L -369, -39, -277, -369, 0, -276, 255, 255, 0
L -369, 0, -276, -375, 5, -275, 255, 255, 0
L -369, -39, -2779, -369, -39, -277, 255, 255, 0
L -369, -39, -277, -331, -39, -277, 255, 255, 0
L -331, -39, -277, -330, 1, -275, 255, 255, 0
L -330, 1, -275, -324, 7, -275, 255, 255, 0
L -331, 138, -2779, -331, 138, -277, 255, 255, 0
L -331, 138, -277, -331, 98, -275, 255, 255, 0
L -331, 98, -275, -323, 90, -275, 255, 255, 0
L -331, 138, -2779, -331, 138, -277, 255, 255, 0
L -331, 138, -277, -369, 138, -277, 255, 255, 0
L -369, 138, -277, -369, 99, -276, 255, 255, 0
L -369, 99, -276, -376, 91, -275, 255, 255, 0
L -385, 84, -2759, -385, 84, -275, 255, 255, 0
L -385, 84, -275, -382, 57, -297, 255, 255, 0
L -382, 40, -2979, -382, 40, -297, 255, 255, 0
L -382, 40, -297, -381, 14, -275, 255, 255, 0
L -423, 40, -2979, -423, 40, -297, 153, 153, 153
L -431, 40, -297, -431, -19, -297, 153, 153, 153
L -431, -19, -297, -463, -19, -297, 153, 153, 153
L -463, -19, -297, -472, -21, -297, 153, 153, 153
L -472, -21, -297, -471, -49, -297, 153, 153, 153
L -471, -49, -297, -521, -49, -307, 153, 153, 153
L -521, -49, -307, -551, -60, -307, 153, 153, 153
L -551, -60, -307, -558, -73, -307, 153, 153, 153
L -550, -19, -3120, -550, -19, -312, 153, 153, 153
L -550, -19, -312, -529, -19, -317, 153, 153, 153
L -529, -19, -317, -519, -29, -317, 153, 153, 153
L -519, -29, -317, -501, -29, -317, 153, 153, 153
L -501, -29, -317, -491, -20, -317, 153, 153, 153
L -491, -20, -317, -491, 0, -317, 153, 153, 153
L -491, 0, -317, -500, 8, -317, 153, 153, 153
L -500, 8, -317, -520, 7, -317, 153, 153, 153
L -520, 7, -317, -529, -1, -317, 153, 153, 153
L -529, -1, -317, -550, -1, -311, 153, 153, 153
L -559, -73, -3079, -559, -73, -307, 153, 153, 153
L -559, -73, -307, -593, -81, -307, 153, 153, 153
L -593, -81, -307, -610, -89, -302, 153, 153, 153
L -610, -89, -302, -590, -121, -307, 153, 153, 153
L -590, -121, -307, -552, -130, -307, 153, 153, 153
L -552, -130, -307, -521, -122, -307, 153, 153, 153
L -521, -122, -307, -500, -131, -307, 153, 153, 153
L -500, -131, -307, -460, -152, -315, 153, 153, 153
L -460, -152, -315, -432, -198, -309, 153, 153, 153
L -432, -198, -309, -429, -191, -307, 153, 153, 153
L -429, -191, -307, -406, -185, -307, 153, 153, 153
L -406, -185, -307, -389, -181, -307, 153, 153, 153
L -389, -181, -307, -371, -181, -307, 153, 153, 153
L -371, -181, -307, -351, -220, -307, 153, 153, 153
L -351, -220, -307, -331, -231, -306, 153, 153, 153
L -331, -231, -306, -281, -221, -312, 153, 153, 153
L -281, -221, -312, -197, -262, -309, 153, 153, 153
L -197, -262, -309, -140, -281, -298, 153, 153, 153
L -140, -281, -298, -108, -251, -297, 153, 153, 153
L -108, -251, -297, -71, -241, -297, 153, 153, 153
L -71, -241, -297, -63, -234, -297, 153, 153, 153
L -63, -234, -297, -41, -209, -297, 153, 153, 153
L -41, -209, -297, -61, -198, -297, 153, 153, 153
L -61, -198, -297, -79, -179, -297, 153, 153, 153
L -79, -179, -297, -95, -156, -289, 153, 153, 153
L -95, -156, -289, -99, -116, -288, 153, 153, 153
L -99, -116, -288, -99, -110, -288, 153, 153, 153
L -99, -110, -288, -80, -92, -293, 153, 153, 153
L -80, -92, -293, -79, -69, -290, 153, 153, 153
L -79, -69, -290, -97, -51, -292, 153, 153, 153
L -97, -51, -292, -108, -12, -292, 153, 153, 153
L -108, -12, -292, -70, 18, -298, 153, 153, 153
L -70, 18, -298, -89, 30, -297, 153, 153, 153
L -41, -109, -2979, -41, -109, -297, 153, 153, 153
L -41, -109, -297, -62, -111, -297, 153, 153, 153
L -62, -111, -297, -61, -171, -297, 153, 153, 153
L -61, -171, -297, 0, -171, -297, 153, 153, 153
L 0, -171, -297, 0, -153, -297, 153, 153, 153
L 0, -153, -297, 37, -153, -297, 153, 153, 153
L 37, -153, -297, 40, -150, -297, 153, 153, 153
L 40, -150, -297, 1, -149, -288, 153, 153, 153
L 1, -149, -288, -2, -149, -287, 153, 153, 153
L -2, -149, -287, -3, -167, -287, 153, 153, 153
L -3, -167, -287, -20, -167, -287, 153, 153, 153
L -20, -167, -287, -22, -185, -285, 153, 153, 153
L -22, -185, -285, -36, -188, -283, 153, 153, 153
L -36, -188, -283, -39, -167, -287, 153, 153, 153
L -39, -167, -287, -57, -167, -287, 153, 153, 153
L -57, -167, -287, -57, -113, -287, 153, 153, 153
L -57, -113, -287, -50, -113, -287, 153, 153, 153
L -50, -113, -287, -42, -117, -287, 153, 153, 153
L -42, -117, -287, -37, -112, -297, 153, 153, 153
L -37, -112, -297, -37, -102, -297, 153, 153, 153
L -37, -102, -297, -37, -82, -295, 153, 153, 153
L -37, -82, -295, -28, -82, -295, 153, 153, 153
L -28, -82, -295, -23, -116, -295, 153, 153, 153
L -23, -116, -295, -19, -118, -287, 153, 153, 153
L -19, -118, -287, -17, -115, -287, 153, 153, 153
L -17, -115, -287, -3, -113, -287, 153, 153, 153
L -3, -113, -287, -3, -130, -287, 153, 153, 153
L -3, -130, -287, 38, -131, -297, 153, 153, 153
L 38, -131, -297, 40, -128, -295, 153, 153, 153
L 40, -128, -295, 0, -127, -297, 153, 153, 153
L 0, -127, -297, 0, -109, -297, 153, 153, 153
L 0, -109, -297, -19, -109, -297, 153, 153, 153
L -19, -109, -297, -19, -100, -297, 153, 153, 153
L -41, -109, -2979, -41, -109, -297, 153, 153, 153
L -41, -109, -297, -41, -101, -297, 153, 153, 153
L -239, -279, -3079, -239, -279, -307, 153, 153, 153
L -239, -279, -307, -280, -249, -307, 153, 153, 153
L -280, -249, -307, -329, -259, -308, 153, 153, 153
L -329, -259, -308, -350, -278, -304, 153, 153, 153
L -350, -278, -304, -389, -289, -302, 153, 153, 153
L -389, -289, -302, -429, -259, -307, 153, 153, 153
L -429, -259, -307, -429, -250, -307, 153, 153, 153
L -429, -250, -307, -458, -200, -317, 153, 153, 153
L -458, -200, -317, -479, -189, -311, 153, 153, 153
L -479, -189, -311, -499, -159, -308, 153, 153, 153
L -499, -159, -308, -505, -162, -307, 153, 153, 153
L -505, -162, -307, -520, -169, -307, 153, 153, 153
L -520, -169, -307, -500, -203, -307, 153, 153, 153
L -500, -203, -307, -494, -230, -307, 153, 153, 153
L -494, -230, -307, -507, -245, -307, 153, 153, 153
L -507, -245, -307, -521, -249, -307, 153, 153, 153
L -521, -249, -307, -521, -260, -307, 153, 153, 153
L -521, -260, -307, -501, -299, -307, 153, 153, 153
L -501, -299, -307, -450, -381, -307, 153, 153, 153
L -450, -381, -307, -411, -401, -307, 153, 153, 153
L -411, -401, -307, -400, -431, -307, 153, 153, 153
L -400, -431, -307, -331, -421, -307, 153, 153, 153
L -331, -421, -307, -300, -401, -307, 153, 153, 153
L -300, -401, -307, -262, -401, -307, 153, 153, 153
L -262, -401, -307, -212, -420, -308, 153, 153, 153
L -212, -420, -308, -179, -352, -307, 153, 153, 153
L -179, -352, -307, -179, -311, -307, 153, 153, 153
L -179, -311, -307, -198, -290, -309, 153, 153, 153
L -198, -290, -309, -239, -279, -307, 153, 153, 153
L 78, -159, -2979, 78, -159, -297, 153, 153, 153
L 78, -159, -297, 87, -196, -292, 153, 153, 153
L 87, -196, -292, 109, -221, -287, 153, 153, 153
L 109, -221, -287, 148, -221, -282, 153, 153, 153
L 148, -221, -282, 178, -240, -278, 153, 153, 153
L 178, -240, -278, 210, -210, -284, 153, 153, 153
L 210, -210, -284, 190, -178, -278, 153, 153, 153
L 190, -178, -278, 190, -150, -278, 153, 153, 153
L 190, -150, -278, 214, -128, -286, 153, 153, 153
L 214, -128, -286, 241, -110, -277, 153, 153, 153
L 241, -110, -277, 228, -87, -277, 153, 153, 153
L 228, -87, -277, 198, -78, -277, 153, 153, 153
L 198, -78, -277, 187, -68, -277, 153, 153, 153
L 187, -68, -277, 159, -59, -277, 153, 153, 153
L 159, -59, -277, 130, -39, -277, 153, 153, 153
L 130, -39, -277, 134, -13, -277, 153, 153, 153
L 134, -13, -277, 141, -3, -277, 153, 153, 153
L 141, -3, -277, 160, 8, -277, 153, 153, 153
L 160, 8, -277, 239, 8, -277, 153, 153, 153
L 239, 8, -277, 240, 69, -277, 153, 153, 153
L 240, 69, -277, 219, 70, -277, 153, 153, 153
L 219, 70, -277, 178, 91, -277, 153, 153, 153
L 178, 91, -277, 129, 110, -277, 153, 153, 153
L 129, 110, -277, 110, 130, -277, 153, 153, 153
L 110, 130, -277, 110, 196, -277, 153, 153, 153
L 128, 238, -2779, 128, 238, -277, 153, 153, 153
L 128, 238, -277, 128, 129, -277, 153, 153, 153
L 128, 129, -277, 181, 118, -277, 153, 153, 153
L 181, 118, -277, 209, 125, -277, 153, 153, 153
L 209, 125, -277, 222, 125, -274, 153, 153, 153
L 222, 125, -274, 298, 68, -277, 153, 153, 153
L 298, 68, -277, 328, 28, -277, 153, 153, 153
L 328, 28, -277, 350, 27, -277, 153, 153, 153
L 350, 27, -277, 368, 18, -277, 153, 153, 153
L 368, 18, -277, 389, -22, -277, 153, 153, 153
L 389, -22, -277, 419, -51, -277, 153, 153, 153
L 419, -51, -277, 488, -12, -258, 153, 153, 153
L 488, -12, -258, 490, 48, -258, 153, 153, 153
L 490, 48, -258, 450, 89, -238, 153, 153, 153
L 450, 89, -238, 452, 131, -238, 153, 153, 153
L 452, 131, -238, 480, 169, -237, 153, 153, 153
L 480, 169, -237, 485, 180, -234, 153, 153, 153
L 485, 180, -234, 493, 190, -230, 153, 153, 153
L 339, -142, -2734, 339, -142, -273, 153, 153, 153
L 339, -142, -273, 372, -130, -273, 153, 153, 153
L 372, -130, -273, 419, -111, -277, 153, 153, 153
L 419, -111, -277, 420, -89, -277, 153, 153, 153
L 420, -89, -277, 387, -46, -277, 153, 153, 153
L 387, -46, -277, 369, -27, -277, 153, 153, 153
L 369, -27, -277, 349, 10, -277, 153, 153, 153
L 349, 10, -277, 328, 10, -277, 153, 153, 153
L 328, 10, -277, 309, -14, -277, 153, 153, 153
L 309, -14, -277, 292, -30, -277, 153, 153, 153
L 292, -30, -277, 281, -31, -276, 153, 153, 153
L 281, -31, -276, 252, -35, -256, 153, 153, 153
L 252, -35, -256, 218, -41, -277, 153, 153, 153
L 218, -41, -277, 228, -70, -277, 153, 153, 153
L 228, -70, -277, 258, -102, -277, 153, 153, 153
L 258, -102, -277, 257, -120, -277, 153, 153, 153
L 257, -120, -277, 249, -138, -277, 153, 153, 153
L 249, -138, -277, 248, -169, -273, 153, 153, 153
L 248, -169, -273, 248, -200, -287, 153, 153, 153
L 248, -200, -287, 322, -176, -277, 153, 153, 153
L 322, -176, -277, 339, -142, -273, 153, 153, 153
L 289, -239, -2821, 289, -239, -282, 153, 153, 153
L 289, -239, -282, 248, -229, -287, 153, 153, 153
L 248, -229, -287, 224, -230, -287, 153, 153, 153
L 224, -230, -287, 218, -260, -286, 153, 153, 153
L 218, -260, -286, 238, -300, -287, 153, 153, 153
L 238, -300, -287, 238, -330, -287, 153, 153, 153
L 238, -330, -287, 217, -370, -287, 153, 153, 153
L 217, -370, -287, 169, -428, -287, 153, 153, 153
L 169, -428, -287, 168, -441, -287, 153, 153, 153
L 168, -441, -287, 199, -471, -288, 153, 153, 153
L 199, -471, -288, 253, -483, -290, 153, 153, 153
L 253, -483, -290, 287, -491, -292, 153, 153, 153
L 287, -491, -292, 354, -418, -288, 153, 153, 153
L 354, -418, -288, 364, -399, -291, 153, 153, 153
L 364, -399, -291, 398, -391, -291, 153, 153, 153
L 398, -391, -291, 428, -363, -291, 153, 153, 153
L 428, -363, -291, 448, -333, -287, 153, 153, 153
L 448, -333, -287, 489, -301, -287, 153, 153, 153
L 489, -301, -287, 489, -286, -287, 153, 153, 153
L 489, -286, -287, 479, -237, -287, 153, 153, 153
L 479, -237, -287, 460, -219, -287, 153, 153, 153
L 460, -219, -287, 450, -190, -285, 153, 153, 153
L 450, -190, -285, 411, -150, -277, 153, 153, 153
L 411, -150, -277, 369, -159, -273, 153, 153, 153
L 369, -159, -273, 288, -239, -282, 153, 153, 153
L 78, -159, -2979, 78, -159, -297, 153, 153, 153
L 78, -159, -297, 63, -124, -297, 153, 153, 153
L 63, -124, -297, 46, -116, -297, 153, 153, 153
L 46, -116, -297, 47, -111, -297, 153, 153, 153
L 47, -111, -297, 39, -111, -297, 153, 153, 153
L 39, -111, -297, 17, -97, -293, 153, 153, 153
L 17, -97, -293, 8, -91, -291, 153, 153, 153
L 8, -91, -291, 12, -84, -300, 153, 153, 153
L 12, -84, -300, 25, -64, -299, 153, 153, 153
L 25, -64, -299, 18, -41, -298, 153, 153, 153
L 18, -41, -298, 8, -40, -310, 153, 153, 153
L 128, 238, -2779, 128, 238, -277, 153, 153, 153
L 128, 238, -277, 112, 238, -277, 153, 153, 153
L 112, 238, -277, 110, 234, -277, 153, 153, 153
L 110, 234, -277, 108, 262, -287, 153, 153, 153
L 108, 262, -287, 108, 270, -287, 153, 153, 153
L 108, 270, -287, 128, 270, -287, 153, 153, 153
L 128, 270, -287, 132, 279, -289, 153, 153, 153
L 132, 279, -289, 158, 310, -295, 153, 153, 153
L 158, 310, -295, 158, 319, -297, 153, 153, 153
L 158, 319, -297, 128, 368, -297, 153, 153, 153
L 128, 368, -297, 70, 397, -291, 153, 153, 153
L 70, 397, -291, 53, 371, -299, 153, 153, 153
L 53, 371, -299, 32, 341, -294, 153, 153, 153
L 32, 341, -294, 18, 312, -289, 153, 153, 153
L 18, 312, -289, 10, 298, -297, 153, 153, 153
L 10, 298, -297, -47, 259, -297, 153, 153, 153
L -47, 259, -297, -41, 249, -297, 153, 153, 153
L -41, 249, -297, -46, 240, -297, 153, 153, 153
L -46, 240, -297, -30, 230, -297, 153, 153, 153
L 38, 110, -3132, 38, 110, -313, 153, 153, 153
L 38, 110, -313, 49, 151, -297, 153, 153, 153
L 49, 151, -297, 57, 163, -297, 153, 153, 153
L 57, 163, -297, 48, 199, -297, 153, 153, 153
L 48, 199, -297, 48, 240, -296, 153, 153, 153
L 48, 240, -296, 68, 265, -292, 153, 153, 153
L 68, 265, -292, 71, 271, -287, 153, 153, 153
L 71, 271, -287, 89, 270, -287, 153, 153, 153
L 89, 270, -287, 90, 266, -287, 153, 153, 153
L 90, 266, -287, 90, 236, -277, 153, 153, 153
L 90, 236, -277, 70, 238, -277, 153, 153, 153
L 70, 238, -277, 70, 178, -277, 153, 153, 153
L 70, 178, -277, 70, 92, -259, 153, 153, 153
L 70, 92, -259, 50, 88, -258, 153, 153, 153
L 50, 88, -258, 50, 20, -258, 153, 153, 153
L 50, 20, -258, 159, 20, -258, 153, 153, 153
L 159, 20, -258, 161, 16, -258, 153, 153, 153
L 161, 16, -258, 166, 16, -258, 153, 153, 153
L 166, 16, -258, 166, 11, -256, 153, 153, 153
L 220, 68, -2560, 220, 68, -256, 153, 153, 153
L 220, 68, -256, 219, 48, -258, 153, 153, 153
L 219, 48, -258, 188, 38, -258, 153, 153, 153
L 188, 38, -258, 119, 38, -258, 153, 153, 153
L 119, 38, -258, 88, 39, -258, 153, 153, 153
L 88, 39, -258, 88, 68, -258, 153, 153, 153
L 88, 68, -258, 90, 70, -258, 153, 153, 153
L 90, 70, -258, 94, 70, -258, 153, 153, 153
L 94, 70, -258, 96, 46, -258, 153, 153, 153
L 96, 46, -258, 128, 46, -258, 153, 153, 153
L 128, 46, -258, 128, 88, -258, 153, 153, 153
L 128, 88, -258, 89, 88, -258, 153, 153, 153
L 89, 88, -258, 88, 174, -277, 153, 153, 153
L 88, 174, -277, 89, 197, -276, 153, 153, 153
L 89, 197, -276, 110, 199, -277, 153, 153, 153
P 461, 300, 0, 0, 0, 0, 2, Chardok_Map
