L 2575, 0, 0, -1442, 0, 0, 140, 140, 140
L  0,1178, 0, 0, -1167, 0, 140, 140, 140
L 500, 1178, 0, 500, -1167, 0, 220, 220, 220
L 1000, 1178, 0, 1000, -1167, 0, 220, 220, 220
L 1500, 1178, 0, 1500, -1167, 0, 220, 220, 220
L 2000, 1178, 0, 2000, -1167, 0, 220, 220, 220
L 2500, 1178, 0, 2500, -1167, 0, 220, 220, 220
L -500, 1178, 0, -500, -1167, 0, 220, 220, 220
L -1000, 1178, 0, -1000, -1167, 0, 220, 220, 220
L 2575, 500, 0, -1442, 500, 0, 220, 220, 220
L 2575, 1000, 0, -1442, 1000, 0, 220, 220, 220
L 2575, -500, 0, -1442, -500, 0, 220, 220, 220
L 2575, -1000, 0, -1442, -1000, 0, 220, 220, 220
P 2585, 5, 0, 0, 0, 0, 3, 0
P 5,1188, 0, 0, 0, 0, 3, 0
P 505,1188, 0, 0, 0, 0, 3, 500
P 1005,1188, 0, 0, 0, 0, 3, 1000
P 1505,1188, 0, 0, 0, 0, 3, 1500
P 2005,1188, 0, 0, 0, 0, 3, 2000
P 2505,1188, 0, 0, 0, 0, 3, 2500
P -495,1188, 0, 0, 0, 0, 3, -500
P -995,1188, 0, 0, 0, 0, 3, -1000
P 2585, 505, 0, 0, 0, 0, 3, 500
P 2585, 1005, 0, 0, 0, 0, 3, 1000
P 2585, -495, 0, 0, 0, 0, 3, -500
P 2585, -995, 0, 0, 0, 0, 3, -1000
