L -1130, -1400, 1, -1130, -1400, 2, 1, 2, 4
L 1400, 650, 1, 1400, 650, 2, 1, 2, 4
L -150, 350, 1, -60, 325, 1, 1, 240, 0
L -60, 325, 1, -35, 235, 1, 1, 240, 0
L -35, 235, 1, -10, 325, 1, 1, 240, 0
L -10, 325, 1, 80, 350, 1, 240, 1, 0
L 80, 350, 1, -10, 375, 1, 240, 1, 0
L -10, 375, 1, -35, 465, 1, 240, 1, 0
L -35, 465, 1, -60, 375, 1, 240, 1, 0
L -60, 375, 1, -150, 350, 1, 1, 240, 0
L -16, 496, 1, -28, 484, 1, 1, 240, 240
L -28, 484, 1, -41, 484, 1, 1, 240, 240
L -41, 484, 1, -53, 496, 1, 1, 240, 240
L -53, 496, 1, -53, 508, 1, 1, 240, 240
L -53, 508, 1, -41, 520, 1, 1, 240, 240
L -41, 520, 1, -28, 520, 1, 1, 240, 240
L -28, 520, 1, -16, 532, 1, 1, 240, 240
L -16, 532, 1, -16, 544, 1, 1, 240, 240
L -16, 544, 1, -28, 556, 1, 1, 240, 240
L -28, 556, 1, -41, 556, 1, 1, 240, 240
L -41, 556, 1, -53, 544, 1, 1, 240, 240
L -16, 145, 1, -16, 217, 1, 1, 240, 240
L -16, 217, 1, -53, 145, 1, 1, 240, 240
L -53, 145, 1, -53, 217, 1, 1, 240, 240
L -209, 310, 1, -195, 391, 1, 1, 240, 240
L -195, 391, 1, -189, 350, 1, 1, 240, 240
L -189, 350, 1, -182, 391, 1, 1, 240, 240
L -182, 391, 1, -168, 310, 1, 1, 240, 240
L 99, 310, 1, 99, 382, 1, 1, 240, 240
L 99, 382, 1, 135, 382, 1, 1, 240, 240
L 99, 346, 1, 123, 346, 1, 1, 240, 240
L 99, 310, 1, 135, 310, 1, 1, 240, 240
L -893, -637, -98, -936, -636, -99, 180, 180, 0
L -156, -614, -20, -165, -614, -18, 180, 180, 0
L -156, -586, -21, -156, -614, -20, 180, 180, 0
L -164, -586, -17, -156, -586, -21, 180, 180, 0
L -169, -572, -15, -164, -586, -17, 180, 180, 0
L -169, -558, -15, -169, -572, -15, 180, 180, 0
L -157, -558, -20, -169, -558, -15, 180, 180, 0
L -158, -530, -17, -157, -558, -20, 180, 180, 0
L -170, -530, -9, -158, -530, -17, 180, 180, 0
L -172, -499, -3, -170, -530, -9, 180, 180, 0
L -157, -500, -22, -172, -499, -3, 180, 180, 0
L -157, -472, -23, -157, -500, -22, 180, 180, 0
L -168, -473, -3, -157, -472, -23, 180, 180, 0
L -168, -458, -10, -168, -473, -3, 180, 180, 0
L -153, -449, -19, -168, -458, -10, 180, 180, 0
L -149, -449, -20, -153, -449, -19, 180, 180, 0
L -150, -404, -26, -149, -449, -20, 180, 180, 0
L -193, -362, -24, -150, -404, -26, 180, 180, 0
L -237, -360, -26, -193, -362, -24, 180, 180, 0
L -237, -380, -9, -237, -360, -26, 180, 180, 0
L -273, -378, -10, -237, -380, -9, 180, 180, 0
L -273, -360, -25, -273, -378, -10, 180, 180, 0
L -305, -362, -26, -273, -360, -25, 180, 180, 0
L -305, -366, -26, -305, -362, -26, 180, 180, 0
L -353, -366, -36, -305, -366, -26, 180, 180, 0
L -353, -359, -36, -353, -366, -36, 180, 180, 0
L -359, -361, -37, -353, -359, -36, 180, 180, 0
L -359, -406, -34, -359, -361, -37, 180, 180, 0
L -404, -406, -37, -359, -406, -34, 180, 180, 0
L -406, -448, -36, -404, -406, -37, 180, 180, 0
L -394, -448, -30, -406, -448, -36, 180, 180, 0
L -390, -504, -17, -394, -448, -30, 180, 180, 0
L -405, -504, -27, -390, -504, -17, 180, 180, 0
L -404, -539, -27, -405, -504, -27, 180, 180, 0
L -399, -539, -27, -404, -539, -27, 180, 180, 0
L -399, -587, -37, -399, -539, -27, 180, 180, 0
L -406, -587, -37, -399, -587, -37, 180, 180, 0
L -405, -595, -38, -406, -587, -37, 180, 180, 0
L -362, -638, -38, -405, -595, -38, 180, 180, 0
L -353, -639, -37, -362, -638, -38, 180, 180, 0
L -353, -635, -37, -353, -639, -37, 180, 180, 0
L -306, -635, -27, -353, -635, -37, 180, 180, 0
L -306, -638, -27, -306, -635, -27, 180, 180, 0
L -272, -642, -27, -306, -638, -27, 180, 180, 0
L -272, -621, -11, -272, -642, -27, 180, 180, 0
L -221, -625, -18, -272, -621, -11, 180, 180, 0
L -207, -642, -24, -221, -625, -18, 180, 180, 0
L -189, -640, -24, -207, -642, -24, 180, 180, 0
L -184, -631, -21, -189, -640, -24, 180, 180, 0
L -165, -625, -18, -184, -631, -21, 180, 180, 0
L -165, -613, -17, -165, -625, -18, 180, 180, 0
L -155, -613, -20, -165, -613, -17, 180, 180, 0
L -34, -670, -23, -74, -681, -10, 180, 180, 0
L -34, -621, -18, -34, -670, -23, 180, 180, 0
L -38, -630, -24, -34, -621, -18, 180, 180, 0
L -64, -629, -23, -38, -630, -24, 180, 180, 0
L 1134, 437, -9, 1178, 437, -6, 180, 180, 0
L 1120, 460, 2, 1134, 437, -9, 180, 180, 0
L 1107, 458, 0, 1120, 460, 2, 180, 180, 0
L 1107, 443, -12, 1107, 458, 1, 180, 180, 0
L 1080, 443, -11, 1107, 443, -12, 180, 180, 0
L 1080, 451, -6, 1080, 443, -11, 180, 180, 0
L 1058, 451, -5, 1080, 451, -6, 180, 180, 0
L 1058, 444, -7, 1058, 451, -5, 180, 180, 0
L 1008, 444, -10, 1058, 444, -7, 180, 180, 0
L 1008, 449, -9, 1008, 444, -10, 180, 180, 0
L 987, 451, -4, 1008, 449, -9, 180, 180, 0
L 986, 446, -10, 987, 451, -4, 180, 180, 0
L 961, 446, -10, 986, 446, -10, 180, 180, 0
L 960, 449, -8, 961, 446, -10, 180, 180, 0
L 941, 435, -7, 960, 449, -8, 180, 180, 0
L 935, 424, -11, 941, 435, -7, 180, 180, 0
L 928, 427, -11, 935, 424, -11, 180, 180, 0
L 912, 403, -11, 928, 427, -11, 180, 180, 0
L 915, 390, -12, 912, 403, -11, 180, 180, 0
L 912, 370, -12, 915, 390, -12, 180, 180, 0
L 903, 357, -11, 912, 370, -12, 180, 180, 0
L 902, 297, -12, 903, 357, -11, 180, 180, 0
L 888, 297, 1, 902, 297, -12, 180, 180, 0
L 890, 266, 0, 888, 297, 1, 180, 180, 0
L 903, 264, -12, 890, 266, 1, 180, 180, 0
L 903, 238, -8, 903, 264, -12, 180, 180, 0
L 894, 239, 1, 903, 238, -8, 180, 180, 0
L 906, 225, -3, 894, 239, 1, 180, 180, 0
L 916, 233, -4, 906, 225, -3, 180, 180, 0
L 926, 224, -12, 916, 233, -4, 180, 180, 0
L 915, 213, -6, 926, 224, -12, 180, 180, 0
L 931, 183, 0, 915, 213, -6, 180, 180, 0
L 946, 181, -11, 931, 183, 1, 180, 180, 0
L 944, 155, -6, 946, 181, -11, 180, 180, 0
L 934, 155, -0, 944, 155, -6, 180, 180, 0
L 935, 133, 1, 934, 155, -0, 180, 180, 0
L 897, 60, 1, 935, 133, 1, 180, 180, 0
L 911, 57, -12, 897, 60, 1, 180, 180, 0
L 910, 34, -11, 911, 57, -12, 180, 180, 0
L 899, 33, -0, 910, 34, -11, 180, 180, 0
L 902, 2, -7, 899, 33, -0, 180, 180, 0
L 911, 0, -10, 902, 2, -7, 180, 180, 0
L 911, -24, -10, 911, 0, -10, 180, 180, 0
L 895, -24, -2, 911, -24, -10, 180, 180, 0
L 897, -53, 0, 895, -24, -2, 180, 180, 0
L 912, -53, -11, 897, -53, 1, 180, 180, 0
L 912, -80, -11, 912, -53, -11, 180, 180, 0
L 907, -81, -7, 912, -80, -11, 180, 180, 0
L 889, -101, -1, 907, -81, -7, 180, 180, 0
L 875, -95, -9, 889, -101, -1, 180, 180, 0
L 878, -86, 1, 875, -95, -9, 180, 180, 0
L 793, -83, 5, 878, -86, 1, 180, 180, 0
L 793, -92, -9, 793, -83, 5, 180, 180, 0
L 803, -102, -7, 793, -92, -9, 180, 180, 0
L 793, -109, -16, 803, -102, -7, 180, 180, 0
L 751, -104, -17, 793, -109, -16, 180, 180, 0
L 751, -40, -17, 751, -104, -17, 180, 180, 0
L 728, -17, -17, 751, -40, -17, 180, 180, 0
L 705, -17, -17, 728, -17, -17, 180, 180, 0
L 704, 24, -16, 705, -17, -17, 180, 180, 0
L 725, 24, 0, 704, 24, -16, 180, 180, 0
L 724, 66, -0, 725, 24, 1, 180, 180, 0
L 713, 66, -13, 724, 66, -0, 180, 180, 0
L 705, 66, -16, 713, 66, -13, 180, 180, 0
L 707, 98, -17, 705, 66, -16, 180, 180, 0
L 711, 98, -17, 707, 98, -17, 180, 180, 0
L 711, 146, -26, 711, 98, -17, 180, 180, 0
L 704, 146, -26, 711, 146, -26, 180, 180, 0
L 706, 152, -27, 704, 146, -26, 180, 180, 0
L 751, 152, -24, 706, 152, -27, 180, 180, 0
L 751, 221, -27, 751, 152, -24, 180, 180, 0
L 727, 222, -27, 751, 221, -27, 180, 180, 0
L 703, 246, -27, 727, 222, -27, 180, 180, 0
L 702, 311, -27, 703, 246, -27, 180, 180, 0
L 712, 312, -24, 702, 311, -27, 180, 180, 0
L 703, 333, -17, 712, 312, -24, 180, 180, 0
L 713, 349, -23, 703, 333, -17, 180, 180, 0
L 713, 411, -22, 713, 349, -23, 180, 180, 0
L 712, 426, -22, 713, 411, -22, 180, 180, 0
L 709, 443, -16, 712, 426, -22, 180, 180, 0
L 682, 481, -22, 709, 443, -16, 180, 180, 0
L 672, 480, -23, 682, 481, -22, 180, 180, 0
L 656, 492, -22, 672, 480, -23, 180, 180, 0
L 652, 501, -22, 656, 492, -22, 180, 180, 0
L 626, 504, -21, 652, 501, -22, 180, 180, 0
L 626, 507, -16, 626, 504, -21, 180, 180, 0
L 606, 505, -19, 626, 507, -16, 180, 180, 0
L 604, 499, -22, 606, 505, -19, 180, 180, 0
L 578, 500, -22, 604, 499, -22, 180, 180, 0
L 578, 507, -17, 578, 500, -22, 180, 180, 0
L 533, 507, -16, 578, 507, -17, 180, 180, 0
L 533, 498, -22, 533, 507, -16, 180, 180, 0
L 508, 499, -23, 533, 498, -22, 180, 180, 0
L 506, 512, -14, 508, 499, -23, 180, 180, 0
L 474, 510, -18, 506, 512, -14, 180, 180, 0
L 474, 505, -21, 474, 510, -18, 180, 180, 0
L 464, 496, -25, 474, 505, -21, 180, 180, 0
L 422, 498, -26, 464, 496, -25, 180, 180, 0
L 422, 583, -26, 422, 498, -26, 180, 180, 0
L 375, 583, -26, 422, 583, -26, 180, 180, 0
L 374, 635, -26, 375, 583, -26, 180, 180, 0
L 299, 635, -26, 374, 635, -26, 180, 180, 0
L 299, 539, -26, 299, 635, -26, 180, 180, 0
L 341, 538, -26, 299, 539, -26, 180, 180, 0
L 341, 477, -26, 341, 538, -26, 180, 180, 0
L 376, 438, -26, 341, 477, -26, 180, 180, 0
L 422, 438, -26, 376, 438, -26, 180, 180, 0
L 422, 470, -26, 422, 438, -26, 180, 180, 0
L 464, 475, -26, 422, 470, -26, 180, 180, 0
L 481, 471, -24, 464, 475, -26, 180, 180, 0
L 482, 454, -13, 481, 471, -24, 180, 180, 0
L 493, 453, -10, 482, 454, -13, 180, 180, 0
L 494, 465, -23, 493, 453, -10, 180, 180, 0
L 520, 462, -20, 494, 465, -23, 180, 180, 0
L 520, 452, -10, 520, 462, -20, 180, 180, 0
L 553, 454, -12, 520, 452, -10, 180, 180, 0
L 556, 465, -21, 553, 454, -12, 180, 180, 0
L 580, 465, -21, 556, 465, -21, 180, 180, 0
L 581, 450, -9, 580, 465, -21, 180, 180, 0
L 608, 447, -9, 581, 450, -9, 180, 180, 0
L 608, 465, -21, 608, 447, -9, 180, 180, 0
L 634, 465, -21, 608, 465, -21, 180, 180, 0
L 635, 454, -11, 634, 465, -21, 180, 180, 0
L 650, 460, -19, 635, 454, -11, 180, 180, 0
L 672, 451, -22, 650, 460, -19, 180, 180, 0
L 672, 433, -21, 672, 451, -22, 180, 180, 0
L 673, 410, -21, 672, 433, -21, 180, 180, 0
L 664, 407, -18, 673, 410, -21, 180, 180, 0
L 674, 400, -22, 664, 407, -18, 180, 180, 0
L 678, 387, -23, 674, 400, -22, 180, 180, 0
L 667, 376, -18, 678, 387, -23, 180, 180, 0
L 664, 366, -18, 667, 376, -18, 180, 180, 0
L 671, 363, -21, 664, 366, -18, 180, 180, 0
L 671, 340, -23, 671, 363, -21, 180, 180, 0
L 666, 338, -19, 671, 340, -23, 180, 180, 0
L 678, 323, -24, 666, 338, -19, 180, 180, 0
L 680, 311, -27, 678, 323, -24, 180, 180, 0
L 680, 254, -27, 680, 311, -27, 180, 180, 0
L 645, 221, -27, 680, 254, -27, 180, 180, 0
L 628, 221, -26, 645, 221, -27, 180, 180, 0
L 628, 227, -26, 628, 221, -26, 180, 180, 0
L 580, 227, -17, 628, 227, -26, 180, 180, 0
L 580, 223, -17, 580, 227, -17, 180, 180, 0
L 545, 221, -16, 580, 223, -17, 180, 180, 0
L 545, 236, -9, 545, 221, -16, 180, 180, 0
L 517, 238, -7, 545, 236, -9, 180, 180, 0
L 517, 221, -16, 517, 238, -7, 180, 180, 0
L 474, 222, -8, 517, 221, -16, 180, 180, 0
L 358, 98, -3, 364, 63, -1, 180, 180, 0
L 367, 105, -9, 358, 98, -3, 180, 180, 0
L 366, 88, -13, 367, 105, -9, 180, 180, 0
L 375, 92, -13, 366, 88, -13, 180, 180, 0
L 385, 68, -10, 375, 92, -13, 180, 180, 0
L 408, 71, -9, 434, 91, -7, 180, 180, 0
L 401, 83, -13, 408, 71, -9, 180, 180, 0
L 414, 99, -13, 401, 83, -13, 180, 180, 0
L 422, 104, -13, 414, 99, -13, 180, 180, 0
L 433, 95, -7, 422, 104, -13, 180, 180, 0
L 436, 258, -11, 461, 238, -13, 180, 180, 0
L 407, 240, -12, 436, 258, -11, 180, 180, 0
L 389, 239, -13, 407, 240, -12, 180, 180, 0
L 387, 222, -12, 389, 239, -13, 180, 180, 0
L 375, 212, -13, 387, 222, -12, 180, 180, 0
L 382, 199, -13, 375, 212, -13, 180, 180, 0
L 392, 192, -10, 382, 199, -13, 180, 180, 0
L 403, 198, -13, 392, 192, -10, 180, 180, 0
L 403, 203, -13, 403, 198, -13, 180, 180, 0
L 413, 205, -10, 403, 203, -13, 180, 180, 0
L 422, 208, -13, 413, 205, -10, 180, 180, 0
L 421, 222, -11, 422, 208, -13, 180, 180, 0
L 426, 227, -13, 421, 222, -11, 180, 180, 0
L 441, 222, -6, 426, 227, -13, 180, 180, 0
L 450, 227, -10, 441, 222, -6, 180, 180, 0
L 444, 241, -11, 450, 227, -10, 180, 180, 0
L 455, 238, -13, 444, 241, -11, 180, 180, 0
L 473, 241, 0, 474, 223, -8, 180, 180, 0
L 442, 262, 1, 473, 241, 1, 180, 180, 0
L 407, 291, 1, 442, 262, 1, 180, 180, 0
L 395, 299, 1, 407, 291, 1, 180, 180, 0
L 380, 285, 0, 395, 299, 1, 180, 180, 0
L 336, 257, -1, 380, 285, 1, 180, 180, 0
L 331, 231, -8, 336, 257, -1, 180, 180, 0
L 255, 198, 0, 331, 231, -8, 180, 180, 0
L 241, 177, -0, 255, 198, 1, 180, 180, 0
L 249, 150, -0, 241, 177, -0, 180, 180, 0
L 276, 123, -0, 249, 150, -0, 180, 180, 0
L 288, 98, -0, 276, 123, -0, 180, 180, 0
L 302, 84, 0, 288, 98, -0, 180, 180, 0
L 354, 92, -4, 302, 84, 1, 180, 180, 0
L 365, 76, 2, 354, 92, -4, 180, 180, 0
L 357, 69, 8, 365, 76, 2, 180, 180, 0
L 361, 63, -0, 357, 69, 8, 180, 180, 0
L 396, 61, 0, 361, 63, -0, 180, 180, 0
L 420, 73, -0, 396, 61, 1, 180, 180, 0
L 448, 103, -2, 420, 73, -0, 180, 180, 0
L 465, 150, -3, 448, 103, -2, 180, 180, 0
L 467, 185, -9, 465, 150, -3, 180, 180, 0
L 474, 200, -8, 467, 185, -9, 180, 180, 0
L 517, 199, -15, 474, 200, -8, 180, 180, 0
L 517, 177, 0, 517, 199, -15, 180, 180, 0
L 545, 180, -1, 517, 177, 1, 180, 180, 0
L 545, 198, -16, 545, 180, -1, 180, 180, 0
L 580, 196, -17, 545, 198, -16, 180, 180, 0
L 580, 192, -17, 580, 196, -17, 180, 180, 0
L 628, 192, -26, 580, 192, -17, 180, 180, 0
L 628, 199, -26, 628, 192, -26, 180, 180, 0
L 636, 197, -27, 628, 199, -26, 180, 180, 0
L 679, 154, -27, 636, 197, -27, 180, 180, 0
L 681, 146, -26, 679, 154, -27, 180, 180, 0
L 676, 146, -26, 681, 146, -26, 180, 180, 0
L 676, 98, -17, 676, 146, -26, 180, 180, 0
L 680, 98, -17, 676, 98, -17, 180, 180, 0
L 682, 66, -16, 680, 98, -17, 180, 180, 0
L 660, 66, 0, 682, 66, -16, 180, 180, 0
L 663, 24, -2, 660, 66, 1, 180, 180, 0
L 680, 24, -16, 663, 24, -2, 180, 180, 0
L 678, -17, -17, 680, 24, -16, 180, 180, 0
L 652, -17, -17, 678, -17, -17, 180, 180, 0
L 634, -37, -17, 652, -17, -17, 180, 180, 0
L 634, -58, -17, 634, -37, -17, 180, 180, 0
L 604, -100, -17, 634, -58, -17, 180, 180, 0
L 604, -113, -17, 604, -100, -17, 180, 180, 0
L 562, -115, -16, 604, -113, -17, 180, 180, 0
L 548, -117, -14, 562, -115, -16, 180, 180, 0
L 539, -103, -4, 548, -117, -14, 180, 180, 0
L 521, -105, -3, 539, -103, -4, 180, 180, 0
L 513, -100, -5, 521, -105, -3, 180, 180, 0
L 494, -93, -7, 513, -100, -5, 180, 180, 0
L 451, -64, -7, 494, -93, -7, 180, 180, 0
L 446, -69, -12, 451, -64, -7, 180, 180, 0
L 436, -68, -12, 446, -69, -12, 180, 180, 0
L 430, -63, -12, 436, -68, -12, 180, 180, 0
L 405, -61, -12, 430, -63, -12, 180, 180, 0
L 398, -67, -12, 405, -61, -12, 180, 180, 0
L 391, -63, -9, 398, -67, -12, 180, 180, 0
L 373, -70, -7, 391, -63, -9, 180, 180, 0
L 356, -80, -9, 373, -70, -7, 180, 180, 0
L 353, -88, -13, 356, -80, -9, 180, 180, 0
L 328, -87, -0, 353, -88, -13, 180, 180, 0
L 328, -85, 2, 328, -87, -0, 180, 180, 0
L 318, -87, -0, 328, -85, 2, 180, 180, 0
L 307, -108, -16, 318, -87, -0, 180, 180, 0
L 275, -106, -17, 307, -108, -16, 180, 180, 0
L 275, -102, -17, 275, -106, -17, 180, 180, 0
L 228, -102, -26, 275, -102, -17, 180, 180, 0
L 228, -108, -26, 228, -102, -26, 180, 180, 0
L 219, -105, -27, 228, -108, -26, 180, 180, 0
L 176, -62, -27, 219, -105, -27, 180, 180, 0
L 175, -54, -26, 176, -62, -27, 180, 180, 0
L 182, -54, -26, 175, -54, -26, 180, 180, 0
L 182, -6, -17, 182, -54, -26, 180, 180, 0
L 177, -6, -17, 182, -6, -17, 180, 180, 0
L 171, 24, -17, 177, -6, -17, 180, 180, 0
L 156, 23, -17, 171, 24, -17, 180, 180, 0
L 150, -6, -17, 156, 23, -17, 180, 180, 0
L 147, -6, -17, 150, -6, -17, 180, 180, 0
L 147, -54, -26, 147, -6, -17, 180, 180, 0
L 154, -54, -26, 147, -54, -26, 180, 180, 0
L 154, -63, -27, 154, -54, -26, 180, 180, 0
L 153, -63, -27, 154, -63, -27, 180, 180, 0
L 152, -71, -27, 153, -63, -27, 180, 180, 0
L 118, -108, -27, 152, -71, -27, 180, 180, 0
L 62, -107, -23, 118, -108, -27, 180, 180, 0
L 51, -106, -24, 62, -107, -23, 180, 180, 0
L 44, -98, -23, 51, -106, -24, 180, 180, 0
L 12, -92, -19, 44, -98, -23, 180, 180, 0
L 12, -108, -26, 12, -92, -19, 180, 180, 0
L -30, -108, -18, 12, -108, -26, 180, 180, 0
L -36, -80, -9, -30, -108, -18, 180, 180, 0
L -36, -60, -9, -36, -80, -9, 180, 180, 0
L -41, -41, -10, -36, -60, -9, 180, 180, 0
L -54, -10, -10, -41, -41, -10, 180, 180, 0
L -67, 3, -7, -54, -10, -10, 180, 180, 0
L -108, 3, -9, -67, 3, -7, 180, 180, 0
L -89, -4, -19, -108, 3, -9, 180, 180, 0
L -90, -12, -23, -89, -4, -19, 180, 180, 0
L -99, -20, -23, -90, -12, -23, 180, 180, 0
L -105, -18, -23, -99, -20, -23, 180, 180, 0
L -110, -24, -23, -105, -18, -23, 180, 180, 0
L -118, -22, -23, -110, -24, -23, 180, 180, 0
L -122, -13, -23, -118, -22, -23, 180, 180, 0
L -116, -11, -15, -122, -13, -23, 180, 180, 0
L -107, 2, -10, -116, -11, -15, 180, 180, 0
L -138, 2, -10, -107, 2, -10, 180, 180, 0
L -157, -0, -8, -138, 2, -10, 180, 180, 0
L -178, -4, -10, -157, -0, -8, 180, 180, 0
L -192, -10, -9, -178, -4, -10, 180, 180, 0
L -207, -38, -10, -192, -10, -9, 180, 180, 0
L -207, -65, -11, -207, -38, -10, 180, 180, 0
L -213, -85, -20, -207, -65, -11, 180, 180, 0
L -198, -108, -18, -213, -85, -20, 180, 180, 0
L -151, -125, -14, -198, -108, -18, 180, 180, 0
L -147, -118, -15, -151, -125, -14, 180, 180, 0
L -137, -121, -15, -147, -118, -15, 180, 180, 0
L -134, -132, -15, -137, -121, -15, 180, 180, 0
L -143, -140, -16, -134, -132, -15, 180, 180, 0
L -152, -136, -16, -143, -140, -16, 180, 180, 0
L -151, -158, -16, -152, -136, -16, 180, 180, 0
L -138, -143, -23, -151, -158, -16, 180, 180, 0
L -119, -148, -23, -138, -143, -23, 180, 180, 0
L -127, -162, -23, -119, -148, -23, 180, 180, 0
L -99, -163, -23, -127, -162, -23, 180, 180, 0
L -78, -158, -21, -99, -163, -23, 180, 180, 0
L -55, -159, -19, -78, -158, -21, 180, 180, 0
L -44, -143, -23, -55, -159, -19, 180, 180, 0
L -30, -129, -18, -44, -143, -23, 180, 180, 0
L 12, -129, -26, -30, -129, -18, 180, 180, 0
L 12, -148, -12, 12, -129, -26, 180, 180, 0
L 62, -146, -16, 12, -148, -12, 180, 180, 0
L 62, -131, -26, 62, -146, -16, 180, 180, 0
L 126, -129, -27, 62, -131, -26, 180, 180, 0
L 153, -156, -27, 126, -129, -27, 180, 180, 0
L 153, -219, -27, 153, -156, -27, 180, 180, 0
L 130, -219, -10, 153, -219, -27, 180, 180, 0
L 130, -246, -10, 130, -219, -10, 180, 180, 0
L 145, -247, -24, 130, -246, -10, 180, 180, 0
L 143, -273, -23, 145, -247, -24, 180, 180, 0
L 138, -285, -16, 143, -273, -23, 180, 180, 0
L 138, -294, -16, 138, -285, -16, 180, 180, 0
L 145, -301, -22, 138, -294, -16, 180, 180, 0
L 138, -315, -21, 145, -301, -22, 180, 180, 0
L 129, -323, -19, 138, -315, -21, 180, 180, 0
L 121, -333, -20, 129, -323, -19, 180, 180, 0
L 110, -333, -20, 121, -333, -20, 180, 180, 0
L 105, -325, -16, 110, -333, -20, 180, 180, 0
L 80, -325, -19, 105, -325, -16, 180, 180, 0
L 79, -329, -21, 80, -325, -19, 180, 180, 0
L 53, -328, -21, 79, -329, -21, 180, 180, 0
L 53, -324, -17, 53, -328, -21, 180, 180, 0
L 38, -324, -17, 53, -324, -17, 180, 180, 0
L 38, -331, -22, 38, -324, -17, 180, 180, 0
L 10, -327, -22, 38, -331, -22, 180, 180, 0
L 11, -316, -7, 10, -327, -22, 180, 180, 0
L -36, -313, -3, 11, -316, -7, 180, 180, 0
L -36, -317, -10, -36, -313, -3, 180, 180, 0
L -30, -332, -23, -36, -317, -10, 180, 180, 0
L -36, -336, -26, -30, -332, -23, 180, 180, 0
L -81, -335, -26, -36, -336, -26, 180, 180, 0
L -123, -292, -26, -81, -335, -26, 180, 180, 0
L -129, -276, -26, -123, -292, -26, 180, 180, 0
L -144, -276, -26, -129, -276, -26, 180, 180, 0
L -144, -276, -26, -144, -276, -26, 180, 180, 0
L -150, -290, -26, -144, -276, -26, 180, 180, 0
L -195, -290, -26, -150, -290, -26, 180, 180, 0
L -195, -335, -26, -195, -290, -26, 180, 180, 0
L -237, -337, -26, -195, -335, -26, 180, 180, 0
L -245, -334, -23, -237, -337, -26, 180, 180, 0
L -247, -327, -23, -245, -334, -23, 180, 180, 0
L -253, -339, -24, -247, -327, -23, 180, 180, 0
L -267, -338, -24, -253, -339, -24, 180, 180, 0
L -265, -323, -18, -267, -338, -24, 180, 180, 0
L -273, -320, -17, -265, -323, -18, 180, 180, 0
L -273, -339, -26, -273, -320, -17, 180, 180, 0
L -305, -335, -26, -273, -339, -26, 180, 180, 0
L -305, -331, -26, -305, -335, -26, 180, 180, 0
L -353, -331, -36, -305, -331, -26, 180, 180, 0
L -361, -334, -37, -353, -331, -36, 180, 180, 0
L -404, -291, -37, -361, -334, -37, 180, 180, 0
L -406, -283, -36, -404, -291, -37, 180, 180, 0
L -399, -283, -36, -406, -283, -36, 180, 180, 0
L -399, -235, -26, -399, -283, -36, 180, 180, 0
L -403, -235, -26, -399, -235, -26, 180, 180, 0
L -407, -200, -26, -403, -235, -26, 180, 180, 0
L -390, -200, -17, -407, -200, -26, 180, 180, 0
L -389, -172, -17, -390, -200, -17, 180, 180, 0
L -404, -172, -24, -389, -172, -17, 180, 180, 0
L -407, -129, -17, -404, -172, -24, 180, 180, 0
L -362, -70, -23, -364, -77, -19, 180, 180, 0
L -374, -69, -20, -362, -70, -23, 180, 180, 0
L -377, -73, -23, -374, -69, -20, 180, 180, 0
L -384, -67, -23, -377, -73, -23, 180, 180, 0
L -393, -70, -23, -384, -67, -23, 180, 180, 0
L -399, -84, -23, -393, -70, -23, 180, 180, 0
L -393, -92, -23, -399, -84, -23, 180, 180, 0
L -404, -99, -23, -393, -92, -23, 180, 180, 0
L -401, -111, -23, -404, -99, -23, 180, 180, 0
L -407, -122, -21, -401, -111, -23, 180, 180, 0
L -387, -117, -21, -407, -122, -21, 180, 180, 0
L -379, -105, -23, -387, -117, -21, 180, 180, 0
L -382, -93, -23, -379, -105, -23, 180, 180, 0
L -370, -83, -23, -382, -93, -23, 180, 180, 0
L -363, -80, -23, -370, -83, -23, 180, 180, 0
L -368, -68, -20, -363, -80, -23, 180, 180, 0
L -377, -73, -23, -368, -68, -20, 180, 180, 0
L -329, 39, -13, -359, 40, -13, 180, 180, 0
L -326, 26, -23, -329, 39, -13, 180, 180, 0
L -335, 19, -23, -326, 26, -23, 180, 180, 0
L -337, -3, -23, -335, 19, -23, 180, 180, 0
L -354, -3, -23, -337, -3, -23, 180, 180, 0
L -362, 9, -19, -354, -3, -23, 180, 180, 0
L -353, 23, -17, -362, 9, -19, 180, 180, 0
L -362, 34, -22, -353, 23, -17, 180, 180, 0
L -430, -57, -23, -438, -52, -23, 180, 180, 0
L -426, -50, -23, -430, -57, -23, 180, 180, 0
L -420, -51, -23, -426, -50, -23, 180, 180, 0
L -415, -35, -20, -420, -51, -23, 180, 180, 0
L -401, -24, -23, -415, -35, -20, 180, 180, 0
L -391, -15, -23, -401, -24, -23, 180, 180, 0
L -392, -5, -23, -391, -15, -23, 180, 180, 0
L -407, -6, -14, -392, -5, -23, 180, 180, 0
L -420, 7, -9, -407, -6, -14, 180, 180, 0
L -425, -12, -19, -420, 7, -9, 180, 180, 0
L -422, -16, -23, -425, -12, -19, 180, 180, 0
L -425, -30, -23, -422, -16, -23, 180, 180, 0
L -439, -51, -23, -425, -30, -23, 180, 180, 0
L -377, -125, -5, -407, -129, -17, 180, 180, 0
L -360, -124, -8, -377, -125, -5, 180, 180, 0
L -336, -119, -8, -360, -124, -8, 180, 180, 0
L -307, -106, -8, -336, -119, -8, 180, 180, 0
L -297, -94, -9, -307, -106, -8, 180, 180, 0
L -294, -60, -4, -297, -94, -9, 180, 180, 0
L -315, -52, -23, -294, -60, -4, 180, 180, 0
L -317, -37, -23, -315, -52, -23, 180, 180, 0
L -298, -33, -10, -317, -37, -23, 180, 180, 0
L -299, 2, -3, -298, -33, -10, 180, 180, 0
L -302, 25, -9, -299, 2, -3, 180, 180, 0
L -314, 37, -8, -302, 25, -9, 180, 180, 0
L -337, 47, -9, -314, 37, -8, 180, 180, 0
L -362, 48, -9, -337, 47, -9, 180, 180, 0
L -388, 60, -3, -362, 48, -9, 180, 180, 0
L -407, 41, -10, -388, 60, -3, 180, 180, 0
L -413, 8, -18, -407, 41, -10, 180, 180, 0
L -417, -15, -14, -413, 8, -18, 180, 180, 0
L -426, -4, -8, -417, -15, -14, 180, 180, 0
L -447, -0, -9, -426, -4, -8, 180, 180, 0
L -469, -10, -9, -449, -1, -9, 180, 180, 0
L -484, -28, -9, -469, -10, -9, 180, 180, 0
L -478, -87, -8, -484, -28, -9, 180, 180, 0
L -461, -107, -9, -478, -87, -8, 180, 180, 0
L -446, -129, -8, -461, -107, -9, 180, 180, 0
L -430, -129, -16, -446, -129, -8, 180, 180, 0
L -429, -172, -25, -430, -129, -16, 180, 180, 0
L -445, -172, -15, -429, -172, -25, 180, 180, 0
L -443, -200, -19, -445, -172, -15, 180, 180, 0
L -430, -200, -25, -443, -200, -19, 180, 180, 0
L -430, -235, -26, -430, -200, -25, 180, 180, 0
L -434, -235, -26, -430, -235, -26, 180, 180, 0
L -434, -283, -36, -434, -235, -26, 180, 180, 0
L -426, -283, -36, -434, -283, -36, 180, 180, 0
L -426, -291, -37, -426, -283, -36, 180, 180, 0
L -428, -291, -37, -426, -291, -37, 180, 180, 0
L -428, -300, -37, -428, -291, -37, 180, 180, 0
L -463, -337, -37, -428, -300, -37, 180, 180, 0
L -518, -337, -37, -463, -337, -37, 180, 180, 0
L -518, -317, -21, -518, -337, -37, 180, 180, 0
L -560, -316, -20, -518, -317, -21, 180, 180, 0
L -560, -335, -37, -560, -316, -20, 180, 180, 0
L -602, -332, -37, -560, -335, -37, 180, 180, 0
L -602, -327, -37, -602, -332, -37, 180, 180, 0
L -695, -327, -26, -602, -327, -37, 180, 180, 0
L -695, -332, -26, -695, -327, -26, 180, 180, 0
L -729, -336, -23, -695, -332, -26, 180, 180, 0
L -732, -338, -23, -729, -336, -23, 180, 180, 0
L -745, -353, -15, -732, -338, -23, 180, 180, 0
L -729, -367, -22, -745, -353, -15, 180, 180, 0
L -729, -358, -26, -729, -367, -22, 180, 180, 0
L -695, -359, -26, -729, -358, -26, 180, 180, 0
L -695, -362, -26, -695, -359, -26, 180, 180, 0
L -602, -362, -37, -695, -362, -26, 180, 180, 0
L -602, -360, -37, -602, -362, -37, 180, 180, 0
L -560, -358, -37, -602, -360, -37, 180, 180, 0
L -560, -373, -28, -560, -358, -37, 180, 180, 0
L -518, -375, -26, -560, -373, -28, 180, 180, 0
L -518, -361, -36, -518, -375, -26, 180, 180, 0
L -452, -358, -37, -518, -361, -36, 180, 180, 0
L -428, -383, -37, -452, -358, -37, 180, 180, 0
L -428, -448, -36, -428, -383, -37, 180, 180, 0
L -448, -448, -20, -428, -448, -36, 180, 180, 0
L -442, -504, -21, -448, -448, -20, 180, 180, 0
L -429, -504, -27, -442, -504, -21, 180, 180, 0
L -431, -539, -27, -429, -504, -27, 180, 180, 0
L -434, -539, -27, -431, -539, -27, 180, 180, 0
L -434, -587, -37, -434, -539, -27, 180, 180, 0
L -430, -587, -37, -434, -587, -37, 180, 180, 0
L -429, -604, -38, -430, -587, -37, 180, 180, 0
L -462, -640, -38, -429, -604, -38, 180, 180, 0
L -519, -641, -38, -462, -640, -38, 180, 180, 0
L -519, -625, -30, -519, -641, -38, 180, 180, 0
L -533, -630, -28, -519, -625, -30, 180, 180, 0
L -537, -623, -23, -533, -630, -28, 180, 180, 0
L -547, -620, -22, -537, -623, -23, 180, 180, 0
L -548, -633, -34, -547, -620, -22, 180, 180, 0
L -574, -633, -34, -548, -633, -34, 180, 180, 0
L -574, -625, -27, -574, -633, -34, 180, 180, 0
L -608, -628, -36, -574, -625, -27, 180, 180, 0
L -610, -639, -39, -608, -628, -36, 180, 180, 0
L -636, -636, -40, -610, -639, -39, 180, 180, 0
L -636, -627, -35, -636, -636, -40, 180, 180, 0
L -728, -627, -74, -636, -627, -35, 180, 180, 0
L -730, -638, -80, -728, -627, -74, 180, 180, 0
L -756, -637, -82, -730, -638, -80, 180, 180, 0
L -756, -626, -76, -756, -637, -82, 180, 180, 0
L -824, -627, -90, -756, -626, -76, 180, 180, 0
L -825, -637, -95, -824, -627, -90, 180, 180, 0
L -851, -636, -96, -825, -637, -95, 180, 180, 0
L -851, -620, -81, -851, -636, -96, 180, 180, 0
L -870, -619, -82, -851, -620, -81, 180, 180, 0
L -880, -631, -96, -870, -619, -82, 180, 180, 0
L -893, -638, -99, -880, -631, -96, 180, 180, 0
L -936, -572, -99, -936, -636, -99, 180, 180, 0
L -959, -549, -99, -936, -572, -99, 180, 180, 0
L -981, -549, -99, -959, -549, -99, 180, 180, 0
L -985, -536, -89, -981, -549, -99, 180, 180, 0
L -1004, -536, -89, -985, -536, -89, 180, 180, 0
L -1008, -549, -99, -1004, -536, -89, 180, 180, 0
L -1035, -549, -99, -1008, -549, -99, 180, 180, 0
L -1052, -569, -99, -1035, -549, -99, 180, 180, 0
L -1053, -591, -99, -1052, -569, -99, 180, 180, 0
L -1082, -632, -99, -1053, -591, -99, 180, 180, 0
L -1082, -645, -99, -1082, -632, -99, 180, 180, 0
L -1097, -649, -89, -1082, -645, -99, 180, 180, 0
L -1097, -649, -89, -1097, -649, -89, 180, 180, 0
L -1097, -669, -89, -1097, -649, -89, 180, 180, 0
L -1082, -672, -99, -1097, -669, -89, 180, 180, 0
L -1082, -679, -99, -1082, -672, -99, 180, 180, 0
L -1053, -702, -99, -1082, -679, -99, 180, 180, 0
L -1044, -702, -99, -1053, -702, -99, 180, 180, 0
L -1043, -645, -99, -1044, -702, -99, 180, 180, 0
L -976, -644, -99, -1043, -645, -99, 180, 180, 0
L -974, -702, -99, -976, -644, -99, 180, 180, 0
L -965, -702, -99, -974, -702, -99, 180, 180, 0
L -936, -679, -99, -965, -702, -99, 180, 180, 0
L -936, -663, -99, -936, -679, -99, 180, 180, 0
L -894, -658, -99, -936, -663, -99, 180, 180, 0
L -885, -681, -82, -894, -658, -99, 180, 180, 0
L -798, -681, -87, -885, -681, -82, 180, 180, 0
L -797, -670, -92, -798, -681, -87, 180, 180, 0
L -772, -669, -86, -797, -670, -92, 180, 180, 0
L -771, -679, -79, -772, -669, -86, 180, 180, 0
L -749, -681, -70, -771, -679, -79, 180, 180, 0
L -738, -675, -74, -749, -681, -70, 180, 180, 0
L -732, -682, -67, -738, -675, -74, 180, 180, 0
L -708, -695, -56, -732, -682, -67, 180, 180, 0
L -689, -686, -48, -708, -695, -56, 180, 180, 0
L -684, -680, -48, -689, -686, -48, 180, 180, 0
L -683, -671, -57, -684, -680, -48, 180, 180, 0
L -657, -670, -49, -683, -671, -57, 180, 180, 0
L -657, -680, -40, -657, -670, -49, 180, 180, 0
L -642, -668, -42, -657, -680, -40, 180, 180, 0
L -618, -671, -37, -642, -668, -42, 180, 180, 0
L -618, -684, -30, -618, -671, -37, 180, 180, 0
L -599, -683, -27, -618, -684, -30, 180, 180, 0
L -599, -670, -35, -599, -683, -27, 180, 180, 0
L -572, -671, -28, -599, -670, -35, 180, 180, 0
L -558, -673, -32, -572, -671, -28, 180, 180, 0
L -542, -680, -22, -558, -673, -32, 180, 180, 0
L -539, -682, -21, -542, -680, -22, 180, 180, 0
L -529, -669, -34, -539, -682, -21, 180, 180, 0
L -519, -663, -37, -529, -669, -34, 180, 180, 0
L -453, -662, -38, -519, -663, -37, 180, 180, 0
L -429, -686, -38, -453, -662, -38, 180, 180, 0
L -429, -752, -37, -429, -686, -38, 180, 180, 0
L -451, -752, -20, -429, -752, -37, 180, 180, 0
L -448, -794, -23, -451, -752, -20, 180, 180, 0
L -432, -794, -37, -448, -794, -23, 180, 180, 0
L -433, -828, -38, -432, -794, -37, 180, 180, 0
L -437, -828, -38, -433, -828, -38, 180, 180, 0
L -437, -921, -48, -437, -828, -38, 180, 180, 0
L -432, -921, -48, -437, -921, -48, 180, 180, 0
L -430, -985, -48, -432, -921, -48, 180, 180, 0
L -454, -985, -26, -430, -985, -48, 180, 180, 0
L -454, -1004, -25, -454, -985, -26, 180, 180, 0
L -437, -1004, -45, -454, -1004, -25, 180, 180, 0
L -439, -1020, -45, -437, -1004, -45, 180, 180, 0
L -439, -1045, -45, -439, -1020, -45, 180, 180, 0
L -436, -1050, -45, -439, -1045, -45, 180, 180, 0
L -427, -1066, -45, -436, -1050, -45, 180, 180, 0
L -431, -1087, -45, -427, -1066, -45, 180, 180, 0
L -441, -1088, -42, -431, -1087, -45, 180, 180, 0
L -440, -1136, -36, -441, -1088, -42, 180, 180, 0
L -455, -1146, -42, -440, -1136, -36, 180, 180, 0
L -471, -1160, -41, -455, -1146, -42, 180, 180, 0
L -479, -1152, -42, -471, -1160, -41, 180, 180, 0
L -505, -1150, -43, -479, -1152, -42, 180, 180, 0
L -506, -1128, -30, -505, -1150, -43, 180, 180, 0
L -531, -1134, -29, -506, -1128, -30, 180, 180, 0
L -531, -1150, -42, -531, -1134, -29, 180, 180, 0
L -554, -1151, -43, -531, -1150, -42, 180, 180, 0
L -557, -1135, -29, -554, -1151, -43, 180, 180, 0
L -566, -1140, -35, -557, -1135, -29, 180, 180, 0
L -568, -1154, -44, -566, -1140, -35, 180, 180, 0
L -585, -1147, -41, -568, -1154, -44, 180, 180, 0
L -586, -1137, -31, -585, -1147, -41, 180, 180, 0
L -591, -1137, -31, -586, -1137, -31, 180, 180, 0
L -591, -1151, -44, -591, -1137, -31, 180, 180, 0
L -619, -1147, -44, -591, -1151, -44, 180, 180, 0
L -618, -1141, -38, -619, -1147, -44, 180, 180, 0
L -647, -1142, -40, -618, -1141, -38, 180, 180, 0
L -647, -1158, -48, -647, -1142, -40, 180, 180, 0
L -745, -1230, -117, -746, -1116, -81, 0, 240, 0
L -746, -1241, -116, -745, -1230, -117, 0, 240, 0
L -754, -1240, -116, -746, -1241, -116, 0, 240, 0
L -777, -1247, -116, -754, -1240, -116, 0, 240, 0
L -781, -1255, -116, -777, -1247, -116, 0, 240, 0
L -788, -1244, -116, -781, -1255, -116, 0, 240, 0
L -898, -1093, -120, -788, -1244, -116, 0, 240, 0
L -903, -1087, -120, -898, -1093, -120, 0, 240, 0
L -897, -1079, -120, -903, -1087, -120, 0, 240, 0
L -887, -1049, -120, -897, -1079, -120, 0, 240, 0
L -897, -1019, -120, -887, -1049, -120, 0, 240, 0
L -930, -1007, -120, -897, -1019, -120, 0, 240, 0
L -961, -1015, -120, -930, -1007, -120, 0, 240, 0
L -974, -1049, -120, -961, -1015, -120, 0, 240, 0
L -963, -1077, -120, -974, -1049, -120, 0, 240, 0
L -957, -1086, -120, -963, -1077, -120, 0, 240, 0
L -964, -1092, -123, -957, -1086, -120, 0, 240, 0
L -911, -1312, -98, -964, -1092, -123, 0, 240, 0
L -909, -1368, -92, -911, -1312, -98, 0, 240, 0
L -894, -1365, -101, -909, -1368, -92, 0, 240, 0
L -894, -1319, -98, -894, -1365, -101, 0, 240, 0
L -934, -1097, -115, -894, -1319, -98, 0, 240, 0
L -804, -1274, -117, -934, -1097, -115, 0, 240, 0
L -792, -1275, -116, -804, -1274, -117, 0, 240, 0
L -793, -1284, -116, -792, -1275, -116, 0, 240, 0
L -780, -1316, -116, -793, -1284, -116, 0, 240, 0
L -750, -1325, -116, -780, -1316, -116, 0, 240, 0
L -718, -1315, -116, -750, -1325, -116, 0, 240, 0
L -706, -1282, -116, -718, -1315, -116, 0, 240, 0
L -716, -1254, -116, -706, -1282, -116, 0, 240, 0
L -721, -1247, -116, -716, -1254, -116, 0, 240, 0
L -716, -1240, -117, -721, -1247, -116, 0, 240, 0
L -716, -1104, -78, -716, -1240, -117, 0, 240, 0
L -697, -1161, -44, -647, -1158, -48, 180, 180, 0
L -880, -1229, -26, -697, -1161, -44, 180, 180, 0
L -889, -1224, -29, -880, -1229, -26, 180, 180, 0
L -783, -1091, -77, -889, -1224, -29, 180, 180, 0
L -776, -1095, -77, -783, -1091, -77, 180, 180, 0
L -749, -1103, -77, -776, -1095, -77, 180, 180, 0
L -746, -1103, -77, -749, -1103, -77, 180, 180, 0
L -744, -1115, -81, -746, -1103, -77, 180, 180, 0
L -716, -1088, -77, -716, -1104, -79, 180, 180, 0
L -706, -1060, -77, -716, -1088, -77, 180, 180, 0
L -716, -1030, -77, -706, -1060, -77, 180, 180, 0
L -750, -1017, -77, -716, -1030, -77, 180, 180, 0
L -780, -1025, -77, -750, -1017, -77, 180, 180, 0
L -792, -1057, -77, -780, -1025, -77, 180, 180, 0
L -791, -1067, -77, -792, -1057, -77, 180, 180, 0
L -801, -1068, -75, -791, -1067, -77, 180, 180, 0
L -915, -1213, -28, -801, -1068, -75, 180, 180, 0
L -925, -1218, -31, -915, -1213, -28, 180, 180, 0
L -948, -1224, -31, -925, -1218, -31, 180, 180, 0
L -962, -1259, -31, -948, -1224, -31, 180, 180, 0
L -948, -1293, -31, -962, -1259, -31, 180, 180, 0
L -918, -1304, -31, -948, -1293, -31, 180, 180, 0
L -886, -1291, -31, -918, -1304, -31, 180, 180, 0
L -877, -1266, -31, -886, -1291, -31, 180, 180, 0
L -877, -1256, -31, -877, -1266, -31, 180, 180, 0
L -867, -1249, -30, -877, -1256, -31, 180, 180, 0
L -699, -1177, -43, -867, -1249, -30, 180, 180, 0
L -647, -1178, -48, -699, -1177, -43, 180, 180, 0
L -638, -1182, -40, -647, -1178, -48, 180, 180, 0
L -644, -1191, -42, -638, -1182, -40, 180, 180, 0
L -647, -1203, -26, -644, -1191, -42, 180, 180, 0
L -605, -1203, -25, -647, -1203, -26, 180, 180, 0
L -605, -1185, -45, -605, -1203, -25, 180, 180, 0
L -579, -1185, -43, -605, -1185, -45, 180, 180, 0
L -578, -1192, -38, -579, -1185, -43, 180, 180, 0
L -562, -1191, -40, -578, -1192, -38, 180, 180, 0
L -555, -1184, -44, -562, -1191, -40, 180, 180, 0
L -547, -1183, -44, -555, -1184, -44, 180, 180, 0
L -537, -1192, -39, -547, -1183, -44, 180, 180, 0
L -534, -1192, -38, -537, -1192, -39, 180, 180, 0
L -534, -1184, -44, -534, -1192, -38, 180, 180, 0
L -506, -1186, -43, -534, -1184, -44, 180, 180, 0
L -506, -1191, -41, -506, -1186, -43, 180, 180, 0
L -487, -1193, -38, -506, -1191, -41, 180, 180, 0
L -484, -1186, -43, -487, -1193, -38, 180, 180, 0
L -462, -1188, -43, -484, -1186, -43, 180, 180, 0
L -449, -1178, -44, -462, -1188, -43, 180, 180, 0
L -422, -1180, -31, -449, -1178, -44, 180, 180, 0
L -413, -1154, -44, -422, -1180, -31, 180, 180, 0
L -415, -1133, -46, -413, -1154, -44, 180, 180, 0
L -396, -1128, -39, -415, -1133, -46, 180, 180, 0
L -396, -1096, -40, -396, -1128, -39, 180, 180, 0
L -401, -1095, -44, -396, -1096, -40, 180, 180, 0
L -400, -1038, -45, -401, -1095, -44, 180, 180, 0
L -387, -1038, -31, -400, -1038, -45, 180, 180, 0
L -389, -1020, -33, -387, -1038, -31, 180, 180, 0
L -398, -1020, -45, -389, -1020, -33, 180, 180, 0
L -401, -1006, -39, -398, -1020, -45, 180, 180, 0
L -386, -1004, -30, -401, -1006, -39, 180, 180, 0
L -390, -985, -33, -386, -1004, -30, 180, 180, 0
L -408, -985, -48, -390, -985, -33, 180, 180, 0
L -405, -921, -48, -408, -985, -48, 180, 180, 0
L -402, -921, -48, -405, -921, -48, 180, 180, 0
L -402, -828, -38, -402, -921, -48, 180, 180, 0
L -406, -828, -38, -402, -828, -38, 180, 180, 0
L -405, -794, -36, -406, -828, -38, 180, 180, 0
L -385, -793, -19, -405, -794, -36, 180, 180, 0
L -391, -752, -27, -385, -793, -19, 180, 180, 0
L -407, -752, -37, -391, -752, -27, 180, 180, 0
L -404, -710, -38, -407, -752, -37, 180, 180, 0
L -360, -710, -35, -404, -710, -38, 180, 180, 0
L -360, -665, -38, -360, -710, -35, 180, 180, 0
L -353, -663, -37, -360, -665, -38, 180, 180, 0
L -353, -670, -36, -353, -663, -37, 180, 180, 0
L -306, -670, -27, -353, -670, -36, 180, 180, 0
L -306, -666, -27, -306, -670, -27, 180, 180, 0
L -274, -662, -27, -306, -666, -27, 180, 180, 0
L -274, -681, -12, -274, -662, -27, 180, 180, 0
L -228, -679, -16, -274, -681, -12, 180, 180, 0
L -226, -669, -23, -228, -679, -16, 180, 180, 0
L -201, -670, -22, -226, -669, -23, 180, 180, 0
L -200, -675, -17, -201, -670, -22, 180, 180, 0
L -173, -674, -22, -200, -675, -17, 180, 180, 0
L -170, -681, -16, -173, -674, -22, 180, 180, 0
L -155, -683, -26, -170, -681, -16, 180, 180, 0
L -156, -706, -21, -155, -683, -26, 180, 180, 0
L -170, -708, -9, -156, -706, -21, 180, 180, 0
L -171, -729, -13, -170, -708, -9, 180, 180, 0
L -157, -729, -21, -171, -729, -13, 180, 180, 0
L -158, -811, -23, -157, -729, -21, 180, 180, 0
L -171, -812, -8, -158, -811, -23, 180, 180, 0
L -170, -851, -9, -171, -812, -8, 180, 180, 0
L -147, -851, -26, -170, -851, -9, 180, 180, 0
L -161, -891, -23, -150, -891, -23, 180, 180, 0
L -167, -896, -23, -161, -891, -23, 180, 180, 0
L -167, -928, -23, -167, -896, -23, 180, 180, 0
L -161, -934, -23, -167, -928, -23, 180, 180, 0
L -155, -934, -23, -161, -934, -23, 180, 180, 0
L -155, -953, -18, -155, -934, -23, 180, 180, 0
L -204, -952, -18, -155, -953, -18, 180, 180, 0
L -204, -934, -23, -204, -952, -18, 180, 180, 0
L -177, -934, -23, -204, -934, -23, 180, 180, 0
L -171, -928, -23, -177, -934, -23, 180, 180, 0
L -171, -873, -23, -171, -928, -23, 180, 180, 0
L -188, -872, -23, -171, -873, -23, 180, 180, 0
L -189, -866, -23, -188, -872, -23, 180, 180, 0
L -247, -866, -23, -189, -866, -23, 180, 180, 0
L -253, -872, -23, -247, -866, -23, 180, 180, 0
L -253, -928, -23, -253, -872, -23, 180, 180, 0
L -247, -934, -23, -253, -928, -23, 180, 180, 0
L -225, -934, -23, -247, -934, -23, 180, 180, 0
L -225, -956, -20, -225, -934, -23, 180, 180, 0
L -250, -962, -11, -225, -956, -20, 180, 180, 0
L -266, -966, -8, -250, -962, -11, 180, 180, 0
L -261, -987, -13, -266, -966, -8, 180, 180, 0
L -255, -1014, -20, -261, -987, -13, 180, 180, 0
L -265, -1078, -9, -255, -1014, -20, 180, 180, 0
L -243, -1092, -18, -265, -1078, -9, 180, 180, 0
L -223, -1086, -21, -243, -1092, -18, 180, 180, 0
L -223, -1111, -23, -223, -1086, -21, 180, 180, 0
L -226, -1111, -23, -223, -1111, -23, 180, 180, 0
L -232, -1117, -23, -226, -1111, -23, 180, 180, 0
L -232, -1156, -23, -232, -1117, -23, 180, 180, 0
L -226, -1162, -23, -232, -1156, -23, 180, 180, 0
L -174, -1162, -23, -226, -1162, -23, 180, 180, 0
L -174, -1143, -23, -174, -1162, -23, 180, 180, 0
L -170, -1143, -23, -174, -1143, -23, 180, 180, 0
L -170, -1162, -23, -170, -1143, -23, 180, 180, 0
L -135, -1162, -23, -170, -1162, -23, 180, 180, 0
L -129, -1156, -23, -135, -1162, -23, 180, 180, 0
L -129, -1117, -23, -129, -1156, -23, 180, 180, 0
L -135, -1111, -23, -129, -1117, -23, 180, 180, 0
L -144, -1111, -23, -135, -1111, -23, 180, 180, 0
L -144, -1086, -21, -144, -1111, -23, 180, 180, 0
L -123, -1097, -12, -144, -1086, -21, 180, 180, 0
L -108, -1085, -10, -123, -1097, -12, 180, 180, 0
L -114, -1071, -21, -108, -1085, -10, 180, 180, 0
L -89, -1071, -22, -114, -1071, -21, 180, 180, 0
L -89, -1074, -23, -89, -1071, -22, 180, 180, 0
L -83, -1079, -23, -89, -1074, -23, 180, 180, 0
L -29, -1079, -23, -83, -1079, -23, 180, 180, 0
L -23, -1074, -23, -29, -1079, -23, 180, 180, 0
L -23, -1020, -23, -23, -1074, -23, 180, 180, 0
L -46, -1020, -23, -23, -1020, -23, 180, 180, 0
L -46, -1016, -23, -46, -1020, -23, 180, 180, 0
L -23, -1016, -23, -46, -1016, -23, 180, 180, 0
L -23, -971, -23, -23, -1016, -23, 180, 180, 0
L -29, -965, -23, -23, -971, -23, 180, 180, 0
L -83, -965, -23, -29, -965, -23, 180, 180, 0
L -89, -972, -23, -83, -965, -23, 180, 180, 0
L -113, -972, -21, -89, -972, -23, 180, 180, 0
L -123, -949, -14, -113, -972, -21, 180, 180, 0
L -134, -955, -20, -123, -949, -14, 180, 180, 0
L -134, -934, -23, -134, -955, -20, 180, 180, 0
L -112, -934, -23, -134, -934, -23, 180, 180, 0
L -106, -928, -23, -112, -934, -23, 180, 180, 0
L -106, -896, -23, -106, -928, -23, 180, 180, 0
L -112, -891, -23, -106, -896, -23, 180, 180, 0
L -123, -891, -23, -112, -891, -23, 180, 180, 0
L -126, -851, -26, -123, -891, -23, 180, 180, 0
L -111, -851, -18, -126, -851, -26, 180, 180, 0
L -108, -833, -11, -111, -851, -18, 180, 180, 0
L -103, -828, -3, -108, -833, -11, 180, 180, 0
L -118, -827, -23, -103, -828, -3, 180, 180, 0
L -119, -802, -23, -118, -827, -23, 180, 180, 0
L -110, -801, -16, -119, -802, -23, 180, 180, 0
L -113, -787, -16, -110, -801, -16, 180, 180, 0
L -119, -786, -22, -113, -787, -16, 180, 180, 0
L -118, -760, -21, -119, -786, -22, 180, 180, 0
L -113, -759, -16, -118, -760, -21, 180, 180, 0
L -115, -733, -20, -113, -759, -16, 180, 180, 0
L -120, -732, -22, -115, -733, -20, 180, 180, 0
L -117, -705, -21, -120, -732, -22, 180, 180, 0
L -113, -706, -16, -117, -705, -21, 180, 180, 0
L -114, -691, -16, -113, -706, -16, 180, 180, 0
L -119, -679, -26, -114, -691, -16, 180, 180, 0
L -111, -669, -20, -119, -679, -26, 180, 180, 0
L -98, -674, -18, -111, -669, -20, 180, 180, 0
L -34, -683, -5, -98, -674, -18, 180, 180, 0
L -36, -631, -24, -45, -645, -25, 180, 180, 0
L -63, -630, -23, -36, -631, -24, 180, 180, 0
L -63, -622, -17, -63, -630, -23, 180, 180, 0
L -98, -626, -19, -63, -622, -17, 180, 180, 0
L -114, -615, -21, -98, -626, -19, 180, 180, 0
L -114, -607, -16, -114, -615, -21, 180, 180, 0
L -125, -607, -19, -114, -607, -16, 180, 180, 0
L -125, -597, -18, -125, -607, -19, 180, 180, 0
L -113, -589, -16, -125, -597, -18, 180, 180, 0
L -115, -566, -19, -113, -589, -16, 180, 180, 0
L -119, -564, -21, -115, -566, -19, 180, 180, 0
L -118, -538, -21, -119, -564, -21, 180, 180, 0
L -114, -539, -16, -118, -538, -21, 180, 180, 0
L -114, -524, -17, -114, -539, -16, 180, 180, 0
L -121, -522, -22, -114, -524, -17, 180, 180, 0
L -119, -500, -22, -121, -522, -22, 180, 180, 0
L -106, -497, -7, -119, -500, -22, 180, 180, 0
L -103, -474, -3, -106, -497, -7, 180, 180, 0
L -112, -474, -7, -103, -474, -3, 180, 180, 0
L -103, -449, -3, -112, -474, -7, 180, 180, 0
L -127, -449, -26, -103, -449, -3, 180, 180, 0
L -123, -407, -26, -127, -449, -26, 180, 180, 0
L -78, -407, -26, -123, -407, -26, 180, 180, 0
L -78, -362, -26, -78, -407, -26, 180, 180, 0
L -36, -361, -11, -78, -362, -26, 180, 180, 0
L -36, -380, -9, -36, -361, -11, 180, 180, 0
L -13, -381, -7, -36, -380, -9, 180, 180, 0
L -11, -367, -23, -13, -381, -7, 180, 180, 0
L 12, -368, -22, -11, -367, -23, 180, 180, 0
L 12, -381, -7, 12, -368, -22, 180, 180, 0
L 44, -380, -9, 12, -381, -7, 180, 180, 0
L 45, -366, -21, 44, -380, -9, 180, 180, 0
L 72, -367, -20, 45, -366, -21, 180, 180, 0
L 72, -382, -12, 72, -367, -20, 180, 180, 0
L 100, -383, -7, 72, -382, -12, 180, 180, 0
L 101, -365, -21, 100, -383, -7, 180, 180, 0
L 127, -366, -12, 101, -365, -21, 180, 180, 0
L 127, -380, -9, 127, -366, -12, 180, 180, 0
L 131, -391, -5, 127, -380, -9, 180, 180, 0
L 130, -431, -4, 131, -391, -5, 180, 180, 0
L 156, -446, -25, 130, -431, -4, 180, 180, 0
L 183, -432, -23, 156, -446, -25, 180, 180, 0
L 185, -408, -22, 183, -432, -23, 180, 180, 0
L 189, -409, -17, 185, -408, -22, 180, 180, 0
L 187, -383, -22, 189, -409, -17, 180, 180, 0
L 195, -382, -13, 187, -383, -22, 180, 180, 0
L 196, -366, -22, 195, -382, -13, 180, 180, 0
L 222, -367, -20, 196, -366, -22, 180, 180, 0
L 222, -382, -4, 222, -367, -20, 180, 180, 0
L 243, -382, -12, 222, -382, -4, 180, 180, 0
L 243, -366, -21, 243, -382, -12, 180, 180, 0
L 270, -367, -20, 243, -366, -21, 180, 180, 0
L 270, -383, -7, 270, -367, -20, 180, 180, 0
L 299, -378, -10, 270, -383, -7, 180, 180, 0
L 299, -368, -20, 299, -378, -10, 180, 180, 0
L 324, -369, -22, 299, -368, -20, 180, 180, 0
L 327, -381, -8, 324, -369, -22, 180, 180, 0
L 338, -382, -3, 327, -381, -8, 180, 180, 0
L 350, -371, -20, 338, -382, -3, 180, 180, 0
L 370, -373, -14, 350, -371, -20, 180, 180, 0
L 369, -379, -5, 370, -373, -14, 180, 180, 0
L 423, -378, 6, 369, -379, -5, 180, 180, 0
L 423, -355, -16, 423, -378, 6, 180, 180, 0
L 465, -357, -16, 423, -355, -16, 180, 180, 0
L 465, -443, -16, 465, -357, -16, 180, 180, 0
L 513, -443, -16, 465, -443, -16, 180, 180, 0
L 513, -494, -16, 513, -443, -16, 180, 180, 0
L 588, -494, -16, 513, -494, -16, 180, 180, 0
L 588, -459, -16, 588, -494, -16, 180, 180, 0
L 627, -452, -16, 588, -459, -16, 180, 180, 0
L 626, -435, -6, 627, -452, -16, 180, 180, 0
L 588, -431, -16, 626, -435, -6, 180, 180, 0
L 588, -399, -16, 588, -431, -16, 180, 180, 0
L 547, -398, -16, 588, -399, -16, 180, 180, 0
L 546, -337, -16, 547, -398, -16, 180, 180, 0
L 511, -297, -16, 546, -337, -16, 180, 180, 0
L 465, -297, -16, 511, -297, -16, 180, 180, 0
L 469, -334, -9, 465, -297, -16, 180, 180, 0
L 423, -334, -16, 469, -334, -9, 180, 180, 0
L 413, -330, -16, 423, -334, -16, 180, 180, 0
L 409, -319, -10, 413, -330, -16, 180, 180, 0
L 393, -321, -14, 409, -319, -10, 180, 180, 0
L 374, -317, -6, 393, -321, -14, 180, 180, 0
L 342, -314, -8, 374, -317, -6, 180, 180, 0
L 343, -329, -23, 342, -314, -8, 180, 180, 0
L 316, -328, -22, 343, -329, -23, 180, 180, 0
L 314, -321, -16, 316, -328, -22, 180, 180, 0
L 301, -323, -15, 314, -321, -16, 180, 180, 0
L 299, -330, -22, 301, -323, -15, 180, 180, 0
L 273, -329, -21, 299, -330, -22, 180, 180, 0
L 273, -324, -17, 273, -329, -21, 180, 180, 0
L 245, -330, -22, 273, -324, -17, 180, 180, 0
L 221, -329, -22, 245, -330, -22, 180, 180, 0
L 220, -324, -16, 221, -329, -22, 180, 180, 0
L 197, -319, -9, 220, -324, -16, 180, 180, 0
L 197, -257, -4, 197, -319, -9, 180, 180, 0
L 178, -220, -25, 197, -257, -4, 180, 180, 0
L 174, -219, -27, 178, -220, -25, 180, 180, 0
L 177, -177, -27, 174, -219, -27, 180, 180, 0
L 221, -177, -24, 177, -177, -27, 180, 180, 0
L 218, -129, -27, 221, -177, -24, 180, 180, 0
L 228, -130, -26, 218, -129, -27, 180, 180, 0
L 228, -137, -26, 228, -130, -26, 180, 180, 0
L 275, -137, -12, 228, -137, -26, 180, 180, 0
L 274, -130, -9, 275, -137, -12, 180, 180, 0
L 307, -131, -10, 274, -130, -9, 180, 180, 0
L 307, -153, 2, 307, -131, -10, 180, 180, 0
L 328, -151, 0, 307, -153, 2, 180, 180, 0
L 393, -114, 1, 328, -151, 1, 180, 180, 0
L 421, -120, 2, 393, -114, 1, 180, 180, 0
L 422, -102, -5, 421, -120, 2, 180, 180, 0
L 448, -104, -10, 422, -102, -5, 180, 180, 0
L 448, -117, 0, 448, -104, -10, 180, 180, 0
L 475, -136, 3, 448, -117, 1, 180, 180, 0
L 502, -146, -6, 475, -136, 3, 180, 180, 0
L 531, -149, -12, 502, -146, -6, 180, 180, 0
L 531, -158, 0, 531, -149, -12, 180, 180, 0
L 562, -157, -1, 531, -158, 1, 180, 180, 0
L 562, -137, -17, 562, -157, -1, 180, 180, 0
L 604, -140, -17, 562, -137, -17, 180, 180, 0
L 604, -147, -17, 604, -140, -17, 180, 180, 0
L 633, -170, -17, 604, -147, -17, 180, 180, 0
L 643, -170, -17, 633, -170, -17, 180, 180, 0
L 643, -114, -17, 643, -170, -17, 180, 180, 0
L 712, -113, -17, 643, -114, -17, 180, 180, 0
L 712, -170, -17, 712, -113, -17, 180, 180, 0
L 722, -170, -17, 712, -170, -17, 180, 180, 0
L 751, -145, -17, 722, -170, -17, 180, 180, 0
L 751, -131, -17, 751, -145, -17, 180, 180, 0
L 793, -128, -17, 751, -131, -17, 180, 180, 0
L 798, -153, 4, 793, -128, -17, 180, 180, 0
L 839, -146, -6, 798, -153, 4, 180, 180, 0
L 841, -137, -13, 839, -146, -6, 180, 180, 0
L 868, -138, -12, 841, -137, -13, 180, 180, 0
L 867, -142, -7, 868, -138, -12, 180, 180, 0
L 889, -142, -7, 867, -142, -7, 180, 180, 0
L 895, -148, -3, 889, -142, -7, 180, 180, 0
L 909, -149, -12, 895, -148, -3, 180, 180, 0
L 910, -175, -10, 909, -149, -12, 180, 180, 0
L 902, -175, -6, 910, -175, -10, 180, 180, 0
L 898, -196, -5, 902, -175, -6, 180, 180, 0
L 909, -196, -9, 898, -196, -5, 180, 180, 0
L 907, -222, 6, 909, -196, -9, 180, 180, 0
L 894, -221, 6, 907, -222, 6, 180, 180, 0
L 896, -230, 1, 894, -221, 6, 180, 180, 0
L 909, -276, -12, 896, -230, 1, 180, 180, 0
L 895, -278, 6, 909, -276, -12, 180, 180, 0
L 895, -287, 3, 895, -278, 6, 180, 180, 0
L 949, -287, -12, 895, -287, 3, 180, 180, 0
L 948, -266, -12, 949, -287, -12, 180, 180, 0
L 957, -268, -6, 948, -266, -12, 180, 180, 0
L 951, -245, 6, 957, -268, -6, 180, 180, 0
L 951, -212, -10, 951, -245, 6, 180, 180, 0
L 952, -200, -9, 951, -212, -10, 180, 180, 0
L 948, -199, -11, 952, -200, -9, 180, 180, 0
L 948, -173, -11, 948, -199, -11, 180, 180, 0
L 957, -149, -7, 948, -173, -11, 180, 180, 0
L 962, -133, -12, 957, -149, -7, 180, 180, 0
L 981, -130, -12, 962, -133, -12, 180, 180, 0
L 982, -147, -1, 981, -130, -12, 180, 180, 0
L 1043, -149, 2, 982, -147, -1, 180, 180, 0
L 1044, -124, -7, 1043, -149, 2, 180, 180, 0
L 1085, -124, -7, 1044, -124, -7, 180, 180, 0
L 1090, -153, 6, 1085, -124, -7, 180, 180, 0
L 1093, -174, 0, 1090, -153, 6, 180, 180, 0
L 1107, -222, 5, 1093, -174, 1, 180, 180, 0
L 1124, -237, 0, 1107, -222, 5, 180, 180, 0
L 1190, -238, 1, 1124, -237, 1, 180, 180, 0
L 1217, -232, 0, 1190, -238, 1, 180, 180, 0
L 1238, -231, 0, 1217, -232, 1, 180, 180, 0
L 1252, -219, 0, 1238, -231, 1, 180, 180, 0
L 1265, -197, 3, 1252, -219, 1, 180, 180, 0
L 1265, -172, 0, 1265, -197, 3, 180, 180, 0
L 1276, -146, 0, 1265, -172, 1, 180, 180, 0
L 1259, -125, -0, 1276, -146, 1, 180, 180, 0
L 1221, -111, -0, 1259, -125, -0, 180, 180, 0
L 1216, -118, -12, 1221, -111, -0, 180, 180, 0
L 1216, -88, 0, 1216, -118, -12, 180, 180, 0
L 1206, -71, -7, 1216, -88, 1, 180, 180, 0
L 1180, -73, -13, 1206, -71, -7, 180, 180, 0
L 1155, -75, -9, 1180, -73, -13, 180, 180, 0
L 1151, -54, -1, 1155, -75, -9, 180, 180, 0
L 1133, -52, 0, 1151, -54, -1, 180, 180, 0
L 1091, -86, -1, 1133, -52, 1, 180, 180, 0
L 1087, -104, -7, 1091, -86, -1, 180, 180, 0
L 1047, -105, -7, 1087, -104, -7, 180, 180, 0
L 1044, -91, -9, 1047, -105, -7, 180, 180, 0
L 1031, -83, 0, 1044, -91, -9, 180, 180, 0
L 1003, -96, -12, 1031, -83, 1, 180, 180, 0
L 1004, -89, -6, 1003, -96, -12, 180, 180, 0
L 980, -91, -7, 1004, -89, -6, 180, 180, 0
L 958, -96, -15, 980, -91, -7, 180, 180, 0
L 945, -83, -15, 958, -96, -15, 180, 180, 0
L 952, -64, -5, 945, -83, -15, 180, 180, 0
L 951, -33, -10, 952, -64, -5, 180, 180, 0
L 948, -32, -11, 951, -33, -10, 180, 180, 0
L 949, -6, -11, 948, -32, -11, 180, 180, 0
L 953, -5, -6, 949, -6, -11, 180, 180, 0
L 953, 8, -6, 953, -5, -6, 180, 180, 0
L 947, 8, -11, 953, 8, -6, 180, 180, 0
L 948, 35, -12, 947, 8, -11, 180, 180, 0
L 959, 36, 1, 948, 35, -12, 180, 180, 0
L 960, 87, -12, 959, 36, 1, 180, 180, 0
L 971, 90, -6, 960, 87, -12, 180, 180, 0
L 978, 106, -5, 971, 90, -6, 180, 180, 0
L 993, 137, -6, 978, 106, -5, 180, 180, 0
L 986, 140, -11, 993, 137, -6, 180, 180, 0
L 986, 165, -11, 986, 140, -11, 180, 180, 0
L 992, 166, -8, 986, 165, -11, 180, 180, 0
L 989, 179, -6, 992, 166, -8, 180, 180, 0
L 962, 216, -8, 989, 179, -6, 180, 180, 0
L 949, 234, -4, 962, 216, -8, 180, 180, 0
L 955, 253, 7, 949, 234, -4, 180, 180, 0
L 956, 282, 5, 955, 253, 7, 180, 180, 0
L 943, 284, -12, 956, 282, 5, 180, 180, 0
L 942, 309, -9, 943, 284, -12, 180, 180, 0
L 955, 309, 3, 942, 309, -9, 180, 180, 0
L 951, 351, -3, 955, 309, 3, 180, 180, 0
L 942, 353, -10, 951, 351, -3, 180, 180, 0
L 942, 379, -9, 942, 353, -10, 180, 180, 0
L 956, 378, -1, 942, 379, -9, 180, 180, 0
L 953, 396, -7, 956, 378, -1, 180, 180, 0
L 978, 395, 1, 953, 396, -7, 180, 180, 0
L 979, 409, -10, 978, 395, 1, 180, 180, 0
L 1005, 408, -9, 979, 409, -10, 180, 180, 0
L 1005, 394, -3, 1005, 408, -9, 180, 180, 0
L 1032, 395, 1, 1005, 394, -3, 180, 180, 0
L 1032, 407, -9, 1032, 395, 1, 180, 180, 0
L 1059, 408, -9, 1032, 407, -9, 180, 180, 0
L 1059, 394, 2, 1059, 408, -9, 180, 180, 0
L 1093, 393, 4, 1059, 394, 2, 180, 180, 0
L 1092, 407, -9, 1093, 393, 4, 180, 180, 0
L 1121, 406, -11, 1092, 407, -9, 180, 180, 0
L 1120, 394, 2, 1121, 406, -11, 180, 180, 0
L 1136, 396, 0, 1120, 394, 2, 180, 180, 0
L 1131, 415, -6, 1136, 396, 1, 180, 180, 0
L 1175, 417, -5, 1131, 415, -6, 180, 180, 0
L 1270, 432, -6, 1249, 440, -11, 180, 180, 0
L 1271, 416, -11, 1270, 432, -6, 180, 180, 0
L 1265, 395, -11, 1271, 416, -11, 180, 180, 0
L 1272, 378, -11, 1265, 395, -11, 180, 180, 0
L 1281, 376, -11, 1272, 378, -11, 180, 180, 0
L 1301, 396, -8, 1281, 376, -11, 180, 180, 0
L 1308, 396, -11, 1301, 396, -8, 180, 180, 0
L 1309, 382, -11, 1308, 396, -11, 180, 180, 0
L 1313, 373, -11, 1309, 382, -11, 180, 180, 0
L 1332, 381, -7, 1313, 373, -11, 180, 180, 0
L 1324, 401, -11, 1332, 381, -7, 180, 180, 0
L 1321, 416, -3, 1324, 401, -11, 180, 180, 0
L 1298, 408, -11, 1321, 416, -3, 180, 180, 0
L 1291, 411, -11, 1298, 408, -11, 180, 180, 0
L 1299, 425, -11, 1291, 411, -11, 180, 180, 0
L 1320, 439, -11, 1299, 425, -11, 180, 180, 0
L 1308, 454, -11, 1320, 439, -11, 180, 180, 0
L 1300, 475, -9, 1308, 454, -11, 180, 180, 0
L 1263, 476, 2, 1300, 475, -9, 180, 180, 0
L 1250, 472, -11, 1263, 476, 2, 180, 180, 0
L 1241, 459, -11, 1250, 472, -11, 180, 180, 0
L 1248, 441, -11, 1241, 459, -11, 180, 180, 0
L 1177, 399, 4, 1178, 414, -6, 180, 180, 0
L 1204, 381, 1, 1177, 399, 4, 180, 180, 0
L 1269, 324, 2, 1204, 381, 1, 180, 180, 0
L 1281, 335, 2, 1269, 324, 2, 180, 180, 0
L 1296, 362, 1, 1281, 335, 2, 180, 180, 0
L 1351, 385, 1, 1296, 362, 1, 180, 180, 0
L 1353, 419, 3, 1351, 385, 1, 180, 180, 0
L 1372, 448, 7, 1353, 419, 3, 180, 180, 0
L 1350, 484, -5, 1372, 448, 7, 180, 180, 0
L 1367, 486, -5, 1350, 484, -5, 180, 180, 0
L 1367, 505, -5, 1367, 486, -5, 180, 180, 0
L 1350, 507, -5, 1367, 505, -5, 180, 180, 0
L 1334, 542, 2, 1350, 507, -5, 180, 180, 0
L 1309, 545, 7, 1334, 542, 2, 180, 180, 0
L 1291, 549, 2, 1309, 545, 7, 180, 180, 0
L 1207, 541, 1, 1291, 549, 2, 180, 180, 0
L 1191, 513, 1, 1207, 541, 1, 180, 180, 0
L 1184, 491, 2, 1191, 513, 1, 180, 180, 0
L 1183, 464, 2, 1184, 491, 2, 180, 180, 0
L 1179, 438, -6, 1183, 464, 2, 180, 180, 0
L 1400, 650, 1, 1400, 650, 2, 1, 2, 4
L -1130, -1400, 1, -1130, -1400, 2, 1, 2, 4
P 900, 720, -2, 0, 220, 0, 2, by_Orra_Waaargh
P 900, 620, -1, 0, 255, 0, 3, rujc_-_The_Wind_Bridges
P 1315, 493, -14, 255, 255, 255, 3, Zone
