1	0.0	4000	4000
2	0.0	4000	4000
3	0.0	4000	4000
4	0.0	4000	4000
5	0.0	4000	4000
6	0.0	4000	4000
7	155.5	4000	3723.75
8	136.1	4000	3723.75
9	121.0	4000	3723.75
10	108.9	4000	3723.75
11	99.0	4000	3723.75
12	90.7	4000	3758.75
13	83.7	4000	3758.75
14	77.8	4000	3758.75
15	72.6	4000	3758.75
16	68.0	4000	3758.75
17	64.0	4000	3758.75
18	60.5	4000	3773.75
19	57.3	4000	3773.75
20	108.9	4000	3497.5
21	103.7	4000	3497.5
22	99.0	4000	3497.5
23	94.7	4000	3497.5
24	90.7	4000	3532.5
25	87.1	4000	3532.5
26	83.7	4000	3532.5
27	80.6	4000	3532.5
28	77.8	4000	3532.5
29	75.1	4000	3532.5
30	72.6	4000	3547.5
31	70.2	4000	3547.5
32	68.0	4000	3547.5
33	99.0	4000	3271.25
34	96.1	4000	3271.25
35	93.3	4000	3271.25
36	90.7	4000	3286.25
37	88.3	4000	3286.25
38	86.0	4000	3286.25
39	83.7	4000	3286.25
40	81.7	4000	3286.25
41	79.7	4000	3286.25
42	77.8	4000	3301.25
43	76.0	4000	3301.25
44	74.2	4000	3301.25
45	72.6	4000	3301.25
46	94.7	4000	3025
47	92.7	4000	3025
48	90.7	4000	3040
49	88.9	4000	3040
50	87.1	4000	3040
51	85.4	4000	3040
52	83.7	4000	3040
53	82.2	4000	3040
54	80.6	4000	3055
55	79.2	4000	3055
56	77.8	4000	3055
57	76.4	4000	3055
58	75.1	4000	3055
59	92.3	4000	2778.75
60	90.7	4000	2793.75
61	89.2	4000	2793.75
62	87.8	4000	2793.75
63	86.4	4000	2793.75
64	85.1	4000	2793.75
65	83.7	4000	2793.75
66	82.5	4000	2828.75
67	81.2	4000	2828.75
68	80.1	4000	2828.75
69	78.9	4000	2828.75
70	77.8	4000	2828.75
71	76.7	4000	2828.75
72	90.7	4000	2567.5
73	89.5	4000	2567.5
74	88.3	4000	2567.5
75	87.1	4000	2567.5
76	86.0	4000	2567.5
77	84.8	4000	2567.5
78	83.7	4000	2602.5
79	82.7	4000	2602.5
80	81.7	4000	2602.5
81	80.6	4000	2602.5
82	79.7	4000	2602.5
83	78.7	4000	2602.5
84	77.8	4000	2617.5
85	89.7	4000	2341.25
86	88.6	4000	2341.25
87	87.6	4000	2341.25
88	86.6	4000	2341.25
89	85.6	4000	2341.25
90	84.7	4000	2376.25
91	83.7	4000	2376.25
92	82.8	4000	2376.25
93	81.9	4000	2376.25
94	81.1	4000	2376.25
95	80.2	4000	2376.25
96	79.4	4000	2391.25
97	78.6	4000	2391.25
98	88.9	4000	2115
99	88.0	4000	2115
100	87.1	4000	2115
101	86.2	4000	2115
102	85.4	4000	2150
103	84.6	4000	2150
104	83.7	4000	2150
105	83.0	4000	2150
106	82.2	4000	2150
107	81.4	4000	2150
108	80.6	4000	2165
109	79.9	4000	2165
110	79.2	4000	2165
111	88.3	4000	1888.75
112	87.5	4000	1888.75
113	86.7	4000	1888.75
114	86.0	4000	1903.75
115	85.2	4000	1903.75
116	84.5	4000	1903.75
117	83.7	4000	1903.75
118	83.0	4000	1903.75
119	82.3	4000	1903.75
120	81.7	4000	1918.75
121	81.0	4000	1918.75
122	80.3	4000	1918.75
123	79.7	4000	1918.75
124	87.8	4000	1642.5
125	87.1	4000	1642.5
126	86.4	4000	1657.5
127	85.7	4000	1657.5
128	85.1	4000	1657.5
129	84.4	4000	1657.5
130	83.7	4000	1657.5
131	83.1	4000	1657.5
132	82.5	4000	1672.5
133	81.9	4000	1672.5
134	81.2	4000	1672.5
135	80.6	4000	1672.5
136	80.1	4000	1672.5
137	87.4	4000	1396.25
138	86.8	4000	1411.25
139	86.2	4000	1411.25
140	85.5	4000	1411.25
141	84.9	4000	1411.25
142	84.3	4000	1411.25
143	83.7	4000	1411.25
144	83.2	4000	1446.25
145	82.6	4000	1446.25
146	82.0	4000	1446.25
147	81.5	4000	1446.25
148	80.9	4000	1446.25
149	80.4	4000	1446.25
150	87.1	4000	1185
151	86.5	4000	1185
152	86.0	4000	1185
153	85.4	4000	1185
154	84.8	4000	1185
155	84.3	4000	1185
156	83.7	4000	1220
157	83.2	4000	1220
158	82.7	4000	1220
159	82.2	4000	1220
160	81.7	4000	1220
161	81.1	4000	1220
162	80.6	4000	1235
163	86.8	4000	958.75
164	86.3	4000	958.75
165	85.8	4000	958.75
166	85.3	4000	958.75
167	84.8	4000	958.75
168	84.2	4000	993.75
169	83.7	4000	993.75
170	83.3	4000	993.75
171	82.8	4000	993.75
172	82.3	4000	993.75
173	81.8	4000	993.75
174	81.3	4000	1008.75
175	80.9	4000	1008.75
176	86.6	4000	732.5
177	86.1	4000	732.5
178	85.6	4000	732.5
179	85.2	4000	732.5
180	84.7	4000	767.5
181	84.2	4000	767.5
182	83.7	4000	767.5
183	83.3	4000	767.5
184	82.8	4000	767.5
185	82.4	4000	767.5
186	81.9	4000	782.5
187	81.5	4000	782.5
188	81.1	4000	782.5
189	86.4	4000	506.25
190	86.0	4000	506.25
191	85.5	4000	506.25
192	85.1	4000	521.25
193	84.6	4000	521.25
194	84.2	4000	521.25
195	83.7	4000	521.25
196	83.3	4000	521.25
197	82.9	4000	521.25
198	82.5	4000	536.25
199	82.1	4000	536.25
200	81.7	4000	536.25
201	81.2	4000	536.25
202	86.2	4000	260
203	85.8	4000	260
204	85.4	4000	275
205	85.0	4000	275
206	84.6	4000	275
207	84.2	4000	275
208	83.7	4000	275
209	83.3	4000	275
210	83.0	4000	310
211	82.6	4000	310
212	82.2	4000	310
213	81.8	4000	310
214	81.4	4000	310
215	81.0	4000	310
216	80.6	4000	345
217	80.3	4000	345
218	79.9	4000	345
219	79.5	4000	345
220	79.2	4000	345
221	78.8	4000	345
222	83.4	4000	83.75
223	83.0	4000	83.75
224	82.6	4000	83.75
225	82.3	4000	83.75
226	81.9	4000	83.75
227	81.5	4000	83.75
228	81.2	4000	118.75
229	80.8	4000	118.75
230	80.5	4000	118.75
231	80.1	4000	118.75
232	79.8	4000	118.75
233	79.4	4000	118.75
234	79.1	4000	153.75
235	78.8	4000	153.75
236	78.4	4000	153.75
237	78.1	4000	153.75
238	77.8	4000	153.75
239	77.4	4000	153.75
240	77.1	4000	188.75
241	76.8	4000	188.75
242	76.5	4000	188.75
243	76.2	4000	188.75
244	75.9	4000	188.75
245	75.5	4000	188.75
246	75.2	4000	223.75
247	74.9	4000	223.75
248	74.6	4000	223.75
249	74.3	4000	223.75
250	74.0	4000	223.75
251	73.7	4000	223.75
252	73.4	4000	258.75
253	73.2	4000	258.75
254	72.9	4000	258.75
255	72.6	4000	258.75
256	72.3	4000	258.75
257	72.0	4000	258.75
258	71.7	4000	293.75
259	71.5	4000	293.75
260	71.2	4000	293.75
261	70.9	4000	293.75
262	70.6	4000	293.75
263	70.4	4000	293.75
264	70.1	4000	328.75
265	69.8	4000	328.75
266	69.6	4000	328.75
267	69.3	4000	328.75
268	69.1	4000	328.75
269	68.8	4000	328.75
270	72.6	4000	67.5
271	72.3	4000	67.5
272	72.0	4000	67.5
273	71.8	4000	67.5
274	71.5	4000	67.5
275	71.3	4000	67.5
276	71.0	4000	102.5
277	70.7	4000	102.5
278	70.5	4000	102.5
279	70.2	4000	102.5
280	70.0	4000	102.5
281	69.7	4000	102.5
282	69.5	4000	137.5
283	69.2	4000	137.5
284	69.0	4000	137.5
285	68.8	4000	137.5
286	68.5	4000	137.5
287	68.3	4000	137.5
288	68.0	4000	172.5
289	67.8	4000	172.5
290	67.6	4000	172.5
291	67.3	4000	172.5
292	67.1	4000	172.5
293	66.9	4000	172.5
294	66.7	4000	207.5
295	66.4	4000	207.5
296	66.2	4000	207.5
297	66.0	4000	207.5
298	65.8	4000	207.5
299	65.5	4000	207.5
300	65.3	4000	242.5
301	65.1	4000	242.5
302	64.9	4000	242.5
303	64.7	4000	242.5
304	64.5	4000	242.5
305	64.3	4000	242.5
306	64.0	4000	277.5
307	63.8	4000	277.5
308	63.6	4000	277.5
309	63.4	4000	277.5
310	63.2	4000	277.5
311	63.0	4000	277.5
312	62.8	4000	312.5
313	62.6	4000	312.5
314	62.4	4000	312.5
315	62.2	4000	312.5
316	62.0	4000	312.5
317	61.8	4000	312.5
318	61.6	4000	347.5
319	61.4	4000	347.5
320	61.2	4000	347.5
321	61.0	4000	347.5
322	60.9	4000	347.5
323	60.7	4000	347.5
324	63.8	4000	86.25
325	63.6	4000	86.25
326	63.5	4000	86.25
327	63.3	4000	86.25
328	63.1	4000	86.25
329	62.9	4000	86.25
330	62.7	4000	121.25
331	62.5	4000	121.25
332	62.3	4000	121.25
333	62.1	4000	121.25
334	61.9	4000	121.25
335	61.7	4000	121.25
336	61.6	4000	156.25
337	61.4	4000	156.25
338	61.2	4000	156.25
339	61.0	4000	156.25
340	60.8	4000	156.25
341	60.7	4000	156.25
342	60.5	4000	191.25
343	60.3	4000	191.25
344	60.1	4000	191.25
345	60.0	4000	191.25
346	59.8	4000	191.25
347	59.6	4000	191.25
348	59.4	4000	226.25
349	59.3	4000	226.25
350	59.1	4000	226.25
351	58.9	4000	226.25
352	58.8	4000	226.25
353	58.6	4000	226.25
354	58.4	4000	261.25
355	58.3	4000	261.25
356	58.1	4000	261.25
357	57.9	4000	261.25
358	57.8	4000	261.25
359	57.6	4000	261.25
360	57.5	4000	296.25
361	57.3	4000	296.25
362	57.1	4000	296.25
363	57.0	4000	296.25
364	56.8	4000	296.25
365	56.7	4000	296.25
366	56.5	4000	331.25
367	56.4	4000	331.25
368	56.2	4000	331.25
369	56.1	4000	331.25
370	55.9	4000	331.25
371	55.8	4000	331.25
372	58.5	4000	70
373	58.4	4000	70
374	58.2	4000	70
375	58.1	4000	70
376	57.9	4000	70
377	57.8	4000	70
378	57.6	4000	105
379	57.5	4000	105
380	57.3	4000	105
381	57.2	4000	105
382	57.0	4000	105
383	56.9	4000	105
384	56.7	4000	140
385	56.6	4000	140
386	56.4	4000	140
387	56.3	4000	140
388	56.1	4000	140
389	56.0	4000	140
390	55.8	4000	175
391	55.7	4000	175
392	55.5	4000	175
393	55.4	4000	175
394	55.3	4000	175
395	55.1	4000	175
396	55.0	4000	210
397	54.8	4000	210
398	54.7	4000	210
399	54.6	4000	210
400	54.4	4000	210
401	54.3	4000	210
402	54.2	4000	245
403	54.0	4000	245
404	53.9	4000	245
405	53.8	4000	245
406	53.6	4000	245
407	53.5	4000	245
408	53.4	4000	280
409	53.2	4000	280
410	53.1	4000	280
411	53.0	4000	280
412	52.9	4000	280
413	52.7	4000	280
414	52.6	4000	315
415	52.5	4000	315
416	52.3	4000	315
417	52.2	4000	315
418	52.1	4000	315
419	52.0	4000	315
420	51.8	4000	350
421	51.7	4000	350
422	51.6	4000	350
423	51.5	4000	350
424	51.4	4000	350
425	51.2	4000	350
426	53.7	4000	88.75
427	53.5	4000	88.75
428	53.4	4000	88.75
429	53.3	4000	88.75
430	53.2	4000	88.75
431	53.0	4000	88.75
432	52.9	4000	123.75
433	52.8	4000	123.75
434	52.7	4000	123.75
435	52.6	4000	123.75
436	52.4	4000	123.75
437	52.3	4000	123.75
438	52.2	4000	158.75
439	52.1	4000	158.75
440	52.0	4000	158.75
441	51.8	4000	158.75
442	51.7	4000	158.75
443	51.6	4000	158.75
444	51.5	4000	193.75
445	51.4	4000	193.75
446	51.3	4000	193.75
447	51.1	4000	193.75
448	51.0	4000	193.75
449	50.9	4000	193.75
450	50.8	4000	228.75
451	50.7	4000	228.75
452	50.6	4000	228.75
453	50.5	4000	228.75
454	50.4	4000	228.75
455	50.2	4000	228.75
456	50.1	4000	263.75
457	50.0	4000	263.75
458	49.9	4000	263.75
459	49.8	4000	263.75
460	49.7	4000	263.75
461	49.6	4000	263.75
462	49.5	4000	298.75
463	49.4	4000	298.75
464	49.3	4000	298.75
465	49.2	4000	298.75
466	49.1	4000	298.75
467	49.0	4000	298.75
468	48.9	4000	333.75
469	48.7	4000	333.75
470	48.6	4000	333.75
471	48.5	4000	333.75
472	48.4	4000	333.75
473	48.3	4000	333.75
474	50.5	4000	72.5
475	50.4	4000	72.5
476	50.3	4000	72.5
477	50.2	4000	72.5
478	50.1	4000	72.5
479	50.0	4000	72.5
480	49.9	4000	107.5
481	49.8	4000	107.5
482	49.7	4000	107.5
483	49.6	4000	107.5
484	49.5	4000	107.5
485	49.4	4000	107.5
486	49.3	4000	142.5
487	49.2	4000	142.5
488	49.1	4000	142.5
489	49.0	4000	142.5
490	48.9	4000	142.5
491	48.8	4000	142.5
492	48.7	4000	177.5
493	48.6	4000	177.5
494	48.5	4000	177.5
495	48.4	4000	177.5
496	48.3	4000	177.5
497	48.2	4000	177.5
498	48.1	4000	212.5
499	48.0	4000	212.5
500	47.9	4000	212.5
501	47.8	4000	212.5
502	47.7	4000	212.5
503	47.6	4000	212.5
504	47.5	4000	247.5
505	47.4	4000	247.5
506	47.3	4000	247.5
507	47.2	4000	247.5
508	47.1	4000	247.5
509	47.1	4000	247.5
510	47.0	4000	282.5
511	46.9	4000	282.5
512	46.8	4000	282.5
513	46.7	4000	282.5
514	46.6	4000	282.5
515	46.5	4000	282.5
516	46.4	4000	317.5
517	46.3	4000	317.5
518	46.2	4000	317.5
519	46.2	4000	317.5
520	46.1	4000	317.5
521	46.0	4000	317.5
522	45.9	4000	352.5
523	45.8	4000	352.5
524	45.7	4000	352.5
525	45.6	4000	352.5
526	45.5	4000	352.5
527	45.4	4000	352.5
528	47.4	4000	91.25
529	47.3	4000	91.25
530	47.2	4000	91.25
531	47.2	4000	91.25
532	47.1	4000	91.25
533	47.0	4000	91.25
534	46.9	4000	126.25
535	46.8	4000	126.25
536	46.7	4000	126.25
537	46.6	4000	126.25
538	46.5	4000	126.25
539	46.5	4000	126.25
540	46.4	4000	161.25
541	46.3	4000	161.25
542	46.2	4000	161.25
543	46.1	4000	161.25
544	46.0	4000	161.25
545	45.9	4000	161.25
546	45.9	4000	196.25
547	45.8	4000	196.25
548	45.7	4000	196.25
549	45.6	4000	196.25
550	45.5	4000	196.25
551	45.4	4000	196.25
552	45.4	4000	231.25
553	45.3	4000	231.25
554	45.2	4000	231.25
555	45.1	4000	231.25
556	45.0	4000	231.25
557	45.0	4000	231.25
558	44.9	4000	266.25
559	44.8	4000	266.25
560	44.7	4000	266.25
561	44.6	4000	266.25
562	44.6	4000	266.25
563	44.5	4000	266.25
564	44.4	4000	301.25
565	44.3	4000	301.25
566	44.2	4000	301.25
567	44.2	4000	301.25
568	44.1	4000	301.25
569	44.0	4000	301.25
570	43.9	4000	336.25
571	43.9	4000	336.25
572	43.8	4000	336.25
573	43.7	4000	336.25
574	43.6	4000	336.25
575	43.5	4000	336.25
576	45.4	4000	75
577	45.3	4000	75
578	45.2	4000	75
579	45.1	4000	75
580	45.1	4000	75
581	45.0	4000	75
582	44.9	4000	110
583	44.8	4000	110
584	44.7	4000	110
585	44.7	4000	110
586	44.6	4000	110
587	44.5	4000	110
588	44.4	4000	145
589	44.4	4000	145
590	44.3	4000	145
591	44.2	4000	145
592	44.1	4000	145
593	44.1	4000	145
594	44.0	4000	180
595	43.9	4000	180
596	43.8	4000	180
597	43.8	4000	180
598	43.7	4000	180
599	43.6	4000	180
600	43.5	4000	215
601	43.5	4000	215
602	43.4	4000	215
603	43.3	4000	215
604	43.3	4000	215
605	43.2	4000	215
606	43.1	4000	250
607	43.0	4000	250
608	43.0	4000	250
609	42.9	4000	250
610	42.8	4000	250
611	42.8	4000	250
612	42.7	4000	285
613	42.6	4000	285
614	42.6	4000	285
615	42.5	4000	285
616	42.4	4000	285
617	42.3	4000	285
618	42.3	4000	320
619	42.2	4000	320
620	42.1	4000	320
621	42.1	4000	320
622	42.0	4000	320
623	41.9	4000	320
624	41.9	4000	355
625	41.8	4000	355
626	41.7	4000	355
627	41.7	4000	355
628	41.6	4000	355
629	41.5	4000	355
630	43.2	4000	93.75
631	43.1	4000	93.75
632	43.1	4000	93.75
633	43.0	4000	93.75
634	42.9	4000	93.75
635	42.9	4000	93.75
636	42.8	4000	128.75
637	42.7	4000	128.75
638	42.7	4000	128.75
639	42.6	4000	128.75
640	42.5	4000	128.75
641	42.5	4000	128.75
642	42.4	4000	163.75
643	42.3	4000	163.75
644	42.3	4000	163.75
645	42.2	4000	163.75
646	42.1	4000	163.75
647	42.1	4000	163.75
648	42.0	4000	198.75
649	41.9	4000	198.75
650	41.9	4000	198.75
651	41.8	4000	198.75
652	41.7	4000	198.75
653	41.7	4000	198.75
654	41.6	4000	233.75
655	41.6	4000	233.75
656	41.5	4000	233.75
657	41.4	4000	233.75
658	41.4	4000	233.75
659	41.3	4000	233.75
660	41.2	4000	268.75
661	41.2	4000	268.75
662	41.1	4000	268.75
663	41.1	4000	268.75
664	41.0	4000	268.75
665	40.9	4000	268.75
666	40.9	4000	303.75
667	40.8	4000	303.75
668	40.7	4000	303.75
669	40.7	4000	303.75
670	40.6	4000	303.75
671	40.6	4000	303.75
672	40.5	4000	338.75
673	40.4	4000	338.75
674	40.4	4000	338.75
675	40.3	4000	338.75
676	40.3	4000	338.75
677	40.2	4000	338.75
678	41.8	4000	77.5
679	41.7	4000	77.5
680	41.6	4000	77.5
681	41.6	4000	77.5
682	41.5	4000	77.5
683	41.4	4000	77.5
684	41.4	4000	112.5
685	41.3	4000	112.5
686	41.3	4000	112.5
687	41.2	4000	112.5
688	41.1	4000	112.5
689	41.1	4000	112.5
690	41.0	4000	147.5
691	41.0	4000	147.5
692	40.9	4000	147.5
693	40.8	4000	147.5
694	40.8	4000	147.5
695	40.7	4000	147.5
696	40.7	4000	182.5
697	40.6	4000	182.5
698	40.6	4000	182.5
699	40.5	4000	182.5
700	40.4	4000	182.5
701	40.4	4000	182.5
702	40.3	4000	217.5
703	40.3	4000	217.5
704	40.2	4000	217.5
705	40.2	4000	217.5
706	40.1	4000	217.5
707	40.0	4000	217.5
708	40.0	4000	252.5
709	39.9	4000	252.5
710	39.9	4000	252.5
711	39.8	4000	252.5
712	39.8	4000	252.5
713	39.7	4000	252.5
714	39.6	4000	287.5
715	39.6	4000	287.5
716	39.5	4000	287.5
717	39.5	4000	287.5
718	39.4	4000	287.5
719	39.4	4000	287.5
720	39.3	4000	322.5
721	39.3	4000	322.5
722	39.2	4000	322.5
723	39.2	4000	322.5
724	39.1	4000	322.5
725	39.0	4000	322.5
726	39.0	4000	357.5
727	38.9	4000	357.5
728	38.9	4000	357.5
729	38.8	4000	357.5
730	38.8	4000	357.5
731	38.7	4000	357.5
732	40.2	4000	96.25
733	40.1	4000	96.25
734	40.0	4000	96.25
735	40.0	4000	96.25
736	39.9	4000	96.25
737	39.9	4000	96.25
738	39.8	4000	131.25
739	39.8	4000	131.25
740	39.7	4000	131.25
741	39.7	4000	131.25
742	39.6	4000	131.25
743	39.6	4000	131.25
744	39.5	4000	166.25
745	39.5	4000	166.25
746	39.4	4000	166.25
747	39.4	4000	166.25
748	39.3	4000	166.25
749	39.2	4000	166.25
750	39.2	4000	201.25
751	39.1	4000	201.25
752	39.1	4000	201.25
753	39.0	4000	201.25
754	39.0	4000	201.25
755	38.9	4000	201.25
756	38.9	4000	236.25
757	38.8	4000	236.25
758	38.8	4000	236.25
759	38.7	4000	236.25
760	38.7	4000	236.25
761	38.6	4000	236.25
762	38.6	4000	271.25
763	38.5	4000	271.25
764	38.5	4000	271.25
765	38.4	4000	271.25
766	38.4	4000	271.25
767	38.3	4000	271.25
768	38.3	4000	306.25
769	38.2	4000	306.25
770	38.2	4000	306.25
771	38.1	4000	306.25
772	38.1	4000	306.25
773	38.0	4000	306.25
774	38.0	4000	341.25
775	37.9	4000	341.25
776	37.9	4000	341.25
777	37.8	4000	341.25
778	37.8	4000	341.25
779	37.7	4000	341.25
780	39.1	4000	80
781	39.0	4000	80
782	39.0	4000	80
783	38.9	4000	80
784	38.9	4000	80
785	38.8	4000	80
786	38.8	4000	115
787	38.7	4000	115
788	38.7	4000	115
789	38.6	4000	115
790	38.6	4000	115
791	38.5	4000	115
792	38.5	4000	150
793	38.4	4000	150
794	38.4	4000	150
795	38.3	4000	150
796	38.3	4000	150
797	38.2	4000	150
798	38.2	4000	185
799	38.2	4000	185
800	38.1	4000	185
801	38.1	4000	185
802	38.0	4000	185
803	38.0	4000	185
804	37.9	4000	220
805	37.9	4000	220
806	37.8	4000	220
807	37.8	4000	220
808	37.7	4000	220
809	37.7	4000	220
810	37.6	4000	255
811	37.6	4000	255
812	37.5	4000	255
813	37.5	4000	255
814	37.4	4000	255
815	37.4	4000	255
816	37.4	4000	290
817	37.3	4000	290
818	37.3	4000	290
819	37.2	4000	290
820	37.2	4000	290
821	37.1	4000	290
822	37.1	4000	325
823	37.0	4000	325
824	37.0	4000	325
825	37.0	4000	325
826	36.9	4000	325
827	36.9	4000	325
828	38.1	4000	63.75
829	38.1	4000	63.75
830	38.0	4000	63.75
831	38.0	4000	63.75
832	37.9	4000	63.75
833	37.9	4000	63.75
834	37.9	4000	98.75
835	37.8	4000	98.75
836	37.8	4000	98.75
837	37.7	4000	98.75
838	37.7	4000	98.75
839	37.6	4000	98.75
840	37.6	4000	133.75
841	37.5	4000	133.75
842	37.5	4000	133.75
843	37.5	4000	133.75
844	37.4	4000	133.75
845	37.4	4000	133.75
846	37.3	4000	168.75
847	37.3	4000	168.75
848	37.2	4000	168.75
849	37.2	4000	168.75
850	37.1	4000	168.75
851	37.1	4000	168.75
852	37.1	4000	203.75
853	37.0	4000	203.75
854	37.0	4000	203.75
855	36.9	4000	203.75
856	36.9	4000	203.75
857	36.8	4000	203.75
858	36.8	4000	238.75
859	36.8	4000	238.75
860	36.7	4000	238.75
861	36.7	4000	238.75
862	36.6	4000	238.75
863	36.6	4000	238.75
864	36.5	4000	273.75
865	36.5	4000	273.75
866	36.5	4000	273.75
867	36.4	4000	273.75
868	36.4	4000	273.75
869	36.3	4000	273.75
870	36.3	4000	308.75
871	36.2	4000	308.75
872	36.2	4000	308.75
873	36.2	4000	308.75
874	36.1	4000	308.75
875	36.1	4000	308.75
876	36.0	4000	343.75
877	36.0	4000	343.75
878	36.0	4000	343.75
879	35.9	4000	343.75
880	35.9	4000	343.75
881	35.8	4000	343.75
882	37.0	4000	82.5
883	37.0	4000	82.5
884	36.9	4000	82.5
885	36.9	4000	82.5
886	36.9	4000	82.5
887	36.8	4000	82.5
888	36.8	4000	117.5
889	36.7	4000	117.5
890	36.7	4000	117.5
891	36.7	4000	117.5
892	36.6	4000	117.5
893	36.6	4000	117.5
894	36.5	4000	152.5
895	36.5	4000	152.5
896	36.5	4000	152.5
897	36.4	4000	152.5
898	36.4	4000	152.5
899	36.3	4000	152.5
900	36.3	4000	187.5
901	36.3	4000	187.5
902	36.2	4000	187.5
903	36.2	4000	187.5
904	36.1	4000	187.5
905	36.1	4000	187.5
906	36.1	4000	222.5
907	36.0	4000	222.5
908	36.0	4000	222.5
909	35.9	4000	222.5
910	35.9	4000	222.5
911	35.9	4000	222.5
912	35.8	4000	257.5
913	35.8	4000	257.5
914	35.7	4000	257.5
915	35.7	4000	257.5
916	35.7	4000	257.5
917	35.6	4000	257.5
918	35.6	4000	292.5
919	35.5	4000	292.5
920	35.5	4000	292.5
921	35.5	4000	292.5
922	35.4	4000	292.5
923	35.4	4000	292.5
924	35.3	4000	327.5
925	35.3	4000	327.5
926	35.3	4000	327.5
927	35.2	4000	327.5
928	35.2	4000	327.5
929	35.2	4000	327.5
930	36.3	4000	66.25
931	36.3	4000	66.25
932	36.2	4000	66.25
933	36.2	4000	66.25
934	36.1	4000	66.25
935	36.1	4000	66.25
936	36.1	4000	101.25
937	36.0	4000	101.25
938	36.0	4000	101.25
939	35.9	4000	101.25
940	35.9	4000	101.25
941	35.9	4000	101.25
942	35.8	4000	136.25
943	35.8	4000	136.25
944	35.8	4000	136.25
945	35.7	4000	136.25
946	35.7	4000	136.25
947	35.6	4000	136.25
948	35.6	4000	171.25
949	35.6	4000	171.25
950	35.5	4000	171.25
951	35.5	4000	171.25
952	35.5	4000	171.25
953	35.4	4000	171.25
954	35.4	4000	206.25
955	35.3	4000	206.25
956	35.3	4000	206.25
957	35.3	4000	206.25
958	35.2	4000	206.25
959	35.2	4000	206.25
960	35.2	4000	241.25
961	35.1	4000	241.25
962	35.1	4000	241.25
963	35.0	4000	241.25
964	35.0	4000	241.25
965	35.0	4000	241.25
966	34.9	4000	276.25
967	34.9	4000	276.25
968	34.9	4000	276.25
969	34.8	4000	276.25
970	34.8	4000	276.25
971	34.8	4000	276.25
972	34.7	4000	311.25
973	34.7	4000	311.25
974	34.7	4000	311.25
975	34.6	4000	311.25
976	34.6	4000	311.25
977	34.5	4000	311.25
978	34.5	4000	346.25
979	34.5	4000	346.25
980	34.4	4000	346.25
981	34.4	4000	346.25
982	34.4	4000	346.25
983	34.3	4000	346.25
984	35.4	4000	85
985	35.4	4000	85
986	35.3	4000	85
987	35.3	4000	85
988	35.3	4000	85
989	35.2	4000	85
990	35.2	4000	120
991	35.2	4000	120
992	35.1	4000	120
993	35.1	4000	120
994	35.0	4000	120
995	35.0	4000	120
996	35.0	4000	155
997	34.9	4000	155
998	34.9	4000	155
999	34.9	4000	155
1000	34.8	4000	155
1001	34.8	4000	155
1002	34.8	4000	190
1003	34.7	4000	190
1004	34.7	4000	190
1005	34.7	4000	190
1006	34.6	4000	190
1007	34.6	4000	190
1008	34.6	4000	225
1009	34.5	4000	225
1010	34.5	4000	225
1011	34.5	4000	225
1012	34.4	4000	225
1013	34.4	4000	225
1014	34.4	4000	260
1015	34.3	4000	260
1016	34.3	4000	260
1017	34.3	4000	260
1018	34.2	4000	260
1019	34.2	4000	260
1020	34.2	4000	295
1021	34.1	4000	295
1022	34.1	4000	295
1023	34.1	4000	295
1024	34.0	4000	295
1025	34.0	4000	295
1026	34.0	4000	330
1027	33.9	4000	330
1028	33.9	4000	330
1029	33.9	4000	330
1030	33.8	4000	330
1031	33.8	4000	330
1032	34.8	4000	68.75
1033	34.8	4000	68.75
1034	34.7	4000	68.75
1035	34.7	4000	68.75
1036	34.7	4000	68.75
1037	34.6	4000	68.75
1038	34.6	4000	103.75
1039	34.6	4000	103.75
1040	34.5	4000	103.75
1041	34.5	4000	103.75
1042	34.5	4000	103.75
1043	34.4	4000	103.75
1044	34.4	4000	138.75
1045	34.4	4000	138.75
1046	34.3	4000	138.75
1047	34.3	4000	138.75
1048	34.3	4000	138.75
1049	34.2	4000	138.75
1050	34.2	4000	173.75
1051	34.2	4000	173.75
1052	34.2	4000	173.75
1053	34.1	4000	173.75
1054	34.1	4000	173.75
1055	34.1	4000	173.75
1056	34.0	4000	208.75
1057	34.0	4000	208.75
1058	34.0	4000	208.75
1059	33.9	4000	208.75
1060	33.9	4000	208.75
1061	33.9	4000	208.75
1062	33.8	4000	243.75
1063	33.8	4000	243.75
1064	33.8	4000	243.75
1065	33.7	4000	243.75
1066	33.7	4000	243.75
1067	33.7	4000	243.75
1068	33.6	4000	278.75
1069	33.6	4000	278.75
1070	33.6	4000	278.75
1071	33.5	4000	278.75
1072	33.5	4000	278.75
1073	33.5	4000	278.75
1074	33.5	4000	313.75
1075	33.4	4000	313.75
1076	33.4	4000	313.75
1077	33.4	4000	313.75
1078	33.3	4000	313.75
1079	33.3	4000	313.75
1080	33.3	4000	348.75
1081	33.2	4000	348.75
1082	33.2	4000	348.75
1083	33.2	4000	348.75
1084	33.1	4000	348.75
1085	33.1	4000	348.75
1086	34.1	4000	87.5
1087	34.1	4000	87.5
1088	34.0	4000	87.5
1089	34.0	4000	87.5
1090	34.0	4000	87.5
1091	33.9	4000	87.5
1092	33.9	4000	122.5
1093	33.9	4000	122.5
1094	33.8	4000	122.5
1095	33.8	4000	122.5
1096	33.8	4000	122.5
1097	33.7	4000	122.5
1098	33.7	4000	157.5
1099	33.7	4000	157.5
1100	33.7	4000	157.5
1101	33.6	4000	157.5
1102	33.6	4000	157.5
1103	33.6	4000	157.5
1104	33.5	4000	192.5
1105	33.5	4000	192.5
1106	33.5	4000	192.5
1107	33.4	4000	192.5
1108	33.4	4000	192.5
1109	33.4	4000	192.5
1110	33.3	4000	227.5
1111	33.3	4000	227.5
1112	33.3	4000	227.5
1113	33.3	4000	227.5
1114	33.2	4000	227.5
1115	33.2	4000	227.5
1116	33.2	4000	262.5
1117	33.1	4000	262.5
1118	33.1	4000	262.5
1119	33.1	4000	262.5
1120	33.1	4000	262.5
1121	33.0	4000	262.5
1122	33.0	4000	297.5
1123	33.0	4000	297.5
1124	32.9	4000	297.5
1125	32.9	4000	297.5
1126	32.9	4000	297.5
1127	32.8	4000	297.5
1128	32.8	4000	332.5
1129	32.8	4000	332.5
1130	32.8	4000	332.5
1131	32.7	4000	332.5
1132	32.7	4000	332.5
1133	32.7	4000	332.5
1134	33.6	4000	71.25
1135	33.6	4000	71.25
1136	33.5	4000	71.25
1137	33.5	4000	71.25
1138	33.5	4000	71.25
1139	33.5	4000	71.25
1140	33.4	4000	106.25
1141	33.4	4000	106.25
1142	33.4	4000	106.25
1143	33.3	4000	106.25
1144	33.3	4000	106.25
1145	33.3	4000	106.25
1146	33.3	4000	141.25
1147	33.2	4000	141.25
1148	33.2	4000	141.25
1149	33.2	4000	141.25
1150	33.1	4000	141.25
1151	33.1	4000	141.25
1152	33.1	4000	176.25
1153	33.0	4000	176.25
1154	33.0	4000	176.25
1155	33.0	4000	176.25
1156	33.0	4000	176.25
1157	32.9	4000	176.25
1158	32.9	4000	211.25
1159	32.9	4000	211.25
1160	32.8	4000	211.25
1161	32.8	4000	211.25
1162	32.8	4000	211.25
1163	32.8	4000	211.25
1164	32.7	4000	246.25
1165	32.7	4000	246.25
1166	32.7	4000	246.25
1167	32.7	4000	246.25
1168	32.6	4000	246.25
1169	32.6	4000	246.25
1170	32.6	4000	281.25
1171	32.5	4000	281.25
1172	32.5	4000	281.25
1173	32.5	4000	281.25
1174	32.5	4000	281.25
1175	32.4	4000	281.25
1176	32.4	4000	316.25
1177	32.4	4000	316.25
1178	32.3	4000	316.25
1179	32.3	4000	316.25
1180	32.3	4000	316.25
1181	32.3	4000	316.25
1182	32.2	4000	351.25
1183	32.2	4000	351.25
1184	32.2	4000	351.25
1185	32.2	4000	351.25
1186	32.1	4000	351.25
1187	32.1	4000	351.25
1188	33.0	4000	90
1189	33.0	4000	90
1190	32.9	4000	90
1191	32.9	4000	90
1192	32.9	4000	90
1193	32.9	4000	90
1194	32.8	4000	125
1195	32.8	4000	125
1196	32.8	4000	125
1197	32.7	4000	125
1198	32.7	4000	125
1199	32.7	4000	125
1200	32.7	4000	160
