L -161, -228, 47, -195, -184, 4, 153, 153, 153
L -195, -184, 4, -217, -68, 4, 153, 153, 153
L -217, -68, 4, -200, -45, 4, 153, 153, 153
L -200, -45, 4, -139, -45, 3, 153, 153, 153
L -139, -45, 3, -139, -89, 3, 153, 153, 153
L -139, -89, 3, -125, -84, 3, 153, 153, 153
L -125, -84, 3, -89, -59, 3, 153, 153, 153
L -89, -59, 3, -78, -59, 3, 153, 153, 153
L -78, -59, 3, -61, -64, 3, 153, 153, 153
L -61, -64, 3, -60, -46, 3, 153, 153, 153
L -60, -46, 3, -52, -36, 3, 153, 153, 153
L -52, -36, 3, -60, -13, 3, 153, 153, 153
L -60, -13, 3, -72, 7, 3, 153, 153, 153
L -72, 7, 3, -72, 15, 5, 153, 153, 153
L -72, 15, 5, -52, 24, 3, 153, 153, 153
L -52, 24, 3, -43, 15, 3, 153, 153, 153
L -43, 15, 3, -23, 20, 3, 153, 153, 153
L -23, 20, 3, -6, 20, 3, 153, 153, 153
L -6, 20, 3, -31, 59, 3, 153, 153, 153
L -31, 59, 3, -17, 76, 3, 153, 153, 153
L -17, 76, 3, -2, 76, 3, 153, 153, 153
L -2, 76, 3, 14, 102, 3, 153, 153, 153
L 14, 116, 37, 31, 116, 3, 153, 153, 153
L 31, 116, 3, 31, 103, 3, 153, 153, 153
L 31, 103, 3, 15, 79, 3, 153, 153, 153
L 15, 79, 3, 33, 76, 3, 153, 153, 153
L 33, 76, 3, 50, 54, 3, 153, 153, 153
L 50, 54, 3, 67, 54, 3, 153, 153, 153
L 67, 54, 3, 76, 64, 3, 153, 153, 153
L 76, 64, 3, 94, 64, 3, 153, 153, 153
L 94, 64, 3, 103, 75, 3, 153, 153, 153
L 103, 75, 3, 105, 99, 3, 153, 153, 153
L 105, 99, 3, 111, 113, 5, 153, 153, 153
L 111, 113, 5, 131, 113, 3, 153, 153, 153
L 131, 113, 3, 158, 87, 7, 153, 153, 153
L 158, 87, 7, 158, 66, 3, 153, 153, 153
L 158, 66, 3, 141, 53, 2, 153, 153, 153
L 141, 53, 2, 140, 31, 2, 153, 153, 153
L 140, 31, 2, 148, 11, 1, 153, 153, 153
L 148, 11, 1, 160, -5, 0, 153, 153, 153
L 160, -5, 0, 167, 2, -1, 153, 153, 153
L 167, 2, -1, 163, 11, 0, 153, 153, 153
L 163, 11, 0, 163, 20, 0, 153, 153, 153
L 163, 20, 0, 166, 22, 0, 153, 153, 153
L 166, 22, 0, 167, 37, -5, 153, 153, 153
L 187, 35, -43, 187, 24, 0, 153, 153, 153
L 187, 24, 0, 190, 20, -1, 153, 153, 153
L 190, 20, -1, 190, 10, 0, 153, 153, 153
L 190, 10, 0, 187, 4, 0, 153, 153, 153
L 187, 4, 0, 191, -4, 0, 153, 153, 153
L 191, -4, 0, 191, -9, 0, 153, 153, 153
L 191, -9, 0, 186, -12, 0, 153, 153, 153
L 186, -12, 0, 146, -10, 0, 153, 153, 153
L 146, -10, 0, 143, -3, 1, 153, 153, 153
L 143, -3, 1, 121, 32, 2, 153, 153, 153
L 121, 32, 2, 121, 50, 2, 153, 153, 153
L 121, 50, 2, 132, 63, 2, 153, 153, 153
L 132, 63, 2, 145, 74, 3, 153, 153, 153
L 145, 74, 3, 133, 90, 3, 153, 153, 153
L 133, 90, 3, 125, 90, 3, 153, 153, 153
L 125, 90, 3, 117, 78, 3, 153, 153, 153
L 117, 78, 3, 117, 63, 3, 153, 153, 153
L 117, 63, 3, 92, 48, 3, 153, 153, 153
L 92, 48, 3, 74, 24, 6, 153, 153, 153
L 74, 24, 6, 68, 28, 3, 153, 153, 153
L 68, 28, 3, 54, 25, 10, 153, 153, 153
L 54, 25, 10, 35, 48, 3, 153, 153, 153
L 35, 48, 3, 13, 60, 3, 153, 153, 153
L 13, 60, 3, -1, 58, 3, 153, 153, 153
L -1, 58, 3, -2, 48, 3, 153, 153, 153
L -2, 48, 3, 30, 15, 3, 153, 153, 153
L 30, 15, 3, 80, 15, 3, 153, 153, 153
L 80, 15, 3, 96, -8, 3, 153, 153, 153
L 96, -8, 3, 96, -18, 3, 153, 153, 153
L 96, -18, 3, 81, -30, 3, 153, 153, 153
L 81, -30, 3, 58, -36, 3, 153, 153, 153
L 58, -36, 3, 11, -36, 3, 153, 153, 153
L 11, -36, 3, -7, -40, 3, 153, 153, 153
L -7, -40, 3, -22, -40, 3, 153, 153, 153
L -22, -40, 3, -34, -34, 3, 153, 153, 153
L -34, -34, 3, -44, -62, 3, 153, 153, 153
L -44, -62, 3, -44, -71, 3, 153, 153, 153
L -44, -71, 3, -53, -80, 3, 153, 153, 153
L -53, -80, 3, -84, -80, 3, 153, 153, 153
L -84, -80, 3, -101, -85, 3, 153, 153, 153
L -101, -85, 3, -109, -96, 3, 153, 153, 153
L -109, -96, 3, -109, -116, 3, 153, 153, 153
L -109, -116, 3, -102, -129, 3, 153, 153, 153
L -102, -129, 3, -79, -130, 3, 153, 153, 153
L -79, -130, 3, -51, -145, 3, 153, 153, 153
L -51, -145, 3, -51, -156, 3, 153, 153, 153
L -51, -156, 3, -61, -181, 3, 153, 153, 153
L -61, -181, 3, -60, -196, 3, 153, 153, 153
L -60, -196, 3, -36, -177, 3, 153, 153, 153
L -36, -177, 3, -21, -188, 3, 153, 153, 153
L -21, -188, 3, -11, -188, 3, 153, 153, 153
L -11, -188, 3, 17, -198, 3, 153, 153, 153
L 17, -198, 3, 28, -197, 3, 153, 153, 153
L 28, -197, 3, 28, -193, 3, 153, 153, 153
L 28, -193, 3, 36, -193, 3, 153, 153, 153
L 36, -193, 3, 56, -201, 3, 153, 153, 153
L 56, -201, 3, 71, -215, 4, 153, 153, 153
L 71, -215, 4, 71, -225, 3, 153, 153, 153
L 71, -225, 3, 69, -228, 3, 153, 153, 153
L 69, -228, 3, 73, -239, 2, 153, 153, 153
L 73, -239, 2, 77, -242, 2, 153, 153, 153
L 77, -242, 2, 97, -242, 0, 153, 153, 153
L 97, -242, 0, 108, -244, 0, 153, 153, 153
L 108, -244, 0, 120, -244, -1, 153, 153, 153
L 120, -244, -1, 121, -236, -4, 153, 153, 153
L 121, -236, -4, 116, -235, -5, 153, 153, 153
L 116, -235, -5, 111, -230, -4, 153, 153, 153
L 111, -230, -4, 111, -221, -5, 153, 153, 153
L 111, -221, -5, 119, -182, -25, 153, 153, 153
L 119, -182, -25, 119, -165, -28, 153, 153, 153
L 119, -165, -28, 128, -165, -28, 153, 153, 153
L 129, -178, -282, 139, -221, -5, 153, 153, 153
L 139, -221, -5, 133, -236, -4, 153, 153, 153
L 133, -236, -4, 118, -256, -1, 153, 153, 153
L 118, -256, -1, 97, -257, 0, 153, 153, 153
L 97, -257, 0, 88, -252, 1, 153, 153, 153
L 88, -252, 1, 74, -270, 2, 153, 153, 153
L 74, -270, 2, 56, -269, 1, 153, 153, 153
L 56, -269, 1, 52, -266, 1, 153, 153, 153
L 52, -266, 1, 39, -274, 2, 153, 153, 153
L 39, -274, 2, 43, -279, 2, 153, 153, 153
L 43, -279, 2, 54, -276, 3, 153, 153, 153
L 54, -276, 3, 70, -278, 3, 153, 153, 153
L 70, -278, 3, 76, -286, 3, 153, 153, 153
L 76, -286, 3, 78, -296, 3, 153, 153, 153
L 78, -296, 3, 60, -296, 3, 153, 153, 153
L 60, -296, 3, 37, -301, 4, 153, 153, 153
L 37, -301, 4, 37, -320, 5, 153, 153, 153
L 37, -320, 5, 29, -319, 5, 153, 153, 153
L 29, -319, 5, 29, -311, 8, 153, 153, 153
L 29, -311, 8, 17, -294, 4, 153, 153, 153
L 17, -294, 4, 37, -294, 4, 153, 153, 153
L 37, -294, 4, 60, -290, 3, 153, 153, 153
L 60, -290, 3, 61, -284, 3, 153, 153, 153
L 61, -284, 3, 45, -286, 2, 153, 153, 153
L 45, -286, 2, 31, -280, 2, 153, 153, 153
L 31, -280, 2, 31, -272, 2, 153, 153, 153
L 31, -272, 2, 43, -262, 2, 153, 153, 153
L 43, -262, 2, 46, -256, 2, 153, 153, 153
L 46, -256, 2, 52, -253, 1, 153, 153, 153
L 52, -253, 1, 61, -229, 3, 153, 153, 153
L 61, -229, 3, 59, -224, 3, 153, 153, 153
L 59, -224, 3, 27, -215, 3, 153, 153, 153
L 27, -215, 3, 12, -215, 3, 153, 153, 153
L 12, -215, 3, 0, -210, 3, 153, 153, 153
L 0, -210, 3, -10, -202, 3, 153, 153, 153
L -10, -202, 3, -36, -200, 3, 153, 153, 153
L -36, -200, 3, -50, -211, 3, 153, 153, 153
L -50, -211, 3, -59, -211, 3, 153, 153, 153
L -59, -211, 3, -86, -223, 3, 153, 153, 153
L -86, -223, 3, -119, -223, 3, 153, 153, 153
L -119, -223, 3, -139, -203, 6, 153, 153, 153
L -139, -203, 6, -139, -195, 3, 153, 153, 153
L -139, -195, 3, -139, -185, 3, 153, 153, 153
L -139, -185, 3, -120, -167, 3, 153, 153, 153
L -120, -167, 3, -79, -167, 3, 153, 153, 153
L -79, -167, 3, -67, -157, 3, 153, 153, 153
L -67, -157, 3, -77, -150, 3, 153, 153, 153
L -77, -150, 3, -106, -150, 3, 153, 153, 153
L -106, -150, 3, -135, -117, 3, 153, 153, 153
L -135, -117, 3, -135, -108, 3, 153, 153, 153
L -135, -108, 3, -163, -106, 3, 153, 153, 153
L -163, -106, 3, -163, -67, 3, 153, 153, 153
L -163, -67, 3, -191, -65, 4, 153, 153, 153
L -191, -65, 4, -191, -121, 4, 153, 153, 153
L -191, -121, 4, -173, -185, 4, 153, 153, 153
L -173, -185, 4, -138, -229, 4, 153, 153, 153
L -80, -190, 34, -88, -192, 3, 0, 153, 0
L -88, -192, 3, -107, -187, 3, 0, 153, 0
L -107, -187, 3, -122, -187, 3, 0, 153, 0
L -122, -187, 3, -126, -195, 3, 0, 153, 0
L -126, -195, 3, -121, -205, 3, 0, 153, 0
L -121, -205, 3, -112, -207, 3, 0, 153, 0
L -112, -207, 3, -97, -207, 3, 0, 153, 0
L -97, -207, 3, -88, -204, 3, 0, 153, 0
L -88, -204, 3, -78, -193, 3, 0, 153, 0
L -78, -193, 3, -80, -190, 3, 0, 153, 0
L -42, -15, 37, -22, -23, 3, 0, 0, 153
L -22, -23, 3, -4, -23, 3, 0, 0, 153
L -4, -23, 3, 32, -16, 3, 0, 0, 153
L 32, -16, 3, 52, -19, 3, 0, 0, 153
L 52, -19, 3, 60, -16, 3, 0, 0, 153
L 60, -16, 3, 58, -12, 3, 0, 0, 153
L 58, -12, 3, 50, -11, 3, 0, 0, 153
L 50, -11, 3, 30, -4, 3, 0, 0, 153
L 30, -4, 3, 10, -6, 3, 0, 0, 153
L 10, -6, 3, -9, -5, 3, 0, 0, 153
L -9, -5, 3, -24, -6, 3, 0, 0, 153
L -24, -6, 3, -41, -8, 3, 0, 0, 153
L -41, -8, 3, -42, -13, 3, 0, 0, 153
L -42, -13, 3, -42, -15, 3, 0, 0, 153
L 187, 25, -7, 187, 25, 0, 153, 153, 153
L 187, 25, 0, 187, 68, -17, 153, 153, 153
L 187, 68, -17, 176, 91, -34, 153, 153, 153
L 176, 91, -34, 175, 95, -38, 153, 153, 153
L 175, 95, -38, 181, 113, -45, 153, 153, 153
L 181, 113, -45, 182, 127, -45, 153, 153, 153
L 182, 127, -45, 260, 127, -47, 153, 153, 153
L 260, 127, -47, 261, 69, -69, 153, 153, 153
L 261, 69, -69, 292, 69, -71, 153, 153, 153
L 292, 69, -71, 292, 150, -99, 153, 153, 153
L 292, 150, -99, 269, 151, -107, 153, 153, 153
L 269, 151, -107, 269, 177, -113, 153, 153, 153
L 269, 177, -113, 160, 177, -116, 153, 153, 153
L 160, 177, -116, 136, 165, -118, 153, 153, 153
L 136, 165, -118, 129, 154, -126, 153, 153, 153
L 129, 154, -126, 129, 149, -128, 153, 153, 153
L 129, 149, -128, 125, 148, -129, 153, 153, 153
L 125, 148, -129, 125, 119, -129, 153, 153, 153
L 125, 119, -129, 131, 119, -129, 153, 153, 153
L 175, 135, -455, 175, 135, -45, 153, 153, 153
L 175, 135, -45, 271, 135, -47, 153, 153, 153
L 271, 135, -47, 272, 80, -69, 153, 153, 153
L 272, 80, -69, 281, 80, -70, 153, 153, 153
L 281, 80, -70, 280, 140, -99, 153, 153, 153
L 280, 140, -99, 258, 140, -107, 153, 153, 153
L 258, 140, -107, 258, 167, -113, 153, 153, 153
L 258, 167, -113, 156, 169, -116, 153, 153, 153
L 156, 169, -116, 143, 154, -128, 153, 153, 153
L 143, 154, -128, 144, 148, -129, 153, 153, 153
L 144, 148, -129, 151, 148, -129, 153, 153, 153
L 151, 148, -129, 151, 119, -129, 153, 153, 153
L 151, 119, -129, 141, 119, -129, 153, 153, 153
L 141, 119, -129, 140, 113, -128, 153, 153, 153
L 140, 113, -128, 164, 113, -128, 153, 153, 153
L 164, 113, -128, 165, 118, -128, 153, 153, 153
L 165, 118, -128, 157, 119, -128, 153, 153, 153
L 157, 119, -128, 157, 151, -128, 153, 153, 153
L 157, 151, -128, 175, 151, -125, 153, 153, 153
L 175, 151, -125, 175, 126, -128, 153, 153, 153
L 175, 126, -128, 174, 119, -128, 153, 153, 153
L 174, 119, -128, 173, 97, -126, 153, 153, 153
L 173, 97, -126, 153, 97, -128, 153, 153, 153
L 153, 97, -128, 152, 91, -128, 153, 153, 153
L 152, 91, -128, 166, 90, -128, 153, 153, 153
L 166, 90, -128, 167, 72, -128, 153, 153, 153
L 167, 72, -128, 188, 70, -128, 153, 153, 153
L 188, 70, -128, 201, 55, -128, 153, 153, 153
L 201, 55, -128, 206, 55, -128, 153, 153, 153
L 206, 55, -128, 206, 68, -128, 153, 153, 153
L 206, 68, -128, 184, 93, -128, 153, 153, 153
L 184, 93, -128, 184, 144, -128, 153, 153, 153
L 184, 144, -128, 206, 179, -128, 153, 153, 153
L 206, 179, -128, 206, 214, -128, 153, 153, 153
L 206, 214, -128, 162, 238, -128, 153, 153, 153
L 162, 238, -128, 97, 252, -128, 153, 153, 153
L 97, 252, -128, 51, 237, -128, 153, 153, 153
L 51, 237, -128, 46, 212, -128, 153, 153, 153
L 46, 212, -128, 47, 205, -128, 153, 153, 153
L 47, 205, -128, 59, 203, -128, 153, 153, 153
L 59, 203, -128, 94, 225, -128, 153, 153, 153
L 94, 225, -128, 107, 234, -128, 153, 153, 153
L 107, 234, -128, 116, 235, -128, 153, 153, 153
L 116, 235, -128, 143, 204, -128, 153, 153, 153
L 143, 204, -128, 155, 203, -129, 153, 153, 153
L 155, 203, -129, 159, 202, -129, 153, 153, 153
L 159, 202, -129, 159, 191, -129, 153, 153, 153
L 159, 191, -129, 146, 189, -129, 153, 153, 153
L 146, 189, -129, 120, 161, -128, 153, 153, 153
L 120, 161, -128, 115, 157, -128, 153, 153, 153
L 115, 157, -128, 117, 151, -128, 153, 153, 153
L 117, 151, -128, 117, 107, -128, 153, 153, 153
L 117, 107, -128, 114, 107, -128, 153, 153, 153
L 114, 107, -128, 114, 102, -128, 153, 153, 153
L 114, 102, -128, 125, 101, -126, 153, 153, 153
L 125, 101, -126, 125, 91, -128, 153, 153, 153
L 125, 91, -128, 143, 90, -128, 153, 153, 153
L 143, 90, -128, 144, 96, -128, 153, 153, 153
L 144, 96, -128, 131, 97, -128, 153, 153, 153
L 131, 97, -128, 125, 113, -125, 153, 153, 153
L 125, 113, -125, 131, 113, -128, 153, 153, 153
L 131, 113, -128, 132, 118, -129, 153, 153, 153
L 132, 118, -129, 131, 119, -129, 153, 153, 153
L 183, 58, -1284, 183, 58, -128, 153, 153, 153
L 183, 58, -128, 168, 61, -128, 153, 153, 153
L 168, 61, -128, 157, 57, -128, 153, 153, 153
L 157, 57, -128, 152, 47, -128, 153, 153, 153
L 152, 47, -128, 150, 36, -128, 153, 153, 153
L 150, 36, -128, 154, 25, -128, 153, 153, 153
L 154, 25, -128, 162, 20, -128, 153, 153, 153
L 162, 20, -128, 163, -3, -128, 153, 153, 153
L 163, -3, -128, 166, -3, -128, 153, 153, 153
L 166, -3, -128, 168, 21, -114, 153, 153, 153
L 168, 21, -114, 157, 26, -114, 153, 153, 153
L 157, 26, -114, 154, 36, -114, 153, 153, 153
L 154, 36, -114, 156, 47, -114, 153, 153, 153
L 156, 47, -114, 159, 53, -115, 153, 153, 153
L 159, 53, -115, 168, 57, -114, 153, 153, 153
L 168, 57, -114, 181, 55, -114, 153, 153, 153
L 181, 55, -114, 185, 49, -114, 153, 153, 153
L 185, 49, -114, 190, 47, -114, 153, 153, 153
L 190, 47, -114, 199, 53, -114, 153, 153, 153
L 199, 53, -114, 203, 55, -114, 153, 153, 153
L 203, 55, -114, 212, 55, -115, 153, 153, 153
L 213, 19, -1158, 213, 19, -115, 153, 153, 153
L 213, 19, -115, 203, 19, -114, 153, 153, 153
L 203, 19, -114, 202, 19, -114, 153, 153, 153
L 202, 19, -114, 191, 29, -114, 153, 153, 153
L 191, 29, -114, 185, 28, -111, 153, 153, 153
L 185, 28, -111, 177, 23, -115, 153, 153, 153
L 177, 23, -115, 175, 23, -114, 153, 153, 153
L 175, 23, -114, 174, -1, -128, 153, 153, 153
L 174, -1, -128, 179, -3, -128, 153, 153, 153
L 179, -3, -128, 180, 20, -128, 153, 153, 153
L 180, 20, -128, 191, 27, -128, 153, 153, 153
L 191, 27, -128, 191, 39, -128, 153, 153, 153
L 191, 39, -128, 184, 39, -128, 153, 153, 153
L 184, 39, -128, 184, 29, -128, 153, 153, 153
L 184, 29, -128, 178, 27, -128, 153, 153, 153
L 178, 27, -128, 167, 27, -128, 153, 153, 153
L 167, 27, -128, 160, 28, -128, 153, 153, 153
L 160, 28, -128, 157, 35, -128, 153, 153, 153
L 157, 35, -128, 162, 52, -128, 153, 153, 153
L 162, 52, -128, 169, 55, -128, 153, 153, 153
L 169, 55, -128, 179, 53, -128, 153, 153, 153
L 179, 53, -128, 184, 47, -128, 153, 153, 153
L 184, 47, -128, 184, 46, -128, 153, 153, 153
L 184, 46, -128, 191, 48, -128, 153, 153, 153
L 191, 48, -128, 183, 58, -128, 153, 153, 153
L 159, 84, -1284, 159, 84, -128, 153, 153, 153
L 159, 84, -128, 160, 74, -128, 153, 153, 153
L 160, 74, -128, 149, 68, -128, 153, 153, 153
L 149, 68, -128, 140, 57, -128, 153, 153, 153
L 140, 57, -128, 136, 38, -128, 153, 153, 153
L 136, 38, -128, 155, -9, -128, 153, 153, 153
L 155, -9, -128, 166, -11, -128, 153, 153, 153
L 166, -11, -128, 167, -16, -128, 153, 153, 153
L 167, -16, -128, 152, -16, -128, 153, 153, 153
L 152, -16, -128, 152, -18, -128, 153, 153, 153
L 152, -18, -128, 153, -22, -128, 153, 153, 153
L 153, -22, -128, 152, -28, -128, 153, 153, 153
L 152, -28, -128, 135, -28, -128, 153, 153, 153
L 135, -28, -128, 135, -66, -124, 153, 153, 153
L 135, -66, -124, 148, -66, -128, 153, 153, 153
L 148, -66, -128, 157, -66, -128, 153, 153, 153
L 157, -66, -128, 157, -95, -128, 153, 153, 153
L 157, -95, -128, 128, -96, -128, 153, 153, 153
L 128, -96, -128, 127, -98, -128, 153, 153, 153
L 127, -98, -128, 121, -94, -128, 153, 153, 153
L 121, -94, -128, 121, -76, -125, 153, 153, 153
L 121, -76, -125, 80, -76, -128, 153, 153, 153
L 80, -76, -128, 79, -101, -128, 153, 153, 153
L 79, -101, -128, 73, -100, -128, 153, 153, 153
L 73, -100, -128, 73, -79, -128, 153, 153, 153
L 73, -79, -128, 43, -76, -128, 153, 153, 153
L 43, -76, -128, 43, -126, -128, 153, 153, 153
L 43, -126, -128, 19, -168, -128, 153, 153, 153
L 19, -168, -128, 9, -168, -128, 153, 153, 153
L 27, -167, -1284, 27, -167, -128, 153, 153, 153
L 27, -167, -128, 50, -122, -128, 153, 153, 153
L 50, -122, -128, 73, -122, -128, 153, 153, 153
L 73, -122, -128, 73, -109, -128, 153, 153, 153
L 73, -109, -128, 80, -112, -128, 153, 153, 153
L 80, -112, -128, 80, -124, -128, 153, 153, 153
L 80, -124, -128, 121, -124, -128, 153, 153, 153
L 121, -124, -128, 120, -105, -128, 153, 153, 153
L 120, -105, -128, 128, -106, -128, 153, 153, 153
L 128, -106, -128, 169, -106, -128, 153, 153, 153
L 169, -106, -128, 169, -73, -128, 153, 153, 153
L 169, -73, -128, 167, -71, -128, 153, 153, 153
L 167, -71, -128, 167, -66, -128, 153, 153, 153
L 167, -66, -128, 168, -43, -128, 153, 153, 153
L 168, -43, -128, 169, -43, -128, 153, 153, 153
L 169, -43, -128, 168, -31, -125, 153, 153, 153
L 168, -31, -125, 160, -28, -128, 153, 153, 153
L 160, -28, -128, 161, -22, -128, 153, 153, 153
L 161, -22, -128, 174, -22, -128, 153, 153, 153
L 174, -22, -128, 174, -12, -128, 153, 153, 153
L 174, -12, -128, 189, -11, -128, 153, 153, 153
L 189, -11, -128, 200, 18, -128, 153, 153, 153
L 200, 18, -128, 207, 18, -128, 153, 153, 153
L 207, 18, -128, 206, -10, -128, 153, 153, 153
L 206, -10, -128, 187, -33, -128, 153, 153, 153
L 187, -33, -128, 182, -48, -128, 153, 153, 153
L 182, -48, -128, 181, -62, -128, 153, 153, 153
L 181, -62, -128, 187, -123, -128, 153, 153, 153
L 187, -123, -128, 152, -178, -128, 153, 153, 153
L 152, -178, -128, 123, -206, -128, 153, 153, 153
L 123, -206, -128, 101, -207, -128, 153, 153, 153
L 101, -207, -128, 100, -200, -129, 153, 153, 153
L 100, -200, -129, 120, -174, -129, 153, 153, 153
L 120, -174, -129, 120, -168, -129, 153, 153, 153
L 120, -168, -129, 102, -144, -129, 153, 153, 153
L 102, -144, -129, 80, -142, -129, 153, 153, 153
L 80, -142, -129, 54, -166, -129, 153, 153, 153
L 54, -166, -129, 28, -167, -128, 153, 153, 153
L 81, -207, -1284, 81, -207, -128, 153, 153, 153
L 81, -207, -128, 57, -207, -128, 153, 153, 153
L 57, -207, -128, 21, -203, -128, 153, 153, 153
L 21, -203, -128, -19, -184, -128, 153, 153, 153
L -19, -184, -128, -45, -184, -128, 153, 153, 153
L -45, -184, -128, -84, -240, -128, 153, 153, 153
L -84, -240, -128, -85, -252, -128, 153, 153, 153
L -85, -252, -128, -48, -300, -128, 153, 153, 153
L -48, -300, -128, -27, -304, -128, 153, 153, 153
L -27, -304, -128, 18, -274, -128, 153, 153, 153
L 18, -274, -128, 59, -263, -128, 153, 153, 153
L 59, -263, -128, 93, -263, -128, 153, 153, 153
L 93, -263, -128, 150, -235, -128, 153, 153, 153
L 150, -235, -128, 210, -178, -128, 153, 153, 153
L 210, -178, -128, 229, -131, -128, 153, 153, 153
L 229, -131, -128, 219, -62, -128, 153, 153, 153
L 219, -62, -128, 232, -48, -128, 153, 153, 153
L 232, -48, -128, 253, -34, -128, 153, 153, 153
L 253, -34, -128, 258, -1, -128, 153, 153, 153
L 258, -1, -128, 259, 7, -128, 153, 153, 153
L 259, 7, -128, 261, 51, -128, 153, 153, 153
L 261, 51, -128, 261, 60, -128, 153, 153, 153
L 261, 60, -128, 235, 90, -128, 153, 153, 153
L 235, 90, -128, 234, 144, -128, 153, 153, 153
L 234, 144, -128, 251, 165, -128, 153, 153, 153
L 251, 165, -128, 264, 208, -128, 153, 153, 153
L 264, 208, -128, 207, 273, -128, 153, 153, 153
L 207, 273, -128, 70, 281, -128, 153, 153, 153
L 70, 281, -128, 34, 276, -128, 153, 153, 153
L 34, 276, -128, 13, 268, -128, 153, 153, 153
L 13, 268, -128, 11, 238, -128, 153, 153, 153
L 11, 238, -128, 20, 237, -128, 153, 153, 153
L 20, 237, -128, 20, 145, -128, 153, 153, 153
L 20, 145, -128, -14, 145, -128, 153, 153, 153
L -63, -257, -1578, -63, -257, -157, 0, 0, 255
L -63, -257, -157, -44, -289, -145, 0, 0, 255
L -44, -289, -145, -23, -289, -145, 0, 0, 255
L -23, -289, -145, 19, -257, -145, 0, 0, 255
L 19, -257, -145, 54, -253, -145, 0, 0, 255
L 54, -253, -145, 93, -253, -145, 0, 0, 255
L 93, -253, -145, 159, -217, -145, 0, 0, 255
L 159, -217, -145, 196, -176, -145, 0, 0, 255
L 196, -176, -145, 220, -125, -145, 0, 0, 255
L 220, -125, -145, 206, -65, -145, 0, 0, 255
L 206, -65, -145, 213, -49, -145, 0, 0, 255
L 213, -49, -145, 234, -34, -145, 0, 0, 255
L 234, -34, -145, 239, -11, -145, 0, 0, 255
L 239, -11, -145, 247, 1, -145, 0, 0, 255
L 247, 1, -145, 254, 15, -145, 0, 0, 255
L 254, 15, -145, 254, 57, -145, 0, 0, 255
L 254, 57, -145, 252, 66, -145, 0, 0, 255
L 252, 66, -145, 219, 91, -145, 0, 0, 255
L 219, 91, -145, 219, 142, -145, 0, 0, 255
L 219, 142, -145, 249, 177, -145, 0, 0, 255
L 249, 177, -145, 252, 207, -145, 0, 0, 255
L 252, 207, -145, 203, 267, -145, 0, 0, 255
L 203, 267, -145, 99, 272, -145, 0, 0, 255
L 99, 272, -145, 35, 272, -145, 0, 0, 255
L 35, 272, -145, 30, 261, -145, 0, 0, 255
L 30, 261, -145, 28, 134, -145, 0, 0, 255
L 28, 134, -145, -3, 134, -145, 0, 0, 255
L -3, 134, -145, -3, 13, -145, 0, 0, 255
L 2, 13, -1454, 2, 13, -145, 0, 0, 255
L 2, 13, -145, 2, 123, -145, 0, 0, 255
L 2, 123, -145, 33, 124, -145, 0, 0, 255
L 33, 124, -145, 35, 235, -145, 0, 0, 255
L 35, 235, -145, 60, 254, -145, 0, 0, 255
L 60, 254, -145, 94, 259, -145, 0, 0, 255
L 94, 259, -145, 162, 248, -145, 0, 0, 255
L 162, 248, -145, 226, 216, -145, 0, 0, 255
L 226, 216, -145, 227, 180, -145, 0, 0, 255
L 227, 180, -145, 193, 145, -145, 0, 0, 255
L 193, 145, -145, 192, 97, -145, 0, 0, 255
L 192, 97, -145, 210, 71, -145, 0, 0, 255
L 210, 71, -145, 214, 61, -145, 0, 0, 255
L 214, 61, -145, 215, 19, -145, 0, 0, 255
L 215, 19, -145, 212, -8, -145, 0, 0, 255
L 212, -8, -145, 197, -29, -145, 0, 0, 255
L 197, -29, -145, 188, -48, -145, 0, 0, 255
L 188, -48, -145, 196, -121, -145, 0, 0, 255
L 196, -121, -145, 166, -177, -145, 0, 0, 255
L 166, -177, -145, 140, -203, -145, 0, 0, 255
L 140, -203, -145, 113, -219, -145, 0, 0, 255
L 113, -219, -145, 25, -218, -145, 0, 0, 255
L 25, -218, -145, -19, -201, -145, 0, 0, 255
L -19, -201, -145, -43, -200, -145, 0, 0, 255
L -43, -200, -145, -63, -241, -155, 0, 0, 255
L 160, 83, -1284, 160, 83, -128, 153, 153, 153
L 160, 83, -128, 126, 84, -128, 153, 153, 153
L 126, 84, -128, 125, 82, -128, 153, 153, 153
L 125, 82, -128, 97, 83, -125, 153, 153, 153
L 97, 83, -125, 100, 97, -128, 153, 153, 153
L 100, 97, -128, 106, 100, -128, 153, 153, 153
L 106, 100, -128, 107, 106, -128, 153, 153, 153
L 107, 106, -128, 91, 107, -128, 153, 153, 153
L 91, 107, -128, 90, 83, -128, 153, 153, 153
L 90, 83, -128, 83, 83, -128, 153, 153, 153
L 83, 83, -128, 82, 95, -128, 153, 153, 153
L 82, 95, -128, 77, 95, -128, 153, 153, 153
L 77, 95, -128, 77, 84, -125, 153, 153, 153
L 77, 84, -125, 20, 84, -128, 153, 153, 153
L 20, 84, -128, 20, 97, -128, 153, 153, 153
L 20, 97, -128, 12, 97, -128, 153, 153, 153
L 12, 97, -128, 12, 72, -128, 153, 153, 153
L 12, 106, -1284, 12, 106, -128, 153, 153, 153
L 12, 106, -128, 18, 104, -128, 153, 153, 153
L 18, 104, -128, 20, 109, -128, 153, 153, 153
L 20, 109, -128, 77, 109, -128, 153, 153, 153
L 77, 109, -128, 77, 104, -128, 153, 153, 153
L 77, 104, -128, 83, 103, -128, 153, 153, 153
L 83, 103, -128, 83, 114, -128, 153, 153, 153
L 83, 114, -128, 105, 114, -128, 153, 153, 153
L 105, 114, -128, 107, 151, -128, 153, 153, 153
L 107, 151, -128, 108, 151, -128, 153, 153, 153
L 108, 151, -128, 108, 157, -128, 153, 153, 153
L 108, 157, -128, 59, 188, -128, 153, 153, 153
L 59, 188, -128, 50, 187, -128, 153, 153, 153
L 50, 187, -128, 47, 187, -128, 153, 153, 153
L 47, 187, -128, 46, 115, -125, 153, 153, 153
L 46, 115, -125, 13, 115, -128, 153, 153, 153
L 13, 115, -128, 12, 106, -128, 153, 153, 153
L 12, 72, -1284, 12, 72, -128, 153, 153, 153
L 12, 72, -128, 53, 72, -128, 153, 153, 153
L 53, 72, -128, 54, 77, -128, 153, 153, 153
L 54, 77, -128, 125, 77, -124, 153, 153, 153
L 125, 77, -124, 125, 51, -128, 153, 153, 153
L 125, 51, -128, 119, 51, -128, 153, 153, 153
L 119, 51, -128, 118, 45, -128, 153, 153, 153
L 118, 45, -128, 122, 45, -128, 153, 153, 153
L 122, 45, -128, 122, 23, -125, 153, 153, 153
L 122, 23, -125, 105, 20, -128, 153, 153, 153
L 105, 20, -128, 105, 40, -128, 153, 153, 153
L 105, 40, -128, 110, 45, -128, 153, 153, 153
L 110, 45, -128, 110, 51, -128, 153, 153, 153
L 110, 51, -128, 93, 51, -128, 153, 153, 153
L 93, 51, -128, 93, 22, -109, 153, 153, 153
L 93, 22, -109, 94, 5, -109, 153, 153, 153
L 94, 5, -109, 97, -9, -108, 153, 153, 153
L 97, -9, -108, 97, -11, -108, 153, 153, 153
L 97, -11, -108, 97, -10, -108, 153, 153, 153
L 97, -10, -108, 96, -38, -84, 153, 153, 153
L 96, -38, -84, 96, -44, -82, 153, 153, 153
L 96, -44, -82, 94, -48, -82, 153, 153, 153
L 94, -48, -82, 88, -50, -82, 153, 153, 153
L 88, -50, -82, 86, -64, -82, 153, 153, 153
L 86, -64, -82, 84, -67, -82, 153, 153, 153
L 84, -67, -82, 76, -70, -82, 153, 153, 153
L 76, -70, -82, 78, -75, -82, 153, 153, 153
L 67, -42, -825, 67, -42, -82, 153, 153, 153
L 67, -42, -82, 79, -42, -82, 153, 153, 153
L 79, -42, -82, 80, -11, -108, 153, 153, 153
L 80, -11, -108, 79, -10, -108, 153, 153, 153
L 79, -10, -108, 84, 2, -108, 153, 153, 153
L 84, 2, -108, 84, 6, -109, 153, 153, 153
L 84, 6, -109, 84, 21, -109, 153, 153, 153
L 84, 21, -109, 85, 50, -128, 153, 153, 153
L 85, 50, -128, 54, 51, -124, 153, 153, 153
L 54, 51, -124, 54, 63, -128, 153, 153, 153
L 54, 63, -128, 14, 65, -128, 153, 153, 153
L 14, 65, -128, 13, 46, -128, 153, 153, 153
L 13, 46, -128, 45, 45, -128, 153, 153, 153
L 45, 45, -128, 45, -7, -128, 153, 153, 153
L 45, -28, -1284, 45, -28, -128, 153, 153, 153
L 45, -28, -128, 45, -46, -123, 153, 153, 153
L 45, -46, -123, -46, -46, -124, 153, 153, 153
L -46, -46, -124, -46, 0, -128, 153, 153, 153
L -46, 9, -1284, -46, 9, -128, 153, 153, 153
L -46, 9, -128, -46, 45, -128, 153, 153, 153
L -46, 45, -128, -16, 45, -128, 153, 153, 153
L -16, 45, -128, -15, 123, -128, 153, 153, 153
L -16, 143, -1284, -16, 143, -128, 153, 153, 153
L -16, 143, -128, -15, 145, -128, 153, 153, 153
L -15, 145, -128, 19, 145, -128, 153, 153, 153
L 45, -10, -1284, 45, -10, -128, 153, 153, 153
L 45, -10, -128, 53, -10, -128, 153, 153, 153
L 53, -10, -128, 53, 7, -128, 153, 153, 153
L 53, 7, -128, 54, 7, -128, 153, 153, 153
L 54, 7, -128, 55, 20, -128, 153, 153, 153
L 55, 20, -128, 52, 21, -127, 153, 153, 153
L 52, 21, -127, 53, 45, -128, 153, 153, 153
L 53, 45, -128, 70, 45, -128, 153, 153, 153
L 70, 45, -128, 72, 21, -128, 153, 153, 153
L 72, 21, -128, 64, 21, -128, 153, 153, 153
L 64, 21, -128, 63, 9, -128, 153, 153, 153
L 63, 9, -128, 65, 7, -128, 153, 153, 153
L 65, 7, -128, 65, -66, -128, 153, 153, 153
L 65, -66, -128, -36, -66, -128, 153, 153, 153
L -36, -66, -128, -38, -84, -128, 153, 153, 153
L -38, -84, -128, -31, -86, -124, 153, 153, 153
L -31, -86, -124, -31, -130, -128, 153, 153, 153
L -31, -130, -128, -105, -130, -128, 153, 153, 153
L -105, -130, -128, -108, -119, -128, 153, 153, 153
L -108, -119, -128, -114, -119, -128, 153, 153, 153
L -114, -119, -128, -115, -143, -128, 153, 153, 153
L -115, -143, -128, -61, -144, -128, 153, 153, 153
L -61, -144, -128, -56, -167, -128, 153, 153, 153
L -56, -167, -128, 1, -168, -128, 153, 153, 153
L 1, -168, -128, 2, -162, -128, 153, 153, 153
L 2, -162, -128, -20, -123, -128, 153, 153, 153
L -20, -123, -128, -21, -101, -128, 153, 153, 153
L -21, -101, -128, -15, -94, -123, 153, 153, 153
L -15, -94, -123, -14, -101, -128, 153, 153, 153
L -14, -101, -128, 20, -101, -111, 153, 153, 153
L 20, -101, -111, 23, -99, -110, 153, 153, 153
L 23, -99, -110, 25, -100, -110, 153, 153, 153
L 25, -100, -110, 60, -100, -97, 153, 153, 153
L 60, -100, -97, 64, -76, -82, 153, 153, 153
L 64, -76, -82, 66, -69, -82, 153, 153, 153
L 66, -69, -82, 59, -67, -82, 153, 153, 153
L 59, -67, -82, 56, -65, -82, 153, 153, 153
L 56, -65, -82, 54, -58, -82, 153, 153, 153
L 54, -58, -82, 43, -50, -82, 153, 153, 153
L 78, -75, -826, 78, -75, -82, 153, 153, 153
L 78, -75, -82, 78, -100, -96, 153, 153, 153
L 78, -100, -96, 76, -104, -96, 153, 153, 153
L 76, -104, -96, 68, -109, -97, 153, 153, 153
L 68, -109, -97, 23, -111, -110, 153, 153, 153
L 23, -111, -110, 22, -109, -111, 153, 153, 153
L 22, -109, -111, -15, -111, -128, 153, 153, 153
L -15, -111, -128, -15, -121, -128, 153, 153, 153
L -15, -121, -128, 8, -162, -128, 153, 153, 153
L 8, -162, -128, 9, -168, -128, 153, 153, 153
L 80, -206, -1284, 80, -206, -128, 153, 153, 153
L 80, -206, -128, 81, -201, -129, 153, 153, 153
L 81, -201, -129, 54, -175, -129, 153, 153, 153
L 54, -175, -129, -70, -174, -128, 153, 153, 153
L -70, -174, -128, -70, -155, -128, 153, 153, 153
L -70, -155, -128, -130, -154, -128, 153, 153, 153
L -130, -154, -128, -132, -111, -128, 153, 153, 153
L -132, -111, -128, -109, -111, -128, 153, 153, 153
L -109, -111, -128, -109, -106, -128, 153, 153, 153
L -109, -106, -128, -122, -105, -128, 153, 153, 153
L -122, -105, -128, -122, -69, -128, 153, 153, 153
L -122, -69, -128, -142, -68, -128, 153, 153, 153
L -142, -68, -128, -142, -44, -128, 153, 153, 153
L -142, -44, -128, -130, -43, -128, 153, 153, 153
L -130, -43, -128, -130, -38, -128, 153, 153, 153
L -130, -38, -128, -142, -37, -125, 153, 153, 153
L -142, -37, -125, -142, -4, -128, 153, 153, 153
L -142, -4, -128, -119, -2, -128, 153, 153, 153
L 45, -28, -1284, 45, -28, -128, 153, 153, 153
L 45, -28, -128, 53, -28, -128, 153, 153, 153
L 53, -28, -128, 53, -51, -128, 153, 153, 153
L 53, -51, -128, -46, -52, -128, 153, 153, 153
L -46, -52, -128, -45, -86, -128, 153, 153, 153
L -45, -86, -128, -64, -86, -128, 153, 153, 153
L -64, -86, -128, -66, -74, -123, 153, 153, 153
L -66, -74, -123, -108, -74, -124, 153, 153, 153
L -108, -74, -124, -109, -98, -128, 153, 153, 153
L -109, -98, -128, -115, -97, -128, 153, 153, 153
L -115, -97, -128, -115, -69, -128, 153, 153, 153
L -115, -69, -128, -99, -69, -124, 153, 153, 153
L -99, -69, -124, -99, -2, -124, 153, 153, 153
L -99, -2, -124, -111, -2, -128, 153, 153, 153
L -46, 0, -1284, -46, 0, -128, 153, 153, 153
L -46, 0, -128, -51, 1, -128, 153, 153, 153
L -51, 1, -128, -53, -16, -128, 153, 153, 153
L -53, -16, -128, -53, -17, -128, 153, 153, 153
L -53, -17, -128, -54, -24, -128, 153, 153, 153
L -54, -24, -128, -58, -25, -128, 153, 153, 153
L -58, -25, -128, -59, -16, -128, 153, 153, 153
L -59, -16, -128, -62, -17, -128, 153, 153, 153
L -62, -17, -128, -63, -25, -126, 153, 153, 153
L -63, -25, -126, -67, -25, -126, 153, 153, 153
L -67, -25, -126, -67, -17, -128, 153, 153, 153
L -67, -17, -128, -71, -17, -128, 153, 153, 153
L -71, -17, -128, -72, -25, -126, 153, 153, 153
L -72, -25, -126, -76, -25, -126, 153, 153, 153
L -76, -25, -126, -76, -17, -128, 153, 153, 153
L -76, -17, -128, -89, -16, -128, 153, 153, 153
L -89, -16, -128, -89, 16, -128, 153, 153, 153
L -89, 16, -128, -53, 18, -128, 153, 153, 153
L -53, 18, -128, -53, 9, -128, 153, 153, 153
L -53, 9, -128, -47, 8, -128, 153, 153, 153
L -15, 124, -1284, -15, 124, -128, 153, 153, 153
L -15, 124, -128, -20, 125, -128, 153, 153, 153
L -20, 125, -128, -33, 126, -128, 153, 153, 153
L -33, 126, -128, -34, 94, -128, 153, 153, 153
L -34, 94, -128, -25, 84, -123, 153, 153, 153
L -25, 84, -123, -46, 74, -128, 153, 153, 153
L -46, 74, -128, -59, 61, -128, 153, 153, 153
L -59, 61, -128, -93, 58, -128, 153, 153, 153
L -93, 58, -128, -107, 60, -128, 153, 153, 153
L -107, 60, -128, -114, 46, -128, 153, 153, 153
L -114, 46, -128, -114, 13, -128, 153, 153, 153
L -114, 13, -128, -112, 3, -128, 153, 153, 153
L -112, 3, -128, -111, -1, -128, 153, 153, 153
L -111, -1, -128, -111, -2, -128, 153, 153, 153
L -119, -2, -1284, -119, -2, -128, 153, 153, 153
L -119, -2, -128, -118, 12, -128, 153, 153, 153
L -118, 12, -128, -123, 30, -128, 153, 153, 153
L -123, 30, -128, -142, 30, -128, 153, 153, 153
L -142, 30, -128, -146, 95, -128, 153, 153, 153
L -15, 144, -1284, -15, 144, -128, 153, 153, 153
L -15, 144, -128, -20, 143, -128, 153, 153, 153
L -20, 143, -128, -44, 140, -128, 153, 153, 153
L -44, 140, -128, -48, 139, -128, 153, 153, 153
L -48, 139, -128, -62, 107, -128, 153, 153, 153
L -62, 107, -128, -92, 107, -128, 153, 153, 153
L -92, 107, -128, -93, 132, -128, 153, 153, 153
L -93, 132, -128, -86, 133, -128, 153, 153, 153
L -86, 133, -128, -86, 113, -128, 153, 153, 153
L -86, 113, -128, -67, 113, -128, 153, 153, 153
L -67, 113, -128, -67, 159, -128, 153, 153, 153
L -67, 159, -128, -83, 159, -128, 153, 153, 153
L -83, 159, -128, -87, 142, -128, 153, 153, 153
L -87, 142, -128, -93, 143, -128, 153, 153, 153
L -93, 143, -128, -93, 158, -128, 153, 153, 153
L -93, 158, -128, -146, 159, -124, 153, 153, 153
L -146, 159, -124, -146, 104, -128, 153, 153, 153
L -146, 104, -128, -153, 105, -128, 153, 153, 153
L -153, 105, -128, -155, 109, -125, 153, 153, 153
L -155, 109, -125, -186, 111, -125, 153, 153, 153
L -186, 111, -125, -188, 86, -128, 153, 153, 153
L -188, 86, -128, -164, 86, -128, 153, 153, 153
L -153, 86, -1284, -153, 86, -128, 153, 153, 153
L -153, 86, -128, -153, 95, -128, 153, 153, 153
L -153, 95, -128, -146, 95, -128, 153, 153, 153
L -139, 148, -1284, -139, 148, -128, 153, 153, 153
L -139, 148, -128, -139, 36, -128, 153, 153, 153
L -139, 36, -128, -121, 36, -128, 153, 153, 153
L -121, 36, -128, -118, 48, -128, 153, 153, 153
L -118, 48, -128, -118, 65, -128, 153, 153, 153
L -118, 65, -128, -81, 65, -128, 153, 153, 153
L -81, 65, -128, -60, 70, -128, 153, 153, 153
L -60, 70, -128, -44, 82, -128, 153, 153, 153
L -44, 82, -128, -44, 116, -128, 153, 153, 153
L -44, 116, -128, -50, 118, -128, 153, 153, 153
L -50, 118, -128, -52, 102, -128, 153, 153, 153
L -52, 102, -128, -90, 101, -128, 153, 153, 153
L -90, 101, -128, -90, 94, -128, 153, 153, 153
L -90, 94, -128, -70, 94, -128, 153, 153, 153
L -70, 94, -128, -70, 81, -127, 153, 153, 153
L -70, 81, -127, -100, 77, -126, 153, 153, 153
L -100, 77, -126, -102, 94, -128, 153, 153, 153
L -102, 94, -128, -100, 94, -128, 153, 153, 153
L -100, 94, -128, -99, 101, -128, 153, 153, 153
L -99, 101, -128, -102, 101, -128, 153, 153, 153
L -102, 101, -128, -102, 113, -128, 153, 153, 153
L -102, 113, -128, -108, 114, -128, 153, 153, 153
L -108, 114, -128, -109, 104, -128, 153, 153, 153
L -109, 104, -128, -118, 104, -128, 153, 153, 153
L -118, 104, -128, -118, 98, -128, 153, 153, 153
L -118, 98, -128, -108, 97, -128, 153, 153, 153
L -108, 97, -128, -108, 77, -127, 153, 153, 153
L -108, 77, -127, -134, 77, -128, 153, 153, 153
L -134, 77, -128, -134, 97, -128, 153, 153, 153
L -134, 97, -128, -126, 98, -128, 153, 153, 153
L -126, 98, -128, -125, 103, -128, 153, 153, 153
L -125, 103, -128, -134, 104, -123, 153, 153, 153
L -134, 104, -123, -134, 138, -128, 153, 153, 153
L -134, 138, -128, -134, 143, -128, 153, 153, 153
L -134, 143, -128, -111, 143, -128, 153, 153, 153
L -111, 143, -128, -109, 122, -128, 153, 153, 153
L -109, 122, -128, -103, 122, -128, 153, 153, 153
L -103, 122, -128, -104, 149, -128, 153, 153, 153
L -104, 149, -128, -139, 148, -128, 153, 153, 153
L -3, 12, -1454, -3, 12, -145, 0, 0, 255
L -3, 12, -145, -17, 11, -145, 0, 0, 255
L -17, 11, -145, -17, -14, -145, 0, 0, 255
L -17, -14, -145, 14, -14, -145, 0, 0, 255
L 14, -14, -145, 16, 10, -145, 0, 0, 255
L 16, 10, -145, 3, 12, -145, 0, 0, 255
L -8, -10, -1614, -8, -10, -161, 0, 0, 255
L -8, -10, -161, -8, -2, -161, 0, 0, 255
L -8, -2, -161, -4, 0, -161, 0, 0, 255
L -4, 0, -161, 2, 0, -161, 0, 0, 255
L 2, 0, -161, 1, 1, -161, 0, 0, 255
L 1, 1, -161, 7, -2, -161, 0, 0, 255
L 7, -2, -161, 7, -8, -161, 0, 0, 255
L 7, -8, -161, -3, -26, -161, 0, 0, 255
L -3, -26, -161, -5, -36, -161, 0, 0, 255
L -5, -36, -161, -7, -42, -161, 0, 0, 255
L -7, -42, -161, -10, -63, -161, 0, 0, 255
L -10, -63, -161, -8, -80, -161, 0, 0, 255
L -8, -80, -161, -4, -91, -161, 0, 0, 255
L -4, -91, -161, -2, -104, -161, 0, 0, 255
L -2, -104, -161, -12, -122, -161, 0, 0, 255
L -12, -122, -161, -29, -139, -161, 0, 0, 255
L -29, -139, -161, -33, -153, -161, 0, 0, 255
L -33, -153, -161, -42, -160, -161, 0, 0, 255
L -42, -160, -161, -47, -163, -161, 0, 0, 255
L -47, -163, -161, -49, -176, -161, 0, 0, 255
L -49, -176, -161, -54, -184, -161, 0, 0, 255
L -54, -184, -161, -55, -189, -161, 0, 0, 255
L -55, -189, -161, -62, -196, -161, 0, 0, 255
L -62, -196, -161, -63, -201, -161, 0, 0, 255
L -63, -201, -161, -69, -209, -161, 0, 0, 255
L -69, -209, -161, -74, -215, -161, 0, 0, 255
L -74, -215, -161, -83, -220, -161, 0, 0, 255
L -83, -220, -161, -90, -230, -161, 0, 0, 255
L -90, -230, -161, -92, -241, -161, 0, 0, 255
L -92, -241, -161, -66, -242, -159, 0, 0, 255
L -66, -242, -159, -62, -239, -157, 0, 0, 255
L -64, -256, -1582, -64, -256, -158, 0, 0, 255
L -64, -256, -158, -88, -256, -161, 0, 0, 255
L -88, -256, -161, -100, -245, -161, 0, 0, 255
L -100, -245, -161, -101, -241, -161, 0, 0, 255
L -101, -241, -161, -88, -213, -161, 0, 0, 255
L -88, -213, -161, -84, -210, -161, 0, 0, 255
L -84, -210, -161, -81, -208, -161, 0, 0, 255
L -81, -208, -161, -74, -200, -161, 0, 0, 255
L -74, -200, -161, -68, -191, -161, 0, 0, 255
L -68, -191, -161, -64, -187, -161, 0, 0, 255
L -64, -187, -161, -60, -179, -161, 0, 0, 255
L -60, -179, -161, -57, -177, -161, 0, 0, 255
L -57, -177, -161, -52, -156, -161, 0, 0, 255
L -52, -156, -161, -36, -140, -161, 0, 0, 255
L -36, -140, -161, -13, -108, -161, 0, 0, 255
L -13, -108, -161, -16, -89, -161, 0, 0, 255
L -16, -89, -161, -18, -70, -161, 0, 0, 255
L -18, -70, -161, -18, -63, -161, 0, 0, 255
L -18, -63, -161, -7, -22, -161, 0, 0, 255
L -7, -22, -161, -8, -10, -161, 0, 0, 255
L -8, -10, -161, -8, -2, -161, 0, 0, 255
L -8, 35, -1284, -8, 35, -128, 255, 0, 0
L -8, 35, -128, 4, 35, -128, 255, 0, 0
L 4, 45, -1284, 4, 45, -128, 255, 0, 0
L 4, 45, -128, -6, 45, -128, 255, 0, 0
L -6, 84, -1284, -6, 84, -128, 255, 0, 0
L -6, 84, -128, 6, 84, -128, 255, 0, 0
L 5, 92, -1284, 5, 92, -128, 255, 0, 0
L 5, 92, -128, -5, 92, -128, 255, 0, 0
L 25, 144, -1284, 25, 144, -128, 255, 0, 0
L 25, 144, -128, 37, 144, -128, 255, 0, 0
L 39, 152, -1284, 39, 152, -128, 255, 0, 0
L 39, 152, -128, 26, 152, -128, 255, 0, 0
L 26, 191, -1284, 26, 191, -128, 255, 0, 0
L 26, 191, -128, 38, 191, -128, 255, 0, 0
L 38, 201, -1284, 38, 201, -128, 255, 0, 0
L 38, 201, -128, 25, 201, -128, 255, 0, 0
L 59, -45, -825, 59, -45, -82, 0, 255, 255
L 59, -45, -82, 60, -35, -81, 0, 255, 255
L 60, -35, -81, 56, -27, -82, 0, 255, 255
L 56, -27, -82, 56, -11, -82, 0, 255, 255
L 56, -11, -82, 55, -4, -82, 0, 255, 255
L 55, -4, -82, 44, -3, -83, 0, 255, 255
L 44, -3, -83, 23, -6, -87, 0, 255, 255
L 23, -6, -87, 22, -6, -87, 0, 255, 255
L 22, -6, -87, 17, -10, -87, 0, 255, 255
L 17, -10, -87, -17, -12, -87, 0, 255, 255
L -17, -12, -87, -20, -5, -87, 0, 255, 255
L -20, -5, -87, -41, -3, -82, 0, 255, 255
L -41, -3, -82, -67, -2, -82, 0, 255, 255
L -67, -2, -82, -95, -41, -82, 0, 255, 255
L -95, -41, -82, -96, -42, -82, 0, 255, 255
L -96, -42, -82, -108, -45, -83, 0, 255, 255
L -108, -45, -83, -113, -43, -82, 0, 255, 255
L -113, -43, -82, -134, -38, -82, 0, 255, 255
L -134, -38, -82, -151, -29, -82, 0, 255, 255
L -151, -29, -82, -156, -23, -81, 0, 255, 255
L -156, -23, -81, -151, -10, -82, 0, 255, 255
L 65, 5, -824, 65, 5, -82, 0, 255, 255
L 65, 5, -82, 45, 5, -83, 0, 255, 255
L 45, 5, -83, 25, 7, -86, 0, 255, 255
L 25, 7, -86, 21, 11, -87, 0, 255, 255
L 21, 11, -87, 19, 15, -87, 0, 255, 255
L 19, 15, -87, -15, 16, -87, 0, 255, 255
L -15, 16, -87, -18, 14, -87, 0, 255, 255
L -18, 14, -87, -20, 5, -87, 0, 255, 255
L -20, 5, -87, -41, 6, -82, 0, 255, 255
L -41, 6, -82, -68, 6, -82, 0, 255, 255
L -68, 6, -82, -100, -31, -82, 0, 255, 255
L -100, -31, -82, -113, -32, -82, 0, 255, 255
L -113, -32, -82, -138, -24, -81, 0, 255, 255
L -138, -24, -81, -94, 23, -82, 0, 255, 255
L -94, 23, -82, -91, 27, -82, 0, 255, 255
L -91, 27, -82, -87, 45, -82, 0, 255, 255
L -87, 45, -82, -91, 52, -81, 0, 255, 255
L -91, 52, -81, -103, 60, -82, 0, 255, 255
L -103, 60, -82, -112, 63, -82, 0, 255, 255
L -112, 63, -82, -110, 74, -81, 0, 255, 255
L -110, 74, -81, -109, 81, -82, 0, 255, 255
L -109, 81, -82, -115, 98, -82, 0, 255, 255
L -115, 98, -82, -104, 114, -83, 0, 255, 255
L -104, 114, -83, -107, 130, -83, 0, 255, 255
L -107, 130, -83, -103, 137, -82, 0, 255, 255
L -103, 137, -82, -105, 149, -82, 0, 255, 255
L -150, -9, -821, -150, -9, -82, 0, 255, 255
L -150, -9, -82, -110, 21, -82, 0, 255, 255
L -110, 21, -82, -94, 37, -82, 0, 255, 255
L -94, 37, -82, -96, 43, -81, 0, 255, 255
L -96, 43, -81, -149, 44, -81, 0, 255, 255
L -149, 44, -81, -151, 27, -82, 0, 255, 255
L -151, 27, -82, -153, 11, -82, 0, 255, 255
L -153, 11, -82, -171, -18, -82, 0, 255, 255
L -171, -18, -82, -158, -64, -81, 0, 255, 255
L -158, -64, -81, -127, -84, -82, 0, 255, 255
L -127, -84, -82, -122, -100, -83, 0, 255, 255
L -132, -100, -835, -132, -100, -83, 0, 255, 255
L -132, -100, -83, -137, -87, -83, 0, 255, 255
L -137, -87, -83, -168, -65, -81, 0, 255, 255
L -168, -65, -81, -184, -25, -82, 0, 255, 255
L -184, -25, -82, -163, 16, -82, 0, 255, 255
L -163, 16, -82, -165, 22, -82, 0, 255, 255
L -165, 22, -82, -169, 36, -82, 0, 255, 255
L -169, 36, -82, -164, 41, -81, 0, 255, 255
L -164, 41, -81, -163, 48, -82, 0, 255, 255
L -163, 48, -82, -159, 53, -82, 0, 255, 255
L -159, 53, -82, -154, 53, -81, 0, 255, 255
L -154, 53, -81, -146, 58, -81, 0, 255, 255
L -146, 58, -81, -124, 63, -82, 0, 255, 255
L -124, 63, -82, -124, 74, -81, 0, 255, 255
L -124, 74, -81, -124, 86, -82, 0, 255, 255
L -124, 86, -82, -115, 114, -83, 0, 255, 255
L -115, 114, -83, -117, 128, -83, 0, 255, 255
L -117, 128, -83, -123, 138, -83, 0, 255, 255
L -123, 138, -83, -123, 146, -83, 0, 255, 255
L -123, 146, -83, -118, 158, -83, 0, 255, 255
L -118, 158, -83, -117, 170, -82, 0, 255, 255
L -117, 170, -82, -133, 171, -82, 0, 255, 255
L -133, 171, -82, -144, 171, -82, 0, 255, 255
L -144, 171, -82, -177, 185, -82, 0, 255, 255
L -177, 185, -82, -197, 202, -82, 0, 255, 255
L -197, 202, -82, -202, 233, -82, 0, 255, 255
L -202, 233, -82, -191, 238, -82, 0, 255, 255
L -191, 238, -82, -189, 236, -82, 0, 255, 255
L -189, 236, -82, -179, 233, -81, 0, 255, 255
L -180, 215, -815, -180, 215, -81, 0, 255, 255
L -180, 215, -81, -182, 211, -82, 0, 255, 255
L -182, 211, -82, -188, 206, -82, 0, 255, 255
L -188, 206, -82, -161, 188, -82, 0, 255, 255
L -161, 188, -82, -124, 187, -82, 0, 255, 255
L -124, 187, -82, -104, 193, -82, 0, 255, 255
L -104, 193, -82, -91, 194, -82, 0, 255, 255
L -91, 194, -82, -86, 182, -82, 0, 255, 255
L -86, 182, -82, -86, 171, -82, 0, 255, 255
L -86, 171, -82, -67, 169, -83, 0, 255, 255
L -67, 169, -83, -49, 177, -83, 0, 255, 255
L -49, 177, -83, -48, 182, -83, 0, 255, 255
L -48, 182, -83, -40, 190, -83, 0, 255, 255
L -40, 190, -83, 31, 192, -81, 0, 255, 255
L 31, 192, -81, 47, 199, -81, 0, 255, 255
L 47, 199, -81, 72, 201, -82, 0, 255, 255
L 72, 201, -82, 85, 232, -81, 0, 255, 255
L 85, 232, -81, 97, 241, -82, 0, 255, 255
L 97, 241, -82, 117, 246, -82, 0, 255, 255
L 117, 246, -82, 135, 256, -82, 0, 255, 255
L 135, 256, -82, 155, 260, -82, 0, 255, 255
L 155, 260, -82, 177, 250, -82, 0, 255, 255
L 177, 250, -82, 219, 246, -82, 0, 255, 255
L 219, 246, -82, 217, 237, -82, 0, 255, 255
L 217, 237, -82, 221, 223, -82, 0, 255, 255
L 221, 223, -82, 224, 207, -83, 0, 255, 255
L 224, 207, -83, 227, 194, -83, 0, 255, 255
L 227, 194, -83, 224, 187, -83, 0, 255, 255
L 224, 187, -83, 217, 187, -83, 0, 255, 255
L 217, 187, -83, 207, 191, -82, 0, 255, 255
L 201, 205, -815, 201, 205, -81, 0, 255, 255
L 201, 205, -81, 207, 203, -82, 0, 255, 255
L 207, 203, -82, 213, 208, -82, 0, 255, 255
L 213, 208, -82, 207, 233, -81, 0, 255, 255
L 207, 233, -81, 194, 236, -82, 0, 255, 255
L 194, 236, -82, 167, 248, -82, 0, 255, 255
L 167, 248, -82, 144, 250, -82, 0, 255, 255
L 144, 250, -82, 125, 239, -82, 0, 255, 255
L 125, 239, -82, 102, 236, -82, 0, 255, 255
L 102, 236, -82, 90, 206, -82, 0, 255, 255
L 90, 206, -82, 89, 163, -82, 0, 255, 255
L 89, 163, -82, 83, 148, -81, 0, 255, 255
L 83, 148, -81, 91, 125, -82, 0, 255, 255
L 91, 125, -82, 99, 118, -83, 0, 255, 255
L 99, 118, -83, 102, 89, -83, 0, 255, 255
L 102, 89, -83, 108, 80, -83, 0, 255, 255
L 108, 80, -83, 115, 69, -82, 0, 255, 255
L 115, 69, -82, 116, 18, -81, 0, 255, 255
L 116, 18, -81, 131, -6, -82, 0, 255, 255
L 131, -6, -82, 127, -38, -82, 0, 255, 255
L 127, -38, -82, 133, -91, -81, 0, 255, 255
L 133, -91, -81, 138, -106, -80, 0, 255, 255
L 138, -106, -80, 126, -120, -82, 0, 255, 255
L 126, -120, -82, 119, -133, -82, 0, 255, 255
L 119, -133, -82, 128, -150, -82, 0, 255, 255
L 128, -150, -82, 128, -211, -82, 0, 255, 255
L 128, -211, -82, 118, -273, -81, 0, 255, 255
L 118, -273, -81, 108, -281, -82, 0, 255, 255
L 108, -281, -82, 108, -345, -82, 0, 255, 255
L 108, -345, -82, 106, -353, -82, 0, 255, 255
L 106, -353, -82, 82, -375, -82, 0, 255, 255
L 95, -293, -825, 95, -293, -82, 0, 255, 255
L 95, -293, -82, 100, -283, -82, 0, 255, 255
L 100, -283, -82, 98, -279, -82, 0, 255, 255
L 98, -279, -82, 92, -268, -82, 0, 255, 255
L 92, -268, -82, 107, -268, -82, 0, 255, 255
L 107, -268, -82, 112, -211, -80, 0, 255, 255
L 112, -211, -80, 116, -204, -80, 0, 255, 255
L 116, -204, -80, 116, -191, -82, 0, 255, 255
L 116, -191, -82, 115, -181, -82, 0, 255, 255
L 115, -181, -82, 121, -175, -82, 0, 255, 255
L 121, -175, -82, 122, -159, -82, 0, 255, 255
L 122, -159, -82, 111, -143, -82, 0, 255, 255
L 111, -143, -82, 109, -134, -82, 0, 255, 255
L 109, -134, -82, 117, -119, -82, 0, 255, 255
L 117, -119, -82, 91, -119, -82, 0, 255, 255
L 91, -119, -82, 68, -147, -81, 0, 255, 255
L 68, -147, -81, 35, -147, -82, 0, 255, 255
L 35, -147, -82, 25, -155, -81, 0, 255, 255
L 25, -155, -81, 9, -156, -82, 0, 255, 255
L 9, -156, -82, 5, -149, -82, 0, 255, 255
L 5, -149, -82, -26, -160, -82, 0, 255, 255
L -26, -160, -82, -36, -173, -82, 0, 255, 255
L -103, 150, -829, -103, 150, -82, 0, 255, 255
L -103, 150, -82, -75, 150, -82, 0, 255, 255
L -75, 150, -82, -58, 160, -82, 0, 255, 255
L -58, 160, -82, -57, 161, -82, 0, 255, 255
L -57, 161, -82, -43, 167, -83, 0, 255, 255
L -43, 167, -83, -36, 178, -83, 0, 255, 255
L -36, 178, -83, -23, 186, -82, 0, 255, 255
L -23, 186, -82, -13, 187, -83, 0, 255, 255
L -13, 187, -83, -8, 162, -84, 0, 255, 255
L -8, 162, -84, -23, 129, -82, 0, 255, 255
L -23, 129, -82, -33, 122, -82, 0, 255, 255
L -33, 122, -82, -52, 95, -82, 0, 255, 255
L -52, 95, -82, -48, 76, -82, 0, 255, 255
L -48, 76, -82, -16, 55, -82, 0, 255, 255
L -16, 55, -82, 0, 58, -82, 0, 255, 255
L 0, 58, -82, 17, 59, -82, 0, 255, 255
L 17, 59, -82, 55, 54, -82, 0, 255, 255
L 55, 54, -82, 63, 49, -82, 0, 255, 255
L 63, 49, -82, 66, 40, -82, 0, 255, 255
L 66, 40, -82, 66, 8, -82, 0, 255, 255
L 66, 8, -82, 64, 5, -82, 0, 255, 255
L 66, -41, -825, 66, -41, -82, 0, 255, 255
L 66, -41, -82, 65, -6, -82, 0, 255, 255
L 65, -6, -82, 73, -4, -82, 0, 255, 255
L 73, -4, -82, 73, 6, -82, 0, 255, 255
L 73, 6, -82, 78, 16, -83, 0, 255, 255
L 78, 16, -83, 74, 29, -81, 0, 255, 255
L 74, 29, -81, 73, 61, -81, 0, 255, 255
L 73, 61, -81, 21, 69, -83, 0, 255, 255
L 21, 69, -83, 11, 70, -82, 0, 255, 255
L 11, 70, -82, -11, 61, -82, 0, 255, 255
L -11, 61, -82, -31, 70, -82, 0, 255, 255
L -31, 70, -82, -42, 97, -82, 0, 255, 255
L -42, 97, -82, -33, 113, -82, 0, 255, 255
L -33, 113, -82, -26, 116, -82, 0, 255, 255
L -26, 116, -82, -18, 123, -83, 0, 255, 255
L -18, 123, -83, -12, 138, -82, 0, 255, 255
L -12, 138, -82, -1, 134, -84, 0, 255, 255
L -1, 134, -84, 24, 132, -83, 0, 255, 255
L 24, 132, -83, 51, 162, -82, 0, 255, 255
L 51, 162, -82, 79, 127, -82, 0, 255, 255
L 79, 127, -82, 80, 82, -82, 0, 255, 255
L 80, 82, -82, 105, 69, -82, 0, 255, 255
L 105, 69, -82, 106, 43, -81, 0, 255, 255
L 106, 43, -81, 102, 20, -82, 0, 255, 255
L 102, 20, -82, 116, -5, -82, 0, 255, 255
L 116, -5, -82, 112, -32, -82, 0, 255, 255
L 112, -32, -82, 106, -48, -82, 0, 255, 255
L 106, -48, -82, 117, -89, -82, 0, 255, 255
L 117, -89, -82, 118, -106, -82, 0, 255, 255
L 118, -106, -82, 92, -108, -82, 0, 255, 255
L 92, -108, -82, 66, -124, -82, 0, 255, 255
L 66, -124, -82, 58, -130, -82, 0, 255, 255
L 58, -130, -82, 36, -132, -82, 0, 255, 255
L 36, -132, -82, 22, -141, -81, 0, 255, 255
L 22, -141, -81, -4, -142, -82, 0, 255, 255
L -4, -142, -82, -24, -150, -82, 0, 255, 255
L -24, -150, -82, -52, -151, -83, 0, 255, 255
L -52, -151, -83, -57, -119, -83, 0, 255, 255
L -57, -119, -83, -47, -106, -82, 0, 255, 255
L -47, -106, -82, -22, -96, -82, 0, 255, 255
L -22, -96, -82, -9, -99, -82, 0, 255, 255
L -9, -99, -82, -4, -99, -82, 0, 255, 255
L -4, -99, -82, 11, -95, -82, 0, 255, 255
L 11, -95, -82, 17, -78, -82, 0, 255, 255
L 17, -78, -82, 27, -65, -81, 0, 255, 255
L 27, -65, -81, 34, -60, -82, 0, 255, 255
L 34, -60, -82, 44, -50, -82, 0, 255, 255
L 59, -45, -825, 59, -45, -82, 0, 255, 255
L 59, -45, -82, 52, -50, -82, 0, 255, 255
L 52, -50, -82, 43, -42, -82, 0, 255, 255
L 43, -42, -82, 29, -46, -82, 0, 255, 255
L 29, -46, -82, 27, -32, -82, 0, 255, 255
L 23, -32, -838, 23, -32, -83, 0, 255, 255
L 23, -32, -83, 23, -52, -81, 0, 255, 255
L 23, -52, -81, 19, -58, -81, 0, 255, 255
L 19, -58, -81, 11, -65, -82, 0, 255, 255
L 11, -65, -82, 7, -79, -82, 0, 255, 255
L 7, -79, -82, -5, -82, -82, 0, 255, 255
L -5, -82, -82, -17, -83, -82, 0, 255, 255
L -17, -83, -82, -39, -87, -82, 0, 255, 255
L -39, -87, -82, -74, -102, -83, 0, 255, 255
L -74, -102, -83, -117, -102, -83, 0, 255, 255
L -117, -102, -83, -122, -97, -83, 0, 255, 255
L -86, -150, -868, -86, -150, -86, 0, 255, 255
L -86, -150, -86, -93, -134, -85, 0, 255, 255
L -93, -134, -85, -115, -134, -85, 0, 255, 255
L -115, -134, -85, -123, -149, -87, 0, 255, 255
L -123, -163, -870, -123, -163, -87, 0, 255, 255
L -123, -163, -87, -117, -179, -85, 0, 255, 255
L -117, -179, -85, -94, -179, -85, 0, 255, 255
L -94, -179, -85, -87, -161, -87, 0, 255, 255
L -99, -163, -831, -99, -163, -83, 0, 255, 255
L -99, -163, -83, -112, -163, -83, 0, 255, 255
L -112, -163, -83, -112, -151, -83, 0, 255, 255
L -112, -151, -83, -98, -150, -83, 0, 255, 255
L -98, -150, -83, -99, -163, -83, 0, 255, 255
L -48, -161, -835, -48, -161, -83, 0, 255, 255
L -48, -161, -83, -55, -160, -83, 0, 255, 255
L -55, -160, -83, -57, -179, -83, 0, 255, 255
L -57, -179, -83, -80, -202, -83, 0, 255, 255
L -80, -202, -83, -102, -208, -83, 0, 255, 255
L -102, -208, -83, -126, -205, -83, 0, 255, 255
L -126, -205, -83, -153, -179, -83, 0, 255, 255
L -153, -179, -83, -180, -171, -82, 0, 255, 255
L -180, -171, -82, -183, -190, -82, 0, 255, 255
L -183, -190, -82, -179, -197, -82, 0, 255, 255
L -179, -197, -82, -168, -220, -82, 0, 255, 255
L -168, -220, -82, -83, -222, -81, 0, 255, 255
L -83, -222, -81, -58, -206, -82, 0, 255, 255
L -58, -206, -82, -56, -202, -82, 0, 255, 255
L -56, -202, -82, -52, -201, -82, 0, 255, 255
L -52, -201, -82, -38, -193, -82, 0, 255, 255
L -38, -193, -82, -47, -174, -82, 0, 255, 255
L -47, -174, -82, -48, -161, -83, 0, 255, 255
L -37, -174, -821, -37, -174, -82, 0, 255, 255
L -37, -174, -82, -13, -192, -82, 0, 255, 255
L -13, -192, -82, -7, -209, -81, 0, 255, 255
L -7, -209, -81, 1, -210, -82, 0, 255, 255
L 1, -210, -82, 5, -214, -81, 0, 255, 255
L 5, -214, -81, 16, -216, -82, 0, 255, 255
L 16, -216, -82, 21, -223, -82, 0, 255, 255
L 21, -223, -82, 17, -280, -82, 0, 255, 255
L 17, -280, -82, 35, -293, -82, 0, 255, 255
L 35, -293, -82, 59, -290, -82, 0, 255, 255
L 59, -290, -82, 78, -290, -82, 0, 255, 255
L 78, -290, -82, 94, -293, -82, 0, 255, 255
L 94, -293, -82, 95, -293, -82, 0, 255, 255
L 53, -377, -825, 53, -377, -82, 0, 255, 255
L 53, -377, -82, 31, -362, -82, 0, 255, 255
L 31, -362, -82, 29, -311, -82, 0, 255, 255
L 29, -311, -82, 14, -291, -82, 0, 255, 255
L 14, -291, -82, 11, -285, -82, 0, 255, 255
L 11, -285, -82, 1, -221, -82, 0, 255, 255
L 1, -221, -82, -2, -221, -82, 0, 255, 255
L -2, -221, -82, -15, -212, -82, 0, 255, 255
L -15, -212, -82, -26, -212, -82, 0, 255, 255
L -26, -212, -82, -30, -206, -82, 0, 255, 255
L -30, -206, -82, -45, -206, -82, 0, 255, 255
L -45, -206, -82, -55, -224, -81, 0, 255, 255
L -55, -224, -81, -60, -228, -81, 0, 255, 255
L -60, -228, -81, -79, -237, -82, 0, 255, 255
L -79, -237, -82, -97, -237, -82, 0, 255, 255
L -97, -237, -82, -112, -232, -82, 0, 255, 255
L -112, -232, -82, -147, -230, -82, 0, 255, 255
L -147, -230, -82, -165, -227, -82, 0, 255, 255
L -165, -227, -82, -181, -215, -82, 0, 255, 255
L -181, -215, -82, -192, -176, -82, 0, 255, 255
L -192, -176, -82, -187, -165, -83, 0, 255, 255
L -187, -165, -83, -156, -164, -82, 0, 255, 255
L -156, -164, -82, -153, -137, -83, 0, 255, 255
L -153, -137, -83, -152, -129, -83, 0, 255, 255
L -152, -129, -83, -132, -100, -83, 0, 255, 255
L -66, -149, -835, -66, -149, -83, 255, 0, 0
L -66, -149, -83, -87, -150, -87, 255, 0, 0
L -86, -161, -870, -86, -161, -87, 255, 0, 0
L -86, -161, -87, -69, -161, -82, 255, 0, 0
L -123, -150, -871, -123, -150, -87, 255, 0, 0
L -123, -150, -87, -143, -150, -82, 255, 0, 0
L -142, -161, -826, -142, -161, -82, 255, 0, 0
L -142, -161, -82, -123, -161, -87, 255, 0, 0
L -119, -114, -1075, -119, -114, -107, 0, 153, 0
L -119, -114, -107, -131, -121, -107, 0, 153, 0
L -131, -121, -107, -139, -131, -107, 0, 153, 0
L -139, -131, -107, -141, -162, -107, 0, 153, 0
L -141, -162, -107, -185, -164, -107, 0, 153, 0
L -185, -164, -107, -190, -170, -107, 0, 153, 0
L -190, -170, -107, -190, -202, -107, 0, 153, 0
L -190, -202, -107, -185, -210, -107, 0, 153, 0
L -185, -210, -107, -174, -223, -107, 0, 153, 0
L -174, -223, -107, -161, -227, -107, 0, 153, 0
L -161, -227, -107, -117, -230, -107, 0, 153, 0
L -117, -230, -107, -104, -235, -107, 0, 153, 0
L -104, -235, -107, -88, -237, -107, 0, 153, 0
L -88, -237, -107, -65, -231, -107, 0, 153, 0
L -65, -231, -107, -57, -226, -107, 0, 153, 0
L -57, -226, -107, -48, -210, -107, 0, 153, 0
L -48, -210, -107, -33, -206, -107, 0, 153, 0
L -33, -206, -107, -26, -212, -107, 0, 153, 0
L -26, -212, -107, -15, -212, -107, 0, 153, 0
L -15, -212, -107, -12, -217, -107, 0, 153, 0
L -12, -217, -107, -3, -221, -107, 0, 153, 0
L -3, -221, -107, 8, -272, -107, 0, 153, 0
L 8, -272, -107, 11, -284, -107, 0, 153, 0
L 11, -284, -107, 27, -308, -107, 0, 153, 0
L 27, -308, -107, 37, -309, -107, 0, 153, 0
L 37, -309, -107, 39, -355, -107, 0, 153, 0
L 39, -355, -107, 49, -369, -107, 0, 153, 0
L 49, -369, -107, 64, -373, -107, 0, 153, 0
L 64, -373, -107, 81, -371, -107, 0, 153, 0
L 81, -371, -107, 99, -350, -107, 0, 153, 0
L 99, -350, -107, 100, -311, -107, 0, 153, 0
L 100, -311, -107, 106, -300, -107, 0, 153, 0
L 106, -300, -107, 108, -282, -107, 0, 153, 0
L 108, -282, -107, 115, -274, -107, 0, 153, 0
L 115, -274, -107, 128, -216, -107, 0, 153, 0
L 128, -216, -107, 128, -203, -107, 0, 153, 0
L 128, -203, -107, 130, -190, -107, 0, 153, 0
L 130, -190, -107, 131, -157, -107, 0, 153, 0
L 131, -157, -107, 118, -136, -107, 0, 153, 0
L 118, -136, -107, 125, -122, -107, 0, 153, 0
L 125, -122, -107, 137, -107, -107, 0, 153, 0
L 137, -107, -107, 134, -93, -107, 0, 153, 0
L 134, -93, -107, 130, -67, -107, 0, 153, 0
L 130, -67, -107, 127, -42, -107, 0, 153, 0
L 127, -42, -107, 129, -24, -107, 0, 153, 0
L 129, -24, -107, 118, 14, -107, 0, 153, 0
L 118, 14, -107, 116, 52, -107, 0, 153, 0
L 116, 52, -107, 109, 80, -107, 0, 153, 0
L 109, 80, -107, 104, 85, -107, 0, 153, 0
L 104, 85, -107, 102, 111, -107, 0, 153, 0
L 102, 111, -107, 92, 124, -107, 0, 153, 0
L 92, 124, -107, 83, 148, -107, 0, 153, 0
L 83, 148, -107, 87, 159, -107, 0, 153, 0
L 87, 159, -107, 89, 200, -107, 0, 153, 0
L 89, 200, -107, 58, 201, -107, 0, 153, 0
L 58, 201, -107, 54, 162, -107, 0, 153, 0
L 54, 162, -107, 78, 129, -107, 0, 153, 0
L 78, 129, -107, 80, 85, -107, 0, 153, 0
L 80, 85, -107, 105, 68, -107, 0, 153, 0
L 105, 68, -107, 106, 45, -107, 0, 153, 0
L 106, 45, -107, 102, 19, -107, 0, 153, 0
L 102, 19, -107, 116, -5, -107, 0, 153, 0
L 116, -5, -107, 111, -35, -107, 0, 153, 0
L 111, -35, -107, 107, -46, -107, 0, 153, 0
L 107, -46, -107, 106, -59, -107, 0, 153, 0
L 106, -59, -107, 117, -86, -107, 0, 153, 0
L 117, -86, -107, 110, -89, -107, 0, 153, 0
L 110, -89, -107, 107, -84, -107, 0, 153, 0
L 107, -84, -107, 88, -84, -107, 0, 153, 0
L 88, -84, -107, 86, -93, -107, 0, 153, 0
L 86, -93, -107, 109, -96, -107, 0, 153, 0
L 109, -96, -107, 117, -104, -107, 0, 153, 0
L 117, -104, -107, 116, -121, -107, 0, 153, 0
L 116, -121, -107, 110, -127, -107, 0, 153, 0
L 110, -127, -107, 109, -137, -107, 0, 153, 0
L 109, -137, -107, 121, -157, -107, 0, 153, 0
L 121, -157, -107, 122, -170, -107, 0, 153, 0
L 122, -170, -107, 118, -178, -107, 0, 153, 0
L 118, -178, -107, 115, -188, -107, 0, 153, 0
L 115, -188, -107, 120, -195, -107, 0, 153, 0
L 120, -195, -107, 113, -207, -107, 0, 153, 0
L 113, -207, -107, 108, -261, -107, 0, 153, 0
L 108, -261, -107, 93, -268, -107, 0, 153, 0
L 93, -268, -107, 92, -273, -107, 0, 153, 0
L 92, -273, -107, 100, -281, -107, 0, 153, 0
L 100, -281, -107, 98, -288, -107, 0, 153, 0
L 98, -288, -107, 96, -300, -107, 0, 153, 0
L 96, -300, -107, 71, -298, -107, 0, 153, 0
L 71, -298, -107, 37, -305, -107, 0, 153, 0
L 37, -305, -107, 34, -292, -107, 0, 153, 0
L 34, -292, -107, 17, -280, -107, 0, 153, 0
L 17, -280, -107, 21, -226, -107, 0, 153, 0
L 21, -226, -107, 19, -218, -107, 0, 153, 0
L 19, -218, -107, 7, -216, -107, 0, 153, 0
L 7, -216, -107, 2, -210, -107, 0, 153, 0
L 2, -210, -107, -4, -210, -107, 0, 153, 0
L -4, -210, -107, -9, -204, -107, 0, 153, 0
L -9, -204, -107, -11, -200, -107, 0, 153, 0
L -11, -200, -107, -27, -193, -107, 0, 153, 0
L -27, -193, -107, -46, -199, -107, 0, 153, 0
L -46, -199, -107, -55, -201, -107, 0, 153, 0
L -55, -201, -107, -60, -207, -107, 0, 153, 0
L -60, -207, -107, -80, -221, -107, 0, 153, 0
L -80, -221, -107, -164, -222, -107, 0, 153, 0
L -164, -222, -107, -182, -191, -107, 0, 153, 0
L -182, -191, -107, -180, -171, -107, 0, 153, 0
L -180, -171, -107, -156, -178, -107, 0, 153, 0
L -156, -178, -107, -146, -178, -107, 0, 153, 0
L -146, -178, -107, -129, -192, -107, 0, 153, 0
L -129, -192, -107, -107, -196, -107, 0, 153, 0
L -107, -196, -107, -88, -194, -107, 0, 153, 0
L -88, -194, -107, -71, -181, -107, 0, 153, 0
L -71, -181, -107, -69, -137, -107, 0, 153, 0
L -69, -137, -107, -74, -124, -107, 0, 153, 0
L -74, -124, -107, -84, -115, -107, 0, 153, 0
L -84, -115, -107, -119, -114, -107, 0, 153, 0
L -179, 214, -815, -179, 214, -81, 153, 153, 153
L -179, 214, -81, -125, 215, -43, 153, 153, 153
L -125, 215, -43, -120, 212, -44, 153, 153, 153
L -120, 212, -44, -111, 210, -44, 153, 153, 153
L -111, 210, -44, -112, 198, -43, 153, 153, 153
L -112, 198, -43, -130, 189, -44, 153, 153, 153
L -130, 189, -44, -135, 183, -44, 153, 153, 153
L -135, 183, -44, -121, 172, -44, 153, 153, 153
L -121, 172, -44, -101, 149, -44, 153, 153, 153
L -101, 149, -44, -82, 140, -43, 153, 153, 153
L -82, 140, -43, -71, 133, -44, 153, 153, 153
L -71, 133, -44, -79, 126, -44, 153, 153, 153
L -79, 126, -44, -99, 126, -44, 153, 153, 153
L -99, 126, -44, -125, 118, -44, 153, 153, 153
L -125, 118, -44, -127, 107, -43, 153, 153, 153
L -127, 107, -43, -99, 97, -44, 153, 153, 153
L -99, 97, -44, -109, 93, -44, 153, 153, 153
L -109, 93, -44, -117, 91, -44, 153, 153, 153
L -117, 91, -44, -148, 71, -44, 153, 153, 153
L -148, 71, -44, -169, 53, -44, 153, 153, 153
L -169, 53, -44, -172, 48, -44, 153, 153, 153
L -172, 48, -44, -175, 27, -44, 153, 153, 153
L -175, 27, -44, -172, 9, -44, 153, 153, 153
L -172, 9, -44, -172, -42, -44, 153, 153, 153
L -172, -42, -44, -177, -51, -44, 153, 153, 153
L -177, -51, -44, -177, -66, -43, 153, 153, 153
L -177, -66, -43, -170, -76, -44, 153, 153, 153
L -170, -76, -44, -176, -100, -44, 153, 153, 153
L -176, -100, -44, -182, -118, -44, 153, 153, 153
L -182, -118, -44, -180, -139, -44, 153, 153, 153
L -180, -139, -44, -173, -151, -44, 153, 153, 153
L -173, -151, -44, -188, -160, -44, 153, 153, 153
L -188, -160, -44, -188, -166, -44, 153, 153, 153
L -188, -166, -44, -161, -188, -44, 153, 153, 153
L -161, -188, -44, -155, -190, -44, 153, 153, 153
L -155, -190, -44, -126, -166, -44, 153, 153, 153
L -126, -166, -44, -113, -162, -44, 153, 153, 153
L -113, -162, -44, -102, -166, -44, 153, 153, 153
L -102, -166, -44, -96, -171, -44, 153, 153, 153
L -96, -171, -44, -93, -178, -44, 153, 153, 153
L -93, -178, -44, -92, -189, -44, 153, 153, 153
L -92, -189, -44, -90, -190, -44, 153, 153, 153
L -90, -190, -44, -87, -185, -44, 153, 153, 153
L -87, -185, -44, -74, -198, -44, 153, 153, 153
L -74, -198, -44, -69, -201, -44, 153, 153, 153
L -69, -201, -44, -57, -194, -44, 153, 153, 153
L -57, -194, -44, -54, -184, -44, 153, 153, 153
L -54, -184, -44, -54, -178, -44, 153, 153, 153
L -54, -178, -44, -66, -155, -44, 153, 153, 153
L -66, -155, -44, -60, -150, -44, 153, 153, 153
L -60, -150, -44, -49, -173, -43, 153, 153, 153
L -49, -173, -43, -39, -185, -43, 153, 153, 153
L -39, -185, -43, -38, -193, -43, 153, 153, 153
L -38, -193, -43, -22, -195, -43, 153, 153, 153
L -22, -195, -43, -5, -195, -43, 153, 153, 153
L -5, -195, -43, 12, -203, -43, 153, 153, 153
L 12, -203, -43, 37, -195, -43, 153, 153, 153
L 37, -195, -43, 49, -190, -43, 153, 153, 153
L 49, -190, -43, 61, -196, -43, 153, 153, 153
L 61, -196, -43, 59, -213, -44, 153, 153, 153
L 59, -213, -44, 59, -223, -43, 153, 153, 153
L 59, -223, -43, 40, -233, -43, 153, 153, 153
L 40, -233, -43, 15, -233, -43, 153, 153, 153
L 15, -233, -43, -3, -232, -43, 153, 153, 153
L -3, -232, -43, -33, -241, -43, 153, 153, 153
L -33, -241, -43, -35, -272, -43, 153, 153, 153
L -35, -272, -43, -39, -287, -43, 153, 153, 153
L -39, -287, -43, -40, -310, -43, 153, 153, 153
L -40, -310, -43, -24, -330, -43, 153, 153, 153
L -24, -330, -43, 22, -345, -43, 153, 153, 153
L 28, -332, -425, 28, -332, -42, 153, 153, 153
L 28, -332, -42, 22, -333, -43, 153, 153, 153
L 22, -333, -43, -21, -318, -43, 153, 153, 153
L -21, -318, -43, -25, -253, -43, 153, 153, 153
L -25, -253, -43, -15, -247, -43, 153, 153, 153
L -15, -247, -43, -4, -245, -43, 153, 153, 153
L -4, -245, -43, 34, -247, -43, 153, 153, 153
L 34, -247, -43, 74, -231, -43, 153, 153, 153
L 74, -231, -43, 110, -255, -43, 153, 153, 153
L 110, -255, -43, 128, -263, -43, 153, 153, 153
L 128, -263, -43, 145, -277, -43, 153, 153, 153
L 145, -277, -43, 147, -313, -43, 153, 153, 153
L 147, -313, -43, 128, -327, -43, 153, 153, 153
L 128, -327, -43, 113, -331, -43, 153, 153, 153
L 110, -346, -425, 110, -346, -42, 153, 153, 153
L 110, -346, -42, 113, -345, -43, 153, 153, 153
L 113, -345, -43, 144, -330, -43, 153, 153, 153
L 144, -330, -43, 149, -323, -43, 153, 153, 153
L 149, -323, -43, 158, -263, -43, 153, 153, 153
L 158, -263, -43, 148, -260, -43, 153, 153, 153
L 148, -260, -43, 146, -260, -43, 153, 153, 153
L 146, -260, -43, 116, -243, -43, 153, 153, 153
L 116, -243, -43, 109, -238, -43, 153, 153, 153
L 109, -238, -43, 77, -225, -43, 153, 153, 153
L 77, -225, -43, 74, -213, -44, 153, 153, 153
L 74, -213, -44, 77, -199, -43, 153, 153, 153
L 77, -199, -43, 85, -192, -43, 153, 153, 153
L 85, -192, -43, 85, -188, -43, 153, 153, 153
L 85, -188, -43, 82, -179, -43, 153, 153, 153
L 82, -179, -43, 65, -177, -43, 153, 153, 153
L 65, -177, -43, 18, -188, -43, 153, 153, 153
L 18, -188, -43, -4, -187, -43, 153, 153, 153
L -4, -187, -43, -22, -189, -43, 153, 153, 153
L -22, -189, -43, -34, -176, -43, 153, 153, 153
L -34, -176, -43, -28, -168, -45, 153, 153, 153
L -28, -168, -45, 5, -167, -59, 153, 153, 153
L 5, -167, -59, 10, -170, -59, 153, 153, 153
L 10, -170, -59, 13, -169, -59, 153, 153, 153
L 13, -169, -59, 21, -142, -59, 153, 153, 153
L 21, -142, -59, 12, -133, -59, 153, 153, 153
L 12, -133, -59, -10, -130, -59, 153, 153, 153
L -10, -130, -59, -13, -116, -59, 153, 153, 153
L -13, -116, -59, -8, -104, -59, 153, 153, 153
L -8, -104, -59, -6, -101, -59, 153, 153, 153
L -6, -101, -59, 7, -100, -59, 153, 153, 153
L 7, -100, -59, 11, -101, -59, 153, 153, 153
L 11, -101, -59, 21, -101, -59, 153, 153, 153
L 21, -101, -59, 25, -131, -58, 153, 153, 153
L 25, -131, -58, 37, -142, -58, 153, 153, 153
L 37, -142, -58, 57, -143, -58, 153, 153, 153
L 57, -143, -58, 80, -134, -58, 153, 153, 153
L 80, -134, -58, 136, -133, -58, 153, 153, 153
L 138, -124, -585, 138, -124, -58, 153, 153, 153
L 138, -124, -58, 106, -81, -58, 153, 153, 153
L 106, -81, -58, 83, -76, -58, 153, 153, 153
L 83, -76, -58, 66, -126, -58, 153, 153, 153
L 66, -126, -58, 60, -131, -59, 153, 153, 153
L 43, -128, -594, 43, -128, -59, 153, 153, 153
L 43, -128, -59, 37, -131, -59, 153, 153, 153
L 37, -131, -59, 36, -127, -58, 153, 153, 153
L 36, -127, -58, 33, -106, -59, 153, 153, 153
L 33, -106, -59, 32, -94, -59, 153, 153, 153
L 32, -94, -59, 11, -91, -59, 153, 153, 153
L 11, -91, -59, 3, -86, -59, 153, 153, 153
L 3, -86, -59, 4, -82, -58, 153, 153, 153
L 4, -82, -58, 13, -79, -58, 153, 153, 153
L 13, -79, -58, 18, -71, -58, 153, 153, 153
L 18, -71, -58, 4, -51, -58, 153, 153, 153
L 4, -51, -58, 10, -29, -56, 153, 153, 153
L 10, -29, -56, 10, -15, -56, 153, 153, 153
L 10, -15, -56, 35, -12, -56, 153, 153, 153
L 35, -12, -56, 25, -2, -56, 153, 153, 153
L 25, -2, -56, 31, 6, -56, 153, 153, 153
L 31, 6, -56, 38, 35, -56, 153, 153, 153
L 38, 35, -56, 16, 48, -56, 153, 153, 153
L 16, 48, -56, -15, 49, -56, 153, 153, 153
L -15, 49, -56, -41, 16, -56, 153, 153, 153
L -41, 16, -56, -31, 0, -56, 153, 153, 153
L -31, 0, -56, -29, -2, -56, 153, 153, 153
L -29, -2, -56, -36, -9, -56, 153, 153, 153
L -36, -9, -56, -12, -12, -56, 153, 153, 153
L -12, -12, -56, -11, -25, -56, 153, 153, 153
L -11, -25, -56, -5, -49, -59, 153, 153, 153
L -5, -49, -59, -15, -63, -59, 153, 153, 153
L -15, -63, -59, -19, -66, -59, 153, 153, 153
L -18, -78, -595, -18, -78, -59, 153, 153, 153
L -18, -78, -59, -17, -78, -59, 153, 153, 153
L -17, -78, -59, -4, -84, -58, 153, 153, 153
L -4, -84, -58, -12, -91, -58, 153, 153, 153
L -12, -91, -58, -23, -113, -59, 153, 153, 153
L -23, -113, -59, -23, -126, -59, 153, 153, 153
L -23, -126, -59, -9, -139, -59, 153, 153, 153
L -9, -139, -59, 11, -140, -59, 153, 153, 153
L 11, -140, -59, 10, -156, -59, 153, 153, 153
L 10, -156, -59, 8, -157, -59, 153, 153, 153
L 8, -157, -59, -24, -159, -45, 153, 153, 153
L -24, -159, -45, -33, -142, -41, 153, 153, 153
L -33, -142, -41, -59, -142, -44, 153, 153, 153
L -59, -142, -44, -66, -135, -44, 153, 153, 153
L -66, -135, -44, -60, -129, -44, 153, 153, 153
L -60, -129, -44, -54, -112, -44, 153, 153, 153
L -54, -112, -44, -60, -106, -44, 153, 153, 153
L -80, -101, -446, -80, -101, -44, 153, 153, 153
L -80, -101, -44, -83, -120, -44, 153, 153, 153
L -83, -120, -44, -84, -125, -39, 153, 153, 153
L -84, -125, -39, -72, -136, -44, 153, 153, 153
L -72, -136, -44, -89, -137, -43, 153, 153, 153
L -89, -137, -43, -116, -136, -44, 153, 153, 153
L -116, -136, -44, -119, -133, -44, 153, 153, 153
L -119, -133, -44, -128, -120, -44, 153, 153, 153
L -128, -120, -44, -116, -102, -44, 153, 153, 153
L -116, -102, -44, -116, -86, -44, 153, 153, 153
L -116, -86, -44, -97, -82, -43, 153, 153, 153
L -97, -82, -43, -81, -88, -43, 153, 153, 153
L -81, -88, -43, -70, -76, -44, 153, 153, 153
L -70, -76, -44, -20, -76, -59, 153, 153, 153
L -20, -76, -59, -16, -79, -59, 153, 153, 153
L -17, -65, -595, -17, -65, -59, 153, 153, 153
L -17, -65, -59, -19, -66, -59, 153, 153, 153
L -19, -66, -59, -68, -67, -46, 153, 153, 153
L -68, -67, -46, -76, -64, -44, 153, 153, 153
L -76, -64, -44, -94, -72, -44, 153, 153, 153
L -94, -72, -44, -97, -63, -44, 153, 153, 153
L -97, -63, -44, -107, -49, -44, 153, 153, 153
L -107, -49, -44, -109, -41, -44, 153, 153, 153
L -109, -41, -44, -121, -29, -44, 153, 153, 153
L -121, -29, -44, -111, -14, -44, 153, 153, 153
L -111, -14, -44, -118, -1, -44, 153, 153, 153
L -118, -1, -44, -98, 16, -44, 153, 153, 153
L -98, 16, -44, -94, 29, -44, 153, 153, 153
L -94, 29, -44, -78, 41, -44, 153, 153, 153
L -78, 41, -44, -82, 60, -44, 153, 153, 153
L -82, 60, -44, -69, 61, -44, 153, 153, 153
L -69, 61, -44, -43, 90, -44, 153, 153, 153
L -43, 90, -44, -33, 88, -44, 153, 153, 153
L -33, 88, -44, -12, 91, -44, 153, 153, 153
L -12, 91, -44, -2, 95, -44, 153, 153, 153
L -2, 95, -44, 24, 120, -44, 153, 153, 153
L 24, 120, -44, 45, 108, -44, 153, 153, 153
L 45, 108, -44, 61, 78, -44, 153, 153, 153
L 61, 78, -44, 63, 72, -44, 153, 153, 153
L 63, 72, -44, 79, 54, -44, 153, 153, 153
L 79, 54, -44, 83, 47, -44, 153, 153, 153
L 83, 47, -44, 80, 36, -44, 153, 153, 153
L 80, 36, -44, 79, 22, -44, 153, 153, 153
L 79, 22, -44, 64, 21, -44, 153, 153, 153
L 64, 21, -44, 63, 42, -44, 153, 153, 153
L 63, 42, -44, 63, 44, -44, 153, 153, 153
L 63, 44, -44, 0, 73, -44, 153, 153, 153
L 0, 73, -44, -65, 45, -44, 153, 153, 153
L -65, 45, -44, -66, 1, -44, 153, 153, 153
L -66, 1, -44, -43, -26, -44, 153, 153, 153
L -43, -26, -44, 37, -27, -44, 153, 153, 153
L 37, -27, -44, 58, -6, -44, 153, 153, 153
L 58, -6, -44, 63, 10, -44, 153, 153, 153
L 63, 10, -44, 79, 11, -44, 153, 153, 153
L 79, 11, -44, 79, 4, -44, 153, 153, 153
L 79, 4, -44, 73, -4, -44, 153, 153, 153
L 73, -4, -44, 88, -12, -44, 153, 153, 153
L 88, -12, -44, 69, -32, -44, 153, 153, 153
L 69, -32, -44, 62, -46, -44, 153, 153, 153
L 62, -46, -44, 50, -54, -44, 153, 153, 153
L 50, -54, -44, 45, -125, -59, 153, 153, 153
L 45, -125, -59, 41, -130, -59, 153, 153, 153
L 58, -132, -594, 58, -132, -59, 153, 153, 153
L 58, -132, -59, 52, -127, -59, 153, 153, 153
L 52, -127, -59, 51, -79, -44, 153, 153, 153
L 51, -79, -44, 60, -68, -44, 153, 153, 153
L 60, -68, -44, 61, -57, -44, 153, 153, 153
L 61, -57, -44, 85, -43, -44, 153, 153, 153
L 85, -43, -44, 94, -29, -44, 153, 153, 153
L 94, -29, -44, 103, -19, -44, 153, 153, 153
L 103, -19, -44, 104, -7, -44, 153, 153, 153
L 104, -7, -44, 88, 4, -44, 153, 153, 153
L 88, 4, -44, 99, 29, -43, 153, 153, 153
L 99, 29, -43, 96, 44, -44, 153, 153, 153
L 96, 44, -44, 80, 60, -44, 153, 153, 153
L 80, 60, -44, 76, 67, -44, 153, 153, 153
L 76, 67, -44, 76, 75, -44, 153, 153, 153
L 76, 75, -44, 96, 82, -44, 153, 153, 153
L 96, 82, -44, 106, 83, -45, 153, 153, 153
L 106, 83, -45, 158, 118, -44, 153, 153, 153
L 158, 118, -44, 163, 107, -42, 153, 153, 153
L 163, 107, -42, 166, 96, -38, 153, 153, 153
L 166, 96, -38, 167, 91, -34, 153, 153, 153
L 167, 91, -34, 167, 66, -17, 153, 153, 153
L 167, 66, -17, 167, 35, -4, 153, 153, 153
L 165, 135, -455, 165, 135, -45, 153, 153, 153
L 165, 135, -45, 162, 135, -45, 153, 153, 153
L 162, 135, -45, 161, 128, -45, 153, 153, 153
L 161, 128, -45, 116, 99, -43, 153, 153, 153
L 116, 99, -43, 113, 107, -44, 153, 153, 153
L 113, 107, -44, 133, 128, -44, 153, 153, 153
L 134, 145, -445, 134, 145, -44, 153, 153, 153
L 134, 145, -44, 120, 148, -44, 153, 153, 153
L 120, 148, -44, 113, 180, -44, 153, 153, 153
L 113, 180, -44, 133, 196, -44, 153, 153, 153
L 133, 196, -44, 146, 219, -44, 153, 153, 153
L 146, 219, -44, 118, 230, -44, 153, 153, 153
L 102, 232, -445, 102, 232, -44, 153, 153, 153
L 102, 232, -44, 78, 209, -44, 153, 153, 153
L 78, 209, -44, 64, 214, -44, 153, 153, 153
L 64, 214, -44, 51, 226, -43, 153, 153, 153
L 51, 226, -43, 30, 243, -39, 153, 153, 153
L 30, 243, -39, 12, 229, -44, 153, 153, 153
L 12, 229, -44, -19, 252, -43, 153, 153, 153
L -19, 252, -43, -61, 255, -42, 153, 153, 153
L -61, 255, -42, -86, 229, -43, 153, 153, 153
L -86, 229, -43, -92, 236, -44, 153, 153, 153
L -92, 236, -44, -113, 236, -44, 153, 153, 153
L -113, 236, -44, -123, 233, -43, 153, 153, 153
L -123, 233, -43, -178, 232, -80, 153, 153, 153
L -178, 232, -80, -179, 233, -81, 153, 153, 153
L -101, 209, -445, -101, 209, -44, 153, 153, 153
L -101, 209, -44, -102, 202, -44, 153, 153, 153
L -102, 202, -44, -100, 199, -44, 153, 153, 153
L -100, 199, -44, -95, 190, -43, 153, 153, 153
L -95, 190, -43, -74, 204, -43, 153, 153, 153
L -74, 204, -43, -63, 230, -43, 153, 153, 153
L -63, 230, -43, -49, 230, -41, 153, 153, 153
L -49, 230, -41, -37, 203, -43, 153, 153, 153
L -37, 203, -43, -11, 193, -43, 153, 153, 153
L -11, 193, -43, 11, 202, -44, 153, 153, 153
L 11, 202, -44, 13, 216, -44, 153, 153, 153
L 13, 216, -44, -21, 244, -43, 153, 153, 153
L -21, 244, -43, -62, 245, -42, 153, 153, 153
L -62, 245, -42, -88, 218, -44, 153, 153, 153
L -88, 218, -44, -92, 210, -44, 153, 153, 153
L -92, 210, -44, -101, 209, -44, 153, 153, 153
L -98, 171, -445, -98, 171, -44, 153, 153, 153
L -98, 171, -44, -76, 194, -43, 153, 153, 153
L -76, 194, -43, -68, 192, -43, 153, 153, 153
L -68, 192, -43, -59, 177, -44, 153, 153, 153
L -59, 177, -44, -58, 165, -43, 153, 153, 153
L -58, 165, -43, -60, 160, -44, 153, 153, 153
L -60, 160, -44, -75, 153, -44, 153, 153, 153
L -75, 153, -44, -81, 149, -44, 153, 153, 153
L -81, 149, -44, -96, 153, -44, 153, 153, 153
L -96, 153, -44, -98, 154, -44, 153, 153, 153
L -98, 154, -44, -99, 169, -43, 153, 153, 153
L -99, 169, -43, -99, 171, -44, 153, 153, 153
L -43, 159, -445, -43, 159, -44, 153, 153, 153
L -43, 159, -44, -51, 173, -44, 153, 153, 153
L -51, 173, -44, -37, 195, -43, 153, 153, 153
L -37, 195, -43, -10, 184, -43, 153, 153, 153
L -10, 184, -43, -8, 182, -43, 153, 153, 153
L -8, 182, -43, 13, 198, -44, 153, 153, 153
L 13, 198, -44, 30, 209, -44, 153, 153, 153
L 30, 209, -44, 48, 219, -44, 153, 153, 153
L 48, 219, -44, 67, 200, -44, 153, 153, 153
L 67, 200, -44, 78, 200, -43, 153, 153, 153
L 78, 200, -43, 102, 183, -44, 153, 153, 153
L 102, 183, -44, 102, 164, -44, 153, 153, 153
L 102, 164, -44, 79, 159, -43, 153, 153, 153
L 79, 159, -43, 57, 160, -43, 153, 153, 153
L 57, 160, -43, 28, 174, -43, 153, 153, 153
L 28, 174, -43, -9, 149, -43, 153, 153, 153
L -9, 149, -43, -43, 160, -44, 153, 153, 153
L -102, 62, -445, -102, 62, -44, 153, 153, 153
L -102, 62, -44, -90, 42, -44, 153, 153, 153
L -90, 42, -44, -102, 30, -44, 153, 153, 153
L -102, 30, -44, -110, 15, -44, 153, 153, 153
L -110, 15, -44, -130, 8, -39, 153, 153, 153
L -130, 8, -39, -127, -16, -44, 153, 153, 153
L -127, -16, -44, -129, -19, -44, 153, 153, 153
L -129, -19, -44, -131, -36, -44, 153, 153, 153
L -131, -36, -44, -118, -45, -44, 153, 153, 153
L -118, -45, -44, -117, -58, -44, 153, 153, 153
L -117, -58, -44, -105, -69, -44, 153, 153, 153
L -105, -69, -44, -125, -84, -43, 153, 153, 153
L -125, -84, -43, -135, -95, -44, 153, 153, 153
L -135, -95, -44, -130, -108, -44, 153, 153, 153
L -130, -108, -44, -135, -117, -44, 153, 153, 153
L -135, -117, -44, -141, -134, -39, 153, 153, 153
L -141, -134, -39, -132, -144, -44, 153, 153, 153
L -132, -144, -44, -99, -144, -43, 153, 153, 153
L -99, -144, -43, -72, -154, -44, 153, 153, 153
L -72, -154, -44, -83, -179, -44, 153, 153, 153
L -83, -179, -44, -90, -168, -44, 153, 153, 153
L -90, -168, -44, -104, -161, -44, 153, 153, 153
L -104, -161, -44, -113, -158, -44, 153, 153, 153
L -113, -158, -44, -123, -161, -44, 153, 153, 153
L -123, -161, -44, -145, -146, -44, 153, 153, 153
L -145, -146, -44, -157, -125, -44, 153, 153, 153
L -157, -125, -44, -147, -98, -44, 153, 153, 153
L -147, -98, -44, -144, -76, -44, 153, 153, 153
L -144, -76, -44, -137, -68, -44, 153, 153, 153
L -137, -68, -44, -143, -50, -44, 153, 153, 153
L -143, -50, -44, -145, 13, -44, 153, 153, 153
L -145, 13, -44, -133, 34, -44, 153, 153, 153
L -133, 34, -44, -133, 44, -44, 153, 153, 153
L -133, 44, -44, -124, 59, -44, 153, 153, 153
L -124, 59, -44, -114, 66, -44, 153, 153, 153
L -114, 66, -44, -103, 63, -44, 153, 153, 153
L -103, 63, -44, -102, 62, -44, 153, 153, 153
L -60, -107, -442, -60, -107, -44, 153, 153, 153
L -60, -107, -44, -66, -100, -44, 153, 153, 153
L -66, -101, -446, -66, -101, -44, 255, 0, 255
L -66, -101, -44, -60, -98, -44, 255, 0, 255
L -60, -98, -44, -58, -95, -44, 255, 0, 255
L -58, -95, -44, -58, -91, -44, 255, 0, 255
L -58, -91, -44, -59, -88, -44, 255, 0, 255
L -59, -88, -44, -65, -86, -44, 255, 0, 255
L -65, -86, -44, -69, -88, -44, 255, 0, 255
L -69, -88, -44, -79, -97, -43, 255, 0, 255
L -79, -97, -43, -80, -100, -43, 255, 0, 255
L -80, -100, -43, -66, -101, -44, 255, 0, 255
L 134, 129, -445, 134, 129, -44, 255, 0, 255
L 134, 129, -44, 142, 128, -44, 255, 0, 255
L 142, 128, -44, 148, 129, -44, 255, 0, 255
L 148, 129, -44, 149, 129, -44, 255, 0, 255
L 149, 129, -44, 152, 134, -44, 255, 0, 255
L 152, 134, -44, 152, 139, -44, 255, 0, 255
L 152, 139, -44, 150, 145, -44, 255, 0, 255
L 150, 145, -44, 147, 146, -44, 255, 0, 255
L 147, 146, -44, 143, 147, -44, 255, 0, 255
L 143, 147, -44, 139, 145, -44, 255, 0, 255
L 139, 145, -44, 134, 145, -44, 255, 0, 255
L 134, 145, -44, 134, 129, -44, 255, 0, 255
L 118, 231, -445, 118, 231, -44, 255, 0, 255
L 118, 231, -44, 116, 236, -44, 255, 0, 255
L 116, 236, -44, 116, 238, -44, 255, 0, 255
L 116, 238, -44, 118, 240, -44, 255, 0, 255
L 118, 240, -44, 118, 245, -44, 255, 0, 255
L 118, 245, -44, 114, 255, -44, 255, 0, 255
L 114, 255, -44, 110, 256, -44, 255, 0, 255
L 110, 256, -44, 103, 256, -44, 255, 0, 255
L 103, 256, -44, 103, 255, -44, 255, 0, 255
L 103, 255, -44, 99, 250, -44, 255, 0, 255
L 99, 250, -44, 99, 244, -44, 255, 0, 255
L 99, 244, -44, 103, 232, -44, 255, 0, 255
L 103, 232, -44, 116, 231, -44, 255, 0, 255
L 40, 10, -425, 40, 10, -42, 255, 0, 0
L 40, 10, -42, 10, 37, -43, 255, 0, 0
L 0, 27, -435, 0, 27, -43, 255, 0, 0
L 0, 27, -43, 26, 0, -43, 255, 0, 0
L -1, 25, -436, -1, 25, -43, 255, 0, 0
L -1, 25, -43, -30, 0, -43, 255, 0, 0
L -42, 10, -435, -42, 10, -43, 255, 0, 0
L -42, 10, -43, -14, 38, -42, 255, 0, 0
L 77, 95, -425, 77, 95, -42, 255, 0, 0
L 77, 95, -42, 80, 144, -43, 255, 0, 0
L 63, 143, -435, 63, 143, -43, 255, 0, 0
L 63, 143, -43, 63, 105, -44, 255, 0, 0
L -81, 75, -440, -81, 75, -44, 255, 0, 0
L -81, 75, -44, -82, 98, -44, 255, 0, 0
L -98, 97, -445, -98, 97, -44, 255, 0, 0
L -98, 97, -44, -95, 75, -44, 255, 0, 0
L 28, -346, -425, 28, -346, -42, 255, 0, 0
L 28, -346, -42, 109, -346, -42, 255, 0, 0
L 109, -332, -425, 109, -332, -42, 255, 0, 0
L 109, -332, -42, 28, -331, -42, 255, 0, 0
L 129, -178, -286, 129, -178, -28, 153, 153, 153
L 129, -178, -28, 160, -177, -37, 153, 153, 153
L 160, -177, -37, 183, -177, -46, 153, 153, 153
L 183, -177, -46, 200, -162, -47, 153, 153, 153
L 200, -162, -47, 189, -136, -47, 153, 153, 153
L 189, -136, -47, 171, -127, -47, 153, 153, 153
L 171, -127, -47, 168, -127, -47, 153, 153, 153
L 168, -127, -47, 146, -127, -55, 153, 153, 153
L 146, -127, -55, 139, -126, -56, 153, 153, 153
L 137, -133, -585, 137, -133, -58, 153, 153, 153
L 137, -133, -58, 171, -133, -47, 153, 153, 153
L 171, -133, -47, 182, -144, -47, 153, 153, 153
L 182, -144, -47, 183, -162, -47, 153, 153, 153
L 183, -162, -47, 159, -165, -37, 153, 153, 153
L 159, -165, -37, 120, -165, -28, 153, 153, 153
L 207, 203, -826, 207, 203, -82, 153, 153, 153
L 207, 203, -82, 174, 205, -76, 153, 153, 153
L 174, 205, -76, 172, 204, -76, 153, 153, 153
L 172, 204, -76, 167, 201, -75, 153, 153, 153
L 167, 201, -75, 162, 197, -73, 153, 153, 153
L 162, 197, -73, 161, 193, -73, 153, 153, 153
L 161, 193, -73, 160, 189, -72, 153, 153, 153
L 160, 189, -72, 160, 187, -71, 153, 153, 153
L 160, 187, -71, 162, 184, -69, 153, 153, 153
L 162, 184, -69, 162, 183, -69, 153, 153, 153
L 162, 183, -69, 163, 181, -68, 153, 153, 153
L 163, 181, -68, 167, 171, -63, 153, 153, 153
L 167, 171, -63, 167, 169, -62, 153, 153, 153
L 167, 169, -62, 167, 152, -46, 153, 153, 153
L 167, 152, -46, 167, 150, -46, 153, 153, 153
L 167, 150, -46, 165, 146, -46, 153, 153, 153
L 165, 146, -46, 165, 144, -46, 153, 153, 153
L 165, 144, -46, 165, 135, -45, 153, 153, 153
L 175, 135, -455, 175, 135, -45, 153, 153, 153
L 175, 135, -45, 175, 142, -46, 153, 153, 153
L 175, 142, -46, 176, 144, -46, 153, 153, 153
L 176, 144, -46, 176, 146, -46, 153, 153, 153
L 176, 146, -46, 175, 148, -46, 153, 153, 153
L 175, 148, -46, 174, 151, -46, 153, 153, 153
L 174, 151, -46, 174, 160, -53, 153, 153, 153
L 174, 160, -53, 174, 172, -64, 153, 153, 153
L 174, 172, -64, 175, 175, -65, 153, 153, 153
L 175, 175, -65, 181, 187, -70, 153, 153, 153
L 181, 187, -70, 184, 189, -78, 153, 153, 153
L 184, 189, -78, 190, 189, -79, 153, 153, 153
L 190, 189, -79, 199, 189, -81, 153, 153, 153
L 199, 189, -81, 206, 191, -82, 153, 153, 153
L 99, 98, -605, 99, 98, -60, 0, 0, 255
L 99, 98, -60, 99, 139, -60, 0, 0, 255
L 99, 139, -60, 61, 139, -60, 0, 0, 255
L 61, 139, -60, 45, 141, -60, 0, 0, 255
L 45, 141, -60, 25, 152, -60, 0, 0, 255
L 25, 152, -60, 6, 137, -60, 0, 0, 255
L 6, 137, -60, -8, 128, -60, 0, 0, 255
L -8, 128, -60, -21, 122, -60, 0, 0, 255
L -21, 122, -60, -42, 124, -60, 0, 0, 255
L -42, 124, -60, -61, 105, -60, 0, 0, 255
L -61, 105, -60, -76, 95, -60, 0, 0, 255
L -76, 95, -60, -97, 93, -60, 0, 0, 255
L -97, 93, -60, -106, 90, -60, 0, 0, 255
L -106, 90, -60, -116, 86, -60, 0, 0, 255
L -116, 86, -60, -136, 72, -60, 0, 0, 255
L -136, 72, -60, -142, 65, -60, 0, 0, 255
L -142, 65, -60, -158, 54, -60, 0, 0, 255
L -158, 54, -60, -160, -46, -60, 0, 0, 255
L -160, -46, -60, -169, -51, -60, 0, 0, 255
L -169, -51, -60, -169, -65, -60, 0, 0, 255
L -169, -65, -60, -164, -74, -60, 0, 0, 255
L -164, -74, -60, -168, -94, -60, 0, 0, 255
L -168, -94, -60, -177, -121, -60, 0, 0, 255
L -177, -121, -60, -167, -140, -60, 0, 0, 255
L -161, -140, -605, -161, -140, -60, 0, 0, 255
L -161, -140, -60, -163, -125, -60, 0, 0, 255
L -163, -125, -60, -154, -101, -60, 0, 0, 255
L -154, -101, -60, -152, -81, -60, 0, 0, 255
L -152, -81, -60, -147, -69, -60, 0, 0, 255
L -147, -69, -60, -152, -50, -60, 0, 0, 255
L -152, -50, -60, -154, 23, -60, 0, 0, 255
L -154, 23, -60, -145, 36, -60, 0, 0, 255
L -145, 36, -60, -145, 50, -60, 0, 0, 255
L -145, 50, -60, -141, 54, -60, 0, 0, 255
L -141, 54, -60, -139, 60, -60, 0, 0, 255
L -139, 60, -60, -128, 61, -60, 0, 0, 255
L -128, 61, -60, -125, 69, -60, 0, 0, 255
L -125, 69, -60, -109, 76, -60, 0, 0, 255
L -109, 76, -60, -99, 78, -60, 0, 0, 255
L -99, 78, -60, -86, 78, -60, 0, 0, 255
L -86, 78, -60, -65, 88, -60, 0, 0, 255
L -65, 88, -60, -43, 106, -60, 0, 0, 255
L -43, 106, -60, -26, 104, -60, 0, 0, 255
L -26, 104, -60, -13, 107, -60, 0, 0, 255
L -13, 107, -60, 6, 131, -60, 0, 0, 255
L 6, 131, -60, 25, 137, -60, 0, 0, 255
L 25, 137, -60, 63, 109, -60, 0, 0, 255
L 63, 109, -60, 77, 95, -60, 0, 0, 255
L 77, 95, -60, 99, 98, -60, 0, 0, 255
P 41, 116, 0, 255, 255, 255, 2, Gorge
P -190, -210, 0, 255, 255, 255, 2, Misty
P -131, -16, 0, 255, 255, 255, 2, Merchant
P -132, -52, 0, 255, 255, 255, 2, Merchant
P -90, -83, 0, 255, 255, 255, 2, Bartender
P -180, 85, 0, 255, 255, 255, 2, Locked_Door
P -108, -166, 0, 255, 255, 255, 2, The_Sporali_Moldmaster
P 0, 0, 0, 255, 255, 255, 2, Succor_Point
