L -16, -68, 100, -12, -73, 10, 0, 0, 0
L 13, -71, 100, 18, -66, 10, 0, 0, 0
L 18, -66, 10, 16, -59, 10, 0, 0, 0
L 16, -59, 10, 16, -55, 10, 0, 0, 0
L 16, -55, 10, 17, -52, 10, 0, 0, 0
L 17, -52, 10, 52, -52, 10, 0, 0, 0
L 52, -52, 10, 52, -16, 10, 0, 0, 0
L 52, -16, 10, 67, -16, 10, 0, 0, 0
L 67, -16, 10, 71, -13, 10, 0, 0, 0
L 67, 17, 100, 58, 16, 10, 0, 0, 0
L 58, 16, 10, 53, 16, 10, 0, 0, 0
L 53, 16, 10, 52, 17, 10, 0, 0, 0
L 52, 17, 10, 52, 52, 10, 0, 0, 0
L 52, 52, 10, 16, 52, 10, 0, 0, 0
L 16, 52, 10, 17, 67, 10, 0, 0, 0
L 17, 67, 10, 13, 71, 10, 0, 0, 0
L -12, 72, 100, -17, 67, 10, 0, 0, 0
L -17, 67, 10, -17, 59, 10, 0, 0, 0
L -17, 59, 10, -16, 55, 10, 0, 0, 0
L -16, 55, 10, -16, 53, 10, 0, 0, 0
L -16, 53, 10, -17, 52, 10, 0, 0, 0
L -17, 52, 10, -52, 52, 10, 0, 0, 0
L -52, 52, 10, -52, 17, 10, 0, 0, 0
L -52, 17, 10, -53, 16, 10, 0, 0, 0
L -53, 16, 10, -67, 16, 10, 0, 0, 0
L -67, 16, 10, -71, 14, 10, 0, 0, 0
L -68, -17, 100, -58, -16, 10, 0, 0, 0
L -58, -16, 10, -52, -16, 10, 0, 0, 0
L -52, -16, 10, -52, -52, 10, 0, 0, 0
L -52, -52, 10, -17, -52, 10, 0, 0, 0
L 36, -27, 100, 37, -34, 10, 0, 0, 0
L 37, -34, 10, 37, -36, 10, 0, 0, 0
L 37, -36, 10, 36, -37, 10, 0, 0, 0
L 36, -37, 10, -36, -37, 10, 0, 0, 0
L -36, -37, 10, -37, 36, 10, 0, 0, 0
L -37, 36, 10, 37, 36, 10, 0, 0, 0
L 37, 36, 10, 37, -36, 10, 0, 0, 0
L 71, 12, 100, 71, -11, 10, 0, 0, 0
L -16, -125, 100, -16, -160, 10, 0, 0, 0
L -16, -160, 10, -5, -161, 10, 0, 0, 0
L -5, -161, 10, -5, -172, 10, 0, 0, 0
L -5, -172, 10, -16, -173, 10, 0, 0, 0
L -16, -173, 10, -16, -214, 10, 0, 0, 0
L -16, -214, 10, 16, -214, 10, 0, 0, 0
L 16, -214, 10, 16, -206, 10, 0, 0, 0
L 16, -206, 10, 36, -206, 10, 0, 0, 0
L 36, -206, 10, 37, -215, 10, 0, 0, 0
L 37, -215, 10, 54, -232, 10, 0, 0, 0
L 54, -232, 10, 88, -232, 10, 0, 0, 0
L 88, -232, 10, 88, -207, 10, 0, 0, 0
L 88, -163, 100, 54, -163, 10, 0, 0, 0
L 54, -163, 10, 37, -180, 10, 0, 0, 0
L 37, -180, 10, 37, -189, 10, 0, 0, 0
L 37, -189, 10, 17, -189, 10, 0, 0, 0
L 17, -189, 10, 16, -173, 10, 0, 0, 0
L 16, -173, 10, 5, -172, 10, 0, 0, 0
L 5, -172, 10, 5, -161, 10, 0, 0, 0
L 5, -161, 10, 6, -160, 10, 0, 0, 0
L 6, -160, 10, 16, -160, 10, 0, 0, 0
L 16, -160, 10, 16, -125, 10, 0, 0, 0
L 107, -204, 100, 89, -206, 10, 0, 0, 0
L 88, -189, 100, 107, -191, 10, 0, 0, 0
L 107, -191, 100, 106, -204, 10, 0, 0, 0
L 109, -181, 100, 142, -181, 10, 0, 0, 0
L 142, -181, 10, 142, -304, 10, 0, 0, 0
L 142, -304, 10, 23, -304, 10, 0, 0, 0
L 17, -295, 100, 16, -298, 10, 0, 0, 0
L 16, -298, 10, 16, -466, 10, 0, 0, 0
L 16, -466, 10, -162, -466, 10, 0, 0, 0
L -162, -466, 10, -163, -467, 10, 0, 0, 0
L -163, -467, 10, -162, -541, 10, 0, 0, 0
L -162, -556, 100, -163, -574, 10, 0, 0, 0
L -163, -574, 10, -196, -574, 10, 0, 0, 0
L -196, -574, 10, -196, -433, 10, 0, 0, 0
L -196, -433, 10, -160, -432, 10, 0, 0, 0
L -160, -432, 10, -160, -376, 10, 0, 0, 0
L -160, -376, 10, -164, -376, 10, 0, 0, 0
L -164, -376, 10, -165, -374, 10, 0, 0, 0
L -165, -374, 10, -177, -374, 10, 0, 0, 0
L -177, -374, 10, -177, -376, 10, 0, 0, 0
L -177, -376, 10, -180, -376, 10, 0, 0, 0
L -180, -376, 10, -181, -378, 10, 0, 0, 0
L -181, -378, 10, -181, -394, 10, 0, 0, 0
L -181, -394, 10, -214, -394, 10, 0, 0, 0
L -214, -394, 10, -214, -325, 10, 0, 0, 0
L -214, -325, 10, -181, -325, 10, 0, 0, 0
L -181, -325, 10, -181, -360, 10, 0, 0, 0
L -181, -360, 10, -178, -361, 10, 0, 0, 0
L -178, -361, 10, -177, -361, 10, 0, 0, 0
L -177, -361, 10, -176, -363, 10, 0, 0, 0
L -176, -363, 10, -174, -363, 10, 0, 0, 0
L -174, -363, 10, -164, -362, 10, 0, 0, 0
L -164, -362, 10, -164, -361, 10, 0, 0, 0
L -164, -361, 10, -160, -360, 10, 0, 0, 0
L -160, -360, 10, -160, -289, 10, 0, 0, 0
L -160, -289, 10, -124, -289, 10, 0, 0, 0
L -124, -289, 10, -124, -285, 10, 0, 0, 0
L -124, -285, 10, -122, -284, 10, 0, 0, 0
L -122, -284, 10, -122, -282, 10, 0, 0, 0
L -123, -272, 100, -123, -272, 10, 0, 0, 0
L -123, -272, 10, -124, -272, 10, 0, 0, 0
L -124, -272, 10, -125, -268, 10, 0, 0, 0
L -125, -268, 10, -142, -268, 10, 0, 0, 0
L -142, -268, 10, -142, -235, 10, 0, 0, 0
L -142, -235, 10, -91, -235, 10, 0, 0, 0
L -91, -235, 10, -91, -268, 10, 0, 0, 0
L -91, -268, 10, -108, -268, 10, 0, 0, 0
L -108, -268, 10, -109, -269, 10, 0, 0, 0
L -109, -269, 10, -109, -272, 10, 0, 0, 0
L -109, -272, 10, -111, -272, 10, 0, 0, 0
L -111, -272, 10, -111, -275, 10, 0, 0, 0
L -111, -275, 10, -110, -285, 10, 0, 0, 0
L -110, -285, 10, -109, -285, 10, 0, 0, 0
L -109, -285, 10, -109, -289, 10, 0, 0, 0
L -109, -289, 10, -16, -289, 10, 0, 0, 0
L -16, -289, 10, -16, -271, 10, 0, 0, 0
L -16, -271, 10, -2, -271, 10, 0, 0, 0
L -2, -271, 100, -2, -277, 10, 0, 0, 0
L -2, -277, 10, -2, -282, 10, 0, 0, 0
L -2, -282, 10, -3, -286, 10, 0, 0, 0
L -3, -286, 10, -3, -289, 10, 0, 0, 0
L -3, -289, 10, 13, -289, 10, 0, 0, 0
L 13, -289, 10, 16, -288, 10, 0, 0, 0
L 16, -288, 10, 17, -286, 10, 0, 0, 0
L 22, -279, 100, 23, -271, 10, 0, 0, 0
L 23, -271, 100, 108, -271, 10, 0, 0, 0
L 108, -271, 10, 109, -269, 10, 0, 0, 0
L 109, -269, 10, 109, -181, 10, 0, 0, 0
L 109, -181, 10, 142, -181, 10, 0, 0, 0
L -17, -322, 100, -16, -326, 10, 0, 0, 0
L -16, -326, 10, -16, -340, 10, 0, 0, 0
L -16, -340, 10, -12, -342, 10, 0, 0, 0
L -12, -342, 10, -5, -345, 10, 0, 0, 0
L -5, -345, 10, -3, -356, 10, 0, 0, 0
L -3, -356, 10, -6, -357, 10, 0, 0, 0
L -6, -357, 10, -16, -361, 10, 0, 0, 0
L -16, -361, 10, -16, -432, 10, 0, 0, 0
L -16, -432, 10, -17, -433, 10, 0, 0, 0
L -17, -433, 10, -126, -433, 10, 0, 0, 0
L -126, -433, 10, -127, -432, 10, 0, 0, 0
L -127, -432, 10, -127, -376, 10, 0, 0, 0
L -127, -376, 10, -123, -376, 10, 0, 0, 0
L -123, -376, 10, -122, -374, 10, 0, 0, 0
L -122, -374, 10, -111, -374, 10, 0, 0, 0
L -111, -374, 10, -110, -376, 10, 0, 0, 0
L -110, -376, 10, -106, -376, 10, 0, 0, 0
L -106, -376, 10, -106, -394, 10, 0, 0, 0
L -106, -394, 10, -73, -394, 10, 0, 0, 0
L -73, -394, 10, -73, -343, 10, 0, 0, 0
L -73, -343, 10, -106, -343, 10, 0, 0, 0
L -106, -343, 10, -107, -361, 10, 0, 0, 0
L -107, -361, 10, -110, -361, 10, 0, 0, 0
L -110, -361, 10, -111, -363, 10, 0, 0, 0
L -111, -363, 10, -122, -363, 10, 0, 0, 0
L -122, -363, 10, -123, -362, 10, 0, 0, 0
L -123, -362, 10, -123, -361, 10, 0, 0, 0
L -123, -361, 10, -126, -361, 10, 0, 0, 0
L -126, -361, 10, -127, -360, 10, 0, 0, 0
L -127, -360, 10, -127, -323, 10, 0, 0, 0
L -127, -323, 10, -125, -322, 10, 0, 0, 0
L -125, -322, 10, -17, -322, 10, 0, 0, 0
L 21, -287, 100, 2, -288, 10, 0, 0, 0
L -122, -284, 100, -123, -272, 10, 0, 0, 0
L 88, -188, 100, 88, -163, 10, 0, 0, 0
L 88, -163, 10, 54, -163, 10, 0, 0, 0
L 17, -124, 100, 16, -110, 10, 0, 0, 0
L 16, -110, 10, 13, -107, 10, 0, 0, 0
L 13, -107, 10, 13, -71, 10, 0, 0, 0
L 13, -71, 10, 18, -66, 10, 0, 0, 0
L 18, -66, 10, 17, -59, 10, 0, 0, 0
L -16, -125, 100, -16, -111, 10, 0, 0, 0
L -16, -111, 10, -14, -109, 10, 0, 0, 0
L -14, -109, 10, -12, -74, 10, 0, 0, 0
L -12, -74, 10, -12, -72, 10, 0, 0, 0
L -12, -72, 10, -17, -67, 10, 0, 0, 0
L -17, -67, 10, -17, -59, 10, 0, 0, 0
L -17, -59, 10, -16, -55, 10, 0, 0, 0
L -16, -55, 10, -16, -53, 10, 0, 0, 0
L -16, -53, 10, -17, -52, 10, 0, 0, 0
L 23, -271, 100, 23, -286, 10, 0, 0, 0
L 16, 160, 100, 17, 124, 10, 0, 0, 0
L 16, 160, 100, 5, 161, 10, 0, 0, 0
L 5, 161, 10, 5, 165, 10, 0, 0, 0
L 5, 165, 10, 6, 173, 10, 0, 0, 0
L 6, 173, 10, 16, 173, 10, 0, 0, 0
L 16, 173, 10, 17, 189, 10, 0, 0, 0
L 17, 189, 10, 37, 188, 10, 0, 0, 0
L 37, 188, 10, 37, 180, 10, 0, 0, 0
L 37, 180, 10, 54, 163, 10, 0, 0, 0
L 54, 163, 10, 88, 163, 10, 0, 0, 0
L 88, 163, 10, 88, 188, 10, 0, 0, 0
L 88, 206, 100, 88, 232, 10, 0, 0, 0
L 88, 232, 10, 54, 232, 10, 0, 0, 0
L 54, 232, 10, 37, 215, 10, 0, 0, 0
L 37, 215, 10, 36, 206, 10, 0, 0, 0
L 36, 206, 10, 16, 206, 10, 0, 0, 0
L 16, 206, 10, 16, 214, 10, 0, 0, 0
L 16, 214, 10, -16, 214, 10, 0, 0, 0
L -16, 214, 10, -16, 173, 10, 0, 0, 0
L -16, 173, 10, -5, 172, 10, 0, 0, 0
L -5, 172, 10, -6, 160, 10, 0, 0, 0
L -6, 160, 10, -16, 160, 10, 0, 0, 0
L -16, 160, 10, -16, 124, 10, 0, 0, 0
L 88, 190, 100, 107, 191, 10, 0, 0, 0
L 106, 204, 100, 89, 206, 10, 0, 0, 0
L 107, 191, 100, 107, 204, 10, 0, 0, 0
L 109, 163, 100, 142, 163, 10, 0, 0, 0
L 142, 163, 10, 142, 286, 10, 0, 0, 0
L 142, 286, 10, 113, 286, 10, 0, 0, 0
L 109, 163, 100, 109, 257, 10, 0, 0, 0
L 102, 253, 100, 19, 253, 10, 0, 0, 0
L 19, 253, 10, 19, 263, 10, 0, 0, 0
L -1, 253, 100, -75, 253, 10, 0, 0, 0
L -75, 253, 10, -101, 264, 10, 0, 0, 0
L -101, 264, 10, -119, 274, 10, 0, 0, 0
L -119, 274, 10, -135, 284, 10, 0, 0, 0
L -135, 284, 10, -141, 288, 10, 0, 0, 0
L -141, 288, 10, -143, 289, 10, 0, 0, 0
L -143, 289, 10, -163, 270, 10, 0, 0, 0
L -163, 270, 10, -163, 251, 10, 0, 0, 0
L -163, 251, 10, -162, 250, 10, 0, 0, 0
L -162, 250, 10, -137, 243, 10, 0, 0, 0
L -137, 243, 10, -135, 242, 10, 0, 0, 0
L -135, 242, 10, -145, 217, 10, 0, 0, 0
L -145, 217, 10, -161, 217, 10, 0, 0, 0
L -161, 217, 10, -178, 234, 10, 0, 0, 0
L -178, 234, 10, -179, 253, 10, 0, 0, 0
L -179, 253, 10, -232, 306, 10, 0, 0, 0
L -232, 306, 10, -232, 323, 10, 0, 0, 0
L -232, 323, 10, -214, 358, 10, 0, 0, 0
L -214, 358, 10, -197, 358, 10, 0, 0, 0
L -197, 343, 100, -200, 341, 10, 0, 0, 0
L -200, 341, 10, -214, 322, 10, 0, 0, 0
L -214, 322, 10, -217, 314, 10, 0, 0, 0
L -217, 314, 10, -216, 308, 10, 0, 0, 0
L -216, 308, 10, -180, 286, 10, 0, 0, 0
L -180, 286, 10, -178, 286, 10, 0, 0, 0
L -178, 286, 10, -156, 297, 10, 0, 0, 0
L -156, 297, 10, -144, 304, 10, 0, 0, 0
L -144, 304, 10, -107, 282, 10, 0, 0, 0
L -107, 282, 10, -101, 282, 10, 0, 0, 0
L -101, 282, 10, -91, 285, 10, 0, 0, 0
L -91, 285, 10, -90, 286, 10, 0, 0, 0
L -90, 286, 10, -79, 271, 10, 0, 0, 0
L -79, 271, 10, -77, 268, 10, 0, 0, 0
L -77, 268, 10, -71, 268, 10, 0, 0, 0
L -71, 268, 10, -70, 270, 10, 0, 0, 0
L -70, 270, 10, -70, 286, 10, 0, 0, 0
L -70, 286, 10, -52, 286, 10, 0, 0, 0
L -52, 286, 10, -52, 416, 10, 0, 0, 0
L -54, 417, 100, -57, 417, 10, 0, 0, 0
L -57, 417, 10, -60, 417, 10, 0, 0, 0
L -60, 417, 10, -61, 415, 10, 0, 0, 0
L -61, 415, 10, -73, 413, 10, 0, 0, 0
L -73, 413, 10, -73, 379, 10, 0, 0, 0
L -73, 379, 10, -126, 379, 10, 0, 0, 0
L -126, 379, 10, -127, 377, 10, 0, 0, 0
L -127, 377, 10, -127, 343, 10, 0, 0, 0
L -127, 343, 10, -199, 342, 10, 0, 0, 0
L -196, 358, 100, -196, 394, 10, 0, 0, 0
L -196, 394, 10, -88, 395, 10, 0, 0, 0
L -88, 395, 10, -88, 398, 10, 0, 0, 0
L -88, 398, 10, -90, 451, 10, 0, 0, 0
L -90, 451, 10, -92, 451, 10, 0, 0, 0
L -92, 451, 10, -94, 453, 10, 0, 0, 0
L -94, 453, 10, -104, 453, 10, 0, 0, 0
L -104, 453, 10, -105, 451, 10, 0, 0, 0
L -105, 451, 100, -108, 451, 10, 0, 0, 0
L -108, 451, 10, -126, 433, 10, 0, 0, 0
L -126, 433, 10, -160, 433, 10, 0, 0, 0
L -160, 433, 10, -160, 484, 10, 0, 0, 0
L -160, 484, 10, -126, 484, 10, 0, 0, 0
L -126, 484, 10, -108, 466, 10, 0, 0, 0
L -108, 466, 10, -105, 466, 10, 0, 0, 0
L -105, 466, 10, -105, 464, 10, 0, 0, 0
L -105, 464, 10, -92, 464, 10, 0, 0, 0
L -92, 464, 10, -92, 466, 10, 0, 0, 0
L -92, 466, 10, -88, 466, 10, 0, 0, 0
L -88, 466, 10, -88, 558, 10, 0, 0, 0
L -88, 558, 10, -91, 559, 10, 0, 0, 0
L -91, 559, 10, -92, 559, 10, 0, 0, 0
L -92, 559, 10, -92, 560, 10, 0, 0, 0
L -92, 560, 10, -95, 561, 10, 0, 0, 0
L -95, 561, 10, -105, 560, 10, 0, 0, 0
L -105, 560, 10, -105, 559, 10, 0, 0, 0
L -105, 559, 10, -107, 559, 10, 0, 0, 0
L -107, 559, 10, -109, 558, 10, 0, 0, 0
L -109, 558, 10, -126, 541, 10, 0, 0, 0
L -126, 541, 10, -160, 541, 10, 0, 0, 0
L -160, 541, 10, -160, 592, 10, 0, 0, 0
L -160, 592, 10, -126, 592, 10, 0, 0, 0
L -126, 592, 10, -108, 574, 10, 0, 0, 0
L -108, 574, 10, -105, 574, 10, 0, 0, 0
L -105, 574, 10, -104, 572, 10, 0, 0, 0
L -104, 572, 10, -93, 572, 10, 0, 0, 0
L -93, 572, 10, -92, 574, 10, 0, 0, 0
L -92, 574, 10, -37, 574, 10, 0, 0, 0
L -37, 559, 100, -72, 559, 10, 0, 0, 0
L -72, 559, 10, -73, 556, 10, 0, 0, 0
L -73, 556, 10, -72, 430, 10, 0, 0, 0
L -72, 430, 10, -61, 430, 10, 0, 0, 0
L -61, 430, 10, -60, 428, 10, 0, 0, 0
L -60, 428, 10, -52, 429, 10, 0, 0, 0
L -52, 429, 10, -52, 430, 10, 0, 0, 0
L -52, 430, 10, 52, 430, 10, 0, 0, 0
L 52, 416, 100, 52, 286, 10, 0, 0, 0
L 52, 286, 10, 102, 286, 10, 0, 0, 0
L 37, 342, 100, 36, 343, 10, 0, 0, 0
L 36, 343, 10, 17, 343, 10, 0, 0, 0
L 17, 343, 10, 16, 341, 10, 0, 0, 0
L 16, 341, 10, 16, 325, 10, 0, 0, 0
L 16, 325, 10, -16, 325, 10, 0, 0, 0
L -16, 325, 10, -16, 341, 10, 0, 0, 0
L -16, 341, 10, -17, 343, 10, 0, 0, 0
L -17, 343, 10, -19, 343, 10, 0, 0, 0
L -19, 343, 10, -37, 342, 10, 0, 0, 0
L -37, 342, 10, -37, 287, 10, 0, 0, 0
L -37, 287, 10, -36, 286, 10, 0, 0, 0
L -36, 286, 10, -1, 286, 10, 0, 0, 0
L -1, 286, 10, 0, 278, 10, 0, 0, 0
L 0, 278, 10, 6, 274, 10, 0, 0, 0
L 11, 286, 100, 37, 286, 10, 0, 0, 0
L 37, 287, 100, 37, 342, 10, 0, 0, 0
L 19, 253, 100, -1, 253, 10, 0, 0, 0
L -1, 286, 100, 11, 286, 10, 0, 0, 0
L 11, 286, 10, 11, 273, 10, 0, 0, 0
L 11, 273, 10, 9, 271, 10, 0, 0, 0
L 9, 271, 10, 3, 273, 10, 0, 0, 0
L 3, 273, 10, -1, 274, 10, 0, 0, 0
L -1, 274, 10, -1, 286, 10, 0, 0, 0
L -1, 253, 100, -1, 258, 10, 0, 0, 0
L -1, 258, 10, 3, 266, 10, 0, 0, 0
L 3, 266, 10, 10, 267, 10, 0, 0, 0
L 10, 267, 10, 14, 267, 10, 0, 0, 0
L 14, 267, 10, 19, 265, 10, 0, 0, 0
L 19, 265, 10, 19, 253, 10, 0, 0, 0
L -30, 574, 100, -30, 559, 10, 0, 0, 0
L -37, 574, 100, -37, 559, 10, 0, 0, 0
L -30, 559, 100, -10, 559, 10, 0, 0, 0
L 16, 559, 100, 16, 594, 10, 0, 0, 0
L 16, 594, 10, 18, 595, 10, 0, 0, 0
L 18, 595, 10, 52, 595, 10, 0, 0, 0
L 52, 595, 10, 52, 700, 10, 0, 0, 0
L 52, 700, 10, 50, 700, 10, 0, 0, 0
L 50, 700, 10, 50, 702, 10, 0, 0, 0
L 50, 702, 10, 51, 709, 10, 0, 0, 0
L 51, 709, 10, 52, 709, 10, 0, 0, 0
L 52, 709, 10, 54, 739, 10, 0, 0, 0
L 54, 739, 10, 59, 739, 10, 0, 0, 0
L 73, 737, 100, 88, 737, 10, 0, 0, 0
L 88, 720, 100, 88, 719, 10, 0, 0, 0
L 88, 719, 10, 89, 718, 10, 0, 0, 0
L 232, 718, 10, 232, 593, 10, 0, 0, 0
L 232, 593, 10, 252, 574, 10, 0, 0, 0
L 252, 574, 10, 304, 574, 10, 0, 0, 0
L 304, 574, 10, 305, 520, 10, 0, 0, 0
L 305, 520, 10, 358, 520, 10, 0, 0, 0
L 358, 520, 10, 358, 471, 10, 0, 0, 0
L 358, 471, 10, 343, 486, 10, 0, 0, 0
L 343, 486, 10, 343, 504, 10, 0, 0, 0
L 343, 504, 10, 341, 505, 10, 0, 0, 0
L 341, 505, 10, 271, 505, 10, 0, 0, 0
L 271, 505, 10, 271, 520, 10, 0, 0, 0
L 271, 520, 10, 288, 520, 10, 0, 0, 0
L 288, 520, 10, 289, 523, 10, 0, 0, 0
L 289, 523, 10, 289, 558, 10, 0, 0, 0
L 289, 558, 10, 287, 559, 10, 0, 0, 0
L 287, 559, 10, 251, 559, 10, 0, 0, 0
L 251, 559, 10, 232, 540, 10, 0, 0, 0
L 232, 540, 10, 232, 394, 10, 0, 0, 0
L 232, 394, 10, 289, 395, 10, 0, 0, 0
L 289, 395, 10, 306, 412, 10, 0, 0, 0
L 306, 412, 10, 323, 412, 10, 0, 0, 0
L 323, 412, 10, 341, 394, 10, 0, 0, 0
L 341, 394, 10, 396, 394, 10, 0, 0, 0
L 396, 394, 10, 397, 396, 10, 0, 0, 0
L 397, 396, 10, 397, 412, 10, 0, 0, 0
L 397, 412, 10, 412, 412, 10, 0, 0, 0
L 412, 412, 10, 412, 321, 10, 0, 0, 0
L 412, 321, 10, 410, 321, 10, 0, 0, 0
L 410, 321, 10, 410, 319, 10, 0, 0, 0
L 410, 319, 10, 411, 308, 10, 0, 0, 0
L 411, 308, 10, 412, 308, 10, 0, 0, 0
L 412, 308, 10, 412, 305, 10, 0, 0, 0
L 412, 305, 10, 430, 287, 10, 0, 0, 0
L 430, 287, 10, 430, 270, 10, 0, 0, 0
L 430, 270, 10, 413, 253, 10, 0, 0, 0
L 413, 253, 10, 396, 253, 10, 0, 0, 0
L 396, 253, 10, 379, 270, 10, 0, 0, 0
L 379, 270, 10, 379, 287, 10, 0, 0, 0
L 379, 287, 10, 397, 305, 10, 0, 0, 0
L 397, 305, 10, 397, 308, 10, 0, 0, 0
L 397, 308, 10, 398, 308, 10, 0, 0, 0
L 398, 308, 10, 399, 309, 10, 0, 0, 0
L 399, 309, 10, 399, 320, 10, 0, 0, 0
L 399, 320, 10, 397, 321, 10, 0, 0, 0
L 397, 321, 10, 397, 378, 10, 0, 0, 0
L 397, 378, 10, 395, 379, 10, 0, 0, 0
L 395, 379, 10, 342, 379, 10, 0, 0, 0
L 342, 379, 10, 340, 378, 10, 0, 0, 0
L 340, 378, 10, 322, 360, 10, 0, 0, 0
L 322, 360, 10, 322, 107, 10, 0, 0, 0
L 322, 107, 10, 323, 106, 10, 0, 0, 0
L 323, 106, 10, 326, 106, 10, 0, 0, 0
L 326, 106, 10, 328, 104, 10, 0, 0, 0
L 328, 104, 10, 339, 105, 10, 0, 0, 0
L 339, 105, 10, 339, 106, 10, 0, 0, 0
L 339, 106, 10, 342, 106, 10, 0, 0, 0
L 342, 106, 10, 360, 124, 10, 0, 0, 0
L 360, 124, 10, 377, 124, 10, 0, 0, 0
L 377, 124, 10, 394, 107, 10, 0, 0, 0
L 394, 107, 10, 394, 90, 10, 0, 0, 0
L 394, 90, 10, 377, 73, 10, 0, 0, 0
L 377, 73, 10, 360, 73, 10, 0, 0, 0
L 360, 73, 10, 341, 91, 10, 0, 0, 0
L 341, 91, 10, 339, 91, 10, 0, 0, 0
L 339, 91, 10, 338, 93, 10, 0, 0, 0
L 338, 93, 10, 326, 92, 10, 0, 0, 0
L 326, 92, 10, 326, 91, 10, 0, 0, 0
L 326, 91, 10, 214, 91, 10, 0, 0, 0
L 214, 91, 10, 214, 74, 10, 0, 0, 0
L 126, 16, 100, 160, 16, 10, 0, 0, 0
L 160, 16, 10, 160, 6, 10, 0, 0, 0
L 160, 6, 10, 161, 5, 10, 0, 0, 0
L 161, 5, 10, 172, 5, 10, 0, 0, 0
L 172, 5, 10, 173, 6, 10, 0, 0, 0
L 173, 6, 10, 173, 16, 10, 0, 0, 0
L 173, 16, 10, 214, 16, 10, 0, 0, 0
L 214, 16, 10, 214, -16, 10, 0, 0, 0
L 214, -16, 10, 207, -16, 10, 0, 0, 0
L 207, -16, 10, 206, -17, 10, 0, 0, 0
L 206, -17, 10, 206, -36, 10, 0, 0, 0
L 206, -36, 10, 209, -37, 10, 0, 0, 0
L 209, -37, 10, 215, -37, 10, 0, 0, 0
L 215, -37, 10, 232, -54, 10, 0, 0, 0
L 232, -54, 10, 232, -88, 10, 0, 0, 0
L 232, -88, 10, 207, -88, 10, 0, 0, 0
L 188, -88, 100, 163, -88, 10, 0, 0, 0
L 163, -88, 10, 163, -54, 10, 0, 0, 0
L 163, -54, 10, 180, -37, 10, 0, 0, 0
L 180, -37, 10, 188, -37, 10, 0, 0, 0
L 188, -37, 10, 189, -34, 10, 0, 0, 0
L 189, -34, 10, 189, -18, 10, 0, 0, 0
L 189, -18, 10, 185, -16, 10, 0, 0, 0
L 185, -16, 10, 173, -16, 10, 0, 0, 0
L 173, -16, 10, 173, -5, 10, 0, 0, 0
L 173, -5, 10, 164, -5, 10, 0, 0, 0
L 164, -5, 10, 159, -8, 10, 0, 0, 0
L 159, -8, 10, 160, -16, 10, 0, 0, 0
L 160, -16, 10, 125, -16, 10, 0, 0, 0
L 190, -90, 100, 191, -108, 10, 0, 0, 0
L 181, -109, 100, 181, -126, 10, 0, 0, 0
L 181, -126, 10, 196, -130, 10, 0, 0, 0
L 196, -130, 10, 228, -128, 10, 0, 0, 0
L 228, -128, 10, 229, -129, 10, 0, 0, 0
L 229, -129, 10, 245, -142, 10, 0, 0, 0
L 245, -142, 10, 181, -142, 10, 0, 0, 0
L 181, -142, 10, 181, -129, 10, 0, 0, 0
L 245, -142, 100, 304, -142, 10, 0, 0, 0
L 304, -142, 10, 304, -73, 10, 0, 0, 0
L 271, -73, 100, 270, -109, 10, 0, 0, 0
L 270, -109, 10, 181, -109, 10, 0, 0, 0
L 271, -52, 100, 271, -1, 10, 0, 0, 0
L 271, -1, 10, 415, -1, 10, 0, 0, 0
L -159, -556, 100, -159, -554, 10, 0, 0, 0
L -159, -554, 10, -157, -553, 10, 0, 0, 0
L -157, -553, 10, -146, -555, 10, 0, 0, 0
L -146, -555, 10, -146, -556, 10, 0, 0, 0
L -146, -556, 10, -143, -556, 10, 0, 0, 0
L -143, -556, 10, -142, -557, 10, 0, 0, 0
L -142, -557, 10, -142, -574, 10, 0, 0, 0
L -142, -574, 10, -93, -574, 10, 0, 0, 0
L -93, -574, 100, -93, -571, 10, 0, 0, 0
L -93, -571, 10, -94, -559, 10, 0, 0, 0
L -93, -523, 100, -93, -544, 10, 0, 0, 0
L -88, -575, 100, -71, -592, 10, 0, 0, 0
L -71, -592, 10, -16, -594, 10, 0, 0, 0
L -16, -594, 10, -16, -596, 10, 0, 0, 0
L -16, -596, 10, -15, -596, 10, 0, 0, 0
L -15, -596, 10, -13, -599, 10, 0, 0, 0
L -13, -599, 10, -14, -607, 10, 0, 0, 0
L -14, -607, 10, -14, -608, 10, 0, 0, 0
L -14, -608, 10, -15, -608, 10, 0, 0, 0
L -15, -608, 10, -16, -609, 10, 0, 0, 0
L -16, -609, 10, -16, -612, 10, 0, 0, 0
L -16, -612, 10, -34, -613, 10, 0, 0, 0
L -34, -613, 10, -34, -664, 10, 0, 0, 0
L -34, -664, 10, 16, -664, 10, 0, 0, 0
L 16, -664, 10, 16, -613, 10, 0, 0, 0
L 16, -613, 10, -1, -611, 10, 0, 0, 0
L -1, -611, 10, -1, -609, 10, 0, 0, 0
L -1, -609, 10, -3, -608, 10, 0, 0, 0
L -3, -608, 10, -3, -596, 10, 0, 0, 0
L -3, -596, 10, -1, -596, 10, 0, 0, 0
L -1, -596, 10, -1, -505, 10, 0, 0, 0
L -1, -505, 10, -71, -505, 10, 0, 0, 0
L -71, -505, 10, -88, -522, 10, 0, 0, 0
L -88, -522, 10, -88, -524, 10, 0, 0, 0
L -88, -524, 10, -90, -525, 10, 0, 0, 0
L 52, 416, 100, 55, 417, 10, 0, 0, 0
L 55, 417, 10, 60, 417, 10, 0, 0, 0
L 60, 417, 10, 61, 416, 10, 0, 0, 0
L 61, 416, 10, 61, 415, 10, 0, 0, 0
L 61, 415, 10, 108, 415, 10, 0, 0, 0
L 108, 415, 10, 109, 414, 10, 0, 0, 0
L 109, 414, 10, 109, 411, 10, 0, 0, 0
L 109, 411, 10, 111, 410, 10, 0, 0, 0
L 111, 410, 10, 111, 398, 10, 0, 0, 0
L 111, 398, 10, 109, 398, 10, 0, 0, 0
L 109, 398, 10, 109, 395, 10, 0, 0, 0
L 109, 395, 10, 108, 394, 10, 0, 0, 0
L 108, 394, 10, 91, 394, 10, 0, 0, 0
L 91, 394, 10, 91, 361, 10, 0, 0, 0
L 91, 361, 10, 142, 361, 10, 0, 0, 0
L 142, 361, 10, 142, 394, 10, 0, 0, 0
L 142, 394, 10, 124, 394, 10, 0, 0, 0
L 124, 394, 10, 124, 398, 10, 0, 0, 0
L 124, 398, 10, 123, 398, 10, 0, 0, 0
L 123, 398, 10, 122, 399, 10, 0, 0, 0
L 122, 399, 10, 122, 410, 10, 0, 0, 0
L 122, 410, 10, 123, 411, 10, 0, 0, 0
L 123, 411, 10, 124, 411, 10, 0, 0, 0
L 124, 411, 10, 124, 450, 10, 0, 0, 0
L 124, 450, 10, 127, 451, 10, 0, 0, 0
L 127, 451, 10, 128, 451, 10, 0, 0, 0
L 128, 451, 10, 128, 452, 10, 0, 0, 0
L 128, 452, 10, 129, 453, 10, 0, 0, 0
L 129, 453, 10, 140, 453, 10, 0, 0, 0
L 140, 453, 10, 141, 452, 10, 0, 0, 0
L 141, 452, 10, 141, 451, 10, 0, 0, 0
L 141, 451, 10, 144, 451, 10, 0, 0, 0
L 144, 451, 10, 145, 450, 10, 0, 0, 0
L 145, 450, 10, 145, 433, 10, 0, 0, 0
L 145, 433, 10, 178, 433, 10, 0, 0, 0
L 178, 433, 10, 178, 484, 10, 0, 0, 0
L 178, 484, 10, 145, 484, 10, 0, 0, 0
L 145, 484, 10, 144, 466, 10, 0, 0, 0
L 144, 466, 10, 141, 466, 10, 0, 0, 0
L 141, 466, 10, 140, 464, 10, 0, 0, 0
L 140, 464, 10, 129, 464, 10, 0, 0, 0
L 129, 464, 10, 128, 466, 10, 0, 0, 0
L 128, 466, 10, 124, 466, 10, 0, 0, 0
L 124, 466, 10, 124, 540, 10, 0, 0, 0
L 124, 540, 10, 127, 542, 10, 0, 0, 0
L 127, 542, 10, 142, 558, 10, 0, 0, 0
L 142, 558, 10, 142, 575, 10, 0, 0, 0
L 142, 575, 10, 125, 592, 10, 0, 0, 0
L 125, 592, 10, 108, 592, 10, 0, 0, 0
L 108, 592, 10, 90, 574, 10, 0, 0, 0
L 90, 574, 10, 63, 574, 10, 0, 0, 0
L 63, 574, 10, 55, 572, 10, 0, 0, 0
L 55, 572, 10, 53, 566, 10, 0, 0, 0
L 53, 566, 10, 60, 559, 10, 0, 0, 0
L 60, 559, 10, 85, 559, 10, 0, 0, 0
L 85, 559, 10, 91, 558, 10, 0, 0, 0
L 91, 558, 10, 109, 540, 10, 0, 0, 0
L 109, 540, 10, 108, 466, 10, 0, 0, 0
L 108, 466, 100, 108, 451, 10, 0, 0, 0
L 108, 451, 100, 109, 449, 10, 0, 0, 0
L 109, 449, 10, 109, 430, 10, 0, 0, 0
L 109, 430, 10, 61, 430, 10, 0, 0, 0
L 61, 430, 10, 61, 429, 10, 0, 0, 0
L 61, 429, 10, 58, 427, 10, 0, 0, 0
L 58, 427, 10, 53, 428, 10, 0, 0, 0
L 53, 428, 10, 52, 430, 10, 0, 0, 0
L 106, 451, 100, 101, 451, 10, 0, 0, 0
L 101, 451, 10, 90, 455, 10, 0, 0, 0
L 90, 455, 10, 74, 462, 10, 0, 0, 0
L 74, 462, 10, 31, 472, 10, 0, 0, 0
L 31, 472, 10, 17, 486, 10, 0, 0, 0
L 17, 486, 10, 11, 493, 10, 0, 0, 0
L 11, 493, 10, 9, 500, 10, 0, 0, 0
L 9, 500, 10, 3, 519, 10, 0, 0, 0
L 3, 519, 10, -3, 531, 10, 0, 0, 0
L -3, 531, 10, -7, 540, 10, 0, 0, 0
L -7, 540, 10, -7, 548, 10, 0, 0, 0
L -7, 548, 10, -8, 550, 10, 0, 0, 0
L 10, 552, 100, 12, 540, 10, 0, 0, 0
L 12, 540, 10, 16, 518, 10, 0, 0, 0
L 16, 518, 10, 23, 505, 10, 0, 0, 0
L 23, 505, 10, 30, 491, 10, 0, 0, 0
L 30, 491, 10, 39, 489, 10, 0, 0, 0
L 39, 489, 10, 55, 486, 10, 0, 0, 0
L 55, 486, 10, 70, 484, 10, 0, 0, 0
L 70, 484, 10, 76, 482, 10, 0, 0, 0
L 76, 482, 10, 89, 475, 10, 0, 0, 0
L 89, 475, 10, 95, 470, 10, 0, 0, 0
L 95, 470, 10, 101, 466, 10, 0, 0, 0
L 101, 466, 10, 97, 469, 10, 0, 0, 0
L -30, 574, 100, -26, 574, 10, 0, 0, 0
L -26, 574, 10, -17, 574, 10, 0, 0, 0
L -17, 574, 10, -16, 575, 10, 0, 0, 0
L -16, 575, 10, -16, 594, 10, 0, 0, 0
L -16, 594, 10, -17, 595, 10, 0, 0, 0
L -17, 595, 10, -52, 595, 10, 0, 0, 0
L -52, 595, 10, -52, 700, 10, 0, 0, 0
L -52, 700, 10, 37, 700, 10, 0, 0, 0
L 51, 700, 100, 52, 700, 10, 0, 0, 0
L 52, 700, 10, 52, 595, 10, 0, 0, 0
L 52, 595, 10, 17, 595, 10, 0, 0, 0
L 17, 595, 10, 16, 593, 10, 0, 0, 0
L 16, 593, 10, 16, 576, 10, 0, 0, 0
L 73, 736, 100, 73, 703, 10, 0, 0, 0
L 73, 703, 10, 217, 702, 10, 0, 0, 0
L 217, 702, 10, 217, 593, 10, 0, 0, 0
L 217, 593, 10, 199, 575, 10, 0, 0, 0
L 199, 575, 10, 199, 558, 10, 0, 0, 0
L 199, 558, 10, 217, 536, 10, 0, 0, 0
L 217, 536, 10, 217, 379, 10, 0, 0, 0
L 253, 379, 100, 282, 379, 10, 0, 0, 0
L 282, 379, 10, 288, 379, 10, 0, 0, 0
L 288, 379, 10, 307, 360, 10, 0, 0, 0
L 307, 360, 10, 307, 106, 10, 0, 0, 0
L 307, 106, 10, 199, 106, 10, 0, 0, 0
L 199, 18, 100, 214, 18, 10, 0, 0, 0
L 214, 18, 100, 215, 91, 10, 0, 0, 0
L 215, 91, 10, 326, 91, 10, 0, 0, 0
L 326, 91, 10, 326, 92, 10, 0, 0, 0
L 326, 92, 10, 327, 93, 10, 0, 0, 0
L 199, 18, 100, 199, 106, 10, 0, 0, 0
L 288, 379, 100, 217, 379, 10, 0, 0, 0
L 88, 732, 100, 88, 718, 10, 0, 0, 0
L 88, 718, 10, 232, 718, 10, 0, 0, 0
L 89, 718, 10, 232, 718, 10, 0, 0, 0
L 124, 739, 100, 124, 790, 10, 0, 0, 0
L 124, 790, 10, 37, 790, 10, 0, 0, 0
L 88, 738, 100, 124, 739, 10, 0, 0, 0
L 124, 790, 100, 91, 790, 10, 0, 0, 0
L 37, 790, 10, 37, 709, 10, 0, 0, 0
L 37, 709, 10, 40, 708, 10, 0, 0, 0
L 40, 708, 10, 38, 700, 10, 0, 0, 0
L -143, -541, 100, -142, -536, 10, 0, 0, 0
L -142, -536, 10, -142, -523, 10, 0, 0, 0
L -142, -523, 10, -93, -523, 10, 0, 0, 0
L -125, 16, 100, -160, 16, 10, 0, 0, 0
L -160, 16, 10, -160, 6, 10, 0, 0, 0
L -160, -5, 100, -160, -16, 10, 0, 0, 0
L -160, -16, 10, -126, -16, 10, 0, 0, 0
L -161, 5, 100, -172, 5, 10, 0, 0, 0
L -172, 5, 10, -173, 6, 10, 0, 0, 0
L -173, 6, 10, -173, 16, 10, 0, 0, 0
L -173, 16, 10, -214, 16, 10, 0, 0, 0
L -214, 16, 10, -214, -16, 10, 0, 0, 0
L -214, -16, 10, -206, -17, 10, 0, 0, 0
L -206, -17, 10, -207, -37, 10, 0, 0, 0
L -207, -37, 10, -215, -37, 10, 0, 0, 0
L -215, -37, 10, -232, -54, 10, 0, 0, 0
L -232, -54, 10, -232, -88, 10, 0, 0, 0
L -232, -88, 10, -206, -88, 10, 0, 0, 0
L -189, -89, 100, -163, -88, 10, 0, 0, 0
L -163, -88, 10, -163, -54, 10, 0, 0, 0
L -163, -54, 10, -180, -37, 10, 0, 0, 0
L -180, -37, 10, -189, -36, 10, 0, 0, 0
L -189, -36, 10, -188, -16, 10, 0, 0, 0
L -188, -16, 10, -173, -16, 10, 0, 0, 0
L -173, -16, 10, -173, -7, 10, 0, 0, 0
L -173, -7, 10, -172, -5, 10, 0, 0, 0
L -172, -5, 10, -168, -5, 10, 0, 0, 0
L -168, -5, 10, -160, -6, 10, 0, 0, 0
L -204, -91, 100, -204, -107, 10, 0, 0, 0
L -191, -107, 100, -204, -107, 10, 0, 0, 0
L -181, -109, 100, -181, -160, 10, 0, 0, 0
L -181, -160, 10, -286, -160, 10, 0, 0, 0
L -181, -109, 100, -214, -109, 10, 0, 0, 0
L -214, -109, 10, -215, -127, 10, 0, 0, 0
L -215, -127, 10, -251, -127, 10, 0, 0, 0
L -251, -127, 10, -253, -126, 10, 0, 0, 0
L -253, -126, 10, -253, 18, 10, 0, 0, 0
L -253, 18, 10, -217, 72, 10, 0, 0, 0
L -217, 72, 10, -217, 196, 10, 0, 0, 0
L -250, 196, 100, -250, 161, 10, 0, 0, 0
L -250, 115, 100, -235, 116, 10, 0, 0, 0
L -235, 116, 10, -232, 144, 10, 0, 0, 0
L -232, 144, 10, -232, 146, 10, 0, 0, 0
L -232, 146, 10, -249, 146, 10, 0, 0, 0
L -249, 146, 10, -253, 127, 10, 0, 0, 0
L -253, 127, 100, -439, 127, 10, 0, 0, 0
L -250, 161, 100, -439, 160, 10, 0, 0, 0
L -451, 160, 100, -523, 161, 10, 0, 0, 0
L -523, 161, 10, -523, 198, 10, 0, 0, 0
L -523, 198, 10, -520, 199, 10, 0, 0, 0
L -520, 199, 10, -505, 199, 10, 0, 0, 0
L -505, 199, 10, -505, 214, 10, 0, 0, 0
L -505, 214, 10, -574, 214, 10, 0, 0, 0
L -574, 214, 10, -574, 73, 10, 0, 0, 0
L -574, 73, 10, -499, 73, 10, 0, 0, 0
L -499, 73, 10, -498, 75, 10, 0, 0, 0
L -498, 75, 10, -490, 75, 10, 0, 0, 0
L -490, 75, 10, -489, 73, 10, 0, 0, 0
L -489, 73, 10, -485, 73, 10, 0, 0, 0
L -485, 73, 10, -484, 72, 10, 0, 0, 0
L -484, 72, 10, -486, 52, 10, 0, 0, 0
L -486, 52, 10, -612, 52, 10, 0, 0, 0
L -612, 52, 10, -613, 54, 10, 0, 0, 0
L -613, 54, 10, -613, 133, 10, 0, 0, 0
L -613, 133, 10, -612, 138, 10, 0, 0, 0
L -612, 138, 10, -599, 138, 10, 0, 0, 0
L -599, 138, 10, -598, 137, 10, 0, 0, 0
L -598, 137, 10, -598, 132, 10, 0, 0, 0
L -598, 132, 10, -593, 127, 10, 0, 0, 0
L -593, 127, 10, -579, 127, 10, 0, 0, 0
L -579, 127, 100, -579, 160, 10, 0, 0, 0
L -579, 160, 100, -593, 160, 10, 0, 0, 0
L -593, 160, 10, -598, 155, 10, 0, 0, 0
L -598, 155, 10, -598, 150, 10, 0, 0, 0
L -598, 150, 10, -600, 149, 10, 0, 0, 0
L -600, 149, 10, -628, 149, 10, 0, 0, 0
L -628, 149, 10, -628, 53, 10, 0, 0, 0
L -628, 53, 10, -630, 52, 10, 0, 0, 0
L -630, 52, 10, -632, 52, 10, 0, 0, 0
L -632, 52, 10, -632, 50, 10, 0, 0, 0
L -632, 50, 10, -644, 50, 10, 0, 0, 0
L -644, 50, 10, -645, 51, 10, 0, 0, 0
L -645, 51, 10, -645, 52, 10, 0, 0, 0
L -645, 52, 10, -648, 52, 10, 0, 0, 0
L -648, 52, 10, -649, 53, 10, 0, 0, 0
L -649, 53, 10, -649, 106, 10, 0, 0, 0
L -649, 106, 10, -668, 104, 10, 0, 0, 0
L -668, 104, 10, -698, 104, 10, 0, 0, 0
L -698, 104, 10, -698, 39, 10, 0, 0, 0
L -698, 39, 10, -646, 39, 10, 0, 0, 0
L -646, 39, 10, -645, 40, 10, 0, 0, 0
L -645, 40, 10, -642, 39, 10, 0, 0, 0
L -642, 39, 10, -633, 39, 10, 0, 0, 0
L -633, 39, 10, -631, 37, 10, 0, 0, 0
L -631, 37, 10, -632, 37, 10, 0, 0, 0
L -632, 37, 10, -557, 37, 10, 0, 0, 0
L -557, 37, 10, -556, 36, 10, 0, 0, 0
L -556, 36, 10, -556, 33, 10, 0, 0, 0
L -556, 33, 10, -554, 33, 10, 0, 0, 0
L -554, 33, 10, -554, 22, 10, 0, 0, 0
L -554, 22, 10, -555, 18, 10, 0, 0, 0
L -555, 18, 10, -556, 18, 10, 0, 0, 0
L -556, 18, 10, -557, 16, 10, 0, 0, 0
L -557, 16, 10, -574, 16, 10, 0, 0, 0
L -574, 16, 10, -574, -16, 10, 0, 0, 0
L -574, -16, 10, -523, -16, 10, 0, 0, 0
L -523, -16, 10, -523, 16, 10, 0, 0, 0
L -523, 16, 10, -539, 16, 10, 0, 0, 0
L -539, 16, 10, -541, 17, 10, 0, 0, 0
L -541, 17, 10, -541, 20, 10, 0, 0, 0
L -541, 20, 10, -543, 22, 10, 0, 0, 0
L -543, 22, 10, -543, 32, 10, 0, 0, 0
L -543, 32, 10, -542, 33, 10, 0, 0, 0
L -542, 33, 10, -541, 33, 10, 0, 0, 0
L -541, 33, 10, -541, 35, 10, 0, 0, 0
L -541, 35, 10, -540, 37, 10, 0, 0, 0
L -540, 37, 10, -469, 37, 10, 0, 0, 0
L -469, 37, 10, -469, 53, 10, 0, 0, 0
L -469, 53, 10, -468, 55, 10, 0, 0, 0
L -468, 55, 10, -465, 55, 10, 0, 0, 0
L -465, 55, 10, -465, 56, 10, 0, 0, 0
L -465, 56, 10, -464, 57, 10, 0, 0, 0
L -464, 57, 10, -452, 57, 10, 0, 0, 0
L -452, 57, 10, -451, 55, 10, 0, 0, 0
L -451, 55, 10, -449, 55, 10, 0, 0, 0
L -449, 55, 10, -448, 54, 10, 0, 0, 0
L -448, 54, 10, -448, 37, 10, 0, 0, 0
L -448, 37, 10, -415, 37, 10, 0, 0, 0
L -415, 37, 10, -415, 70, 10, 0, 0, 0
L -415, 70, 10, -452, 70, 10, 0, 0, 0
L -452, 70, 10, -452, 69, 10, 0, 0, 0
L -452, 69, 10, -454, 68, 10, 0, 0, 0
L -454, 68, 10, -464, 68, 10, 0, 0, 0
L -464, 68, 10, -465, 69, 10, 0, 0, 0
L -465, 69, 10, -465, 70, 10, 0, 0, 0
L -465, 70, 10, -468, 70, 10, 0, 0, 0
L -468, 70, 10, -469, 72, 10, 0, 0, 0
L -469, 72, 10, -469, 88, 10, 0, 0, 0
L -469, 88, 10, -490, 88, 10, 0, 0, 0
L -490, 88, 10, -490, 87, 10, 0, 0, 0
L -490, 87, 10, -492, 86, 10, 0, 0, 0
L -492, 86, 10, -498, 86, 10, 0, 0, 0
L -498, 86, 10, -499, 87, 10, 0, 0, 0
L -499, 87, 10, -499, 88, 10, 0, 0, 0
L -499, 88, 10, -523, 89, 10, 0, 0, 0
L -523, 89, 100, -523, 98, 10, 0, 0, 0
L -523, 98, 10, -523, 126, 10, 0, 0, 0
L -523, 126, 10, -518, 127, 10, 0, 0, 0
L -518, 127, 10, -451, 127, 10, 0, 0, 0
L -523, 166, 100, -523, 183, 10, 0, 0, 0
L -523, 183, 10, -523, 197, 10, 0, 0, 0
L -523, 197, 10, -520, 199, 10, 0, 0, 0
L -520, 199, 10, -505, 199, 10, 0, 0, 0
L -505, 199, 10, -505, 214, 10, 0, 0, 0
L -505, 214, 10, -574, 214, 10, 0, 0, 0
L -574, 214, 10, -574, 185, 10, 0, 0, 0
L -250, 111, 100, -250, 71, 10, 0, 0, 0
L -250, 71, 10, -263, 52, 10, 0, 0, 0
L -263, 52, 10, -286, 17, 10, 0, 0, 0
L -286, 17, 10, -286, 0, 10, 0, 0, 0
L -286, 0, 10, -287, -1, 10, 0, 0, 0
L -287, -1, 10, -290, -1, 10, 0, 0, 0
L -290, -1, 10, -290, -2, 10, 0, 0, 0
L -290, -2, 10, -291, -3, 10, 0, 0, 0
L -291, -3, 10, -302, -3, 10, 0, 0, 0
L -302, -3, 10, -305, -1, 10, 0, 0, 0
L -305, -1, 10, -307, 0, 10, 0, 0, 0
L -307, 0, 10, -307, 16, 10, 0, 0, 0
L -307, 16, 10, -358, 16, 10, 0, 0, 0
L -358, 16, 10, -358, -16, 10, 0, 0, 0
L -358, -16, 10, -303, -16, 10, 0, 0, 0
L -303, -16, 10, -303, -14, 10, 0, 0, 0
L -303, -14, 10, -291, -14, 10, 0, 0, 0
L -291, -14, 10, -289, -16, 10, 0, 0, 0
L -289, -16, 10, -287, -16, 10, 0, 0, 0
L -287, -16, 10, -286, -18, 10, 0, 0, 0
L -286, -18, 10, -286, -160, 10, 0, 0, 0
L -286, -160, 10, -181, -160, 10, 0, 0, 0
L -250, 217, 100, -250, 233, 10, 0, 0, 0
L -250, 233, 10, -251, 235, 10, 0, 0, 0
L -251, 235, 10, -254, 235, 10, 0, 0, 0
L -254, 235, 10, -254, 237, 10, 0, 0, 0
L -254, 237, 10, -256, 237, 10, 0, 0, 0
L -256, 237, 10, -268, 236, 10, 0, 0, 0
L -268, 236, 10, -269, 235, 10, 0, 0, 0
L -269, 235, 10, -271, 234, 10, 0, 0, 0
L -271, 234, 10, -271, 217, 10, 0, 0, 0
L -271, 217, 10, -304, 217, 10, 0, 0, 0
L -304, 217, 10, -304, 268, 10, 0, 0, 0
L -304, 268, 10, -271, 268, 10, 0, 0, 0
L -271, 268, 10, -271, 251, 10, 0, 0, 0
L -271, 251, 10, -269, 250, 10, 0, 0, 0
L -269, 250, 10, -267, 250, 10, 0, 0, 0
L -267, 250, 10, -267, 249, 10, 0, 0, 0
L -267, 249, 10, -266, 248, 10, 0, 0, 0
L -266, 248, 10, -255, 248, 10, 0, 0, 0
L -255, 248, 10, -254, 250, 10, 0, 0, 0
L -254, 250, 10, -217, 250, 10, 0, 0, 0
L -217, 250, 10, -217, 216, 10, 0, 0, 0
L -217, 216, 10, -224, 213, 10, 0, 0, 0
L -224, 213, 10, -226, 210, 10, 0, 0, 0
L -226, 210, 10, -227, 209, 10, 0, 0, 0
L -227, 209, 10, -227, 203, 10, 0, 0, 0
L -227, 203, 10, -224, 199, 10, 0, 0, 0
L -224, 199, 10, -217, 196, 10, 0, 0, 0
L -231, 203, 100, -245, 197, 10, 0, 0, 0
L -245, 197, 10, -250, 196, 10, 0, 0, 0
L -230, 207, 100, -231, 212, 10, 0, 0, 0
L -231, 212, 10, -250, 217, 10, 0, 0, 0
L 16, 125, 100, 17, 111, 10, 0, 0, 0
L 17, 111, 10, 13, 107, 10, 0, 0, 0
L 13, 107, 10, 13, 71, 10, 0, 0, 0
L 13, 71, 10, 17, 67, 10, 0, 0, 0
L 17, 67, 10, 16, 59, 10, 0, 0, 0
L -16, 58, 100, -17, 60, 10, 0, 0, 0
L -17, 60, 10, -17, 66, 10, 0, 0, 0
L -17, 66, 10, -14, 71, 10, 0, 0, 0
L -14, 71, 10, -13, 73, 10, 0, 0, 0
L -13, 73, 10, -13, 108, 10, 0, 0, 0
L -13, 108, 10, -17, 112, 10, 0, 0, 0
L -17, 112, 10, -18, 124, 10, 0, 0, 0
L -125, 16, 100, -114, 17, 10, 0, 0, 0
L -114, 17, 10, -109, 14, 10, 0, 0, 0
L -109, 14, 10, -106, 13, 10, 0, 0, 0
L -106, 13, 10, -71, 13, 10, 0, 0, 0
L -71, 13, 10, -65, 17, 10, 0, 0, 0
L -65, 17, 10, -59, 17, 10, 0, 0, 0
L -58, -16, 100, -61, -17, 10, 0, 0, 0
L -61, -17, 10, -66, -17, 10, 0, 0, 0
L -66, -17, 10, -71, -14, 10, 0, 0, 0
L -71, -14, 10, -74, -13, 10, 0, 0, 0
L -74, -13, 10, -108, -13, 10, 0, 0, 0
L -108, -13, 10, -112, -17, 10, 0, 0, 0
L -112, -17, 10, -124, -17, 10, 0, 0, 0
L 10, 556, 100, 16, 572, 10, 0, 0, 0
L 16, 572, 10, 17, 595, 10, 0, 0, 0
L 304, -142, 100, 304, -54, 10, 0, 0, 0
L 304, -54, 10, 304, -37, 10, 0, 0, 0
L 304, -37, 10, 305, -34, 10, 0, 0, 0
L 305, -34, 10, 418, -34, 10, 0, 0, 0
L 418, -34, 10, 417, -38, 10, 0, 0, 0
L 417, -38, 10, 417, -46, 10, 0, 0, 0
L 417, -46, 10, 415, -47, 10, 0, 0, 0
L 415, -47, 10, 415, -90, 10, 0, 0, 0
L 415, -90, 10, 414, -91, 10, 0, 0, 0
L 414, -91, 10, 396, -91, 10, 0, 0, 0
L 396, -91, 10, 379, -108, 10, 0, 0, 0
L 379, -108, 10, 379, -142, 10, 0, 0, 0
L 379, -142, 10, 396, -142, 10, 0, 0, 0
L 396, -142, 10, 397, -143, 10, 0, 0, 0
L 397, -143, 10, 397, -160, 10, 0, 0, 0
L 397, -160, 10, 417, -161, 10, 0, 0, 0
L 417, -161, 10, 417, -180, 10, 0, 0, 0
L 417, -180, 10, 415, -181, 10, 0, 0, 0
L 415, -181, 10, 392, -181, 10, 0, 0, 0
L 392, -181, 10, 392, -143, 10, 0, 0, 0
L 392, -143, 100, 392, -132, 10, 0, 0, 0
L 392, -132, 10, 393, -126, 10, 0, 0, 0
L 393, -126, 10, 395, -120, 10, 0, 0, 0
L 395, -120, 10, 416, -105, 10, 0, 0, 0
L 416, -105, 10, 430, -105, 10, 0, 0, 0
L 430, -105, 10, 450, -125, 10, 0, 0, 0
L 450, -125, 10, 452, -142, 10, 0, 0, 0
L 452, -142, 100, 453, -147, 10, 0, 0, 0
L 453, -147, 10, 453, -177, 10, 0, 0, 0
L 453, -177, 10, 451, -182, 10, 0, 0, 0
L 451, -182, 10, 445, -181, 10, 0, 0, 0
L 445, -181, 10, 430, -181, 10, 0, 0, 0
L 416, -181, 100, 410, -181, 10, 0, 0, 0
L 410, -181, 10, 393, -181, 10, 0, 0, 0
L 428, -179, 100, 428, -175, 10, 0, 0, 0
L 428, -175, 10, 428, -160, 10, 0, 0, 0
L 428, -160, 10, 429, -159, 10, 0, 0, 0
L 429, -159, 10, 448, -160, 10, 0, 0, 0
L 448, -160, 10, 448, -143, 10, 0, 0, 0
L 448, -143, 10, 450, -142, 10, 0, 0, 0
L 450, -142, 10, 466, -142, 10, 0, 0, 0
L 466, -142, 10, 466, -108, 10, 0, 0, 0
L 466, -108, 10, 449, -91, 10, 0, 0, 0
L 449, -91, 10, 431, -91, 10, 0, 0, 0
L 431, -91, 10, 430, -88, 10, 0, 0, 0
L 430, -88, 10, 430, -47, 10, 0, 0, 0
L 430, -47, 10, 428, -46, 10, 0, 0, 0
L 428, -46, 10, 428, -35, 10, 0, 0, 0
L 428, -35, 10, 430, -34, 10, 0, 0, 0
L 430, -34, 10, 430, -1, 10, 0, 0, 0
L 430, -1, 10, 429, -1, 10, 0, 0, 0
L 429, -1, 10, 428, 0, 10, 0, 0, 0
L 428, 0, 10, 428, 11, 10, 0, 0, 0
L 428, 11, 10, 430, 11, 10, 0, 0, 0
L 430, 11, 10, 430, 18, 10, 0, 0, 0
L 430, 18, 10, 432, 19, 10, 0, 0, 0
L 432, 19, 10, 485, 19, 10, 0, 0, 0
L 485, 19, 10, 487, 17, 10, 0, 0, 0
L 487, 17, 10, 487, -34, 10, 0, 0, 0
L 487, -34, 10, 558, -34, 10, 0, 0, 0
L 558, -34, 10, 559, -35, 10, 0, 0, 0
L 559, -35, 10, 559, -38, 10, 0, 0, 0
L 559, -38, 10, 561, -40, 10, 0, 0, 0
L 561, -40, 10, 561, -49, 10, 0, 0, 0
L 561, -49, 10, 559, -53, 10, 0, 0, 0
L 559, -53, 10, 559, -51, 10, 0, 0, 0
L 559, -51, 10, 557, -55, 10, 0, 0, 0
L 557, -55, 10, 505, -55, 10, 0, 0, 0
L 505, -55, 10, 505, -88, 10, 0, 0, 0
L 505, -88, 10, 540, -88, 10, 0, 0, 0
L 540, -88, 10, 541, -90, 10, 0, 0, 0
L 541, -90, 10, 541, -126, 10, 0, 0, 0
L 541, -126, 10, 541, -125, 10, 0, 0, 0
L 541, -125, 10, 541, -126, 10, 0, 0, 0
L 541, -126, 10, 539, -127, 10, 0, 0, 0
L 539, -127, 10, 505, -127, 10, 0, 0, 0
L 505, -127, 10, 505, -160, 10, 0, 0, 0
L 505, -160, 10, 558, -160, 10, 0, 0, 0
L 549, -160, 10, 559, -161, 10, 0, 0, 0
L 559, -161, 10, 559, -164, 10, 0, 0, 0
L 559, -164, 10, 560, -164, 10, 0, 0, 0
L 560, -164, 10, 561, -166, 10, 0, 0, 0
L 561, -166, 10, 561, -175, 10, 0, 0, 0
L 561, -175, 10, 560, -177, 10, 0, 0, 0
L 560, -177, 10, 559, -177, 10, 0, 0, 0
L 559, -177, 10, 559, -180, 10, 0, 0, 0
L 559, -180, 100, 555, -181, 10, 0, 0, 0
L 555, -181, 10, 465, -181, 10, 0, 0, 0
L 380, -181, 100, 343, -181, 10, 0, 0, 0
L 343, -181, 10, 343, -286, 10, 0, 0, 0
L 343, -286, 10, 452, -286, 10, 0, 0, 0
L 452, -286, 10, 452, -285, 10, 0, 0, 0
L 452, -285, 10, 455, -283, 10, 0, 0, 0
L 455, -283, 10, 464, -284, 10, 0, 0, 0
L 464, -284, 10, 467, -286, 10, 0, 0, 0
L 467, -286, 10, 470, -287, 10, 0, 0, 0
L 470, -287, 10, 486, -304, 10, 0, 0, 0
L 486, -304, 10, 540, -304, 10, 0, 0, 0
L 540, -304, 10, 541, -305, 10, 0, 0, 0
L 541, -305, 10, 541, -322, 10, 0, 0, 0
L 541, -322, 10, 574, -322, 10, 0, 0, 0
L 574, -322, 10, 574, -286, 10, 0, 0, 0
L 574, -286, 10, 578, -286, 10, 0, 0, 0
L 578, -286, 10, 578, -285, 10, 0, 0, 0
L 578, -285, 10, 579, -284, 10, 0, 0, 0
L 579, -284, 10, 590, -284, 10, 0, 0, 0
L 590, -284, 10, 591, -285, 10, 0, 0, 0
L 591, -285, 10, 591, -286, 10, 0, 0, 0
L 591, -286, 10, 736, -286, 10, 0, 0, 0
L 736, -286, 10, 736, -249, 10, 0, 0, 0
L 736, -249, 10, 734, -249, 10, 0, 0, 0
L 734, -249, 10, 734, -238, 10, 0, 0, 0
L 734, -238, 10, 735, -234, 10, 0, 0, 0
L 735, -234, 10, 736, -232, 10, 0, 0, 0
L 721, -233, 100, 721, -236, 10, 0, 0, 0
L 721, -236, 10, 723, -237, 10, 0, 0, 0
L 723, -237, 10, 723, -247, 10, 0, 0, 0
L 723, -247, 10, 721, -249, 10, 0, 0, 0
L 721, -249, 10, 721, -270, 10, 0, 0, 0
L 721, -270, 10, 719, -271, 10, 0, 0, 0
L 719, -271, 10, 591, -271, 10, 0, 0, 0
L 591, -271, 10, 591, -272, 10, 0, 0, 0
L 591, -272, 10, 587, -273, 10, 0, 0, 0
L 587, -273, 10, 579, -273, 10, 0, 0, 0
L 579, -273, 10, 578, -272, 10, 0, 0, 0
L 578, -272, 10, 578, -271, 10, 0, 0, 0
L 578, -271, 10, 574, -271, 10, 0, 0, 0
L 574, -271, 10, 574, -235, 10, 0, 0, 0
L 574, -235, 10, 541, -235, 10, 0, 0, 0
L 541, -235, 10, 541, -252, 10, 0, 0, 0
L 541, -252, 10, 539, -254, 10, 0, 0, 0
L 539, -254, 10, 486, -253, 10, 0, 0, 0
L 486, -253, 10, 468, -271, 10, 0, 0, 0
L 468, -271, 10, 465, -271, 10, 0, 0, 0
L 465, -271, 10, 463, -273, 10, 0, 0, 0
L 463, -273, 10, 453, -273, 10, 0, 0, 0
L 453, -273, 10, 452, -272, 10, 0, 0, 0
L 452, -272, 10, 452, -271, 10, 0, 0, 0
L 452, -271, 10, 359, -271, 10, 0, 0, 0
L 359, -271, 10, 358, -270, 10, 0, 0, 0
L 358, -270, 10, 358, -197, 10, 0, 0, 0
L 358, -197, 10, 360, -196, 10, 0, 0, 0
L 360, -196, 10, 574, -196, 10, 0, 0, 0
L 574, -196, 10, 574, -177, 10, 0, 0, 0
L 574, -177, 10, 571, -174, 10, 0, 0, 0
L 571, -174, 10, 572, -172, 10, 0, 0, 0
L 572, -172, 10, 572, -163, 10, 0, 0, 0
L 572, -163, 10, 574, -164, 10, 0, 0, 0
L 574, -164, 10, 574, -160, 10, 0, 0, 0
L 574, -160, 10, 628, -160, 10, 0, 0, 0
L 628, -160, 10, 628, -127, 10, 0, 0, 0
L 628, -127, 10, 592, -126, 10, 0, 0, 0
L 592, -126, 10, 592, -88, 10, 0, 0, 0
L 592, -88, 10, 628, -88, 10, 0, 0, 0
L 628, -88, 10, 628, -55, 10, 0, 0, 0
L 628, -55, 10, 575, -55, 10, 0, 0, 0
L 575, -55, 10, 574, -53, 10, 0, 0, 0
L 574, -53, 10, 574, -51, 10, 0, 0, 0
L 574, -51, 10, 571, -48, 10, 0, 0, 0
L 571, -48, 10, 572, -44, 10, 0, 0, 0
L 572, -44, 10, 572, -38, 10, 0, 0, 0
L 572, -38, 10, 574, -37, 10, 0, 0, 0
L 574, -37, 10, 574, -19, 10, 0, 0, 0
L 574, -19, 10, 502, -19, 10, 0, 0, 0
L 502, -19, 10, 502, 34, 10, 0, 0, 0
L 502, 34, 10, 484, 34, 10, 0, 0, 0
L 484, 34, 100, 484, 52, 10, 0, 0, 0
L 484, 52, 10, 433, 52, 10, 0, 0, 0
L 433, 35, 100, 433, 47, 10, 0, 0, 0
L 420, 34, 100, 415, 34, 10, 0, 0, 0
L 415, 34, 10, 415, 11, 10, 0, 0, 0
L 415, 11, 10, 417, 10, 10, 0, 0, 0
L 417, 10, 10, 414, -1, 10, 0, 0, 0
L 414, -1, 10, 271, -1, 10, 0, 0, 0
L 271, -1, 10, 271, -70, 10, 0, 0, 0
L 304, -73, 100, 304, -142, 10, 0, 0, 0
L 306, -21, 100, 306, -37, 10, 0, 0, 0
L 306, -37, 10, 287, -37, 10, 0, 0, 0
L 287, -37, 10, 286, -19, 10, 0, 0, 0
L 286, -19, 10, 305, -19, 10, 0, 0, 0
L 417, 0, 100, 417, 4, 10, 0, 0, 0
L 417, 4, 10, 417, 9, 10, 0, 0, 0
L 417, 9, 10, 416, 11, 10, 0, 0, 0
L 416, 11, 10, 415, 11, 10, 0, 0, 0
L 415, 11, 10, 415, 34, 10, 0, 0, 0
L 415, 34, 10, 432, 34, 10, 0, 0, 0
L 432, 34, 10, 433, 35, 10, 0, 0, 0
L 430, 17, 100, 431, 19, 10, 0, 0, 0
L 431, 19, 10, 481, 19, 10, 0, 0, 0
L 481, 19, 10, 487, 18, 10, 0, 0, 0
L 487, 18, 10, 487, -34, 10, 0, 0, 0
L 487, -34, 10, 557, -34, 10, 0, 0, 0
L 557, -34, 10, 559, -35, 10, 0, 0, 0
L 559, -35, 10, 559, -38, 10, 0, 0, 0
L 559, -38, 10, 560, -38, 10, 0, 0, 0
L 560, -38, 10, 561, -41, 10, 0, 0, 0
L 561, -41, 10, 560, -51, 10, 0, 0, 0
L 560, -51, 10, 559, -53, 10, 0, 0, 0
L 559, -53, 10, 559, -54, 10, 0, 0, 0
L 559, -54, 10, 558, -55, 10, 0, 0, 0
L 558, -55, 10, 505, -55, 10, 0, 0, 0
L 505, -55, 10, 505, -88, 10, 0, 0, 0
L 505, -88, 10, 541, -89, 10, 0, 0, 0
L 541, -89, 10, 541, -126, 10, 0, 0, 0
L 541, -126, 10, 537, -127, 10, 0, 0, 0
L 537, -127, 10, 505, -127, 10, 0, 0, 0
L 505, -127, 10, 505, -160, 10, 0, 0, 0
L 505, -160, 10, 549, -160, 10, 0, 0, 0
L 558, -160, 10, 559, -161, 10, 0, 0, 0
L 559, -161, 10, 559, -164, 10, 0, 0, 0
L 559, -164, 10, 560, -164, 10, 0, 0, 0
L 560, -164, 10, 561, -167, 10, 0, 0, 0
L 561, -167, 10, 561, -177, 10, 0, 0, 0
L 561, -177, 10, 559, -177, 10, 0, 0, 0
L 559, -177, 10, 559, -180, 10, 0, 0, 0
L 559, -180, 10, 556, -181, 10, 0, 0, 0
L 556, -181, 10, 464, -181, 10, 0, 0, 0
L 736, -90, 100, 736, -69, 10, 0, 0, 0
L 736, -69, 10, 734, -69, 10, 0, 0, 0
L 734, -69, 10, 734, -57, 10, 0, 0, 0
L 734, -57, 10, 736, -56, 10, 0, 0, 0
L 736, -56, 10, 736, -52, 10, 0, 0, 0
L 736, -52, 10, 754, -52, 10, 0, 0, 0
L 754, -52, 10, 754, 16, 10, 0, 0, 0
L 754, 16, 10, 703, 16, 10, 0, 0, 0
L 703, 16, 10, 703, -52, 10, 0, 0, 0
L 703, -52, 10, 719, -52, 10, 0, 0, 0
L 719, -52, 10, 721, -53, 10, 0, 0, 0
L 721, -53, 10, 721, -56, 10, 0, 0, 0
L 721, -56, 10, 723, -57, 10, 0, 0, 0
L 723, -57, 10, 723, -66, 10, 0, 0, 0
L 723, -66, 10, 722, -69, 10, 0, 0, 0
L 722, -69, 10, 721, -69, 10, 0, 0, 0
L 721, -69, 10, 720, -91, 10, 0, 0, 0
L 720, -91, 10, 667, -91, 10, 0, 0, 0
L 667, -91, 10, 667, -196, 10, 0, 0, 0
L 667, -196, 100, 685, -197, 10, 0, 0, 0
L 685, -197, 10, 702, -179, 10, 0, 0, 0
L 702, -179, 10, 702, -159, 10, 0, 0, 0
L 702, -159, 10, 685, -143, 10, 0, 0, 0
L 685, -143, 10, 684, -108, 10, 0, 0, 0
L 684, -108, 10, 700, -109, 10, 0, 0, 0
L 757, -107, 100, 769, -107, 10, 0, 0, 0
L 769, -107, 10, 772, -111, 10, 0, 0, 0
L 772, -111, 10, 772, -142, 10, 0, 0, 0
L 772, -142, 10, 755, -162, 10, 0, 0, 0
L 755, -162, 10, 754, -180, 10, 0, 0, 0
L 754, -180, 10, 774, -199, 10, 0, 0, 0
L 774, -199, 10, 790, -198, 10, 0, 0, 0
L 790, -198, 100, 790, -91, 10, 0, 0, 0
L 790, -91, 10, 736, -91, 10, 0, 0, 0
L 714, -232, 100, 684, -232, 10, 0, 0, 0
L 684, -232, 10, 667, -215, 10, 0, 0, 0
L 667, -215, 10, 667, -199, 10, 0, 0, 0
L 667, -199, 10, 685, -198, 10, 0, 0, 0
L 685, -198, 10, 698, -184, 10, 0, 0, 0
L 698, -184, 10, 702, -180, 10, 0, 0, 0
L 702, -180, 10, 703, -175, 10, 0, 0, 0
L 703, -175, 10, 703, -163, 10, 0, 0, 0
L 703, -163, 10, 702, -160, 10, 0, 0, 0
L 702, -160, 10, 685, -143, 10, 0, 0, 0
L 685, -143, 10, 685, -109, 10, 0, 0, 0
L 685, -109, 10, 700, -109, 10, 0, 0, 0
L 700, -109, 10, 716, -127, 10, 0, 0, 0
L 716, -127, 10, 716, -163, 10, 0, 0, 0
L 741, -158, 100, 741, -126, 10, 0, 0, 0
L 741, -126, 10, 757, -109, 10, 0, 0, 0
L 757, -109, 10, 772, -109, 10, 0, 0, 0
L 772, -109, 10, 772, -143, 10, 0, 0, 0
L 772, -143, 10, 755, -160, 10, 0, 0, 0
L 755, -160, 10, 754, -162, 10, 0, 0, 0
L 754, -162, 10, 755, -181, 10, 0, 0, 0
L 755, -181, 10, 772, -198, 10, 0, 0, 0
L 772, -198, 10, 776, -199, 10, 0, 0, 0
L 776, -199, 10, 790, -199, 10, 0, 0, 0
L 790, -199, 10, 790, -215, 10, 0, 0, 0
L 790, -215, 10, 773, -232, 10, 0, 0, 0
L 773, -232, 10, 743, -232, 10, 0, 0, 0
L 743, -232, 10, 741, -203, 10, 0, 0, 0
L 464, -180, 100, 464, -173, 10, 0, 0, 0
L 464, -173, 10, 464, -143, 10, 0, 0, 0
L 464, -143, 10, 465, -141, 10, 0, 0, 0
L 465, -141, 10, 466, -142, 10, 0, 0, 0
L 466, -142, 10, 466, -108, 10, 0, 0, 0
L 466, -108, 10, 449, -91, 10, 0, 0, 0
L 449, -91, 10, 431, -91, 10, 0, 0, 0
L 414, -91, 100, 396, -91, 10, 0, 0, 0
L 396, -91, 10, 388, -99, 10, 0, 0, 0
L 388, -99, 10, 379, -110, 10, 0, 0, 0
L 379, -110, 10, 379, -142, 10, 0, 0, 0
L 379, -142, 10, 380, -142, 10, 0, 0, 0
L 380, -142, 10, 381, -146, 10, 0, 0, 0
L 381, -146, 10, 381, -180, 10, 0, 0, 0
L -34, 394, 100, 34, 394, 10, 0, 0, 0
L 34, 394, 10, 34, 361, 10, 0, 0, 0
L 34, 361, 10, 19, 361, 10, 0, 0, 0
L -19, 361, 100, -34, 361, 10, 0, 0, 0
L -34, 361, 10, -34, 394, 10, 0, 0, 0
L -34, 394, 10, 34, 394, 10, 0, 0, 0
L -16, 358, 100, -16, 343, 10, 0, 0, 0
L -16, 343, 10, 0, 343, 10, 0, 0, 0
L 0, 343, 10, 1, 341, 10, 0, 0, 0
L 1, 341, 10, 1, 339, 10, 0, 0, 0
L 1, 339, 10, 2, 339, 10, 0, 0, 0
L 2, 339, 10, 3, 338, 10, 0, 0, 0
L 3, 338, 10, 2, 326, 10, 0, 0, 0
L 2, 326, 10, 1, 326, 10, 0, 0, 0
L 1, 326, 10, 0, 268, 10, 0, 0, 0
L -16, 251, 10, -16, 234, 10, 0, 0, 0
L -16, 234, 10, 0, 217, 10, 0, 0, 0
L 0, 217, 10, 17, 217, 10, 0, 0, 0
L 17, 217, 10, 35, 235, 10, 0, 0, 0
L 35, 235, 10, 180, 235, 10, 0, 0, 0
L 180, 235, 10, 199, 216, 10, 0, 0, 0
L 199, 216, 10, 199, 51, 10, 0, 0, 0
L 199, 51, 100, 200, 51, 10, 0, 0, 0
L 200, 51, 10, 202, 48, 10, 0, 0, 0
L 202, 48, 10, 201, 43, 10, 0, 0, 0
L 201, 38, 10, 199, 38, 10, 0, 0, 0
L 199, 38, 10, 199, 35, 10, 0, 0, 0
L 199, 35, 10, 181, 34, 10, 0, 0, 0
L 181, 34, 10, 181, 18, 10, 0, 0, 0
L 181, 18, 10, 178, 16, 10, 0, 0, 0
L 163, 16, 10, 162, 8, 10, 0, 0, 0
L 162, 8, 10, 152, 8, 10, 0, 0, 0
L 152, 8, 10, 139, 9, 10, 0, 0, 0
L 139, 9, 10, 142, 16, 10, 0, 0, 0
L 142, 16, 10, 126, 16, 10, 0, 0, 0
L 126, 16, 10, 124, 17, 10, 0, 0, 0
L 124, 17, 10, 124, 53, 10, 0, 0, 0
L 124, 53, 10, 53, 124, 10, 0, 0, 0
L 53, 124, 10, -53, 124, 10, 0, 0, 0
L -53, 124, 10, -124, 53, 10, 0, 0, 0
L -124, 53, 10, -124, 17, 10, 0, 0, 0
L -124, 17, 10, -127, 16, 10, 0, 0, 0
L -127, 16, 10, -142, 16, 10, 0, 0, 0
L -142, 16, 10, -143, 7, 10, 0, 0, 0
L -143, 7, 10, -162, 8, 10, 0, 0, 0
L -162, 8, 10, -163, 10, 10, 0, 0, 0
L -163, 10, 10, -163, 34, 10, 0, 0, 0
L -163, 34, 100, -196, 34, 10, 0, 0, 0
L -196, 34, 10, -196, 16, 10, 0, 0, 0
L -196, 16, 10, -235, 17, 10, 0, 0, 0
L -235, 17, 10, -235, 82, 10, 0, 0, 0
L -235, 82, 10, -237, 82, 10, 0, 0, 0
L -237, 82, 10, -237, 88, 10, 0, 0, 0
L -237, 88, 10, -236, 91, 10, 0, 0, 0
L -236, 91, 10, -217, 91, 10, 0, 0, 0
L -217, 91, 10, -217, 160, 10, 0, 0, 0
L -217, 160, 10, -268, 160, 10, 0, 0, 0
L -268, 160, 10, -268, 91, 10, 0, 0, 0
L -268, 91, 10, -249, 91, 10, 0, 0, 0
L -235, 142, 100, -250, 142, 10, 0, 0, 0
L -250, 142, 10, -250, 126, 10, 0, 0, 0
L -235, 126, 100, -235, 142, 10, 0, 0, 0
L -248, 90, 100, -248, 87, 10, 0, 0, 0
L -248, 87, 10, -248, 83, 10, 0, 0, 0
L -248, 83, 10, -250, 82, 10, 0, 0, 0
L -250, 82, 10, -250, 17, 10, 0, 0, 0
L -250, 17, 10, -251, 16, 10, 0, 0, 0
L -251, 16, 10, -268, 16, 10, 0, 0, 0
L -268, 16, 10, -268, -16, 10, 0, 0, 0
L -268, -16, 10, -250, -17, 10, 0, 0, 0
L -250, -17, 10, -250, -252, 10, 0, 0, 0
L -250, -252, 10, -268, -270, 10, 0, 0, 0
L -268, -270, 10, -268, -287, 10, 0, 0, 0
L -268, -287, 10, -251, -304, 10, 0, 0, 0
L -251, -304, 10, -234, -304, 10, 0, 0, 0
L -234, -304, 10, -216, -286, 10, 0, 0, 0
L -216, -286, 10, -69, -286, 10, 0, 0, 0
L -69, -286, 10, -68, -284, 10, 0, 0, 0
L -68, -284, 10, -56, -284, 10, 0, 0, 0
L -56, -284, 10, -56, -286, 10, 0, 0, 0
L -56, -286, 10, -53, -286, 10, 0, 0, 0
L -53, -286, 10, -35, -304, 10, 0, 0, 0
L -35, -304, 10, 34, -304, 10, 0, 0, 0
L 34, -304, 10, 34, -253, 10, 0, 0, 0
L 34, -253, 10, -35, -253, 10, 0, 0, 0
L -35, -253, 10, -53, -271, 10, 0, 0, 0
L -53, -271, 10, -56, -271, 10, 0, 0, 0
L -56, -271, 10, -57, -273, 10, 0, 0, 0
L -57, -273, 10, -68, -273, 10, 0, 0, 0
L -68, -273, 10, -69, -271, 10, 0, 0, 0
L -69, -271, 10, -216, -271, 10, 0, 0, 0
L -216, -271, 10, -234, -253, 10, 0, 0, 0
L -234, -253, 10, -235, -251, 10, 0, 0, 0
L -235, -251, 10, -235, -16, 10, 0, 0, 0
L -235, -16, 10, -197, -16, 10, 0, 0, 0
L -197, -16, 10, -196, -17, 10, 0, 0, 0
L -196, -17, 10, -196, -34, 10, 0, 0, 0
L -196, -34, 10, -163, -34, 10, 0, 0, 0
L -163, -34, 10, -163, -9, 10, 0, 0, 0
L -163, -9, 10, -160, -8, 10, 0, 0, 0
L -160, -8, 10, -143, -8, 10, 0, 0, 0
L -143, -8, 100, -142, -16, 10, 0, 0, 0
L -142, -16, 10, -123, -17, 10, 0, 0, 0
L -123, -17, 10, -124, -34, 10, 0, 0, 0
L -124, -34, 10, -124, -53, 10, 0, 0, 0
L -124, -53, 10, -53, -124, 10, 0, 0, 0
L -53, -124, 10, -1, -124, 10, 0, 0, 0
L 53, -124, 100, 124, -53, 10, 0, 0, 0
L 124, -53, 10, 124, -19, 10, 0, 0, 0
L 124, -19, 10, 125, -16, 10, 0, 0, 0
L 125, -16, 10, 142, -16, 10, 0, 0, 0
L 142, -16, 10, 142, -8, 10, 0, 0, 0
L 142, -8, 10, 161, -8, 10, 0, 0, 0
L 161, -8, 10, 163, -9, 10, 0, 0, 0
L 163, -9, 10, 163, -16, 10, 0, 0, 0
L 163, -16, 10, 180, -16, 10, 0, 0, 0
L 180, -16, 10, 182, -19, 10, 0, 0, 0
L 182, -19, 10, 181, -34, 10, 0, 0, 0
L 181, -34, 10, 216, -34, 10, 0, 0, 0
L 216, -34, 10, 217, -35, 10, 0, 0, 0
L 217, -35, 10, 217, -38, 10, 0, 0, 0
L 217, -38, 10, 219, -39, 10, 0, 0, 0
L 219, -39, 10, 219, -51, 10, 0, 0, 0
L 219, -51, 10, 217, -52, 10, 0, 0, 0
L 217, -52, 10, 217, -124, 10, 0, 0, 0
L 217, -124, 10, 304, -124, 10, 0, 0, 0
L 304, -124, 10, 304, -70, 10, 0, 0, 0
L 304, -70, 10, 322, -70, 10, 0, 0, 0
L 322, -70, 10, 322, -19, 10, 0, 0, 0
L 322, -19, 10, 271, -19, 10, 0, 0, 0
L 271, -19, 10, 271, -52, 10, 0, 0, 0
L 271, -70, 10, 289, -72, 10, 0, 0, 0
L 289, -102, 100, 289, -107, 10, 0, 0, 0
L 289, -107, 10, 289, -108, 10, 0, 0, 0
L 289, -108, 10, 286, -109, 10, 0, 0, 0
L 286, -109, 10, 233, -109, 10, 0, 0, 0
L 233, -109, 10, 232, -107, 10, 0, 0, 0
L 232, -107, 10, 232, -51, 10, 0, 0, 0
L 232, -51, 10, 230, -49, 10, 0, 0, 0
L 230, -49, 10, 230, -39, 10, 0, 0, 0
L 230, -39, 10, 231, -38, 10, 0, 0, 0
L 231, -38, 10, 232, -38, 10, 0, 0, 0
L 232, -38, 10, 232, 34, 10, 0, 0, 0
L 232, 34, 10, 214, 34, 10, 0, 0, 0
L 214, 34, 10, 214, 38, 10, 0, 0, 0
L 214, 38, 10, 212, 38, 10, 0, 0, 0
L 212, 38, 10, 212, 49, 10, 0, 0, 0
L 212, 49, 10, 214, 51, 10, 0, 0, 0
L 214, 51, 10, 214, 217, 10, 0, 0, 0
L 214, 217, 10, 218, 220, 10, 0, 0, 0
L 218, 220, 10, 232, 234, 10, 0, 0, 0
L 232, 234, 10, 232, 251, 10, 0, 0, 0
L 232, 251, 10, 215, 268, 10, 0, 0, 0
L 215, 268, 10, 198, 268, 10, 0, 0, 0
L 198, 268, 10, 179, 250, 10, 0, 0, 0
L 179, 250, 10, 39, 250, 10, 0, 0, 0
L 39, 250, 10, 34, 251, 10, 0, 0, 0
L 34, 251, 10, 17, 268, 10, 0, 0, 0
L 17, 268, 10, 16, 271, 10, 0, 0, 0
L 16, 271, 10, 16, 326, 10, 0, 0, 0
L 16, 326, 10, 12, 327, 10, 0, 0, 0
L 12, 327, 10, 14, 338, 10, 0, 0, 0
L 14, 338, 10, 16, 339, 10, 0, 0, 0
L 16, 339, 10, 16, 352, 10, 0, 0, 0
L 16, 352, 10, 17, 361, 10, 0, 0, 0
L 17, 361, 10, 34, 361, 10, 0, 0, 0
L 34, 361, 10, 34, 394, 10, 0, 0, 0
L 34, 394, 10, -34, 394, 10, 0, 0, 0
L -34, 394, 10, -34, 361, 10, 0, 0, 0
L -34, 361, 10, -19, 361, 10, 0, 0, 0
L -16, 359, 100, -16, 343, 10, 0, 0, 0
L -16, 343, 10, 0, 343, 10, 0, 0, 0
L 0, 343, 10, 1, 342, 10, 0, 0, 0
L 1, 342, 10, 1, 339, 10, 0, 0, 0
L 1, 339, 10, 3, 338, 10, 0, 0, 0
L 3, 338, 10, 3, 329, 10, 0, 0, 0
L 3, 329, 10, 2, 326, 10, 0, 0, 0
L 2, 326, 10, 1, 326, 10, 0, 0, 0
L 1, 326, 10, 1, 269, 10, 0, 0, 0
L 1, 269, 10, -16, 251, 10, 0, 0, 0
L 0, 268, 10, -16, 251, 10, 0, 0, 0
L -16, 251, 10, -16, 234, 10, 0, 0, 0
L -16, 234, 10, 0, 217, 10, 0, 0, 0
L 0, 217, 10, 17, 217, 10, 0, 0, 0
L 17, 217, 10, 36, 235, 10, 0, 0, 0
L 36, 235, 10, 180, 235, 10, 0, 0, 0
L 180, 235, 10, 181, 234, 10, 0, 0, 0
L 181, 234, 10, 199, 213, 10, 0, 0, 0
L 199, 213, 10, 199, 51, 10, 0, 0, 0
L 199, 51, 10, 200, 51, 10, 0, 0, 0
L 200, 51, 10, 201, 49, 10, 0, 0, 0
L 201, 49, 10, 201, 38, 10, 0, 0, 0
L 201, 43, 10, 201, 39, 10, 0, 0, 0
L 201, 39, 10, 199, 38, 10, 0, 0, 0
L 199, 38, 10, 199, 36, 10, 0, 0, 0
L 199, 36, 10, 198, 34, 10, 0, 0, 0
L 198, 34, 10, 181, 34, 10, 0, 0, 0
L 181, 34, 10, 181, 18, 10, 0, 0, 0
L 181, 18, 10, 180, 16, 10, 0, 0, 0
L 180, 16, 10, 163, 16, 10, 0, 0, 0
L 178, 16, 10, 163, 16, 10, 0, 0, 0
L 163, 16, 10, 163, 9, 10, 0, 0, 0
L 163, 9, 10, 162, 8, 10, 0, 0, 0
L 162, 8, 10, 154, 8, 10, 0, 0, 0
L 154, 8, 10, 140, 9, 10, 0, 0, 0
L 140, 9, 10, 142, 16, 10, 0, 0, 0
L 142, 16, 10, 125, 16, 10, 0, 0, 0
L 125, 16, 10, 123, 18, 10, 0, 0, 0
L 123, 18, 10, 124, 53, 10, 0, 0, 0
L 124, 53, 10, 50, 124, 10, 0, 0, 0
L 198, 34, 100, 199, 36, 10, 0, 0, 0
L 199, 36, 10, 199, 38, 10, 0, 0, 0
L 199, 38, 10, 201, 40, 10, 0, 0, 0
L 201, 40, 10, 201, 46, 10, 0, 0, 0
L 201, 46, 10, 200, 52, 10, 0, 0, 0
L 200, 52, 10, 199, 53, 10, 0, 0, 0
L 199, 53, 10, 199, 51, 10, 0, 0, 0
L 199, 51, 10, 199, 213, 10, 0, 0, 0
L 199, 213, 10, 198, 217, 10, 0, 0, 0
L 198, 217, 10, 180, 235, 10, 0, 0, 0
L 180, 235, 10, 34, 235, 10, 0, 0, 0
L 34, 235, 10, 16, 217, 10, 0, 0, 0
L 16, 217, 10, 17, 217, 10, 0, 0, 0
L 17, 217, 10, 0, 217, 10, 0, 0, 0
L 0, 217, 10, -16, 234, 10, 0, 0, 0
L -16, 234, 10, -16, 251, 10, 0, 0, 0
L -16, 251, 10, 0, 268, 10, 0, 0, 0
L 0, 268, 10, 1, 270, 10, 0, 0, 0
L 1, 270, 10, 1, 326, 10, 0, 0, 0
L 1, 326, 10, 3, 327, 10, 0, 0, 0
L 3, 327, 10, 3, 333, 10, 0, 0, 0
L 3, 333, 10, 2, 340, 10, 0, 0, 0
L 2, 340, 10, 1, 342, 10, 0, 0, 0
L 1, 342, 10, -1, 343, 10, 0, 0, 0
L -1, 343, 10, -16, 343, 10, 0, 0, 0
L -16, 343, 10, -16, 358, 10, 0, 0, 0
L 289, -71, 100, 285, -70, 10, 0, 0, 0
L 285, -70, 10, 271, -70, 10, 0, 0, 0
L 271, -70, 10, 271, -19, 10, 0, 0, 0
L 94, -83, 100, 54, -123, 10, 0, 0, 0
L 54, -123, 10, 42, -124, 10, 0, 0, 0
L 42, -124, 10, -53, -124, 10, 0, 0, 0
L -17, 394, 100, -17, 379, 10, 0, 0, 0
L -17, 379, 10, 18, 377, 10, 0, 0, 0
L 18, 377, 10, 20, 394, 10, 0, 0, 0
L 20, 394, 10, -19, 394, 10, 0, 0, 0
