L 4672, 0, 0, -3265, 0, 0, 140, 140, 140
L  0,5047, 0, 0, -7432, 0, 140, 140, 140
L 1000, 5047, 0, 1000, -7432, 0, 220, 220, 220
L 2000, 5047, 0, 2000, -7432, 0, 220, 220, 220
L 3000, 5047, 0, 3000, -7432, 0, 220, 220, 220
L 4000, 5047, 0, 4000, -7432, 0, 220, 220, 220
L -1000, 5047, 0, -1000, -7432, 0, 220, 220, 220
L -2000, 5047, 0, -2000, -7432, 0, 220, 220, 220
L -3000, 5047, 0, -3000, -7432, 0, 220, 220, 220
L 4672, 1000, 0, -3265, 1000, 0, 220, 220, 220
L 4672, 2000, 0, -3265, 2000, 0, 220, 220, 220
L 4672, 3000, 0, -3265, 3000, 0, 220, 220, 220
L 4672, 4000, 0, -3265, 4000, 0, 220, 220, 220
L 4672, 5000, 0, -3265, 5000, 0, 220, 220, 220
L 4672, -1000, 0, -3265, -1000, 0, 220, 220, 220
L 4672, -2000, 0, -3265, -2000, 0, 220, 220, 220
L 4672, -3000, 0, -3265, -3000, 0, 220, 220, 220
L 4672, -4000, 0, -3265, -4000, 0, 220, 220, 220
L 4672, -5000, 0, -3265, -5000, 0, 220, 220, 220
L 4672, -6000, 0, -3265, -6000, 0, 220, 220, 220
L 4672, -7000, 0, -3265, -7000, 0, 220, 220, 220
P 4682, 5, 0, 0, 0, 0, 3, 0
P 5,5057, 0, 0, 0, 0, 3, 0
P 1005,5057, 0, 0, 0, 0, 3, 1000
P 2005,5057, 0, 0, 0, 0, 3, 2000
P 3005,5057, 0, 0, 0, 0, 3, 3000
P 4005,5057, 0, 0, 0, 0, 3, 4000
P -995,5057, 0, 0, 0, 0, 3, -1000
P -1995,5057, 0, 0, 0, 0, 3, -2000
P -2995,5057, 0, 0, 0, 0, 3, -3000
P 4682, 1005, 0, 0, 0, 0, 3, 1000
P 4682, 2005, 0, 0, 0, 0, 3, 2000
P 4682, 3005, 0, 0, 0, 0, 3, 3000
P 4682, 4005, 0, 0, 0, 0, 3, 4000
P 4682, 5005, 0, 0, 0, 0, 3, 5000
P 4682, -995, 0, 0, 0, 0, 3, -1000
P 4682, -1995, 0, 0, 0, 0, 3, -2000
P 4682, -2995, 0, 0, 0, 0, 3, -3000
P 4682, -3995, 0, 0, 0, 0, 3, -4000
P 4682, -4995, 0, 0, 0, 0, 3, -5000
P 4682, -5995, 0, 0, 0, 0, 3, -6000
P 4682, -6995, 0, 0, 0, 0, 3, -7000
