L 105, -2068, 868,  105, -2068, 86,  153, 153, 153
L 105, -2068, 86,  164, -2068, 86,  153, 153, 153
L 164, -2068, 86,  165, -2061, 86,  153, 153, 153
L 165, -2061, 86,  154, -2052, 86,  153, 153, 153
L 154, -2052, 86,  132, -2034, 106,  153, 153, 153
L 132, -2034, 106,  125, -1995, 106,  153, 153, 153
L 125, -1995, 106,  125, -1797, 106,  153, 153, 153
L 125, -1797, 106,  132, -1770, 106,  153, 153, 153
L 132, -1770, 106,  152, -1750, 106,  153, 153, 153
L 152, -1750, 106,  172, -1745, 104,  153, 153, 153
L 172, -1745, 104,  171, -1732, 104,  153, 153, 153
L 171, -1732, 104,  143, -1739, 104,  153, 153, 153
L 143, -1739, 104,  116, -1766, 109,  153, 153, 153
L 252, -2068, 865,  252, -2068, 86,  153, 153, 153
L 252, -2068, 86,  192, -2067, 86,  153, 153, 153
L 192, -2067, 86,  192, -2061, 86,  153, 153, 153
L 192, -2061, 86,  203, -2052, 86,  153, 153, 153
L 203, -2052, 86,  225, -2034, 106,  153, 153, 153
L 225, -2034, 106,  232, -1995, 106,  153, 153, 153
L 232, -1995, 106,  232, -1797, 106,  153, 153, 153
L 232, -1797, 106,  225, -1770, 106,  153, 153, 153
L 225, -1770, 106,  205, -1750, 106,  153, 153, 153
L 205, -1750, 106,  184, -1744, 104,  153, 153, 153
L 184, -1744, 104,  185, -1732, 104,  153, 153, 153
L 185, -1732, 104,  214, -1739, 104,  153, 153, 153
L 214, -1739, 104,  240, -1765, 106,  153, 153, 153
L 24, -1850, 1935,  24, -1850, 193,  153, 153, 153
L 24, -1850, 193,  -1587, -1787, 225,  153, 153, 153
L -1587, -1787, 225,  -1751, -1624, 217,  153, 153, 153
L -1751, -1624, 217,  -1780, -1511, 185,  153, 153, 153
L -1780, -1511, 185,  -1904, -359, 196,  153, 153, 153
L -1904, -359, 196,  -1966, -268, 158,  153, 153, 153
L -1966, -268, 1585,  -1966, -268, 158,  153, 153, 153
L -1966, -268, 158,  -1967, -199, 125,  153, 153, 153
L -1967, -199, 125,  -1948, -193, 125,  153, 153, 153
L -1948, -193, 125,  -1928, -173, 114,  153, 153, 153
L -1928, -173, 114,  -1920, -145, 104,  153, 153, 153
L -1920, -145, 104,  -1930, -115, 96,  153, 153, 153
L -1930, -115, 96,  -1949, -96, 94,  153, 153, 153
L -1949, -96, 94,  -1975, -89, 92,  153, 153, 153
L -1975, -89, 92,  -1976, -25, 88,  153, 153, 153
L -1976, -25, 88,  -2047, -25, 93,  153, 153, 153
L -2047, -25, 93,  -2048, -99, 93,  153, 153, 153
L -2048, 95, 933,  -2048, 95, 93,  153, 153, 153
L -2048, 95, 93,  -2047, 21, 93,  153, 153, 153
L -2047, 21, 93,  -1975, 21, 88,  153, 153, 153
L -1975, 21, 88,  -1975, 58, 88,  153, 153, 153
L -1975, 58, 88,  -1949, 65, 88,  153, 153, 153
L -1949, 65, 88,  -1928, 86, 89,  153, 153, 153
L -1928, 86, 89,  -1920, 114, 91,  153, 153, 153
L -1920, 114, 91,  -1928, 142, 94,  153, 153, 153
L -1928, 142, 94,  -1948, 162, 97,  153, 153, 153
L -1948, 162, 97,  -1972, 169, 97,  153, 153, 153
L -1972, 169, 97,  -1974, 225, 113,  153, 153, 153
L -1974, 225, 113,  -1883, 509, 262,  153, 153, 153
L -1883, 509, 262,  -1769, 1273, 363,  153, 153, 153
L -1769, 1273, 363,  -1661, 1413, 359,  153, 153, 153
L -1661, 1413, 359,  -1503, 1532, 370,  153, 153, 153
L -1503, 1532, 370,  -1375, 1591, 373,  153, 153, 153
L -1375, 1591, 373,  -1216, 1658, 354,  153, 153, 153
L -1216, 1658, 354,  -1044, 1764, 323,  153, 153, 153
L -1044, 1764, 323,  11, 1843, 187,  153, 153, 153
L 11, 1843, 187,  839, 1821, 184,  153, 153, 153
L 839, 1821, 1842,  839, 1821, 184,  153, 153, 153
L 839, 1821, 184,  839, 1781, 146,  153, 153, 153
L 839, 1781, 146,  832, 1781, 140,  153, 153, 153
L 832, 1781, 140,  832, 1756, 106,  153, 153, 153
L 832, 1756, 106,  847, 1756, 102,  153, 153, 153
L 847, 1756, 102,  847, 1891, 102,  153, 153, 153
L 847, 1891, 102,  872, 1891, 102,  153, 153, 153
L 886, 1892, 1028,  886, 1892, 102,  153, 153, 153
L 886, 1892, 102,  909, 1891, 102,  153, 153, 153
L 909, 1891, 102,  909, 1756, 102,  153, 153, 153
L 909, 1756, 1028,  909, 1756, 102,  153, 153, 153
L 909, 1756, 102,  925, 1756, 102,  153, 153, 153
L 925, 1756, 102,  925, 1781, 124,  153, 153, 153
L 925, 1781, 124,  918, 1781, 124,  153, 153, 153
L 918, 1781, 124,  918, 1819, 175,  153, 153, 153
L 918, 1819, 175,  1178, 1810, 157,  153, 153, 153
L 1178, 1810, 157,  1554, 1709, 202,  153, 153, 153
L 1554, 1709, 202,  1670, 1508, 203,  153, 153, 153
L 1670, 1508, 203,  1720, 1371, 272,  153, 153, 153
L 1720, 1371, 272,  1804, 910, 228,  153, 153, 153
L 1804, 910, 228,  1774, 814, 179,  153, 153, 153
L 1774, 814, 179,  1749, 814, 144,  153, 153, 153
L 1749, 814, 144,  1743, 822, 139,  153, 153, 153
L 1743, 822, 139,  1736, 823, 130,  153, 153, 153
L 1736, 823, 130,  1730, 820, 126,  153, 153, 153
L 1730, 820, 126,  1727, 814, 122,  153, 153, 153
L 1727, 814, 122,  1728, 807, 123,  153, 153, 153
L 1728, 807, 123,  1731, 803, 126,  153, 153, 153
L 1731, 803, 126,  1736, 801, 130,  153, 153, 153
L 1736, 801, 130,  1737, 796, 130,  153, 153, 153
L 1737, 796, 130,  1855, 796, 131,  153, 153, 153
L 1856, 764, 1319,  1856, 764, 131,  153, 153, 153
L 1856, 764, 131,  1737, 763, 131,  153, 153, 153
L 1737, 763, 131,  1736, 758, 129,  153, 153, 153
L 1736, 758, 129,  1732, 757, 125,  153, 153, 153
L 1732, 757, 125,  1727, 752, 119,  153, 153, 153
L 1727, 752, 119,  1726, 746, 118,  153, 153, 153
L 1726, 746, 118,  1729, 740, 119,  153, 153, 153
L 1729, 740, 119,  1732, 737, 122,  153, 153, 153
L 1732, 737, 122,  1737, 736, 125,  153, 153, 153
L 1737, 736, 125,  1744, 738, 135,  153, 153, 153
L 1744, 738, 135,  1748, 742, 141,  153, 153, 153
L 1748, 742, 141,  1749, 746, 144,  153, 153, 153
L 1749, 746, 144,  1805, 746, 233,  153, 153, 153
L 1805, 746, 233,  1462, 60, 211,  153, 153, 153
L 1462, 60, 211,  1448, -121, 228,  153, 153, 153
L 1448, -121, 228,  1476, -264, 225,  153, 153, 153
L 1476, -264, 225,  1546, -376, 239,  153, 153, 153
L 1546, -376, 239,  1585, -469, 239,  153, 153, 153
L 1585, -469, 239,  1678, -555, 252,  153, 153, 153
L 1678, -555, 252,  1737, -678, 242,  153, 153, 153
L 1737, -678, 242,  1765, -861, 261,  153, 153, 153
L 1765, -861, 261,  1804, -1060, 161,  153, 153, 153
L 1792, -1088, 1170,  1792, -1088, 117,  153, 153, 153
L 1792, -1088, 117,  1825, -1109, 116,  153, 153, 153
L 1825, -1109, 116,  1831, -1115, 114,  153, 153, 153
L 1831, -1115, 114,  1846, -1118, 111,  153, 153, 153
L 1846, -1118, 111,  1860, -1116, 103,  153, 153, 153
L 1860, -1116, 103,  1866, -1101, 96,  153, 153, 153
L 1866, -1101, 96,  1871, -1069, 91,  153, 153, 153
L 1871, -1069, 91,  1887, -1048, 87,  153, 153, 153
L 1887, -1048, 87,  1912, -1036, 85,  153, 153, 153
L 1912, -1036, 85,  1929, -1033, 83,  153, 153, 153
L 1929, -1033, 83,  1940, -1026, 80,  153, 153, 153
L 1940, -1026, 80,  1947, -996, 74,  153, 153, 153
L 1947, -996, 74,  1933, -964, 70,  153, 153, 153
L 1933, -964, 70,  1930, -937, 72,  153, 153, 153
L 1930, -937, 72,  1920, -937, 68,  153, 153, 153
L 1920, -937, 68,  1908, -926, 66,  153, 153, 153
L 1908, -926, 66,  1894, -910, 61,  153, 153, 153
L 1894, -910, 61,  1884, -893, 63,  153, 153, 153
L 1884, -893, 63,  1882, -880, 64,  153, 153, 153
L 1882, -880, 64,  1884, -849, 75,  153, 153, 153
L 1884, -849, 75,  1892, -831, 63,  153, 153, 153
L 1892, -831, 63,  1905, -815, 68,  153, 153, 153
L 1905, -815, 68,  1925, -807, 69,  153, 153, 153
L 1925, -807, 69,  1959, -794, 57,  153, 153, 153
L 1959, -794, 57,  1975, -793, 58,  153, 153, 153
L 1975, -793, 58,  1990, -798, 68,  153, 153, 153
L 1990, -798, 68,  1996, -806, 72,  153, 153, 153
L 1996, -806, 72,  2021, -811, 68,  153, 153, 153
L 2021, -811, 68,  2038, -818, 66,  153, 153, 153
L 2038, -818, 66,  2064, -839, 63,  153, 153, 153
L 2064, -839, 63,  2074, -865, 61,  153, 153, 153
L 2074, -865, 61,  2076, -886, 58,  153, 153, 153
L 2076, -886, 58,  2078, -897, 56,  153, 153, 153
L 2078, -897, 56,  2088, -909, 53,  153, 153, 153
L 2088, -909, 53,  2120, -921, 49,  153, 153, 153
L 2120, -921, 49,  2138, -943, 47,  153, 153, 153
L 2138, -943, 47,  2145, -968, 44,  153, 153, 153
L 2145, -968, 44,  2139, -993, 40,  153, 153, 153
L 2139, -993, 40,  2119, -1028, 35,  153, 153, 153
L 2119, -1028, 35,  2117, -1044, 33,  153, 153, 153
L 2117, -1044, 33,  2159, -1064, 5,  153, 153, 153
L 2159, -1064, 5,  2178, -1095, 2,  153, 153, 153
L 2178, -1095, 2,  2209, -1097, -12,  153, 153, 153
L 2209, -1097, -118,  2209, -1097, -11,  153, 153, 153
L 2209, -1097, -11,  2229, -1109, -15,  153, 153, 153
L 2229, -1109, -15,  2244, -1129, -19,  153, 153, 153
L 2244, -1129, -19,  2251, -1155, -22,  153, 153, 153
L 2251, -1155, -22,  2249, -1180, -25,  153, 153, 153
L 2249, -1180, -25,  2234, -1207, -30,  153, 153, 153
L 2234, -1207, -30,  2222, -1216, -32,  153, 153, 153
L 2222, -1216, -32,  2212, -1229, -35,  153, 153, 153
L 2212, -1229, -35,  2200, -1265, -42,  153, 153, 153
L 2200, -1265, -42,  2183, -1288, -45,  153, 153, 153
L 2183, -1288, -45,  2161, -1301, -48,  153, 153, 153
L 2161, -1301, -48,  2133, -1305, -51,  153, 153, 153
L 2133, -1305, -51,  2111, -1319, -47,  153, 153, 153
L 2111, -1319, -47,  2130, -1337, -38,  153, 153, 153
L 2130, -1337, -38,  2153, -1372, -58,  153, 153, 153
L 2153, -1372, -58,  2151, -1403, -57,  153, 153, 153
L 2151, -1403, -57,  2149, -1431, -38,  153, 153, 153
L 2149, -1431, -38,  2187, -1427, -40,  153, 153, 153
L 2187, -1427, -40,  2220, -1419, -36,  153, 153, 153
L 2220, -1419, -36,  2244, -1418, -32,  153, 153, 153
L 2244, -1418, -32,  2246, -1405, -20,  153, 153, 153
L 2246, -1405, -20,  2277, -1372, -30,  153, 153, 153
L 2277, -1372, -30,  2309, -1362, -29,  153, 153, 153
L 2309, -1362, -29,  2339, -1355, -28,  153, 153, 153
L 2339, -1355, -28,  2372, -1361, -30,  153, 153, 153
L 2372, -1361, -30,  2401, -1375, -28,  153, 153, 153
L 2401, -1375, -28,  2413, -1390, -27,  153, 153, 153
L 2413, -1390, -27,  2417, -1420, -18,  153, 153, 153
L 2417, -1420, -18,  2407, -1457, -24,  153, 153, 153
L 2407, -1457, -24,  2380, -1478, -31,  153, 153, 153
L 2380, -1478, -31,  2261, -1474, -33,  153, 153, 153
L 2261, -1474, -33,  2246, -1463, -24,  153, 153, 153
L 2246, -1463, -24,  2245, -1452, -22,  153, 153, 153
L 2245, -1452, -22,  2225, -1454, -35,  153, 153, 153
L 2225, -1454, -35,  2208, -1457, -38,  153, 153, 153
L 2208, -1457, -38,  2193, -1462, -41,  153, 153, 153
L 2193, -1462, -41,  2167, -1466, -43,  153, 153, 153
L 2167, -1466, -43,  2150, -1466, -39,  153, 153, 153
L 2150, -1466, -39,  2149, -1482, -35,  153, 153, 153
L 2149, -1482, -35,  2116, -1510, -52,  153, 153, 153
L 2116, -1510, -52,  1997, -1517, -45,  153, 153, 153
L 1997, -1517, -45,  1976, -1420, -40,  153, 153, 153
L 1976, -1420, -40,  1962, -1422, -45,  153, 153, 153
L 1962, -1422, -45,  1932, -1441, -42,  153, 153, 153
L 1932, -1441, -426,  1932, -1441, -42,  153, 153, 153
L 1932, -1441, -42,  1908, -1448, -41,  153, 153, 153
L 1908, -1448, -41,  1892, -1449, -38,  153, 153, 153
L 1892, -1449, -38,  1885, -1450, -36,  153, 153, 153
L 1885, -1450, -36,  1885, -1457, -32,  153, 153, 153
L 1885, -1457, -32,  1876, -1469, -33,  153, 153, 153
L 1876, -1469, -33,  1852, -1493, -47,  153, 153, 153
L 1852, -1493, -47,  1792, -1508, -47,  153, 153, 153
L 1792, -1508, -47,  1757, -1502, -49,  153, 153, 153
L 1757, -1502, -49,  1733, -1491, -51,  153, 153, 153
L 1733, -1491, -51,  1718, -1475, -55,  153, 153, 153
L 1718, -1475, -55,  1712, -1445, -59,  153, 153, 153
L 1712, -1445, -59,  1722, -1408, -56,  153, 153, 153
L 1722, -1408, -56,  1747, -1387, -51,  153, 153, 153
L 1747, -1387, -51,  1867, -1389, -29,  153, 153, 153
L 1867, -1389, -29,  1863, -1401, -24,  153, 153, 153
L 1863, -1401, -24,  1872, -1417, -29,  153, 153, 153
L 1872, -1417, -29,  1892, -1423, -42,  153, 153, 153
L 1892, -1423, -42,  1909, -1418, -46,  153, 153, 153
L 1909, -1418, -46,  1919, -1407, -43,  153, 153, 153
L 1919, -1407, -43,  1946, -1391, -46,  153, 153, 153
L 1946, -1391, -46,  1975, -1386, -42,  153, 153, 153
L 1975, -1386, -42,  1979, -1367, -37,  153, 153, 153
L 1979, -1367, -37,  2001, -1310, -50,  153, 153, 153
L 2001, -1310, -50,  2033, -1286, -58,  153, 153, 153
L 2033, -1286, -58,  2059, -1284, -64,  153, 153, 153
L 2059, -1284, -64,  2080, -1289, -48,  153, 153, 153
L 2080, -1289, -48,  2086, -1295, -50,  153, 153, 153
L 2086, -1295, -50,  2106, -1280, -54,  153, 153, 153
L 2106, -1280, -54,  2133, -1270, -51,  153, 153, 153
L 2133, -1270, -51,  2148, -1269, -48,  153, 153, 153
L 2148, -1269, -48,  2162, -1259, -44,  153, 153, 153
L 2162, -1259, -44,  2175, -1239, -39,  153, 153, 153
L 2175, -1239, -39,  2179, -1219, -35,  153, 153, 153
L 2179, -1219, -35,  2192, -1198, -32,  153, 153, 153
L 2192, -1198, -32,  2209, -1183, -30,  153, 153, 153
L 2209, -1183, -30,  2216, -1169, -25,  153, 153, 153
L 2216, -1169, -25,  2215, -1151, -21,  153, 153, 153
L 2215, -1151, -21,  2211, -1141, -19,  153, 153, 153
L 2211, -1141, -19,  2204, -1133, -15,  153, 153, 153
L 2204, -1133, -15,  2187, -1128, -7,  153, 153, 153
L 2187, -1128, -7,  2181, -1127, -5,  153, 153, 153
L 2181, -1127, -5,  2176, -1140, 5,  153, 153, 153
L 2176, -1140, 5,  2163, -1153, 4,  153, 153, 153
L 2163, -1153, 4,  2144, -1154, 8,  153, 153, 153
L 2144, -1154, 8,  2043, -1124, 58,  153, 153, 153
L 2043, -1124, 58,  2028, -1105, 59,  153, 153, 153
L 2028, -1105, 59,  2031, -1080, 58,  153, 153, 153
L 2031, -1080, 58,  2040, -1065, 56,  153, 153, 153
L 2040, -1065, 56,  2068, -1045, 53,  153, 153, 153
L 2068, -1045, 53,  2083, -1044, 43,  153, 153, 153
L 2083, -1044, 43,  2085, -1024, 43,  153, 153, 153
L 2085, -1024, 43,  2105, -984, 39,  153, 153, 153
L 2105, -984, 39,  2110, -971, 43,  153, 153, 153
L 2110, -971, 43,  2107, -960, 46,  153, 153, 153
L 2107, -960, 46,  2100, -949, 49,  153, 153, 153
L 2100, -949, 49,  2086, -945, 51,  153, 153, 153
L 2086, -945, 51,  2064, -934, 53,  153, 153, 153
L 2064, -934, 53,  2046, -911, 56,  153, 153, 153
L 2046, -911, 56,  2041, -877, 59,  153, 153, 153
L 2041, -877, 59,  2035, -858, 63,  153, 153, 153
L 2035, -858, 63,  2026, -851, 65,  153, 153, 153
L 2026, -851, 65,  2012, -845, 68,  153, 153, 153
L 2012, -845, 68,  1997, -845, 70,  153, 153, 153
L 1997, -845, 70,  1999, -861, 68,  153, 153, 153
L 1999, -861, 681,  1999, -861, 68,  153, 153, 153
L 1999, -861, 68,  1992, -894, 62,  153, 153, 153
L 1992, -894, 62,  1992, -909, 60,  153, 153, 153
L 1992, -909, 60,  1990, -928, 67,  153, 153, 153
L 1990, -928, 67,  1972, -936, 73,  153, 153, 153
L 1972, -936, 73,  1966, -938, 71,  153, 153, 153
L 1966, -938, 71,  1966, -955, 70,  153, 153, 153
L 1966, -955, 70,  1972, -967, 72,  153, 153, 153
L 1972, -967, 72,  1980, -987, 73,  153, 153, 153
L 1980, -987, 73,  1981, -1007, 76,  153, 153, 153
L 1981, -1007, 76,  1977, -1030, 78,  153, 153, 153
L 1977, -1030, 78,  1965, -1050, 81,  153, 153, 153
L 1965, -1050, 81,  1946, -1062, 82,  153, 153, 153
L 1946, -1062, 82,  1915, -1071, 84,  153, 153, 153
L 1915, -1071, 84,  1906, -1078, 87,  153, 153, 153
L 1906, -1078, 87,  1900, -1098, 95,  153, 153, 153
L 1900, -1098, 95,  1899, -1112, 98,  153, 153, 153
L 1899, -1112, 98,  1887, -1139, 102,  153, 153, 153
L 1887, -1139, 102,  1859, -1152, 107,  153, 153, 153
L 1859, -1152, 107,  1836, -1152, 111,  153, 153, 153
L 1836, -1152, 111,  1822, -1148, 114,  153, 153, 153
L 1822, -1148, 114,  1793, -1127, 117,  153, 153, 153
L 1806, -1140, 1618,  1806, -1140, 161,  153, 153, 153
L 1806, -1140, 161,  1763, -1461, 212,  153, 153, 153
L 1763, -1461, 212,  1717, -1582, 197,  153, 153, 153
L 1717, -1582, 197,  1625, -1690, 239,  153, 153, 153
L 1625, -1690, 239,  1538, -1754, 256,  153, 153, 153
L 1538, -1754, 256,  1411, -1772, 253,  153, 153, 153
L 1411, -1772, 253,  1239, -1770, 267,  153, 153, 153
L 1239, -1770, 267,  1091, -1786, 259,  153, 153, 153
L 1091, -1786, 259,  926, -1806, 274,  153, 153, 153
L 926, -1806, 274,  774, -1813, 265,  153, 153, 153
L 774, -1813, 265,  600, -1828, 262,  153, 153, 153
L 600, -1828, 262,  425, -1846, 249,  153, 153, 153
L 425, -1846, 249,  235, -1860, 230,  153, 153, 153
L 22, -1850, 1846,  22, -1850, 184,  153, 153, 153
L 22, -1850, 184,  127, -1860, 212,  153, 153, 153
L 159, -1684, 975,  159, -1684, 97,  255, 0, 0
L 159, -1684, 97,  144, -1628, 95,  255, 0, 0
L 144, -1628, 95,  134, -1589, 91,  255, 0, 0
L 134, -1589, 91,  118, -1529, 87,  255, 0, 0
L 118, -1529, 87,  92, -1467, 86,  255, 0, 0
L 92, -1467, 86,  74, -1432, 85,  255, 0, 0
L 74, -1432, 85,  49, -1381, 86,  255, 0, 0
L 49, -1381, 86,  46, -1329, 92,  255, 0, 0
L 46, -1329, 92,  42, -1299, 91,  255, 0, 0
L 42, -1299, 91,  39, -1261, 91,  255, 0, 0
L 39, -1261, 91,  38, -1194, 91,  255, 0, 0
L 38, -1194, 91,  40, -1133, 91,  255, 0, 0
L 40, -1133, 91,  40, -1087, 93,  255, 0, 0
L 40, -1087, 93,  39, -1041, 91,  255, 0, 0
L 39, -1041, 91,  41, -1010, 92,  255, 0, 0
L 41, -1010, 92,  50, -962, 85,  255, 0, 0
L 50, -962, 85,  19, -961, 88,  255, 0, 0
L 19, -961, 88,  -10, -976, 91,  255, 0, 0
L -10, -976, 91,  -43, -982, 93,  255, 0, 0
L -43, -982, 93,  -85, -971, 89,  255, 0, 0
L -85, -971, 89,  -116, -958, 88,  255, 0, 0
L -116, -958, 88,  -230, -973, 87,  255, 0, 0
L -230, -973, 87,  -248, -989, 87,  255, 0, 0
L -248, -989, 87,  -269, -1005, 86,  255, 0, 0
L -269, -1005, 86,  -322, -1038, 88,  255, 0, 0
L -322, -1038, 88,  -362, -1049, 86,  255, 0, 0
L -362, -1049, 86,  -417, -1052, 86,  255, 0, 0
L -417, -1052, 86,  -466, -1051, 86,  255, 0, 0
L -466, -1051, 86,  -517, -1033, 85,  255, 0, 0
L -517, -1033, 85,  -562, -986, 85,  255, 0, 0
L -562, -986, 85,  -579, -943, 85,  255, 0, 0
L -579, -943, 85,  -576, -880, 88,  255, 0, 0
L -576, -880, 88,  -574, -836, 88,  255, 0, 0
L -574, -836, 88,  -560, -768, 88,  255, 0, 0
L -560, -768, 88,  -547, -733, 87,  255, 0, 0
L -547, -733, 87,  -520, -656, 85,  255, 0, 0
L -520, -656, 85,  -516, -598, 85,  255, 0, 0
L -516, -598, 85,  -516, -549, 85,  255, 0, 0
L -516, -549, 85,  -520, -504, 85,  255, 0, 0
L -520, -504, 85,  -540, -448, 85,  255, 0, 0
L -540, -448, 85,  -565, -406, 85,  255, 0, 0
L -565, -406, 85,  -598, -365, 85,  255, 0, 0
L -598, -365, 85,  -627, -330, 85,  255, 0, 0
L -627, -330, 85,  -679, -267, 87,  255, 0, 0
L -679, -267, 87,  -717, -218, 86,  255, 0, 0
L -717, -218, 86,  -759, -167, 88,  255, 0, 0
L -759, -167, 88,  -781, -143, 89,  255, 0, 0
L -781, -143, 89,  -857, -65, 88,  255, 0, 0
L -857, -65, 88,  -900, -28, 86,  255, 0, 0
L -900, -28, 86,  -941, -4, 85,  255, 0, 0
L -941, -4, 85,  -973, 11, 85,  255, 0, 0
L -973, 11, 85,  -990, 10, 86,  255, 0, 0
L -990, 10, 86,  -1043, 6, 85,  255, 0, 0
L -1043, 6, 85,  -1090, 0, 85,  255, 0, 0
L -1090, 0, 85,  -1139, -6, 86,  255, 0, 0
L -1139, -6, 86,  -1207, -16, 87,  255, 0, 0
L -1207, -16, 87,  -1285, -29, 85,  255, 0, 0
L -1285, -29, 85,  -1337, -33, 88,  255, 0, 0
L -1337, -33, 88,  -1396, -26, 85,  255, 0, 0
L -1396, -26, 85,  -1456, -15, 85,  255, 0, 0
L -1456, -15, 85,  -1508, -1, 86,  255, 0, 0
L -1508, -1, 86,  -1562, 6, 85,  255, 0, 0
L -1562, 6, 85,  -1616, 6, 85,  255, 0, 0
L -1616, 6, 85,  -1664, 6, 85,  255, 0, 0
L -1664, 6, 85,  -1712, 5, 86,  255, 0, 0
L -1712, 5, 86,  -1760, 4, 87,  255, 0, 0
L -1760, 4, 87,  -1849, 0, 85,  255, 0, 0
L -1849, 0, 85,  -1901, -1, 85,  255, 0, 0
L -1901, -1, 85,  -1952, -3, 88,  255, 0, 0
L -1100, 528, 864,  -1100, 528, 86,  255, 0, 0
L -1100, 528, 86,  -1100, 432, 85,  255, 0, 0
L -1100, 432, 85,  -1102, 364, 85,  255, 0, 0
L -1102, 364, 85,  -1101, 294, 85,  255, 0, 0
L -1101, 294, 85,  -1091, 233, 85,  255, 0, 0
L -1091, 233, 85,  -1076, 190, 85,  255, 0, 0
L -1076, 190, 85,  -1052, 143, 85,  255, 0, 0
L -1052, 143, 85,  -1021, 93, 85,  255, 0, 0
L -1021, 93, 85,  -989, 52, 85,  255, 0, 0
L -989, 52, 85,  -950, 10, 85,  255, 0, 0
L -950, 10, 85,  -909, -19, 85,  255, 0, 0
L -909, -19, 85,  -899, -29, 86,  255, 0, 0
L -181, -1105, 731,  -181, -1105, 73,  0, 0, 255
L -181, -1105, 73,  -199, -1101, 73,  0, 0, 255
L -199, -1101, 73,  -215, -1084, 72,  0, 0, 255
L -215, -1084, 72,  -222, -1059, 73,  0, 0, 255
L -222, -1059, 73,  -213, -1040, 72,  0, 0, 255
L -213, -1040, 72,  -210, -1029, 72,  0, 0, 255
L -210, -1029, 72,  -199, -1023, 72,  0, 0, 255
L -199, -1023, 72,  -196, -1020, 73,  0, 0, 255
L -196, -1020, 73,  -192, -1007, 73,  0, 0, 255
L -192, -1007, 73,  -184, -1006, 73,  0, 0, 255
L -184, -1006, 73,  -162, -1013, 72,  0, 0, 255
L -162, -1013, 72,  -151, -1020, 73,  0, 0, 255
L -151, -1020, 73,  -138, -1032, 73,  0, 0, 255
L -138, -1032, 73,  -132, -1040, 72,  0, 0, 255
L -132, -1040, 72,  -129, -1053, 73,  0, 0, 255
L -129, -1053, 73,  -127, -1067, 73,  0, 0, 255
L -127, -1067, 73,  -136, -1085, 71,  0, 0, 255
L -136, -1085, 71,  -146, -1093, 72,  0, 0, 255
L -146, -1093, 72,  -159, -1100, 73,  0, 0, 255
L -159, -1100, 73,  -178, -1104, 73,  0, 0, 255
L -178, -1104, 73,  -185, -1104, 73,  0, 0, 255
L 53, -959, 851,  53, -959, 85,  255, 0, 0
L 53, -959, 85,  179, -926, 86,  255, 0, 0
L 179, -926, 86,  249, -914, 85,  255, 0, 0
L 249, -914, 85,  326, -923, 85,  255, 0, 0
L 326, -923, 85,  380, -936, 85,  255, 0, 0
L 380, -936, 85,  421, -949, 86,  255, 0, 0
L 421, -949, 86,  484, -960, 85,  255, 0, 0
L 484, -960, 85,  548, -962, 85,  255, 0, 0
L 548, -962, 85,  596, -963, 85,  255, 0, 0
L 596, -963, 85,  679, -956, 85,  255, 0, 0
L 679, -956, 85,  713, -929, 86,  255, 0, 0
L 713, -929, 86,  747, -891, 87,  255, 0, 0
L 747, -891, 87,  781, -829, 85,  255, 0, 0
L 781, -829, 85,  794, -763, 87,  255, 0, 0
L 794, -763, 87,  802, -698, 85,  255, 0, 0
L 802, -698, 85,  801, -635, 85,  255, 0, 0
L 801, -635, 85,  798, -568, 85,  255, 0, 0
L 798, -568, 85,  794, -520, 85,  255, 0, 0
L 794, -520, 85,  786, -451, 85,  255, 0, 0
L 786, -451, 85,  781, -386, 85,  255, 0, 0
L 781, -386, 85,  774, -329, 86,  255, 0, 0
L 774, -329, 86,  769, -281, 85,  255, 0, 0
L 769, -281, 85,  760, -186, 85,  255, 0, 0
L 760, -186, 85,  752, -123, 85,  255, 0, 0
L 752, -123, 85,  742, -76, 85,  255, 0, 0
L 742, -76, 85,  720, -4, 85,  255, 0, 0
L 720, -4, 85,  700, 48, 85,  255, 0, 0
L 700, 48, 85,  681, 89, 86,  255, 0, 0
L 681, 89, 86,  656, 129, 86,  255, 0, 0
L 656, 129, 86,  617, 193, 87,  255, 0, 0
L 617, 193, 87,  584, 252, 99,  255, 0, 0
L 584, 252, 99,  560, 302, 120,  255, 0, 0
L 560, 302, 120,  541, 337, 128,  255, 0, 0
L 541, 337, 128,  521, 377, 125,  255, 0, 0
L 521, 377, 125,  505, 424, 120,  255, 0, 0
L 505, 424, 120,  475, 486, 110,  255, 0, 0
L 475, 486, 110,  452, 523, 105,  255, 0, 0
L 452, 523, 105,  416, 564, 101,  255, 0, 0
L 416, 564, 101,  396, 584, 97,  255, 0, 0
L 396, 584, 97,  339, 646, 89,  255, 0, 0
L 339, 646, 89,  314, 675, 88,  255, 0, 0
L 314, 675, 88,  268, 721, 89,  255, 0, 0
L 268, 721, 89,  226, 744, 88,  255, 0, 0
L 226, 744, 88,  175, 756, 90,  255, 0, 0
L 175, 756, 90,  127, 767, 92,  255, 0, 0
L 127, 767, 92,  65, 765, 92,  255, 0, 0
L 65, 765, 92,  31, 760, 93,  255, 0, 0
L 31, 760, 93,  -20, 751, 92,  255, 0, 0
L -20, 751, 92,  -81, 739, 91,  255, 0, 0
L -81, 739, 91,  -126, 736, 91,  255, 0, 0
L -126, 736, 91,  -156, 737, 91,  255, 0, 0
L -156, 737, 91,  -234, 751, 87,  255, 0, 0
L -234, 751, 87,  -258, 771, 89,  255, 0, 0
L -258, 771, 89,  -278, 804, 92,  255, 0, 0
L -278, 804, 92,  -289, 840, 92,  255, 0, 0
L -289, 840, 92,  -289, 874, 93,  255, 0, 0
L -289, 874, 93,  -263, 919, 87,  255, 0, 0
L -263, 919, 87,  -243, 968, 87,  255, 0, 0
L -243, 968, 87,  -228, 1009, 88,  255, 0, 0
L -228, 1009, 88,  -198, 1067, 85,  255, 0, 0
L -198, 1067, 85,  -184, 1108, 85,  255, 0, 0
L -184, 1108, 85,  -184, 1137, 85,  255, 0, 0
L -184, 1137, 85,  -192, 1171, 85,  255, 0, 0
L -192, 1171, 85,  -210, 1216, 85,  255, 0, 0
L -210, 1216, 85,  -227, 1256, 86,  255, 0, 0
L -227, 1256, 86,  -239, 1295, 85,  255, 0, 0
L -239, 1295, 85,  -256, 1360, 85,  255, 0, 0
L -256, 1360, 85,  -258, 1392, 85,  255, 0, 0
L -258, 1392, 85,  -258, 1455, 85,  255, 0, 0
L -258, 1455, 85,  -243, 1500, 85,  255, 0, 0
L -243, 1500, 85,  -252, 1518, 87,  255, 0, 0
L 1188, -251, 848,  1188, -251, 84,  0, 0, 255
L 1188, -251, 84,  1233, -247, 84,  0, 0, 255
L 1233, -247, 84,  1281, -266, 87,  0, 0, 255
L 1281, -266, 87,  1304, -301, 86,  0, 0, 255
L 1304, -301, 86,  1313, -324, 87,  0, 0, 255
L 1313, -324, 87,  1324, -360, 84,  0, 0, 255
L 1324, -360, 84,  1337, -399, 84,  0, 0, 255
L 1337, -399, 84,  1345, -429, 83,  0, 0, 255
L 1345, -429, 83,  1344, -463, 83,  0, 0, 255
L 1344, -463, 83,  1315, -500, 84,  0, 0, 255
L 1315, -500, 84,  1286, -513, 85,  0, 0, 255
L 1286, -513, 85,  1243, -519, 85,  0, 0, 255
L 1243, -519, 85,  1205, -496, 86,  0, 0, 255
L 1205, -496, 86,  1182, -461, 86,  0, 0, 255
L 1182, -461, 86,  1182, -461, 86,  0, 0, 255
L 1182, -461, 86,  1152, -403, 84,  0, 0, 255
L 1152, -403, 84,  1141, -328, 83,  0, 0, 255
L 1141, -328, 83,  1150, -297, 83,  0, 0, 255
L 1150, -297, 83,  1162, -270, 85,  0, 0, 255
L 1162, -270, 85,  1183, -256, 85,  0, 0, 255
L 1183, -256, 85,  1197, -251, 84,  0, 0, 255
L 1542, -1342, 853,  1542, -1342, 85,  0, 0, 255
L 1542, -1342, 85,  1549, -1352, 85,  0, 0, 255
L 1549, -1352, 85,  1555, -1378, 84,  0, 0, 255
L 1555, -1378, 84,  1548, -1414, 84,  0, 0, 255
L 1548, -1414, 84,  1540, -1424, 85,  0, 0, 255
L 1540, -1424, 85,  1503, -1438, 84,  0, 0, 255
L 1503, -1438, 84,  1482, -1431, 85,  0, 0, 255
L 1482, -1431, 85,  1470, -1421, 85,  0, 0, 255
L 1470, -1421, 85,  1451, -1377, 84,  0, 0, 255
L 1451, -1377, 84,  1454, -1367, 84,  0, 0, 255
L 1454, -1367, 84,  1471, -1343, 84,  0, 0, 255
L 1471, -1343, 84,  1487, -1326, 84,  0, 0, 255
L 1487, -1326, 84,  1510, -1331, 84,  0, 0, 255
L 1510, -1331, 84,  1537, -1343, 83,  0, 0, 255
L 1537, -1343, 83,  1547, -1350, 84,  0, 0, 255
L 490, -960, 850,  490, -960, 85,  255, 0, 0
L 490, -960, 85,  483, -932, 86,  255, 0, 0
L 483, -932, 86,  472, -859, 81,  255, 0, 0
L 472, -859, 81,  465, -815, 84,  255, 0, 0
L 465, -815, 84,  456, -760, 85,  255, 0, 0
L 456, -760, 85,  454, -736, 85,  255, 0, 0
L 454, -736, 85,  460, -709, 79,  255, 0, 0
L 460, -709, 79,  477, -696, 82,  255, 0, 0
L 477, -696, 82,  520, -664, 80,  255, 0, 0
L 520, -664, 80,  551, -631, 85,  255, 0, 0
L 551, -631, 85,  569, -599, 85,  255, 0, 0
L 569, -599, 85,  572, -549, 88,  255, 0, 0
L 572, -549, 88,  568, -502, 88,  255, 0, 0
L 568, -502, 88,  561, -451, 86,  255, 0, 0
L 561, -451, 86,  555, -412, 92,  255, 0, 0
L 555, -412, 92,  552, -398, 90,  255, 0, 0
L 552, -398, 90,  538, -339, 82,  255, 0, 0
L 538, -339, 82,  526, -294, 73,  255, 0, 0
L 526, -294, 73,  512, -250, 70,  255, 0, 0
L 512, -250, 70,  500, -220, 70,  255, 0, 0
L 500, -220, 70,  469, -157, 78,  255, 0, 0
L 469, -157, 78,  456, -134, 79,  255, 0, 0
L 456, -134, 79,  432, -84, 78,  255, 0, 0
L 432, -84, 78,  411, -32, 79,  255, 0, 0
L 411, -32, 79,  393, 9, 79,  255, 0, 0
L 393, 9, 79,  377, 69, 91,  255, 0, 0
L 377, 69, 91,  365, 105, 97,  255, 0, 0
L 365, 105, 97,  344, 139, 88,  255, 0, 0
L 344, 139, 88,  330, 168, 79,  255, 0, 0
L 330, 168, 79,  312, 221, 70,  255, 0, 0
L 312, 221, 70,  296, 257, 70,  255, 0, 0
L 296, 257, 70,  269, 306, 76,  255, 0, 0
L 269, 306, 76,  249, 335, 76,  255, 0, 0
L 249, 335, 76,  210, 383, 71,  255, 0, 0
L 210, 383, 71,  172, 425, 78,  255, 0, 0
L 172, 425, 78,  141, 449, 77,  255, 0, 0
L 141, 449, 77,  113, 465, 78,  255, 0, 0
L 113, 465, 78,  82, 479, 82,  255, 0, 0
L 82, 479, 82,  33, 500, 81,  255, 0, 0
L 33, 500, 81,  -23, 522, 71,  255, 0, 0
L -23, 522, 71,  -57, 527, 67,  255, 0, 0
L -57, 527, 67,  -125, 533, 75,  255, 0, 0
L -125, 533, 75,  -181, 527, 81,  255, 0, 0
L -181, 527, 81,  -220, 519, 75,  255, 0, 0
L -220, 519, 75,  -262, 512, 78,  255, 0, 0
L -262, 512, 78,  -315, 499, 75,  255, 0, 0
L -315, 499, 75,  -360, 496, 85,  255, 0, 0
L -360, 496, 85,  -467, 476, 82,  255, 0, 0
L -467, 476, 82,  -501, 472, 81,  255, 0, 0
L -501, 472, 81,  -551, 453, 71,  255, 0, 0
L -551, 453, 71,  -563, 442, 70,  255, 0, 0
L -563, 442, 70,  -565, 416, 65,  255, 0, 0
L -565, 416, 65,  -565, 370, 72,  255, 0, 0
L -565, 370, 72,  -553, 327, 78,  255, 0, 0
L -553, 327, 78,  -543, 297, 82,  255, 0, 0
L -543, 297, 82,  -524, 248, 87,  255, 0, 0
L -524, 248, 87,  -508, 198, 85,  255, 0, 0
L -508, 198, 85,  -497, 169, 87,  255, 0, 0
L -497, 169, 87,  -455, 104, 88,  255, 0, 0
L -455, 104, 88,  -450, 93, 88,  255, 0, 0
L -450, 93, 88,  -435, 63, 86,  255, 0, 0
L -435, 63, 86,  -408, 3, 79,  255, 0, 0
L -408, 3, 79,  -386, -34, 70,  255, 0, 0
L -386, -34, 70,  -369, -62, 67,  255, 0, 0
L -369, -62, 67,  -342, -100, 71,  255, 0, 0
L -342, -100, 71,  -298, -124, 75,  255, 0, 0
L -298, -124, 75,  -269, -141, 76,  255, 0, 0
L -269, -141, 76,  -224, -167, 78,  255, 0, 0
L -224, -167, 78,  -195, -183, 79,  255, 0, 0
L -195, -183, 79,  -155, -201, 72,  255, 0, 0
L -155, -201, 72,  -109, -219, 70,  255, 0, 0
L -109, -219, 70,  -75, -229, 69,  255, 0, 0
L -75, -229, 69,  -29, -243, 76,  255, 0, 0
L -29, -243, 76,  -10, -249, 79,  255, 0, 0
L -10, -249, 79,  34, -264, 85,  255, 0, 0
L 34, -264, 85,  73, -283, 88,  255, 0, 0
L 73, -283, 88,  109, -300, 83,  255, 0, 0
L 109, -300, 83,  150, -318, 77,  255, 0, 0
L 150, -318, 77,  209, -332, 72,  255, 0, 0
L 209, -332, 72,  231, -338, 73,  255, 0, 0
L 231, -338, 73,  296, -437, 79,  255, 0, 0
L 296, -437, 79,  297, -439, 79,  255, 0, 0
L 297, -439, 79,  317, -494, 78,  255, 0, 0
L 317, -494, 78,  329, -526, 83,  255, 0, 0
L 329, -526, 83,  345, -562, 86,  255, 0, 0
L 345, -562, 86,  362, -594, 84,  255, 0, 0
L 362, -594, 84,  378, -618, 82,  255, 0, 0
L 378, -618, 82,  403, -653, 76,  255, 0, 0
L 403, -653, 76,  423, -678, 79,  255, 0, 0
L 423, -678, 79,  442, -702, 81,  255, 0, 0
L 442, -702, 81,  457, -721, 82,  255, 0, 0
L -1298, 1040, 754,  -1298, 1040, 75,  0, 0, 255
L -1298, 1040, 75,  -1313, 1049, 74,  0, 0, 255
L -1313, 1049, 74,  -1354, 1077, 76,  0, 0, 255
L -1354, 1077, 76,  -1356, 1081, 76,  0, 0, 255
L -1356, 1081, 76,  -1369, 1108, 75,  0, 0, 255
L -1369, 1108, 75,  -1378, 1141, 76,  0, 0, 255
L -1378, 1141, 76,  -1384, 1179, 76,  0, 0, 255
L -1384, 1179, 76,  -1384, 1208, 76,  0, 0, 255
L -1384, 1208, 76,  -1381, 1235, 74,  0, 0, 255
L -1381, 1235, 74,  -1362, 1301, 74,  0, 0, 255
L -1362, 1301, 74,  -1341, 1329, 74,  0, 0, 255
L -1341, 1329, 74,  -1321, 1355, 75,  0, 0, 255
L -1321, 1355, 75,  -1299, 1375, 73,  0, 0, 255
L -1299, 1375, 73,  -1270, 1395, 74,  0, 0, 255
L -1270, 1395, 74,  -1228, 1413, 74,  0, 0, 255
L -1228, 1413, 74,  -1211, 1418, 76,  0, 0, 255
L -1211, 1418, 76,  -1161, 1421, 77,  0, 0, 255
L -1161, 1421, 77,  -1126, 1414, 81,  0, 0, 255
L -1126, 1414, 81,  -1093, 1403, 78,  0, 0, 255
L -1093, 1403, 78,  -1087, 1401, 78,  0, 0, 255
L -1087, 1401, 78,  -1076, 1396, 77,  0, 0, 255
L -1076, 1396, 77,  -1042, 1379, 75,  0, 0, 255
L -1042, 1379, 75,  -1015, 1359, 75,  0, 0, 255
L -1015, 1359, 75,  -990, 1320, 74,  0, 0, 255
L -990, 1320, 74,  -984, 1292, 74,  0, 0, 255
L -984, 1292, 74,  -984, 1277, 74,  0, 0, 255
L -984, 1277, 74,  -987, 1231, 75,  0, 0, 255
L -987, 1231, 75,  -997, 1201, 75,  0, 0, 255
L -997, 1201, 75,  -1021, 1164, 76,  0, 0, 255
L -1021, 1164, 76,  -1032, 1153, 76,  0, 0, 255
L -1032, 1153, 76,  -1062, 1129, 75,  0, 0, 255
L -1062, 1129, 75,  -1098, 1098, 74,  0, 0, 255
L -1098, 1098, 74,  -1137, 1071, 75,  0, 0, 255
L -1137, 1071, 75,  -1176, 1048, 76,  0, 0, 255
L -1176, 1048, 76,  -1206, 1039, 75,  0, 0, 255
L -1206, 1039, 75,  -1236, 1033, 73,  0, 0, 255
L -1236, 1033, 73,  -1258, 1033, 73,  0, 0, 255
L -1258, 1033, 73,  -1300, 1041, 75,  0, 0, 255
L -717, 1229, 891,  -717, 1229, 89,  153, 153, 153
L -717, 1229, 89,  -885, 1230, 96,  153, 153, 153
L -885, 1230, 96,  -883, 1525, 118,  153, 153, 153
L -883, 1525, 118,  -874, 1521, 116,  153, 153, 153
L -874, 1521, 116,  -870, 1494, 106,  153, 153, 153
L -870, 1494, 106,  -839, 1494, 105,  153, 153, 153
L -839, 1494, 105,  -839, 1480, 103,  153, 153, 153
L -839, 1480, 103,  -870, 1480, 103,  153, 153, 153
L -870, 1480, 103,  -870, 1384, 94,  153, 153, 153
L -870, 1384, 94,  -839, 1383, 95,  153, 153, 153
L -839, 1383, 95,  -839, 1370, 94,  153, 153, 153
L -839, 1370, 94,  -870, 1370, 94,  153, 153, 153
L -870, 1370, 94,  -870, 1244, 94,  153, 153, 153
L -870, 1244, 94,  -716, 1243, 91,  153, 153, 153
L -716, 1243, 91,  -717, 1230, 90,  153, 153, 153
L -699, 1243, 914,  -699, 1243, 91,  153, 153, 153
L -699, 1243, 91,  -669, 1243, 91,  153, 153, 153
L -669, 1243, 91,  -669, 1229, 88,  153, 153, 153
L -669, 1229, 88,  -698, 1230, 90,  153, 153, 153
L -698, 1230, 90,  -698, 1244, 91,  153, 153, 153
L -651, 1243, 914,  -651, 1243, 91,  153, 153, 153
L -651, 1243, 91,  -494, 1244, 95,  153, 153, 153
L -494, 1244, 95,  -494, 1370, 91,  153, 153, 153
L -494, 1370, 91,  -521, 1371, 91,  153, 153, 153
L -521, 1371, 91,  -520, 1384, 91,  153, 153, 153
L -520, 1384, 91,  -494, 1384, 91,  153, 153, 153
L -494, 1384, 91,  -493, 1398, 91,  153, 153, 153
L -493, 1398, 91,  -481, 1398, 90,  153, 153, 153
L -481, 1398, 90,  -481, 1231, 97,  153, 153, 153
L -481, 1231, 97,  -651, 1230, 90,  153, 153, 153
L -651, 1230, 90,  -651, 1244, 91,  153, 153, 153
L -494, 1416, 914,  -494, 1416, 91,  153, 153, 153
L -494, 1416, 91,  -481, 1415, 90,  153, 153, 153
L -481, 1415, 90,  -481, 1447, 91,  153, 153, 153
L -481, 1447, 91,  -493, 1448, 91,  153, 153, 153
L -493, 1448, 91,  -494, 1414, 91,  153, 153, 153
L -494, 1414, 91,  -481, 1416, 90,  153, 153, 153
L -481, 1465, 907,  -481, 1465, 90,  153, 153, 153
L -481, 1465, 90,  -481, 1633, 89,  153, 153, 153
L -481, 1633, 89,  -772, 1633, 167,  153, 153, 153
L -772, 1633, 167,  -761, 1620, 157,  153, 153, 153
L -761, 1620, 157,  -494, 1620, 91,  153, 153, 153
L -494, 1620, 91,  -494, 1494, 91,  153, 153, 153
L -494, 1494, 91,  -518, 1495, 91,  153, 153, 153
L -518, 1495, 91,  -510, 1480, 91,  153, 153, 153
L -510, 1480, 91,  -494, 1480, 91,  153, 153, 153
L -494, 1480, 91,  -494, 1465, 91,  153, 153, 153
L -494, 1465, 91,  -481, 1466, 90,  153, 153, 153
L -821, 1494, 1052,  -821, 1494, 105,  153, 153, 153
L -821, 1494, 105,  -783, 1494, 103,  153, 153, 153
L -783, 1494, 103,  -733, 1544, 107,  153, 153, 153
L -733, 1544, 107,  -631, 1543, 96,  153, 153, 153
L -631, 1543, 96,  -582, 1494, 92,  153, 153, 153
L -582, 1494, 92,  -538, 1492, 91,  153, 153, 153
L -538, 1492, 91,  -528, 1491, 91,  153, 153, 153
L -528, 1491, 91,  -538, 1482, 91,  153, 153, 153
L -538, 1482, 91,  -539, 1481, 91,  153, 153, 153
L -539, 1481, 91,  -582, 1480, 94,  153, 153, 153
L -582, 1480, 94,  -633, 1530, 94,  153, 153, 153
L -633, 1530, 94,  -732, 1530, 102,  153, 153, 153
L -732, 1530, 102,  -782, 1480, 100,  153, 153, 153
L -782, 1480, 100,  -821, 1481, 101,  153, 153, 153
L -821, 1481, 101,  -822, 1494, 105,  153, 153, 153
L -682, 1442, 1007,  -682, 1442, 100,  153, 153, 153
L -682, 1442, 100,  -676, 1446, 102,  153, 153, 153
L -676, 1446, 102,  -663, 1451, 99,  153, 153, 153
L -663, 1451, 99,  -651, 1447, 102,  153, 153, 153
L -651, 1447, 102,  -640, 1437, 97,  153, 153, 153
L -640, 1437, 97,  -639, 1420, 101,  153, 153, 153
L -639, 1420, 101,  -641, 1412, 97,  153, 153, 153
L -641, 1412, 97,  -651, 1402, 99,  153, 153, 153
L -651, 1402, 99,  -663, 1400, 102,  153, 153, 153
L -663, 1400, 102,  -676, 1401, 100,  153, 153, 153
L -676, 1401, 100,  -689, 1413, 100,  153, 153, 153
L -689, 1413, 100,  -690, 1422, 100,  153, 153, 153
L -690, 1422, 100,  -687, 1438, 100,  153, 153, 153
L -687, 1438, 100,  -679, 1445, 100,  153, 153, 153
L -822, 1383, 975,  -822, 1383, 97,  153, 153, 153
L -822, 1383, 97,  -783, 1384, 98,  153, 153, 153
L -783, 1384, 98,  -733, 1335, 96,  153, 153, 153
L -733, 1335, 96,  -633, 1334, 93,  153, 153, 153
L -633, 1334, 93,  -583, 1384, 94,  153, 153, 153
L -583, 1384, 94,  -539, 1384, 91,  153, 153, 153
L -539, 1384, 91,  -539, 1369, 91,  153, 153, 153
L -539, 1369, 91,  -582, 1370, 92,  153, 153, 153
L -582, 1370, 92,  -631, 1321, 91,  153, 153, 153
L -631, 1321, 91,  -732, 1320, 94,  153, 153, 153
L -732, 1320, 94,  -782, 1369, 97,  153, 153, 153
L -782, 1369, 97,  -821, 1371, 96,  153, 153, 153
L -821, 1371, 96,  -821, 1384, 97,  153, 153, 153
L -558, 1317, 914,  -558, 1317, 91,  153, 153, 153
L -558, 1317, 91,  -547, 1312, 91,  153, 153, 153
L -547, 1312, 91,  -537, 1303, 91,  153, 153, 153
L -537, 1303, 91,  -535, 1288, 91,  153, 153, 153
L -535, 1288, 91,  -538, 1274, 91,  153, 153, 153
L -538, 1274, 91,  -553, 1264, 91,  153, 153, 153
L -553, 1264, 91,  -563, 1263, 91,  153, 153, 153
L -563, 1263, 91,  -575, 1266, 91,  153, 153, 153
L -575, 1266, 91,  -587, 1279, 91,  153, 153, 153
L -587, 1279, 91,  -590, 1294, 91,  153, 153, 153
L -590, 1294, 91,  -585, 1305, 91,  153, 153, 153
L -585, 1305, 91,  -572, 1314, 91,  153, 153, 153
L -572, 1314, 91,  -561, 1316, 91,  153, 153, 153
L -818, 1267, 914,  -818, 1267, 91,  153, 153, 153
L -818, 1267, 91,  -827, 1260, 92,  153, 153, 153
L -827, 1260, 92,  -841, 1256, 94,  153, 153, 153
L -841, 1256, 94,  -854, 1260, 94,  153, 153, 153
L -854, 1260, 94,  -864, 1271, 92,  153, 153, 153
L -864, 1271, 92,  -867, 1283, 91,  153, 153, 153
L -867, 1283, 91,  -863, 1297, 91,  153, 153, 153
L -863, 1297, 91,  -854, 1306, 91,  153, 153, 153
L -854, 1306, 91,  -840, 1309, 91,  153, 153, 153
L -840, 1309, 91,  -827, 1307, 91,  153, 153, 153
L -827, 1307, 91,  -817, 1295, 91,  153, 153, 153
L -817, 1295, 91,  -814, 1283, 91,  153, 153, 153
L -814, 1283, 91,  -816, 1269, 91,  153, 153, 153
L -816, 1269, 91,  -826, 1260, 92,  153, 153, 153
L 1299, 165, 936,  1299, 165, 93,  153, 153, 153
L 1299, 165, 93,  1349, 267, 89,  153, 153, 153
L 1349, 267, 89,  1256, 312, 90,  153, 153, 153
L 1256, 312, 90,  1222, 246, 97,  153, 153, 153
L 1222, 246, 97,  1237, 241, 97,  153, 153, 153
L 1237, 241, 97,  1261, 292, 97,  153, 153, 153
L 1261, 292, 97,  1330, 260, 97,  153, 153, 153
L 1330, 260, 97,  1292, 183, 97,  153, 153, 153
L 1292, 183, 97,  1282, 186, 97,  153, 153, 153
L 1282, 186, 97,  1277, 175, 97,  153, 153, 153
L 1277, 175, 97,  1300, 167, 93,  153, 153, 153
L 1261, 182, 971,  1261, 182, 97,  153, 153, 153
L 1261, 182, 97,  1204, 212, 96,  153, 153, 153
L 1204, 212, 96,  1215, 231, 96,  153, 153, 153
L 1215, 231, 96,  1227, 225, 97,  153, 153, 153
L 1227, 225, 97,  1223, 217, 97,  153, 153, 153
L 1223, 217, 97,  1267, 195, 97,  153, 153, 153
L 1267, 195, 97,  1261, 183, 97,  153, 153, 153
L 1131, 139, 986,  1131, 139, 98,  153, 153, 153
L 1131, 139, 98,  1136, 76, 92,  153, 153, 153
L 1136, 76, 92,  1134, 33, 107,  153, 153, 153
L 1134, 33, 107,  1023, 25, 107,  153, 153, 153
L 1023, 25, 107,  1021, 50, 109,  153, 153, 153
L 1021, 50, 109,  1034, 49, 109,  153, 153, 153
L 1034, 49, 109,  1034, 41, 109,  153, 153, 153
L 1034, 41, 109,  1120, 47, 109,  153, 153, 153
L 1120, 47, 109,  1115, 123, 109,  153, 153, 153
L 1115, 123, 109,  1096, 122, 109,  153, 153, 153
L 1096, 122, 109,  1056, 119, 109,  153, 153, 153
L 1056, 119, 109,  1055, 133, 107,  153, 153, 153
L 1055, 133, 107,  1130, 138, 98,  153, 153, 153
L 1038, 132, 1078,  1038, 132, 107,  153, 153, 153
L 1038, 132, 107,  1038, 118, 109,  153, 153, 153
L 1038, 118, 109,  1029, 117, 109,  153, 153, 153
L 1029, 117, 109,  1032, 68, 109,  153, 153, 153
L 1032, 68, 109,  1019, 68, 109,  153, 153, 153
L 1019, 68, 109,  1015, 129, 109,  153, 153, 153
L 1015, 129, 109,  1038, 130, 108,  153, 153, 153
L 978, 126, 1089,  978, 126, 108,  153, 153, 153
L 978, 126, 108,  979, 114, 109,  153, 153, 153
L 979, 114, 109,  966, 112, 107,  153, 153, 153
L 966, 112, 107,  964, 124, 109,  153, 153, 153
L 964, 124, 109,  978, 125, 109,  153, 153, 153
L 983, 37, 1093,  983, 37, 109,  153, 153, 153
L 983, 37, 109,  983, 21, 109,  153, 153, 153
L 983, 21, 109,  973, 23, 109,  153, 153, 153
L 973, 23, 109,  971, 36, 107,  153, 153, 153
L 971, 36, 107,  984, 37, 109,  153, 153, 153
L 1189, 178, 957,  1189, 178, 95,  153, 153, 153
L 1189, 178, 95,  1200, 172, 97,  153, 153, 153
L 1200, 172, 97,  1194, 161, 92,  153, 153, 153
L 1194, 161, 92,  1183, 166, 94,  153, 153, 153
L 1183, 166, 94,  1188, 178, 95,  153, 153, 153
L 1269, 137, 971,  1269, 137, 97,  153, 153, 153
L 1269, 137, 97,  1280, 132, 97,  153, 153, 153
L 1280, 132, 97,  1275, 120, 97,  153, 153, 153
L 1275, 120, 97,  1263, 126, 96,  153, 153, 153
L 1263, 126, 96,  1269, 137, 97,  153, 153, 153
P 150, -1900, 0, 255, 255, 0, 2, Netherbian_Lair
P -2100, 0, 0, 255, 255, 0, 2, Sanctus_Seru
P 850, 1800, 0, 255, 255, 0, 2, Grieg's_End
P 1800, 800, 0, 255, 255, 0, 2, Maiden's_Eye
P -1392, 858, 0, 255, 255, 255, 2, Smugglers_Camp
P -609, -1298, 0, 255, 255, 255, 2, Smugglers_Camp
P 230, 1013, 0, 255, 255, 255, 2, Smugglers_Camp
P 1273, 97, 0, 255, 255, 255, 2, Circle_of_Adventurers
P 1461, -695, 0, 255, 255, 255, 2, Mushroom_Ring
P 1330, -1458, 0, 255, 255, 255, 2, Smugglers_Camp
P 1501, 660, 0, 255, 255, 255, 2, Tribal_Camp
