L 960.0000, 0, 0, -611.0000, 0, 0, 140, 140, 140
L  0,1294.0000, 0, 0, -1257.0000, 0, 140, 140, 140
L 100, 1294.0000, 0, 100, -1257.0000, 0, 220, 220, 220
L 200, 1294.0000, 0, 200, -1257.0000, 0, 220, 220, 220
L 300, 1294.0000, 0, 300, -1257.0000, 0, 220, 220, 220
L 400, 1294.0000, 0, 400, -1257.0000, 0, 220, 220, 220
L 500, 1294.0000, 0, 500, -1257.0000, 0, 220, 220, 220
L 600, 1294.0000, 0, 600, -1257.0000, 0, 220, 220, 220
L 700, 1294.0000, 0, 700, -1257.0000, 0, 220, 220, 220
L 800, 1294.0000, 0, 800, -1257.0000, 0, 220, 220, 220
L 900, 1294.0000, 0, 900, -1257.0000, 0, 220, 220, 220
L -100, 1294.0000, 0, -100, -1257.0000, 0, 220, 220, 220
L -200, 1294.0000, 0, -200, -1257.0000, 0, 220, 220, 220
L -300, 1294.0000, 0, -300, -1257.0000, 0, 220, 220, 220
L -400, 1294.0000, 0, -400, -1257.0000, 0, 220, 220, 220
L -500, 1294.0000, 0, -500, -1257.0000, 0, 220, 220, 220
L -600, 1294.0000, 0, -600, -1257.0000, 0, 220, 220, 220
L 960.0000, 100, 0, -611.0000, 100, 0, 220, 220, 220
L 960.0000, 200, 0, -611.0000, 200, 0, 220, 220, 220
L 960.0000, 300, 0, -611.0000, 300, 0, 220, 220, 220
L 960.0000, 400, 0, -611.0000, 400, 0, 220, 220, 220
L 960.0000, 500, 0, -611.0000, 500, 0, 220, 220, 220
L 960.0000, 600, 0, -611.0000, 600, 0, 220, 220, 220
L 960.0000, 700, 0, -611.0000, 700, 0, 220, 220, 220
L 960.0000, 800, 0, -611.0000, 800, 0, 220, 220, 220
L 960.0000, 900, 0, -611.0000, 900, 0, 220, 220, 220
L 960.0000, 1000, 0, -611.0000, 1000, 0, 220, 220, 220
L 960.0000, 1100, 0, -611.0000, 1100, 0, 220, 220, 220
L 960.0000, 1200, 0, -611.0000, 1200, 0, 220, 220, 220
L 960.0000, -100, 0, -611.0000, -100, 0, 220, 220, 220
L 960.0000, -200, 0, -611.0000, -200, 0, 220, 220, 220
L 960.0000, -300, 0, -611.0000, -300, 0, 220, 220, 220
L 960.0000, -400, 0, -611.0000, -400, 0, 220, 220, 220
L 960.0000, -500, 0, -611.0000, -500, 0, 220, 220, 220
L 960.0000, -600, 0, -611.0000, -600, 0, 220, 220, 220
L 960.0000, -700, 0, -611.0000, -700, 0, 220, 220, 220
L 960.0000, -800, 0, -611.0000, -800, 0, 220, 220, 220
L 960.0000, -900, 0, -611.0000, -900, 0, 220, 220, 220
L 960.0000, -1000, 0, -611.0000, -1000, 0, 220, 220, 220
L 960.0000, -1100, 0, -611.0000, -1100, 0, 220, 220, 220
L 960.0000, -1200, 0, -611.0000, -1200, 0, 220, 220, 220
P 970, 5, 0, 0, 0, 0, 3, 0
P 5,1304, 0, 0, 0, 0, 3, 0
P 105,1304, 0, 0, 0, 0, 3, 100
P 205,1304, 0, 0, 0, 0, 3, 200
P 305,1304, 0, 0, 0, 0, 3, 300
P 405,1304, 0, 0, 0, 0, 3, 400
P 505,1304, 0, 0, 0, 0, 3, 500
P 605,1304, 0, 0, 0, 0, 3, 600
P 705,1304, 0, 0, 0, 0, 3, 700
P 805,1304, 0, 0, 0, 0, 3, 800
P 905,1304, 0, 0, 0, 0, 3, 900
P -95,1304, 0, 0, 0, 0, 3, -100
P -195,1304, 0, 0, 0, 0, 3, -200
P -295,1304, 0, 0, 0, 0, 3, -300
P -395,1304, 0, 0, 0, 0, 3, -400
P -495,1304, 0, 0, 0, 0, 3, -500
P -595,1304, 0, 0, 0, 0, 3, -600
P 970, 105, 0, 0, 0, 0, 3, 100
P 970, 205, 0, 0, 0, 0, 3, 200
P 970, 305, 0, 0, 0, 0, 3, 300
P 970, 405, 0, 0, 0, 0, 3, 400
P 970, 505, 0, 0, 0, 0, 3, 500
P 970, 605, 0, 0, 0, 0, 3, 600
P 970, 705, 0, 0, 0, 0, 3, 700
P 970, 805, 0, 0, 0, 0, 3, 800
P 970, 905, 0, 0, 0, 0, 3, 900
P 970, 1005, 0, 0, 0, 0, 3, 1000
P 970, 1105, 0, 0, 0, 0, 3, 1100
P 970, 1205, 0, 0, 0, 0, 3, 1200
P 970, -95, 0, 0, 0, 0, 3, -100
P 970, -195, 0, 0, 0, 0, 3, -200
P 970, -295, 0, 0, 0, 0, 3, -300
P 970, -395, 0, 0, 0, 0, 3, -400
P 970, -495, 0, 0, 0, 0, 3, -500
P 970, -595, 0, 0, 0, 0, 3, -600
P 970, -695, 0, 0, 0, 0, 3, -700
P 970, -795, 0, 0, 0, 0, 3, -800
P 970, -895, 0, 0, 0, 0, 3, -900
P 970, -995, 0, 0, 0, 0, 3, -1000
P 970, -1095, 0, 0, 0, 0, 3, -1100
P 970, -1195, 0, 0, 0, 0, 3, -1200
