L -34, -2251, 0, -32, -2002, 0, 102, 99, 0
L -32, -2002, 0, 116, -1990, 0, 102, 99, 0
L 116, -1990, 0, 158, -2001, 0, 102, 99, 0
L 113, -1990, 0, 171, -1932, 0, 102, 99, 0
L 171, -1932, 0, 167, -1874, 0, 102, 99, 0
L -32, -2002, 0, -108, -2001, 0, 102, 99, 0
L -108, -2001, 0, -143, -1956, 0, 102, 99, 0
L -143, -1956, 0, -167, -1950, 0, 102, 99, 0
L -167, -1950, 0, -175, -1914, 0, 102, 99, 0
L -175, -1914, 0, -237, -1872, 0, 102, 99, 0
L -237, -1872, 0, -232, -1800, 0, 102, 99, 0
L -232, -1800, 0, -160, -1798, 0, 102, 99, 0
L -160, -1798, 0, -105, -1728, 0, 102, 99, 0
L -105, -1728, 0, -43, -1732, 0, 102, 99, 0
L -235, -1800, 0, -292, -1799, 0, 102, 99, 0
L -101, -1521, 0, -100, -1457, 0, 102, 99, 0
L -100, -1457, 0, -142, -1422, 0, 102, 99, 0
L -142, -1422, 0, -150, -1393, 0, 102, 99, 0
L -150, -1393, 0, -182, -1392, 0, 102, 99, 0
L -182, -1392, 0, -202, -1363, 0, 102, 99, 0
L -202, -1363, 0, -233, -1342, 0, 102, 99, 0
L -233, -1342, 0, -236, -1076, 0, 102, 99, 0
L -151, -132, 0, -106, -129, 0, 102, 99, 0
L -106, -129, 0, -92, -134, 0, 102, 99, 0
L -92, -134, 0, 83, -132, 0, 102, 99, 0
L 179, -65, 0, 240, -66, 0, 102, 99, 0
L 240, -66, 0, 289, 2, 0, 102, 99, 0
L 289, 2, 0, 502, 0, 0, 102, 99, 0
L 502, 0, 0, 549, 57, 0, 102, 99, 0
L 549, 57, 0, 579, 64, 0, 102, 99, 0
L 579, 64, 0, 616, 122, 0, 102, 99, 0
L 616, 122, 0, 646, 130, 0, 102, 99, 0
L 646, 130, 0, 659, 159, 0, 102, 99, 0
L 659, 159, 0, 702, 195, 0, 102, 99, 0
L 702, 195, 0, 697, 673, 0, 102, 99, 0
L 697, 673, 0, 727, 698, 0, 102, 99, 0
L 727, 698, 0, 755, 735, 0, 102, 99, 0
L 755, 735, 0, 838, 733, 0, 102, 99, 0
L 838, 733, 0, 882, 790, 0, 102, 99, 0
L 882, 790, 0, 911, 796, 0, 102, 99, 0
L 911, 796, 0, 953, 857, 0, 102, 99, 0
L 953, 857, 0, 979, 862, 0, 102, 99, 0
L 979, 862, 0, 1017, 925, 0, 102, 99, 0
L 1017, 925, 0, 1047, 931, 0, 102, 99, 0
L 1047, 931, 0, 1090, 1002, 0, 102, 99, 0
L 1090, 1002, 0, 1377, 1000, 0, 102, 99, 0
L 1377, 1000, 0, 1419, 1060, 0, 102, 99, 0
L 1419, 1060, 0, 1449, 1064, 0, 102, 99, 0
L 1449, 1064, 0, 1496, 1136, 0, 102, 99, 0
L 1496, 1136, 0, 1901, 1133, 0, 102, 99, 0
L 1901, 1133, 0, 1901, 876, 0, 102, 99, 0
L 1900, 1131, 0, 2045, 1135, 0, 102, 99, 0
L 2045, 1135, 0, 2069, 1168, 0, 102, 99, 0
L 2069, 1168, 0, 2103, 1195, 0, 102, 99, 0
L 2103, 1195, 0, 2099, 1868, 0, 102, 99, 0
L 2099, 1868, 0, 2182, 1865, 0, 102, 99, 0
L 2182, 1865, 0, 2288, 1868, 0, 102, 99, 0
L 2288, 1868, 0, 2304, 1925, 0, 102, 99, 0
L 2102, 1864, 0, 2046, 1867, 0, 102, 99, 0
L 2046, 1867, 0, 2030, 1924, 0, 102, 99, 0
L 2030, 1924, 0, 2037, 1940, 0, 102, 99, 0
L 2037, 1940, 0, 2028, 1990, 0, 102, 99, 0
L 2028, 1990, 0, 2037, 2010, 0, 102, 99, 0
L 2037, 2010, 0, 2033, 2076, 0, 102, 99, 0
L 2033, 2076, 0, 1992, 2111, 0, 102, 99, 0
L 1992, 2111, 0, 1962, 2119, 0, 102, 99, 0
L 1962, 2119, 0, 1958, 2150, 0, 102, 99, 0
L 1958, 2150, 0, 1912, 2199, 0, 102, 99, 0
L 1912, 2199, 0, 1862, 2202, 0, 102, 99, 0
L 1862, 2202, 0, 1694, 2197, 0, 102, 99, 0
L 1694, 2197, 0, 1641, 2271, 0, 102, 99, 0
L 1641, 2271, 0, 1157, 2266, 0, 102, 99, 0
L 1157, 2266, 0, 1110, 2333, 0, 102, 99, 0
L 1110, 2333, 0, 1036, 2335, 0, 102, 99, 0
L 1036, 2335, 0, 1035, 2390, 0, 102, 99, 0
L 1036, 2333, 0, 959, 2334, 0, 102, 99, 0
L 959, 2334, 0, 913, 2277, 0, 102, 99, 0
L 913, 2277, 0, 901, 2244, 0, 102, 99, 0
L 901, 2244, 0, 861, 2231, 0, 102, 99, 0
L 861, 2231, 0, 850, 2196, 0, 102, 99, 0
L 850, 2196, 0, 820, 2191, 0, 102, 99, 0
L 820, 2191, 0, 794, 2162, 0, 102, 99, 0
L 794, 2162, 0, 784, 2132, 0, 102, 99, 0
L 784, 2132, 0, 772, 2130, 0, 102, 99, 0
L 772, 2130, 0, 709, 2067, 0, 102, 99, 0
L 709, 2067, 0, 428, 2069, 0, 102, 99, 0
L 428, 2069, 0, 373, 1997, 0, 102, 99, 0
L 373, 1997, 0, 24, 2003, 0, 102, 99, 0
L 24, 2003, 0, -21, 1933, 0, 102, 99, 0
L -21, 1933, 0, -373, 1932, 0, 102, 99, 0
L -373, 1932, 0, -425, 2002, 0, 102, 99, 0
L -425, 2002, 0, -775, 2002, 0, 102, 99, 0
L -775, 2002, 0, -807, 1960, 0, 102, 99, 0
L -807, 1960, 0, -816, 1930, 0, 102, 99, 0
L -816, 1930, 0, -845, 1926, 0, 102, 99, 0
L -845, 1926, 0, -889, 1869, 0, 102, 99, 0
L -889, 1869, 0, -961, 1866, 0, 102, 99, 0
L -961, 1866, 0, -975, 1537, 0, 102, 99, 0
L -975, 1537, 0, -997, 1534, 0, 102, 99, 0
L -997, 1534, 0, -1044, 1534, 0, 102, 99, 0
L -1044, 1534, 0, -1073, 1494, 0, 102, 99, 0
L -1073, 1494, 0, -1083, 1461, 0, 102, 99, 0
L -1083, 1461, 0, -1114, 1458, 0, 102, 99, 0
L -1114, 1458, 0, -1155, 1399, 0, 102, 99, 0
L -1155, 1399, 0, -1221, 1399, 0, 102, 99, 0
L -967, 1871, 0, -1374, 1869, 0, 102, 99, 0
L -1374, 1869, 0, -1423, 1798, 0, 102, 99, 0
L -1423, 1798, 0, -1911, 1798, 0, 102, 99, 0
L -1911, 1798, 0, -1938, 1762, 0, 102, 99, 0
L -1938, 1762, 0, -1950, 1728, 0, 102, 99, 0
L -1950, 1728, 0, -1981, 1727, 0, 102, 99, 0
L -1981, 1727, 0, -1991, 1712, 0, 102, 99, 0
L -1991, 1712, 0, -2016, 1663, 0, 102, 99, 0
L -2016, 1663, 0, -2049, 1659, 0, 102, 99, 0
L -2049, 1659, 0, -2090, 1598, 0, 102, 99, 0
L -2090, 1598, 0, -2240, 1604, 0, 102, 99, 0
L -2240, 1604, 0, -2293, 1529, 0, 102, 99, 0
L -2293, 1529, 0, -2354, 1531, 0, 102, 99, 0
L -2646, 1650, 0, -2619, 1632, 0, 0, 153, 153
L -2619, 1632, 0, -2632, 1602, 0, 0, 153, 153
L -2632, 1602, 0, -2621, 1573, 0, 0, 153, 153
L -2621, 1573, 0, -2607, 1581, 0, 0, 153, 153
L -2607, 1581, 0, -2497, 1616, 0, 0, 153, 153
L -2497, 1616, 0, -2465, 2421, 0, 0, 153, 153
L -2465, 2421, 0, 958, 2464, 0, 0, 153, 153
L 958, 2464, 0, 1027, 2577, 0, 0, 153, 153
L 1027, 2577, 0, 1099, 2608, 0, 0, 153, 153
L 1099, 2608, 0, 1099, 2620, 0, 0, 153, 153
L 1126, 2618, 0, 1125, 2602, 0, 0, 153, 153
L 1125, 2602, 0, 1051, 2564, 0, 0, 153, 153
L 1051, 2564, 0, 1045, 2533, 0, 0, 153, 153
L 1045, 2533, 0, 1196, 2462, 0, 0, 153, 153
L 1196, 2462, 0, 2389, 2432, 0, 0, 153, 153
L 2389, 2432, 0, 2388, 2164, 0, 0, 153, 153
L 2388, 2164, 0, 2363, 2162, 0, 0, 153, 153
L 2363, 2162, 0, 2368, 2012, 0, 0, 153, 153
L 2368, 2012, 0, 2355, 2010, 0, 0, 153, 153
L 2355, 2010, 0, 2357, 2004, 0, 0, 153, 153
L 2357, 2004, 0, 2399, 2005, 0, 0, 153, 153
L 2399, 2005, 0, 2400, 2024, 0, 0, 153, 153
L 2400, 2024, 0, 2510, 2013, 0, 0, 153, 153
L 2510, 2013, 0, 2607, 2012, 0, 0, 153, 153
L 2607, 2012, 0, 2607, 1943, 0, 0, 153, 153
L 2607, 1943, 0, 2630, 1943, 0, 0, 153, 153
L 2630, 1918, 0, 2582, 1918, 0, 0, 153, 153
L 2582, 1918, 0, 2582, 1987, 0, 0, 153, 153
L 2582, 1987, 0, 2509, 1988, 0, 0, 153, 153
L 2509, 1988, 0, 2402, 1975, 0, 0, 153, 153
L 2402, 1975, 0, 2401, 1996, 0, 0, 153, 153
L 2401, 1996, 0, 2357, 1994, 0, 0, 153, 153
L 2357, 1994, 0, 2357, 1986, 0, 0, 153, 153
L 2357, 1986, 0, 2369, 1986, 0, 0, 153, 153
L 2369, 1986, 0, 2378, 1839, 0, 0, 153, 153
L 2378, 1839, 0, 2385, 1839, 0, 0, 153, 153
L 2385, 1839, 0, 2405, -2460, 0, 0, 153, 153
L 2405, -2460, 0, 0, -2407, 0, 0, 153, 153
L 0, -2407, 0, -4, -2507, 0, 0, 153, 153
L -4, -2507, 0, 72, -2508, 0, 0, 153, 153
L 72, -2508, 0, 72, -2607, 0, 0, 153, 153
L 31, -2607, 0, 31, -2557, 0, 0, 153, 153
L 31, -2557, 0, -39, -2556, 0, 0, 153, 153
L -39, -2556, 0, -65, -2368, 0, 0, 153, 153
L -65, -2368, 0, -66, -2413, 0, 0, 153, 153
L -66, -2413, 0, -2475, -2438, 0, 0, 153, 153
L -2475, -2438, 0, -2503, 1469, 0, 0, 153, 153
L -2503, 1469, 0, -2644, 1564, 0, 0, 153, 153
L -2644, 1564, 0, -2660, 1599, 0, 0, 153, 153
L -2660, 1599, 0, -2643, 1624, 0, 0, 153, 153
L -2643, 1624, 0, -2677, 1636, 0, 0, 153, 153
L -213, -147, -1, -242, -148, 0, 153, 153, 153
L -242, -148, 0, -241, -126, 0, 153, 153, 153
L -241, -126, 0, -211, -127, 0, 153, 153, 153
L -211, -127, 0, -213, -147, 0, 153, 153, 153
L -271, -106, 770, -315, -63, 77, 153, 153, 153
L -315, -63, 77, -380, -62, 77, 153, 153, 153
L -380, -62, 77, -426, -110, 77, 153, 153, 153
L -426, -110, 77, -426, -169, 77, 153, 153, 153
L -426, -169, 77, -381, -215, 77, 153, 153, 153
L -381, -215, 77, -317, -215, 77, 153, 153, 153
L -317, -215, 77, -272, -171, 77, 153, 153, 153
L -272, -171, 77, -273, -105, 77, 153, 153, 153
L -286, -90, 770, -168, 26, 77, 153, 153, 153
L -181, 36, 770, -297, -78, 77, 153, 153, 153
L -152, 8, 770, -88, 8, 77, 153, 153, 153
L -88, 8, 77, -44, 52, 77, 153, 153, 153
L -44, 52, 77, -43, 115, 77, 153, 153, 153
L -43, 115, 77, -86, 160, 77, 153, 153, 153
L -86, 160, 77, -149, 162, 77, 153, 153, 153
L -149, 162, 77, -195, 119, 77, 153, 153, 153
L -195, 119, 77, -199, 91, 77, 153, 153, 153
L -199, 91, 77, -213, 104, 77, 153, 153, 153
L -213, 104, 77, -266, 106, 77, 153, 153, 153
L -266, 106, 77, -282, 92, 77, 153, 153, 153
L -282, 92, 77, -282, 75, 77, 153, 153, 153
L -282, 75, 77, -272, 64, 77, 153, 153, 153
L -272, 64, 77, -216, 62, 77, 153, 153, 153
L -216, 62, 77, -201, 75, 77, 153, 153, 153
L -201, 75, 77, -196, 54, 77, 153, 153, 153
L -196, 54, 77, -154, 10, 77, 153, 153, 153
L -159, 155, 770, -215, 211, 76, 153, 153, 153
L -228, 202, 770, -172, 147, 76, 153, 153, 153
L -217, 215, 770, -213, 220, 77, 153, 153, 153
L -213, 220, 77, -210, 250, 77, 153, 153, 153
L -210, 250, 77, -270, 311, 77, 153, 153, 153
L -270, 311, 77, -302, 311, 77, 153, 153, 153
L -302, 311, 77, -325, 290, 77, 153, 153, 153
L -325, 290, 77, -328, 261, 77, 153, 153, 153
L -328, 261, 77, -266, 197, 77, 153, 153, 153
L -266, 197, 77, -237, 198, 77, 153, 153, 153
L -237, 198, 77, -215, 217, 77, 153, 153, 153
L -44, 81, 770, 54, 81, 76, 153, 153, 153
L 57, 98, 770, -40, 98, 76, 153, 153, 153
L 59, 57, 770, 102, 11, 77, 153, 153, 153
L 102, 11, 77, 165, 9, 77, 153, 153, 153
L 165, 9, 77, 212, 54, 77, 153, 153, 153
L 212, 54, 77, 228, 42, 75, 153, 153, 153
L 228, 42, 75, 245, 42, 75, 153, 153, 153
L 245, 42, 75, 258, 54, 75, 153, 153, 153
L 258, 54, 75, 258, 71, 75, 153, 153, 153
L 258, 71, 75, 246, 84, 75, 153, 153, 153
L 246, 84, 75, 228, 83, 75, 153, 153, 153
L 228, 83, 75, 214, 71, 76, 153, 153, 153
L 214, 71, 76, 212, 98, 77, 153, 153, 153
L 212, 98, 77, 227, 89, 75, 153, 153, 153
L 227, 89, 75, 244, 88, 75, 153, 153, 153
L 244, 88, 75, 256, 98, 75, 153, 153, 153
L 256, 98, 75, 258, 115, 75, 153, 153, 153
L 258, 115, 75, 246, 129, 75, 153, 153, 153
L 246, 129, 75, 229, 130, 75, 153, 153, 153
L 229, 130, 75, 215, 118, 75, 153, 153, 153
L 215, 118, 75, 168, 161, 77, 153, 153, 153
L 168, 161, 77, 108, 162, 77, 153, 153, 153
L 108, 162, 77, 62, 122, 77, 153, 153, 153
L 62, 122, 77, 58, 60, 77, 153, 153, 153
L 120, 81, 770, 125, 99, 77, 153, 153, 153
L 125, 99, 77, 145, 100, 77, 153, 153, 153
L 145, 100, 77, 152, 82, 77, 153, 153, 153
L 152, 82, 77, 137, 70, 77, 153, 153, 153
L 137, 70, 77, 120, 81, 77, 153, 153, 153
L -103, 93, 770, -109, 74, 77, 153, 153, 153
L -109, 74, 77, -129, 71, 77, 153, 153, 153
L -129, 71, 77, -137, 91, 77, 153, 153, 153
L -137, 91, 77, -123, 103, 77, 153, 153, 153
L -123, 103, 77, -105, 93, 77, 153, 153, 153
L -336, -124, 770, -331, -142, 77, 153, 153, 153
L -331, -142, 77, -348, -154, 77, 153, 153, 153
L -348, -154, 77, -363, -142, 77, 153, 153, 153
L -363, -142, 77, -357, -124, 77, 153, 153, 153
L -357, -124, 77, -337, -125, 77, 153, 153, 153
L 80, 137, 770, 0, 220, 116, 153, 153, 153
L -16, 211, 1175, 65, 129, 77, 153, 153, 153
L 5, 233, 1175, 5, 290, 117, 153, 153, 153
L 5, 290, 117, -32, 333, 117, 153, 153, 153
L -32, 333, 117, -90, 336, 117, 153, 153, 153
L -90, 336, 117, -106, 326, 117, 153, 153, 153
L -106, 326, 117, -110, 342, 117, 153, 153, 153
L -110, 342, 117, -147, 383, 117, 153, 153, 153
L -147, 383, 117, -167, 383, 117, 153, 153, 153
L -167, 383, 117, -179, 371, 117, 153, 153, 153
L -179, 371, 117, -180, 355, 117, 153, 153, 153
L -180, 355, 117, -138, 314, 117, 153, 153, 153
L -138, 314, 117, -123, 314, 117, 153, 153, 153
L -123, 314, 117, -133, 296, 117, 153, 153, 153
L -133, 296, 117, -136, 238, 117, 153, 153, 153
L -136, 238, 117, -123, 220, 117, 153, 153, 153
L -123, 220, 117, -141, 217, 117, 153, 153, 153
L -141, 217, 117, -153, 207, 117, 153, 153, 153
L -153, 207, 117, -155, 190, 117, 153, 153, 153
L -155, 190, 117, -145, 177, 117, 153, 153, 153
L -145, 177, 117, -126, 175, 117, 153, 153, 153
L -126, 175, 117, -114, 186, 117, 153, 153, 153
L -114, 186, 117, -113, 205, 117, 153, 153, 153
L -113, 205, 117, -96, 195, 117, 153, 153, 153
L -96, 195, 117, -38, 193, 117, 153, 153, 153
L -38, 193, 117, 2, 231, 117, 153, 153, 153
L -51, 258, 1175, -67, 248, 117, 153, 153, 153
L -67, 248, 117, -82, 259, 117, 153, 153, 153
L -82, 259, 117, -78, 277, 117, 153, 153, 153
L -78, 277, 117, -59, 278, 117, 153, 153, 153
L -59, 278, 117, -52, 260, 117, 153, 153, 153
L -57, 334, 1175, -56, 425, 160, 153, 153, 153
L -74, 426, 1610, -74, 338, 118, 153, 153, 153
L -43, 427, 1610, -8, 460, 161, 153, 153, 153
L -8, 460, 161, -6, 507, 161, 153, 153, 153
L -6, 507, 161, -38, 544, 161, 153, 153, 153
L -38, 544, 161, -51, 546, 161, 153, 153, 153
L -51, 546, 161, -41, 562, 161, 153, 153, 153
L -41, 562, 161, -41, 578, 161, 153, 153, 153
L -41, 578, 161, -52, 591, 161, 153, 153, 153
L -52, 591, 161, -70, 593, 161, 153, 153, 153
L -70, 593, 161, -84, 580, 161, 153, 153, 153
L -84, 580, 161, -83, 563, 161, 153, 153, 153
L -83, 563, 161, -70, 550, 161, 153, 153, 153
L -70, 550, 161, -86, 545, 161, 153, 153, 153
L -86, 545, 161, -122, 512, 161, 153, 153, 153
L -122, 512, 161, -124, 497, 161, 153, 153, 153
L -124, 497, 161, -139, 506, 161, 153, 153, 153
L -139, 506, 161, -157, 506, 161, 153, 153, 153
L -157, 506, 161, -169, 495, 161, 153, 153, 153
L -169, 495, 161, -171, 479, 161, 153, 153, 153
L -171, 479, 161, -160, 466, 161, 153, 153, 153
L -160, 466, 161, -142, 464, 161, 153, 153, 153
L -142, 464, 161, -128, 475, 161, 153, 153, 153
L -128, 475, 161, -125, 465, 161, 153, 153, 153
L -125, 465, 161, -93, 432, 161, 153, 153, 153
L -93, 432, 161, -47, 428, 161, 153, 153, 153
L -57, 473, 1610, -74, 472, 161, 153, 153, 153
L -74, 472, 161, -82, 487, 161, 153, 153, 153
L -82, 487, 161, -71, 500, 161, 153, 153, 153
L -71, 500, 161, -54, 493, 161, 153, 153, 153
L -54, 493, 161, -56, 476, 161, 153, 153, 153
L 140, 163, 770, 141, 264, 77, 153, 153, 153
L 125, 265, 770, 124, 165, 76, 153, 153, 153
L 163, 267, 770, 209, 310, 77, 153, 153, 153
L 209, 310, 77, 210, 373, 77, 153, 153, 153
L 210, 373, 77, 163, 419, 77, 153, 153, 153
L 163, 419, 77, 103, 420, 77, 153, 153, 153
L 103, 420, 77, 58, 376, 77, 153, 153, 153
L 58, 376, 77, 55, 347, 77, 153, 153, 153
L 55, 347, 77, 41, 359, 77, 153, 153, 153
L 41, 359, 77, 23, 360, 77, 153, 153, 153
L 23, 360, 77, 11, 348, 77, 153, 153, 153
L 11, 348, 77, 10, 329, 77, 153, 153, 153
L 10, 329, 77, 22, 318, 77, 153, 153, 153
L 22, 318, 77, 40, 318, 77, 153, 153, 153
L 40, 318, 77, 53, 329, 77, 153, 153, 153
L 53, 329, 77, 57, 314, 77, 153, 153, 153
L 57, 314, 77, 100, 267, 77, 153, 153, 153
L 100, 267, 77, 162, 266, 77, 153, 153, 153
L 146, 331, 770, 126, 329, 77, 153, 153, 153
L 126, 329, 77, 117, 346, 77, 153, 153, 153
L 117, 346, 77, 132, 360, 77, 153, 153, 153
L 132, 360, 77, 148, 352, 77, 153, 153, 153
L 148, 352, 77, 145, 332, 77, 153, 153, 153
L 184, 285, 770, 241, 228, 76, 153, 153, 153
L 254, 238, 771, 197, 295, 77, 153, 153, 153
L 243, 226, 771, 242, 210, 77, 153, 153, 153
L 242, 210, 77, 281, 169, 77, 153, 153, 153
L 281, 169, 77, 300, 168, 77, 153, 153, 153
L 300, 168, 77, 313, 181, 78, 153, 153, 153
L 313, 181, 78, 313, 198, 77, 153, 153, 153
L 313, 198, 77, 274, 238, 77, 153, 153, 153
L 274, 238, 77, 253, 238, 77, 153, 153, 153
L 253, 238, 77, 243, 226, 77, 153, 153, 153
L 208, 332, 770, 329, 331, 117, 153, 153, 153
L 329, 350, 1175, 211, 349, 77, 153, 153, 153
L 330, 316, 1175, 343, 302, 117, 153, 153, 153
L 343, 302, 117, 324, 300, 117, 153, 153, 153
L 324, 300, 117, 311, 287, 117, 153, 153, 153
L 311, 287, 117, 312, 269, 117, 153, 153, 153
L 312, 269, 117, 323, 257, 117, 153, 153, 153
L 323, 257, 117, 341, 256, 117, 153, 153, 153
L 341, 256, 117, 353, 269, 117, 153, 153, 153
L 353, 269, 117, 354, 286, 117, 153, 153, 153
L 354, 286, 117, 371, 276, 117, 153, 153, 153
L 371, 276, 117, 413, 273, 117, 153, 153, 153
L 413, 273, 117, 401, 257, 117, 153, 153, 153
L 401, 257, 117, 400, 203, 117, 153, 153, 153
L 400, 203, 117, 413, 188, 117, 153, 153, 153
L 413, 188, 117, 432, 189, 117, 153, 153, 153
L 432, 189, 117, 442, 201, 117, 153, 153, 153
L 442, 201, 117, 444, 256, 117, 153, 153, 153
L 444, 256, 117, 431, 271, 117, 153, 153, 153
L 431, 271, 117, 473, 315, 117, 153, 153, 153
L 473, 315, 117, 474, 374, 117, 153, 153, 153
L 474, 374, 117, 433, 417, 117, 153, 153, 153
L 433, 417, 117, 373, 418, 117, 153, 153, 153
L 373, 418, 117, 332, 378, 117, 153, 153, 153
L 332, 378, 117, 330, 317, 117, 153, 153, 153
L 384, 341, 1175, 390, 359, 117, 153, 153, 153
L 390, 359, 117, 409, 359, 117, 153, 153, 153
L 409, 359, 117, 415, 342, 117, 153, 153, 153
L 415, 342, 117, 399, 330, 117, 153, 153, 153
L 399, 330, 117, 384, 341, 117, 153, 153, 153
L 446, 289, 1175, 511, 225, 161, 153, 153, 153
L 525, 236, 1610, 458, 302, 117, 153, 153, 153
L 506, 215, 1610, 504, 167, 161, 153, 153, 153
L 504, 167, 161, 536, 133, 161, 153, 153, 153
L 536, 133, 161, 552, 130, 161, 153, 153, 153
L 552, 130, 161, 541, 113, 161, 153, 153, 153
L 541, 113, 161, 542, 96, 161, 153, 153, 153
L 542, 96, 161, 555, 85, 161, 153, 153, 153
L 555, 85, 161, 572, 83, 161, 153, 153, 153
L 572, 83, 161, 584, 95, 161, 153, 153, 153
L 584, 95, 161, 584, 113, 161, 153, 153, 153
L 584, 113, 161, 571, 128, 161, 153, 153, 153
L 571, 128, 161, 589, 128, 160, 153, 153, 153
L 589, 128, 160, 621, 163, 161, 153, 153, 153
L 621, 163, 161, 621, 211, 161, 153, 153, 153
L 621, 211, 161, 588, 247, 161, 153, 153, 153
L 588, 247, 161, 541, 247, 161, 153, 153, 153
L 541, 247, 161, 505, 214, 161, 153, 153, 153
L 545, 189, 1610, 558, 202, 161, 153, 153, 153
L 558, 202, 161, 574, 194, 161, 153, 153, 153
L 574, 194, 161, 572, 178, 161, 153, 153, 153
L 572, 178, 161, 555, 173, 161, 153, 153, 153
L 555, 173, 161, 546, 189, 161, 153, 153, 153
L 569, 250, 1619, 569, 370, 161, 153, 153, 153
L 552, 369, 1617, 552, 250, 160, 153, 153, 153
L 583, 371, 1610, 596, 380, 161, 153, 153, 153
L 596, 380, 161, 596, 361, 161, 153, 153, 153
L 596, 361, 161, 607, 348, 161, 153, 153, 153
L 607, 348, 161, 624, 347, 161, 153, 153, 153
L 624, 347, 161, 638, 360, 161, 153, 153, 153
L 638, 360, 161, 638, 377, 161, 153, 153, 153
L 638, 377, 161, 626, 389, 161, 153, 153, 153
L 626, 389, 161, 608, 390, 161, 153, 153, 153
L 608, 390, 161, 618, 406, 161, 153, 153, 153
L 618, 406, 161, 618, 453, 161, 153, 153, 153
L 618, 453, 161, 586, 487, 161, 153, 153, 153
L 586, 487, 161, 565, 490, 161, 153, 153, 153
L 565, 490, 161, 577, 505, 161, 153, 153, 153
L 577, 505, 161, 578, 561, 161, 153, 153, 153
L 578, 561, 161, 566, 574, 161, 153, 153, 153
L 566, 574, 161, 549, 575, 161, 153, 153, 153
L 549, 575, 161, 536, 562, 161, 153, 153, 153
L 536, 562, 161, 535, 506, 161, 153, 153, 153
L 535, 506, 161, 549, 491, 161, 153, 153, 153
L 549, 491, 161, 537, 488, 161, 153, 153, 153
L 537, 488, 161, 501, 455, 161, 153, 153, 153
L 501, 455, 161, 501, 406, 161, 153, 153, 153
L 501, 406, 161, 533, 373, 161, 153, 153, 153
L 533, 373, 161, 582, 371, 161, 153, 153, 153
L 567, 417, 1610, 550, 415, 161, 153, 153, 153
L 550, 415, 161, 542, 430, 161, 153, 153, 153
L 542, 430, 161, 555, 444, 161, 153, 153, 153
L 555, 444, 161, 570, 436, 161, 153, 153, 153
L 570, 436, 161, 568, 418, 161, 153, 153, 153
L 500, 441, 1610, 340, 441, 160, 153, 153, 153
L 337, 425, 1610, 499, 425, 161, 153, 153, 153
L 337, 454, 1610, 304, 488, 161, 153, 153, 153
L 304, 488, 161, 257, 489, 161, 153, 153, 153
L 257, 489, 161, 247, 484, 161, 153, 153, 153
L 247, 484, 161, 246, 516, 161, 153, 153, 153
L 246, 516, 161, 185, 579, 161, 153, 153, 153
L 185, 579, 161, 153, 577, 161, 153, 153, 153
L 153, 577, 161, 131, 555, 161, 153, 153, 153
L 131, 555, 161, 129, 526, 161, 153, 153, 153
L 129, 526, 161, 190, 463, 161, 153, 153, 153
L 190, 463, 161, 223, 463, 164, 153, 153, 153
L 223, 463, 164, 219, 455, 161, 153, 153, 153
L 219, 455, 161, 219, 408, 161, 153, 153, 153
L 219, 408, 161, 252, 372, 161, 153, 153, 153
L 252, 372, 161, 302, 371, 161, 153, 153, 153
L 302, 371, 161, 313, 381, 161, 153, 153, 153
L 313, 381, 161, 315, 363, 161, 153, 153, 153
L 315, 363, 161, 326, 350, 161, 153, 153, 153
L 326, 350, 161, 344, 348, 161, 153, 153, 153
L 344, 348, 161, 358, 361, 161, 153, 153, 153
L 358, 361, 161, 358, 378, 161, 153, 153, 153
L 358, 378, 161, 346, 391, 161, 153, 153, 153
L 346, 391, 161, 327, 392, 161, 153, 153, 153
L 327, 392, 161, 335, 404, 161, 153, 153, 153
L 335, 404, 161, 337, 453, 161, 153, 153, 153
L 290, 435, 1610, 287, 418, 161, 153, 153, 153
L 287, 418, 161, 268, 416, 161, 153, 153, 153
L 268, 416, 161, 261, 432, 161, 153, 153, 153
L 261, 432, 161, 273, 444, 161, 153, 153, 153
L 273, 444, 161, 290, 434, 161, 153, 153, 153
L 141, 421, 770, 141, 470, 76, 153, 153, 153
L 125, 473, 770, 125, 421, 77, 153, 153, 153
L 141, 473, 770, 153, 485, 77, 153, 153, 153
L 153, 485, 77, 154, 502, 77, 153, 153, 153
L 154, 502, 77, 142, 516, 77, 153, 153, 153
L 142, 516, 77, 125, 515, 77, 153, 153, 153
L 125, 515, 77, 112, 504, 77, 153, 153, 153
L 112, 504, 77, 111, 487, 77, 153, 153, 153
L 111, 487, 77, 125, 472, 77, 153, 153, 153
L 125, 472, 77, 141, 472, 77, 153, 153, 153
L -425, -109, 771, -546, -109, 77, 153, 153, 153
L -548, -126, 770, -427, -126, 77, 153, 153, 153
L -549, -106, 770, -592, -62, 77, 153, 153, 153
L -592, -62, 77, -654, -60, 77, 153, 153, 153
L -654, -60, 77, -701, -104, 77, 153, 153, 153
L -701, -104, 77, -702, -168, 77, 153, 153, 153
L -702, -168, 77, -659, -213, 77, 153, 153, 153
L -659, -213, 77, -617, -216, 77, 153, 153, 153
L -617, -216, 77, -632, -230, 77, 153, 153, 153
L -632, -230, 77, -630, -248, 77, 153, 153, 153
L -630, -248, 77, -620, -260, 77, 153, 153, 153
L -620, -260, 77, -602, -259, 77, 153, 153, 153
L -602, -259, 77, -590, -247, 77, 153, 153, 153
L -590, -247, 77, -589, -232, 77, 153, 153, 153
L -589, -232, 77, -602, -217, 77, 153, 153, 153
L -602, -217, 77, -596, -214, 77, 153, 153, 153
L -596, -214, 77, -549, -171, 77, 153, 153, 153
L -549, -171, 77, -548, -106, 77, 153, 153, 153
L -608, -134, 770, -618, -152, 77, 153, 153, 153
L -618, -152, 77, -636, -149, 77, 153, 153, 153
L -636, -149, 77, -639, -130, 77, 153, 153, 153
L -639, -130, 77, -622, -121, 77, 153, 153, 153
L -622, -121, 77, -608, -134, 77, 153, 153, 153
L -611, -61, 770, -611, 18, 117, 153, 153, 153
L -629, 16, 1167, -629, -61, 77, 153, 153, 153
L -586, 19, 1175, -545, 62, 117, 153, 153, 153
L -545, 62, 117, -546, 122, 117, 153, 153, 153
L -546, 122, 117, -587, 162, 117, 153, 153, 153
L -587, 162, 117, -613, 165, 117, 153, 153, 153
L -613, 165, 117, -600, 180, 117, 153, 153, 153
L -600, 180, 117, -600, 197, 117, 153, 153, 153
L -600, 197, 117, -611, 209, 117, 153, 153, 153
L -611, 209, 117, -630, 210, 117, 153, 153, 153
L -630, 210, 117, -640, 196, 117, 153, 153, 153
L -640, 196, 117, -642, 180, 117, 153, 153, 153
L -642, 180, 117, -629, 168, 117, 153, 153, 153
L -629, 168, 117, -645, 162, 117, 153, 153, 153
L -645, 162, 117, -663, 149, 117, 153, 153, 153
L -663, 149, 117, -665, 169, 117, 153, 153, 153
L -665, 169, 117, -703, 208, 117, 153, 153, 153
L -703, 208, 117, -721, 209, 117, 153, 153, 153
L -721, 209, 117, -734, 197, 117, 153, 153, 153
L -734, 197, 117, -735, 181, 117, 153, 153, 153
L -735, 181, 117, -695, 138, 117, 153, 153, 153
L -695, 138, 117, -677, 139, 120, 153, 153, 153
L -677, 139, 120, -688, 120, 117, 153, 153, 153
L -688, 120, 117, -689, 64, 117, 153, 153, 153
L -689, 64, 117, -648, 21, 117, 153, 153, 153
L -648, 21, 117, -589, 20, 117, 153, 153, 153
L -620, 73, 1175, -635, 87, 117, 153, 153, 153
L -635, 87, 117, -629, 106, 117, 153, 153, 153
L -629, 106, 117, -611, 106, 117, 153, 153, 153
L -611, 106, 117, -605, 87, 117, 153, 153, 153
L -605, 87, 117, -620, 76, 117, 153, 153, 153
L -546, 85, 1175, -459, 85, 161, 153, 153, 153
L -460, 103, 1610, -546, 103, 117, 153, 153, 153
L -459, 64, 1610, -425, 32, 161, 153, 153, 153
L -425, 32, 161, -411, 29, 161, 153, 153, 153
L -411, 29, 161, -424, 15, 161, 153, 153, 153
L -424, 15, 161, -426, -2, 161, 153, 153, 153
L -426, -2, 161, -413, -14, 161, 153, 153, 153
L -413, -14, 161, -396, -15, 161, 153, 153, 153
L -396, -15, 161, -384, -3, 161, 153, 153, 153
L -384, -3, 161, -383, 14, 161, 153, 153, 153
L -383, 14, 161, -396, 27, 161, 153, 153, 153
L -396, 27, 161, -376, 31, 161, 153, 153, 153
L -376, 31, 161, -341, 65, 161, 153, 153, 153
L -341, 65, 161, -342, 112, 161, 153, 153, 153
L -342, 112, 161, -373, 146, 161, 153, 153, 153
L -373, 146, 161, -423, 147, 161, 153, 153, 153
L -423, 147, 161, -457, 113, 161, 153, 153, 153
L -457, 113, 161, -458, 66, 161, 153, 153, 153
L -417, 91, 1610, -405, 103, 161, 153, 153, 153
L -405, 103, 161, -389, 95, 161, 153, 153, 153
L -389, 95, 161, -391, 77, 161, 153, 153, 153
L -391, 77, 161, -409, 75, 161, 153, 153, 153
L -409, 75, 161, -417, 91, 161, 153, 153, 153
L -339, 79, 1625, -178, 79, 161, 153, 153, 153
L -179, 95, 1610, -341, 97, 161, 153, 153, 153
L -177, 63, 1610, -143, 30, 161, 153, 153, 153
L -143, 30, 161, -127, 27, 161, 153, 153, 153
L -127, 27, 161, -141, 12, 161, 153, 153, 153
L -141, 12, 161, -140, -42, 161, 153, 153, 153
L -140, -42, 161, -128, -55, 161, 153, 153, 153
L -128, -55, 161, -111, -56, 161, 153, 153, 153
L -111, -56, 161, -98, -43, 161, 153, 153, 153
L -98, -43, 161, -98, 12, 161, 153, 153, 153
L -98, 12, 161, -111, 25, 161, 153, 153, 153
L -111, 25, 161, -94, 29, 161, 153, 153, 153
L -94, 29, 161, -61, 62, 161, 153, 153, 153
L -61, 62, 161, -60, 111, 161, 153, 153, 153
L -60, 111, 161, -94, 145, 161, 153, 153, 153
L -94, 145, 161, -140, 145, 161, 153, 153, 153
L -140, 145, 161, -176, 113, 161, 153, 153, 153
L -176, 113, 161, -177, 65, 161, 153, 153, 153
L -128, 71, 1610, -135, 88, 161, 153, 153, 153
L -135, 88, 161, -122, 101, 161, 153, 153, 153
L -122, 101, 161, -107, 93, 161, 153, 153, 153
L -107, 93, 161, -109, 76, 161, 153, 153, 153
L -109, 76, 161, -126, 72, 161, 153, 153, 153
L -391, 150, 1610, -390, 267, 117, 153, 153, 153
L -408, 268, 1175, -409, 150, 161, 153, 153, 153
L -367, 267, 1175, -327, 309, 117, 153, 153, 153
L -327, 309, 117, -327, 367, 117, 153, 153, 153
L -327, 367, 117, -366, 409, 117, 153, 153, 153
L -366, 409, 117, -428, 411, 117, 153, 153, 153
L -428, 411, 117, -441, 398, 117, 153, 153, 153
L -441, 398, 117, -441, 432, 117, 153, 153, 153
L -441, 432, 117, -503, 493, 117, 153, 153, 153
L -503, 493, 117, -535, 493, 117, 153, 153, 153
L -535, 493, 117, -556, 471, 117, 153, 153, 153
L -556, 471, 117, -559, 441, 117, 153, 153, 153
L -559, 441, 117, -496, 377, 117, 153, 153, 153
L -496, 377, 117, -465, 380, 117, 153, 153, 153
L -465, 380, 117, -467, 369, 117, 153, 153, 153
L -467, 369, 117, -469, 311, 117, 153, 153, 153
L -469, 311, 117, -457, 297, 117, 153, 153, 153
L -457, 297, 117, -479, 294, 117, 153, 153, 153
L -479, 294, 117, -488, 284, 117, 153, 153, 153
L -488, 284, 117, -491, 267, 117, 153, 153, 153
L -491, 267, 117, -479, 253, 117, 153, 153, 153
L -479, 253, 117, -461, 252, 117, 153, 153, 153
L -461, 252, 117, -449, 264, 117, 153, 153, 153
L -449, 264, 117, -448, 282, 117, 153, 153, 153
L -448, 282, 117, -429, 269, 117, 153, 153, 153
L -429, 269, 117, -371, 268, 117, 153, 153, 153
L -399, 321, 1175, -416, 335, 117, 153, 153, 153
L -416, 335, 117, -411, 352, 117, 153, 153, 153
L -411, 352, 117, -391, 353, 117, 153, 153, 153
L -391, 353, 117, -385, 335, 117, 153, 153, 153
L -385, 335, 117, -400, 324, 117, 153, 153, 153
L -341, 385, 1175, -275, 451, 77, 153, 153, 153
L -287, 464, 770, -352, 399, 116, 153, 153, 153
L -259, 436, 770, -196, 436, 77, 153, 153, 153
L -196, 436, 77, -151, 481, 77, 153, 153, 153
L -151, 481, 77, -150, 543, 77, 153, 153, 153
L -150, 543, 77, -195, 589, 77, 153, 153, 153
L -195, 589, 77, -212, 590, 77, 153, 153, 153
L -212, 590, 77, -185, 615, 77, 153, 153, 153
L -185, 615, 77, -186, 701, 77, 153, 153, 153
L -186, 701, 77, -207, 721, 77, 153, 153, 153
L -207, 721, 77, -240, 723, 77, 153, 153, 153
L -240, 723, 77, -264, 703, 77, 153, 153, 153
L -264, 703, 77, -264, 615, 77, 153, 153, 153
L -264, 615, 77, -241, 594, 77, 153, 153, 153
L -241, 594, 77, -258, 590, 77, 153, 153, 153
L -258, 590, 77, -300, 547, 77, 153, 153, 153
L -300, 547, 77, -303, 484, 77, 153, 153, 153
L -303, 484, 77, -261, 438, 77, 153, 153, 153
L -227, 497, 770, -242, 508, 77, 153, 153, 153
L -242, 508, 77, -236, 527, 77, 153, 153, 153
L -236, 527, 77, -217, 528, 77, 153, 153, 153
L -217, 528, 77, -210, 509, 77, 153, 153, 153
L -210, 509, 77, -225, 497, 77, 153, 153, 153
L -274, 575, 770, -332, 632, 77, 153, 153, 153
L -345, 621, 771, -288, 565, 76, 153, 153, 153
L -332, 631, 769, -332, 652, 77, 153, 153, 153
L -332, 652, 77, -373, 692, 77, 153, 153, 153
L -373, 692, 77, -403, 680, 77, 153, 153, 153
L -403, 680, 77, -403, 661, 77, 153, 153, 153
L -403, 661, 77, -364, 622, 77, 153, 153, 153
L -364, 622, 77, -344, 621, 77, 153, 153, 153
L -344, 621, 77, -333, 632, 77, 153, 153, 153
L -704, -124, 770, -753, -124, 77, 153, 153, 153
L -755, -140, 770, -704, -139, 76, 153, 153, 153
L -756, -123, 770, -767, -112, 77, 153, 153, 153
L -767, -112, 77, -824, -110, 77, 153, 153, 153
L -824, -110, 77, -837, -122, 77, 153, 153, 153
L -837, -122, 77, -838, -140, 77, 153, 153, 153
L -838, -140, 77, -826, -153, 77, 153, 153, 153
L -826, -153, 77, -770, -154, 77, 153, 153, 153
L -770, -154, 77, -755, -140, 77, 153, 153, 153
L -755, -140, 77, -755, -124, 77, 153, 153, 153
L -656, -213, 770, -655, -335, 116, 153, 153, 153
L -637, -338, 1175, -637, -214, 77, 153, 153, 153
L -656, -338, 1175, -698, -381, 117, 153, 153, 153
L -698, -381, 117, -697, -438, 117, 153, 153, 153
L -697, -438, 117, -683, -455, 117, 153, 153, 153
L -683, -455, 117, -701, -459, 117, 153, 153, 153
L -701, -459, 117, -714, -470, 117, 153, 153, 153
L -714, -470, 117, -715, -488, 117, 153, 153, 153
L -715, -488, 117, -703, -500, 117, 153, 153, 153
L -703, -500, 117, -685, -501, 117, 153, 153, 153
L -685, -501, 117, -673, -490, 117, 153, 153, 153
L -673, -490, 117, -671, -469, 117, 153, 153, 153
L -671, -469, 117, -655, -482, 117, 153, 153, 153
L -655, -482, 117, -598, -481, 117, 153, 153, 153
L -598, -481, 117, -556, -442, 117, 153, 153, 153
L -556, -442, 117, -554, -384, 117, 153, 153, 153
L -554, -384, 117, -594, -341, 117, 153, 153, 153
L -594, -341, 117, -653, -338, 117, 153, 153, 153
L -637, -394, 1175, -619, -396, 117, 153, 153, 153
L -619, -396, 117, -613, -414, 117, 153, 153, 153
L -613, -414, 117, -628, -426, 117, 153, 153, 153
L -628, -426, 117, -644, -414, 117, 153, 153, 153
L -644, -414, 117, -636, -396, 117, 153, 153, 153
L -555, -419, 1175, -410, -420, 160, 153, 153, 153
L -408, -400, 1610, -554, -401, 117, 153, 153, 153
L -408, -437, 1610, -375, -469, 161, 153, 153, 153
L -375, -469, 161, -326, -471, 161, 153, 153, 153
L -326, -471, 161, -291, -438, 161, 153, 153, 153
L -291, -438, 161, -288, -418, 161, 153, 153, 153
L -288, -418, 161, -273, -432, 161, 153, 153, 153
L -273, -432, 161, -217, -432, 161, 153, 153, 153
L -217, -432, 161, -204, -418, 161, 153, 153, 153
L -204, -418, 161, -206, -401, 161, 153, 153, 153
L -206, -401, 161, -215, -390, 161, 153, 153, 153
L -215, -390, 161, -272, -389, 161, 153, 153, 153
L -272, -389, 161, -287, -402, 161, 153, 153, 153
L -287, -402, 161, -290, -387, 161, 153, 153, 153
L -290, -387, 161, -323, -354, 161, 153, 153, 153
L -323, -354, 161, -340, -352, 161, 153, 153, 153
L -340, -352, 161, -329, -336, 161, 153, 153, 153
L -329, -336, 161, -327, -320, 161, 153, 153, 153
L -327, -320, 161, -339, -308, 161, 153, 153, 153
L -339, -308, 161, -356, -306, 161, 153, 153, 153
L -356, -306, 161, -369, -320, 161, 153, 153, 153
L -369, -320, 161, -370, -336, 161, 153, 153, 153
L -370, -336, 161, -358, -349, 161, 153, 153, 153
L -358, -349, 161, -371, -354, 161, 153, 153, 153
L -371, -354, 161, -405, -386, 161, 153, 153, 153
L -405, -386, 161, -407, -433, 161, 153, 153, 153
L -360, -427, 1610, -366, -412, 161, 153, 153, 153
L -366, -412, 161, -354, -398, 161, 153, 153, 153
L -354, -398, 161, -337, -406, 161, 153, 153, 153
L -337, -406, 161, -339, -424, 161, 153, 153, 153
L -339, -424, 161, -357, -427, 161, 153, 153, 153
L -407, -401, 1610, -552, -401, 117, 153, 153, 153
L -396, -450, 1610, -509, -562, 160, 153, 153, 153
L -499, -576, 1610, -384, -461, 161, 153, 153, 153
L -531, -544, 1610, -579, -542, 161, 153, 153, 153
L -579, -542, 161, -614, -576, 161, 153, 153, 153
L -614, -576, 161, -617, -597, 161, 153, 153, 153
L -617, -597, 161, -632, -583, 161, 153, 153, 153
L -632, -583, 161, -687, -582, 161, 153, 153, 153
L -687, -582, 161, -700, -594, 161, 153, 153, 153
L -700, -594, 161, -700, -611, 161, 153, 153, 153
L -700, -611, 161, -689, -624, 161, 153, 153, 153
L -689, -624, 161, -633, -625, 161, 153, 153, 153
L -633, -625, 161, -618, -612, 161, 153, 153, 153
L -618, -612, 161, -615, -625, 161, 153, 153, 153
L -615, -625, 161, -582, -660, 161, 153, 153, 153
L -582, -660, 161, -533, -661, 161, 153, 153, 153
L -533, -661, 161, -499, -628, 161, 153, 153, 153
L -499, -628, 161, -497, -579, 161, 153, 153, 153
L -497, -579, 161, -529, -546, 161, 153, 153, 153
L -550, -588, 1610, -542, -603, 161, 153, 153, 153
L -542, -603, 161, -552, -619, 161, 153, 153, 153
L -552, -619, 161, -569, -613, 161, 153, 153, 153
L -569, -613, 161, -569, -596, 161, 153, 153, 153
L -569, -596, 161, -552, -590, 161, 153, 153, 153
L -367, -471, 1610, -366, -522, 160, 153, 153, 153
L -351, -525, 1610, -350, -472, 161, 153, 153, 153
L -391, -525, 1610, -426, -558, 161, 153, 153, 153
L -426, -558, 161, -428, -609, 161, 153, 153, 153
L -428, -609, 161, -448, -612, 161, 153, 153, 153
L -448, -612, 161, -488, -650, 161, 153, 153, 153
L -488, -650, 161, -489, -667, 161, 153, 153, 153
L -489, -667, 161, -478, -679, 161, 153, 153, 153
L -478, -679, 161, -460, -681, 161, 153, 153, 153
L -460, -681, 161, -419, -642, 161, 153, 153, 153
L -419, -642, 161, -418, -622, 161, 153, 153, 153
L -418, -622, 161, -394, -641, 161, 153, 153, 153
L -394, -641, 161, -346, -642, 161, 153, 153, 153
L -346, -642, 161, -311, -609, 161, 153, 153, 153
L -311, -609, 161, -308, -591, 161, 153, 153, 153
L -308, -591, 161, -294, -603, 161, 153, 153, 153
L -294, -603, 161, -278, -604, 161, 153, 153, 153
L -278, -604, 161, -263, -592, 161, 153, 153, 153
L -263, -592, 161, -263, -575, 161, 153, 153, 153
L -263, -575, 161, -274, -563, 161, 153, 153, 153
L -274, -563, 161, -293, -561, 161, 153, 153, 153
L -293, -561, 161, -305, -574, 161, 153, 153, 153
L -305, -574, 161, -310, -560, 161, 153, 153, 153
L -310, -560, 161, -343, -525, 161, 153, 153, 153
L -343, -525, 161, -391, -524, 161, 153, 153, 153
L -380, -576, 1610, -364, -571, 161, 153, 153, 153
L -364, -571, 161, -354, -587, 161, 153, 153, 153
L -354, -587, 161, -364, -600, 161, 153, 153, 153
L -364, -600, 161, -381, -595, 161, 153, 153, 153
L -381, -595, 161, -380, -576, 161, 153, 153, 153
L -356, -216, 770, -356, -334, 76, 153, 153, 153
L -340, -338, 770, -340, -216, 77, 153, 153, 153
L -380, -338, 770, -424, -380, 77, 153, 153, 153
L -424, -380, 77, -428, -406, 77, 153, 153, 153
L -428, -406, 77, -444, -393, 77, 153, 153, 153
L -444, -393, 77, -461, -392, 77, 153, 153, 153
L -461, -392, 77, -473, -403, 77, 153, 153, 153
L -473, -403, 77, -474, -420, 77, 153, 153, 153
L -474, -420, 77, -462, -434, 77, 153, 153, 153
L -462, -434, 77, -445, -435, 77, 153, 153, 153
L -445, -435, 77, -430, -421, 77, 153, 153, 153
L -430, -421, 77, -427, -445, 77, 153, 153, 153
L -427, -445, 77, -384, -489, 77, 153, 153, 153
L -384, -489, 77, -319, -490, 77, 153, 153, 153
L -319, -490, 77, -276, -448, 77, 153, 153, 153
L -276, -448, 77, -274, -385, 77, 153, 153, 153
L -274, -385, 77, -289, -367, 77, 153, 153, 153
L -289, -367, 77, -268, -365, 77, 153, 153, 153
L -268, -365, 77, -229, -327, 77, 153, 153, 153
L -229, -327, 77, -228, -308, 77, 153, 153, 153
L -228, -308, 77, -239, -296, 77, 153, 153, 153
L -239, -296, 77, -258, -295, 77, 153, 153, 153
L -258, -295, 77, -298, -335, 77, 153, 153, 153
L -298, -335, 77, -298, -354, 77, 153, 153, 153
L -298, -354, 77, -319, -338, 77, 153, 153, 153
L -319, -338, 77, -379, -337, 77, 153, 153, 153
L -354, -395, 770, -335, -406, 77, 153, 153, 153
L -335, -406, 77, -338, -425, 77, 153, 153, 153
L -338, -425, 77, -359, -428, 77, 153, 153, 153
L -359, -428, 77, -366, -409, 77, 153, 153, 153
L -366, -409, 77, -352, -396, 77, 153, 153, 153
L -339, -493, 770, -339, -655, 77, 153, 153, 153
L -322, -654, 770, -322, -491, 77, 153, 153, 153
L -381, -654, 770, -427, -699, 77, 153, 153, 153
L -427, -699, 77, -430, -728, 76, 153, 153, 153
L -430, -728, 76, -444, -713, 76, 153, 153, 153
L -444, -713, 76, -499, -713, 76, 153, 153, 153
L -499, -713, 76, -512, -726, 76, 153, 153, 153
L -512, -726, 76, -512, -742, 76, 153, 153, 153
L -512, -742, 76, -501, -755, 76, 153, 153, 153
L -501, -755, 76, -445, -756, 76, 153, 153, 153
L -445, -756, 76, -431, -743, 76, 153, 153, 153
L -431, -743, 76, -427, -762, 77, 153, 153, 153
L -427, -762, 77, -385, -805, 77, 153, 153, 153
L -385, -805, 77, -321, -808, 77, 153, 153, 153
L -321, -808, 77, -274, -763, 77, 153, 153, 153
L -274, -763, 77, -274, -701, 77, 153, 153, 153
L -274, -701, 77, -317, -656, 77, 153, 153, 153
L -317, -656, 77, -380, -654, 77, 153, 153, 153
L -347, -715, 770, -333, -729, 77, 153, 153, 153
L -333, -729, 77, -342, -746, 77, 153, 153, 153
L -342, -746, 77, -361, -743, 77, 153, 153, 153
L -361, -743, 77, -363, -722, 77, 153, 153, 153
L -363, -722, 77, -346, -715, 77, 153, 153, 153
L -409, -781, 770, -513, -886, 117, 153, 153, 153
L -501, -897, 1175, -396, -792, 77, 153, 153, 153
L -532, -868, 1175, -590, -867, 117, 153, 153, 153
L -590, -867, 117, -633, -908, 117, 153, 153, 153
L -633, -908, 117, -636, -934, 117, 153, 153, 153
L -636, -934, 117, -651, -921, 117, 153, 153, 153
L -651, -921, 117, -667, -920, 117, 153, 153, 153
L -667, -920, 117, -680, -932, 117, 153, 153, 153
L -680, -932, 117, -680, -949, 117, 153, 153, 153
L -680, -949, 117, -669, -962, 117, 153, 153, 153
L -669, -962, 117, -653, -963, 117, 153, 153, 153
L -653, -963, 117, -638, -951, 117, 153, 153, 153
L -638, -951, 117, -634, -966, 117, 153, 153, 153
L -634, -966, 117, -592, -1010, 117, 153, 153, 153
L -592, -1010, 117, -613, -1034, 117, 153, 153, 153
L -613, -1034, 117, -614, -1122, 117, 153, 153, 153
L -614, -1122, 117, -592, -1143, 117, 153, 153, 153
L -592, -1143, 117, -562, -1144, 117, 153, 153, 153
L -562, -1144, 117, -539, -1125, 117, 153, 153, 153
L -539, -1125, 117, -537, -1037, 117, 153, 153, 153
L -537, -1037, 117, -559, -1016, 117, 153, 153, 153
L -559, -1016, 117, -535, -1009, 117, 153, 153, 153
L -535, -1009, 117, -494, -970, 117, 153, 153, 153
L -494, -970, 117, -491, -912, 117, 153, 153, 153
L -491, -912, 117, -532, -868, 117, 153, 153, 153
L -555, -922, 1175, -550, -942, 117, 153, 153, 153
L -550, -942, 117, -567, -955, 117, 153, 153, 153
L -567, -955, 117, -581, -943, 117, 153, 153, 153
L -581, -943, 117, -575, -926, 117, 153, 153, 153
L -575, -926, 117, -556, -925, 117, 153, 153, 153
L -272, -740, 770, -152, -740, 77, 153, 153, 153
L -151, -725, 770, -270, -725, 76, 153, 153, 153
L -107, -806, 770, -101, -808, 77, 153, 153, 153
L -101, -808, 77, -112, -823, 77, 153, 153, 153
L -112, -823, 77, -114, -878, 77, 153, 153, 153
L -114, -878, 77, -102, -891, 77, 153, 153, 153
L -102, -891, 77, -85, -893, 77, 153, 153, 153
L -85, -893, 77, -71, -880, 77, 153, 153, 153
L -71, -880, 77, -70, -824, 77, 153, 153, 153
L -70, -824, 77, -83, -810, 77, 153, 153, 153
L -83, -810, 77, -44, -806, 77, 153, 153, 153
L -44, -806, 77, 0, -763, 77, 153, 153, 153
L 0, -763, 77, 1, -703, 77, 153, 153, 153
L 1, -703, 77, -38, -658, 77, 153, 153, 153
L -38, -658, 77, -78, -654, 77, 153, 153, 153
L -78, -654, 77, -70, -638, 77, 153, 153, 153
L -70, -638, 77, -68, -623, 77, 153, 153, 153
L -68, -623, 77, -78, -609, 77, 153, 153, 153
L -78, -609, 77, -95, -608, 77, 153, 153, 153
L -95, -608, 77, -109, -619, 77, 153, 153, 153
L -109, -619, 77, -109, -636, 77, 153, 153, 153
L -109, -636, 77, -96, -650, 77, 153, 153, 153
L -96, -650, 77, -105, -653, 77, 153, 153, 153
L -105, -653, 77, -148, -697, 77, 153, 153, 153
L -148, -697, 77, -150, -760, 77, 153, 153, 153
L -150, -760, 77, -108, -804, 77, 153, 153, 153
L -84, -742, 770, -87, -722, 77, 153, 153, 153
L -87, -722, 77, -71, -714, 77, 153, 153, 153
L -71, -714, 77, -56, -727, 77, 153, 153, 153
L -56, -727, 77, -65, -745, 77, 153, 153, 153
L -65, -745, 77, -84, -742, 77, 153, 153, 153
L -138, -777, 770, -172, -812, 76, 153, 153, 153
L -162, -823, 769, -128, -788, 76, 153, 153, 153
L -191, -798, 770, -254, -798, 77, 153, 153, 153
L -254, -798, 77, -297, -841, 77, 153, 153, 153
L -297, -841, 77, -299, -904, 77, 153, 153, 153
L -299, -904, 77, -286, -920, 77, 153, 153, 153
L -286, -920, 77, -306, -923, 77, 153, 153, 153
L -306, -923, 77, -345, -963, 77, 153, 153, 153
L -345, -963, 77, -346, -981, 77, 153, 153, 153
L -346, -981, 77, -334, -993, 77, 153, 153, 153
L -334, -993, 77, -315, -993, 77, 153, 153, 153
L -315, -993, 77, -277, -954, 77, 153, 153, 153
L -277, -954, 77, -276, -935, 77, 153, 153, 153
L -276, -935, 77, -256, -949, 77, 153, 153, 153
L -256, -949, 77, -191, -951, 77, 153, 153, 153
L -191, -951, 77, -181, -941, 77, 153, 153, 153
L -181, -941, 77, -177, -959, 77, 153, 153, 153
L -177, -959, 77, -166, -971, 77, 153, 153, 153
L -166, -971, 77, -148, -973, 77, 153, 153, 153
L -148, -973, 77, -136, -961, 77, 153, 153, 153
L -136, -961, 77, -136, -944, 77, 153, 153, 153
L -136, -944, 77, -146, -932, 77, 153, 153, 153
L -146, -932, 77, -166, -930, 77, 153, 153, 153
L -166, -930, 77, -149, -908, 77, 153, 153, 153
L -149, -908, 77, -146, -846, 77, 153, 153, 153
L -146, -846, 77, -189, -799, 77, 153, 153, 153
L -211, -859, 770, -207, -880, 77, 153, 153, 153
L -207, -880, 77, -222, -890, 77, 153, 153, 153
L -222, -890, 77, -238, -879, 77, 153, 153, 153
L -238, -879, 77, -232, -861, 77, 153, 153, 153
L -232, -861, 77, -214, -859, 77, 153, 153, 153
L -210, -982, -294, -210, -995, -21, 153, 153, 153
L -210, -995, -21, -229, -995, -21, 153, 153, 153
L -229, -995, -21, -232, -981, -28, 153, 153, 153
L -232, -981, -28, -211, -981, -30, 153, 153, 153
L 127, -49, 0, 126, -20, 0, 153, 153, 153
L 126, -20, 0, 148, -20, 0, 153, 153, 153
L 148, -20, 0, 148, -49, 0, 153, 153, 153
L 148, -49, 0, 128, -50, 0, 153, 153, 153
L 601, 1967, 135, 540, 1939, 9, 153, 153, 153
L 540, 1939, 9, 509, 2003, 0, 153, 153, 153
L 509, 2003, 0, 576, 2033, 0, 153, 153, 153
L 576, 2033, 0, 601, 1968, 13, 153, 153, 153
L 446, 1897, 66, 384, 1869, 9, 153, 153, 153
L 384, 1869, 9, 354, 1932, 5, 153, 153, 153
L 354, 1932, 5, 420, 1962, 0, 153, 153, 153
L 420, 1962, 0, 447, 1898, 6, 153, 153, 153
L 473, 2085, -7, 444, 2151, 0, 153, 153, 153
L 444, 2151, 0, 510, 2179, 5, 153, 153, 153
L 510, 2179, 5, 541, 2115, 0, 153, 153, 153
L 541, 2115, 0, 475, 2084, 0, 153, 153, 153
L 351, 2111, -2, 381, 2044, 1, 153, 153, 153
L 381, 2044, 1, 317, 2015, 3, 153, 153, 153
L 317, 2015, 3, 284, 2081, 0, 153, 153, 153
L 284, 2081, 0, 350, 2111, 0, 153, 153, 153
L 414, -451, -7, 409, -443, 0, 153, 153, 153
L 409, -443, 0, 418, -438, 0, 153, 153, 153
L 418, -438, 0, 423, -446, 0, 153, 153, 153
L 423, -446, 0, 414, -451, 0, 153, 153, 153
L 417, -456, -7, 426, -451, 0, 153, 153, 153
L 426, -451, 0, 431, -460, 0, 153, 153, 153
L 431, -460, 0, 422, -465, 0, 153, 153, 153
L 422, -465, 0, 418, -455, 0, 153, 153, 153
L 402, -473, -7, 386, -482, 0, 153, 153, 153
L 386, -482, 0, 377, -466, 0, 153, 153, 153
L 377, -466, 0, 393, -457, 0, 153, 153, 153
L 393, -457, 0, 401, -474, 0, 153, 153, 153
L 413, -487, -7, 419, -496, 0, 153, 153, 153
L 419, -496, 0, 409, -501, 0, 153, 153, 153
L 409, -501, 0, 405, -491, 0, 153, 153, 153
L 405, -491, 0, 414, -487, 0, 153, 153, 153
L 400, -494, -7, 405, -505, 0, 153, 153, 153
L 405, -505, 0, 396, -508, 0, 153, 153, 153
L 396, -508, 0, 391, -500, 0, 153, 153, 153
L 391, -500, 0, 400, -495, 0, 153, 153, 153
L 370, -498, -7, 360, -502, 0, 153, 153, 153
L 360, -502, 0, 356, -493, 0, 153, 153, 153
L 356, -493, 0, 365, -488, 0, 153, 153, 153
L 365, -488, 0, 370, -498, 0, 153, 153, 153
L 361, -484, -7, 352, -489, 0, 153, 153, 153
L 352, -489, 0, 348, -480, 0, 153, 153, 153
L 348, -480, 0, 357, -476, 0, 153, 153, 153
L 357, -476, 0, 361, -485, 0, 153, 153, 153
L 360, -449, -7, 355, -439, 0, 153, 153, 153
L 355, -439, 0, 364, -436, 0, 153, 153, 153
L 364, -436, 0, 369, -445, 0, 153, 153, 153
L 369, -445, 0, 360, -450, 0, 153, 153, 153
L 374, -441, -7, 369, -433, 0, 153, 153, 153
L 369, -433, 0, 377, -428, 0, 153, 153, 153
L 377, -428, 0, 383, -436, 0, 153, 153, 153
L 383, -436, 0, 374, -442, 0, 153, 153, 153
P -33, -2366, 0, 255, 255, 255, 2, Crushbone
P -223, -986, 0, 255, 255, 255, 2, Orc_Lift
P -236, -138, 0, 255, 255, 255, 2, PoD_Lift
P 135, -26, 0, 255, 255, 255, 2, First_Lift
P 2369, 2000, 0, 255, 255, 255, 2, Felwithe
P 459, 2040, 0, 255, 255, 255, 2, Wizard_Spires
P -2528, 1538, 0, 255, 255, 255, 2, Butcherblock
P -83, 478, 0, 255, 255, 255, 2, Fier`Dal_Forge
P -670, 144, 0, 255, 255, 255, 2, Bank
P -225, 594, 0, 255, 255, 255, 2, Druid_Guild
P -451, 387, 0, 255, 255, 255, 2, Ranger_Guild
P -220, 205, 0, 255, 255, 255, 2, Bard_Guild
P 1046, 2462, 0, 255, 255, 255, 2, Lesser_Faydark
P 372, -523, 0, 255, 255, 255, 2, Druid_Ring
P -10, 20, 0, 255, 255, 255, 2, Succor_Point
