L 409.4688, 0, 0, -1178.1563, 0, 0, 140, 140, 140
L  0,379.5126, 0, 0, -908.2500, 0, 140, 140, 140
L 100, 379.5126, 0, 100, -908.2500, 0, 220, 220, 220
L 200, 379.5126, 0, 200, -908.2500, 0, 220, 220, 220
L 300, 379.5126, 0, 300, -908.2500, 0, 220, 220, 220
L 400, 379.5126, 0, 400, -908.2500, 0, 220, 220, 220
L -100, 379.5126, 0, -100, -908.2500, 0, 220, 220, 220
L -200, 379.5126, 0, -200, -908.2500, 0, 220, 220, 220
L -300, 379.5126, 0, -300, -908.2500, 0, 220, 220, 220
L -400, 379.5126, 0, -400, -908.2500, 0, 220, 220, 220
L -500, 379.5126, 0, -500, -908.2500, 0, 220, 220, 220
L -600, 379.5126, 0, -600, -908.2500, 0, 220, 220, 220
L -700, 379.5126, 0, -700, -908.2500, 0, 220, 220, 220
L -800, 379.5126, 0, -800, -908.2500, 0, 220, 220, 220
L -900, 379.5126, 0, -900, -908.2500, 0, 220, 220, 220
L -1000, 379.5126, 0, -1000, -908.2500, 0, 220, 220, 220
L -1100, 379.5126, 0, -1100, -908.2500, 0, 220, 220, 220
L 409.4688, 100, 0, -1178.1563, 100, 0, 220, 220, 220
L 409.4688, 200, 0, -1178.1563, 200, 0, 220, 220, 220
L 409.4688, 300, 0, -1178.1563, 300, 0, 220, 220, 220
L 409.4688, -100, 0, -1178.1563, -100, 0, 220, 220, 220
L 409.4688, -200, 0, -1178.1563, -200, 0, 220, 220, 220
L 409.4688, -300, 0, -1178.1563, -300, 0, 220, 220, 220
L 409.4688, -400, 0, -1178.1563, -400, 0, 220, 220, 220
L 409.4688, -500, 0, -1178.1563, -500, 0, 220, 220, 220
L 409.4688, -600, 0, -1178.1563, -600, 0, 220, 220, 220
L 409.4688, -700, 0, -1178.1563, -700, 0, 220, 220, 220
L 409.4688, -800, 0, -1178.1563, -800, 0, 220, 220, 220
L 409.4688, -900, 0, -1178.1563, -900, 0, 220, 220, 220
P 419.4688, 5, 0, 0, 0, 0, 3, 0
P 5,389.5126, 0, 0, 0, 0, 3, 0
P 105,389.5126, 0, 0, 0, 0, 3, 100
P 205,389.5126, 0, 0, 0, 0, 3, 200
P 305,389.5126, 0, 0, 0, 0, 3, 300
P 405,389.5126, 0, 0, 0, 0, 3, 400
P -95,389.5126, 0, 0, 0, 0, 3, -100
P -195,389.5126, 0, 0, 0, 0, 3, -200
P -295,389.5126, 0, 0, 0, 0, 3, -300
P -395,389.5126, 0, 0, 0, 0, 3, -400
P -495,389.5126, 0, 0, 0, 0, 3, -500
P -595,389.5126, 0, 0, 0, 0, 3, -600
P -695,389.5126, 0, 0, 0, 0, 3, -700
P -795,389.5126, 0, 0, 0, 0, 3, -800
P -895,389.5126, 0, 0, 0, 0, 3, -900
P -995,389.5126, 0, 0, 0, 0, 3, -1000
P -1095,389.5126, 0, 0, 0, 0, 3, -1100
P 419.4688, 105, 0, 0, 0, 0, 3, 100
P 419.4688, 205, 0, 0, 0, 0, 3, 200
P 419.4688, 305, 0, 0, 0, 0, 3, 300
P 419.4688, -95, 0, 0, 0, 0, 3, -100
P 419.4688, -195, 0, 0, 0, 0, 3, -200
P 419.4688, -295, 0, 0, 0, 0, 3, -300
P 419.4688, -395, 0, 0, 0, 0, 3, -400
P 419.4688, -495, 0, 0, 0, 0, 3, -500
P 419.4688, -595, 0, 0, 0, 0, 3, -600
P 419.4688, -695, 0, 0, 0, 0, 3, -700
P 419.4688, -795, 0, 0, 0, 0, 3, -800
P 419.4688, -895, 0, 0, 0, 0, 3, -900
