L 1366, 0, 0, -1674, 0, 0, 140, 140, 140
L  0,462, 0, 0, -1172, 0, 140, 140, 140
L 100, 462, 0, 100, -1172, 0, 220, 220, 220
L 200, 462, 0, 200, -1172, 0, 220, 220, 220
L 300, 462, 0, 300, -1172, 0, 220, 220, 220
L 400, 462, 0, 400, -1172, 0, 220, 220, 220
L 500, 462, 0, 500, -1172, 0, 220, 220, 220
L 600, 462, 0, 600, -1172, 0, 220, 220, 220
L 700, 462, 0, 700, -1172, 0, 220, 220, 220
L 800, 462, 0, 800, -1172, 0, 220, 220, 220
L 900, 462, 0, 900, -1172, 0, 220, 220, 220
L 1000, 462, 0, 1000, -1172, 0, 220, 220, 220
L 1100, 462, 0, 1100, -1172, 0, 220, 220, 220
L 1200, 462, 0, 1200, -1172, 0, 220, 220, 220
L 1300, 462, 0, 1300, -1172, 0, 220, 220, 220
L -100, 462, 0, -100, -1172, 0, 220, 220, 220
L -200, 462, 0, -200, -1172, 0, 220, 220, 220
L -300, 462, 0, -300, -1172, 0, 220, 220, 220
L -400, 462, 0, -400, -1172, 0, 220, 220, 220
L -500, 462, 0, -500, -1172, 0, 220, 220, 220
L -600, 462, 0, -600, -1172, 0, 220, 220, 220
L -700, 462, 0, -700, -1172, 0, 220, 220, 220
L -800, 462, 0, -800, -1172, 0, 220, 220, 220
L -900, 462, 0, -900, -1172, 0, 220, 220, 220
L -1000, 462, 0, -1000, -1172, 0, 220, 220, 220
L -1100, 462, 0, -1100, -1172, 0, 220, 220, 220
L -1200, 462, 0, -1200, -1172, 0, 220, 220, 220
L -1300, 462, 0, -1300, -1172, 0, 220, 220, 220
L -1400, 462, 0, -1400, -1172, 0, 220, 220, 220
L -1500, 462, 0, -1500, -1172, 0, 220, 220, 220
L -1600, 462, 0, -1600, -1172, 0, 220, 220, 220
L 1366, 100, 0, -1674, 100, 0, 220, 220, 220
L 1366, 200, 0, -1674, 200, 0, 220, 220, 220
L 1366, 300, 0, -1674, 300, 0, 220, 220, 220
L 1366, 400, 0, -1674, 400, 0, 220, 220, 220
L 1366, -100, 0, -1674, -100, 0, 220, 220, 220
L 1366, -200, 0, -1674, -200, 0, 220, 220, 220
L 1366, -300, 0, -1674, -300, 0, 220, 220, 220
L 1366, -400, 0, -1674, -400, 0, 220, 220, 220
L 1366, -500, 0, -1674, -500, 0, 220, 220, 220
L 1366, -600, 0, -1674, -600, 0, 220, 220, 220
L 1366, -700, 0, -1674, -700, 0, 220, 220, 220
L 1366, -800, 0, -1674, -800, 0, 220, 220, 220
L 1366, -900, 0, -1674, -900, 0, 220, 220, 220
L 1366, -1000, 0, -1674, -1000, 0, 220, 220, 220
L 1366, -1100, 0, -1674, -1100, 0, 220, 220, 220
P 1376, 5, 0, 0, 0, 0, 3, 0
P 5,472, 0, 0, 0, 0, 3, 0
P 105,472, 0, 0, 0, 0, 3, 100
P 205,472, 0, 0, 0, 0, 3, 200
P 305,472, 0, 0, 0, 0, 3, 300
P 405,472, 0, 0, 0, 0, 3, 400
P 505,472, 0, 0, 0, 0, 3, 500
P 605,472, 0, 0, 0, 0, 3, 600
P 705,472, 0, 0, 0, 0, 3, 700
P 805,472, 0, 0, 0, 0, 3, 800
P 905,472, 0, 0, 0, 0, 3, 900
P 1005,472, 0, 0, 0, 0, 3, 1000
P 1105,472, 0, 0, 0, 0, 3, 1100
P 1205,472, 0, 0, 0, 0, 3, 1200
P 1305,472, 0, 0, 0, 0, 3, 1300
P -95,472, 0, 0, 0, 0, 3, -100
P -195,472, 0, 0, 0, 0, 3, -200
P -295,472, 0, 0, 0, 0, 3, -300
P -395,472, 0, 0, 0, 0, 3, -400
P -495,472, 0, 0, 0, 0, 3, -500
P -595,472, 0, 0, 0, 0, 3, -600
P -695,472, 0, 0, 0, 0, 3, -700
P -795,472, 0, 0, 0, 0, 3, -800
P -895,472, 0, 0, 0, 0, 3, -900
P -995,472, 0, 0, 0, 0, 3, -1000
P -1095,472, 0, 0, 0, 0, 3, -1100
P -1195,472, 0, 0, 0, 0, 3, -1200
P -1295,472, 0, 0, 0, 0, 3, -1300
P -1395,472, 0, 0, 0, 0, 3, -1400
P -1495,472, 0, 0, 0, 0, 3, -1500
P -1595,472, 0, 0, 0, 0, 3, -1600
P 1376, 105, 0, 0, 0, 0, 3, 100
P 1376, 205, 0, 0, 0, 0, 3, 200
P 1376, 305, 0, 0, 0, 0, 3, 300
P 1376, 405, 0, 0, 0, 0, 3, 400
P 1376, -95, 0, 0, 0, 0, 3, -100
P 1376, -195, 0, 0, 0, 0, 3, -200
P 1376, -295, 0, 0, 0, 0, 3, -300
P 1376, -395, 0, 0, 0, 0, 3, -400
P 1376, -495, 0, 0, 0, 0, 3, -500
P 1376, -595, 0, 0, 0, 0, 3, -600
P 1376, -695, 0, 0, 0, 0, 3, -700
P 1376, -795, 0, 0, 0, 0, 3, -800
P 1376, -895, 0, 0, 0, 0, 3, -900
P 1376, -995, 0, 0, 0, 0, 3, -1000
P 1376, -1095, 0, 0, 0, 0, 3, -1100
