L 815, 0, 0, -614, 0, 0, 140, 140, 140
L  0,1874, 0, 0, -373, 0, 140, 140, 140
L 100, 1874, 0, 100, -373, 0, 220, 220, 220
L 200, 1874, 0, 200, -373, 0, 220, 220, 220
L 300, 1874, 0, 300, -373, 0, 220, 220, 220
L 400, 1874, 0, 400, -373, 0, 220, 220, 220
L 500, 1874, 0, 500, -373, 0, 220, 220, 220
L 600, 1874, 0, 600, -373, 0, 220, 220, 220
L 700, 1874, 0, 700, -373, 0, 220, 220, 220
L 800, 1874, 0, 800, -373, 0, 220, 220, 220
L -100, 1874, 0, -100, -373, 0, 220, 220, 220
L -200, 1874, 0, -200, -373, 0, 220, 220, 220
L -300, 1874, 0, -300, -373, 0, 220, 220, 220
L -400, 1874, 0, -400, -373, 0, 220, 220, 220
L -500, 1874, 0, -500, -373, 0, 220, 220, 220
L -600, 1874, 0, -600, -373, 0, 220, 220, 220
L 815, 100, 0, -614, 100, 0, 220, 220, 220
L 815, 200, 0, -614, 200, 0, 220, 220, 220
L 815, 300, 0, -614, 300, 0, 220, 220, 220
L 815, 400, 0, -614, 400, 0, 220, 220, 220
L 815, 500, 0, -614, 500, 0, 220, 220, 220
L 815, 600, 0, -614, 600, 0, 220, 220, 220
L 815, 700, 0, -614, 700, 0, 220, 220, 220
L 815, 800, 0, -614, 800, 0, 220, 220, 220
L 815, 900, 0, -614, 900, 0, 220, 220, 220
L 815, 1000, 0, -614, 1000, 0, 220, 220, 220
L 815, 1100, 0, -614, 1100, 0, 220, 220, 220
L 815, 1200, 0, -614, 1200, 0, 220, 220, 220
L 815, 1300, 0, -614, 1300, 0, 220, 220, 220
L 815, 1400, 0, -614, 1400, 0, 220, 220, 220
L 815, 1500, 0, -614, 1500, 0, 220, 220, 220
L 815, 1600, 0, -614, 1600, 0, 220, 220, 220
L 815, 1700, 0, -614, 1700, 0, 220, 220, 220
L 815, 1800, 0, -614, 1800, 0, 220, 220, 220
L 815, -100, 0, -614, -100, 0, 220, 220, 220
L 815, -200, 0, -614, -200, 0, 220, 220, 220
L 815, -300, 0, -614, -300, 0, 220, 220, 220
P 825, 5, 0, 0, 0, 0, 3, 0
P 5,1884, 0, 0, 0, 0, 3, 0
P 105,1884, 0, 0, 0, 0, 3, 100
P 205,1884, 0, 0, 0, 0, 3, 200
P 305,1884, 0, 0, 0, 0, 3, 300
P 405,1884, 0, 0, 0, 0, 3, 400
P 505,1884, 0, 0, 0, 0, 3, 500
P 605,1884, 0, 0, 0, 0, 3, 600
P 705,1884, 0, 0, 0, 0, 3, 700
P 805,1884, 0, 0, 0, 0, 3, 800
P -95,1884, 0, 0, 0, 0, 3, -100
P -195,1884, 0, 0, 0, 0, 3, -200
P -295,1884, 0, 0, 0, 0, 3, -300
P -395,1884, 0, 0, 0, 0, 3, -400
P -495,1884, 0, 0, 0, 0, 3, -500
P -595,1884, 0, 0, 0, 0, 3, -600
P 825, 105, 0, 0, 0, 0, 3, 100
P 825, 205, 0, 0, 0, 0, 3, 200
P 825, 305, 0, 0, 0, 0, 3, 300
P 825, 405, 0, 0, 0, 0, 3, 400
P 825, 505, 0, 0, 0, 0, 3, 500
P 825, 605, 0, 0, 0, 0, 3, 600
P 825, 705, 0, 0, 0, 0, 3, 700
P 825, 805, 0, 0, 0, 0, 3, 800
P 825, 905, 0, 0, 0, 0, 3, 900
P 825, 1005, 0, 0, 0, 0, 3, 1000
P 825, 1105, 0, 0, 0, 0, 3, 1100
P 825, 1205, 0, 0, 0, 0, 3, 1200
P 825, 1305, 0, 0, 0, 0, 3, 1300
P 825, 1405, 0, 0, 0, 0, 3, 1400
P 825, 1505, 0, 0, 0, 0, 3, 1500
P 825, 1605, 0, 0, 0, 0, 3, 1600
P 825, 1705, 0, 0, 0, 0, 3, 1700
P 825, 1805, 0, 0, 0, 0, 3, 1800
P 825, -95, 0, 0, 0, 0, 3, -100
P 825, -195, 0, 0, 0, 0, 3, -200
P 825, -295, 0, 0, 0, 0, 3, -300
