L 8163.1240, 0, 0, -1198.4061, 0, 0, 140, 140, 140
L  0,4040.8435, 0, 0, -3379.6733, 0, 140, 140, 140
L 1000, 4040.8435, 0, 1000, -3379.6733, 0, 220, 220, 220
L 2000, 4040.8435, 0, 2000, -3379.6733, 0, 220, 220, 220
L 3000, 4040.8435, 0, 3000, -3379.6733, 0, 220, 220, 220
L 4000, 4040.8435, 0, 4000, -3379.6733, 0, 220, 220, 220
L 5000, 4040.8435, 0, 5000, -3379.6733, 0, 220, 220, 220
L 6000, 4040.8435, 0, 6000, -3379.6733, 0, 220, 220, 220
L 7000, 4040.8435, 0, 7000, -3379.6733, 0, 220, 220, 220
L 8000, 4040.8435, 0, 8000, -3379.6733, 0, 220, 220, 220
L -1000, 4040.8435, 0, -1000, -3379.6733, 0, 220, 220, 220
L 8163.1240, 1000, 0, -1198.4061, 1000, 0, 220, 220, 220
L 8163.1240, 2000, 0, -1198.4061, 2000, 0, 220, 220, 220
L 8163.1240, 3000, 0, -1198.4061, 3000, 0, 220, 220, 220
L 8163.1240, 4000, 0, -1198.4061, 4000, 0, 220, 220, 220
L 8163.1240, -1000, 0, -1198.4061, -1000, 0, 220, 220, 220
L 8163.1240, -2000, 0, -1198.4061, -2000, 0, 220, 220, 220
L 8163.1240, -3000, 0, -1198.4061, -3000, 0, 220, 220, 220
P 8173.124, 5, 0, 0, 0, 0, 3, 0
P 5,4050.8435, 0, 0, 0, 0, 3, 0
P 1005,4050.8435, 0, 0, 0, 0, 3, 1000
P 2005,4050.8435, 0, 0, 0, 0, 3, 2000
P 3005,4050.8435, 0, 0, 0, 0, 3, 3000
P 4005,4050.8435, 0, 0, 0, 0, 3, 4000
P 5005,4050.8435, 0, 0, 0, 0, 3, 5000
P 6005,4050.8435, 0, 0, 0, 0, 3, 6000
P 7005,4050.8435, 0, 0, 0, 0, 3, 7000
P 8005,4050.8435, 0, 0, 0, 0, 3, 8000
P -995,4050.8435, 0, 0, 0, 0, 3, -1000
P 8173.124, 1005, 0, 0, 0, 0, 3, 1000
P 8173.124, 2005, 0, 0, 0, 0, 3, 2000
P 8173.124, 3005, 0, 0, 0, 0, 3, 3000
P 8173.124, 4005, 0, 0, 0, 0, 3, 4000
P 8173.124, -995, 0, 0, 0, 0, 3, -1000
P 8173.124, -1995, 0, 0, 0, 0, 3, -2000
P 8173.124, -2995, 0, 0, 0, 0, 3, -3000
