L -1326, 41, 4, -1336, 41, 3, 180, 180, 0
L -1336, 41, 3, -1404, -10, 19, 180, 180, 0
L -1404, -10, 19, -1404, -70, 20, 180, 180, 0
L -1404, -70, 20, -1349, -125, 18, 180, 180, 0
L -1349, -125, 18, -1344, -123, 32, 180, 180, 0
L -1344, -123, 32, -1288, -124, 29, 180, 180, 0
L -1288, -124, 29, -1230, -69, 19, 180, 180, 0
L -1230, -69, 19, -1230, -10, 19, 180, 180, 0
L -1230, -10, 19, -1296, 41, 21, 180, 180, 0
L -1296, 41, 21, -1308, 41, 4, 180, 180, 0
L -1349, -125, 18, -1350, -117, 17, 180, 180, 0
L -1350, -117, 17, -1339, -106, 24, 180, 180, 0
L -1339, -106, 24, -1324, -115, 32, 180, 180, 0
L -1324, -115, 32, -1324, -124, 29, 180, 180, 0
L -1335, -78, 17, -1300, -66, 7, 180, 180, 0
L -1300, -66, 7, -1301, -64, 7, 180, 180, 0
L -1301, -64, 7, -1290, -59, 7, 180, 180, 0
L -1290, -59, 7, -1289, -63, 7, 180, 180, 0
L -1289, -63, 7, -1285, -61, 7, 180, 180, 0
L -1285, -61, 7, -1275, -72, 10, 180, 180, 0
L -1275, -72, 10, -1253, -96, 13, 180, 180, 0
L -1326, 41, 4, -1325, 54, 3, 180, 180, 0
L -1325, 54, 3, -1329, 54, 3, 180, 180, 0
L -1329, 54, 3, -1329, 101, 3, 180, 180, 0
L -1329, 101, 3, -1322, 101, 3, 180, 180, 0
L -1322, 101, 3, -1322, 115, 3, 180, 180, 0
L -1322, 115, 3, -1329, 115, 3, 180, 180, 0
L -1329, 115, 3, -1329, 216, 63, 180, 180, 0
L -1329, 216, 63, -1322, 216, 63, 180, 180, 0
L -1322, 216, 63, -1322, 230, 63, 180, 180, 0
L -1322, 230, 63, -1329, 230, 63, 180, 180, 0
L -1329, 230, 63, -1329, 287, 13, 180, 180, 0
L -1329, 287, 13, -1326, 287, 12, 180, 180, 0
L -1326, 287, 12, -1326, 298, 3, 180, 180, 0
L -1326, 298, 3, -1383, 297, 3, 180, 180, 0
L -1383, 297, 3, -1384, 328, 3, 180, 180, 0
L -1384, 328, 3, -1397, 328, 3, 180, 180, 0
L -1397, 328, 3, -1397, 321, 3, 180, 180, 0
L -1397, 321, 3, -1454, 321, -47, 180, 180, 0
L -1454, 321, -47, -1454, 325, -46, 180, 180, 0
L -1454, 325, -46, -1493, 327, -56, 180, 180, 0
L -1493, 327, -56, -1502, 322, -56, 180, 180, 0
L -1502, 322, -56, -1539, 322, -56, 180, 180, 0
L -1539, 322, -56, -1540, 356, -56, 180, 180, 0
L -1540, 356, -56, -1554, 356, -56, 180, 180, 0
L -1554, 356, -56, -1555, 253, -55, 180, 180, 0
L -1555, 253, -55, -1567, 253, -55, 180, 180, 0
L -1567, 253, -55, -1588, 265, -56, 180, 180, 0
L -1588, 265, -56, -1608, 265, -56, 180, 180, 0
L -1608, 265, -56, -1628, 279, -56, 180, 180, 0
L -1628, 279, -56, -1628, 359, -56, 180, 180, 0
L -1628, 359, -56, -1608, 373, -56, 180, 180, 0
L -1608, 373, -56, -1554, 373, -56, 180, 180, 0
L -1554, 373, -56, -1554, 367, -56, 180, 180, 0
L -1554, 367, -56, -1540, 366, -56, 180, 180, 0
L -1540, 366, -56, -1539, 400, -56, 180, 180, 0
L -1539, 400, -56, -1506, 401, -56, 180, 180, 0
L -1506, 401, -56, -1506, 414, -56, 180, 180, 0
L -1506, 414, -56, -1513, 414, -56, 180, 180, 0
L -1513, 414, -56, -1513, 461, -56, 180, 180, 0
L -1513, 461, -56, -1510, 461, -56, 180, 180, 0
L -1510, 461, -56, -1510, 474, -56, 180, 180, 0
L -1510, 474, -56, -1521, 473, -56, 180, 180, 0
L -1521, 473, -56, -1546, 488, -56, 180, 180, 0
L -1546, 488, -56, -1546, 501, -56, 180, 180, 0
L -1546, 501, -56, -1546, 514, -56, 180, 180, 0
L -1546, 514, -56, -1546, 617, -56, 180, 180, 0
L -1546, 617, -56, -1521, 632, -56, 180, 180, 0
L -1521, 632, -56, -1510, 631, -56, 180, 180, 0
L -1510, 631, -56, -1510, 644, -56, 180, 180, 0
L -1510, 644, -56, -1513, 644, -56, 180, 180, 0
L -1513, 644, -56, -1513, 691, -56, 180, 180, 0
L -1513, 691, -56, -1506, 691, -56, 180, 180, 0
L -1506, 691, -56, -1506, 704, -56, 180, 180, 0
L -1506, 704, -56, -1585, 705, -56, 180, 180, 0
L -1585, 705, -56, -1603, 719, -56, 180, 180, 0
L -1603, 719, -56, -1603, 776, -56, 180, 180, 0
L -1603, 776, -56, -1600, 790, -56, 180, 180, 0
L -1600, 790, -56, -1603, 805, -56, 180, 180, 0
L -1603, 805, -56, -1603, 834, -56, 180, 180, 0
L -1603, 834, -56, -1581, 870, -56, 180, 180, 0
L -1581, 870, -56, -1420, 870, -56, 180, 180, 0
L -1420, 870, -56, -1399, 835, -56, 180, 180, 0
L -1399, 835, -56, -1398, 794, -56, 180, 180, 0
L -1450, 755, -55, -1449, 766, -55, 180, 180, 0
L -1449, 766, -55, -1437, 766, -55, 180, 180, 0
L -1437, 766, -55, -1438, 753, -55, 180, 180, 0
L -1438, 753, -55, -1448, 753, -55, 180, 180, 0
L -1448, 791, -55, -1445, 824, -55, 180, 180, 0
L -1445, 824, -55, -1437, 823, -55, 180, 180, 0
L -1437, 823, -55, -1437, 791, -55, 180, 180, 0
L -1437, 791, -55, -1447, 790, -55, 180, 180, 0
L -1439, 852, -55, -1450, 852, -55, 180, 180, 0
L -1450, 852, -55, -1451, 864, -55, 180, 180, 0
L -1451, 864, -55, -1439, 864, -55, 180, 180, 0
L -1439, 864, -55, -1439, 852, -55, 180, 180, 0
L -1552, 857, -55, -1552, 847, -55, 180, 180, 0
L -1552, 847, -55, -1564, 846, -55, 180, 180, 0
L -1564, 846, -55, -1565, 858, -55, 180, 180, 0
L -1565, 858, -55, -1552, 858, -55, 180, 180, 0
L -1557, 818, -55, -1556, 786, -55, 180, 180, 0
L -1556, 786, -55, -1566, 786, -55, 180, 180, 0
L -1566, 786, -55, -1567, 818, -55, 180, 180, 0
L -1567, 818, -55, -1558, 819, -55, 180, 180, 0
L -1562, 765, -55, -1549, 765, -55, 180, 180, 0
L -1549, 765, -55, -1550, 753, -55, 180, 180, 0
L -1550, 753, -55, -1561, 753, -55, 180, 180, 0
L -1561, 753, -55, -1561, 765, -55, 180, 180, 0
L -1514, 755, -55, -1482, 756, -55, 180, 180, 0
L -1482, 756, -55, -1481, 765, -55, 180, 180, 0
L -1481, 765, -55, -1514, 765, -55, 180, 180, 0
L -1514, 765, -55, -1514, 756, -55, 180, 180, 0
L -1398, 794, -56, -1384, 795, -56, 180, 180, 0
L -1384, 795, -56, -1384, 802, -56, 180, 180, 0
L -1384, 802, -56, -1331, 856, -56, 180, 180, 0
L -1331, 856, -56, -1324, 856, -56, 180, 180, 0
L -1324, 856, -56, -1324, 870, -56, 180, 180, 0
L -1324, 870, -56, -1331, 870, -56, 180, 180, 0
L -1331, 870, -56, -1341, 871, -56, 180, 180, 0
L -1341, 871, -56, -1341, 938, -56, 180, 180, 0
L -1341, 938, -56, -1258, 985, -56, 180, 180, 0
L -1258, 985, -56, -1258, 1031, -56, 180, 180, 0
L -1258, 1031, -56, -1212, 1031, -56, 180, 180, 0
L -1212, 1031, -56, -1212, 916, -56, 180, 180, 0
L -1212, 916, -56, -1295, 915, -56, 180, 180, 0
L -1295, 915, -56, -1296, 871, -56, 180, 180, 0
L -1296, 871, -56, -1314, 869, -56, 180, 180, 0
L -1314, 869, -56, -1314, 856, -56, 180, 180, 0
L -1314, 856, -56, -1254, 855, -56, 180, 180, 0
L -1254, 855, -56, -1253, 794, -56, 180, 180, 0
L -1253, 794, -56, -1240, 795, -56, 180, 180, 0
L -1240, 795, -56, -1239, 829, -56, 180, 180, 0
L -1239, 829, -56, -1219, 843, -56, 180, 180, 0
L -1219, 843, -56, -1199, 843, -56, 180, 180, 0
L -1199, 843, -56, -1178, 855, -55, 180, 180, 0
L -1178, 855, -55, -1166, 855, -55, 180, 180, 0
L -1166, 855, -55, -1165, 836, -56, 180, 180, 0
L -1165, 836, -56, -1152, 835, -56, 180, 180, 0
L -1152, 835, -56, -1150, 871, -56, 180, 180, 0
L -1150, 871, -56, -1082, 871, -56, 180, 180, 0
L -1082, 871, -56, -1077, 867, -56, 180, 180, 0
L -1077, 867, -56, -1077, 866, -56, 180, 180, 0
L -1077, 866, -56, -1088, 865, -56, 180, 180, 0
L -1088, 865, -56, -1088, 853, -56, 180, 180, 0
L -1088, 853, -56, -1077, 852, -56, 180, 180, 0
L -1077, 852, -56, -1077, 849, -56, 180, 180, 0
L -1077, 849, -56, -1080, 846, -56, 180, 180, 0
L -1080, 846, -56, -1112, 846, -56, 180, 180, 0
L -1112, 846, -56, -1113, 818, -56, 180, 180, 0
L -1113, 818, -56, -1081, 817, -56, 180, 180, 0
L -1081, 817, -56, -1077, 812, -56, 180, 180, 0
L -1077, 812, -56, -1077, 812, -56, 180, 180, 0
L -1077, 812, -56, -1087, 812, -56, 180, 180, 0
L -1087, 812, -56, -1088, 799, -56, 180, 180, 0
L -1088, 799, -56, -1078, 798, -56, 180, 180, 0
L -1078, 798, -56, -1085, 793, -56, 180, 180, 0
L -1085, 793, -56, -1150, 793, -56, 180, 180, 0
L -1150, 793, -56, -1151, 826, -56, 180, 180, 0
L -1151, 826, -56, -1165, 826, -56, 180, 180, 0
L -1165, 826, -56, -1165, 819, -56, 180, 180, 0
L -1165, 819, -56, -1183, 805, -56, 180, 180, 0
L -1183, 805, -56, -1184, 775, -56, 180, 180, 0
L -1184, 775, -56, -1165, 760, -56, 180, 180, 0
L -1165, 760, -56, -1165, 753, -56, 180, 180, 0
L -1165, 753, -56, -1151, 753, -56, 180, 180, 0
L -1151, 753, -56, -1150, 770, -56, 180, 180, 0
L -1150, 770, -56, -1088, 770, -56, 180, 180, 0
L -1088, 770, -56, -1036, 687, -56, 180, 180, 0
L -1036, 687, -56, -990, 687, -56, 180, 180, 0
L -990, 687, -56, -989, 669, -56, 180, 180, 0
L -989, 669, -56, -976, 669, -56, 180, 180, 0
L -976, 669, -56, -976, 676, -56, 180, 180, 0
L -976, 676, -56, -929, 676, -56, 180, 180, 0
L -929, 676, -56, -929, 673, -56, 180, 180, 0
L -929, 673, -56, -916, 673, -56, 180, 180, 0
L -916, 673, -56, -917, 684, -56, 180, 180, 0
L -917, 684, -56, -902, 709, -56, 180, 180, 0
L -902, 709, -56, -889, 709, -56, 180, 180, 0
L -889, 709, -56, -773, 709, -56, 180, 180, 0
L -773, 709, -56, -758, 684, -56, 180, 180, 0
L -758, 684, -56, -759, 673, -56, 180, 180, 0
L -793, 663, -46, -805, 648, -46, 180, 180, 0
L -805, 648, -46, -837, 641, -44, 180, 180, 0
L -837, 641, -44, -838, 641, -44, 180, 180, 0
L -838, 641, -44, -870, 648, -46, 180, 180, 0
L -870, 648, -46, -882, 664, -46, 180, 180, 0
L -882, 664, -46, -869, 681, -46, 180, 180, 0
L -869, 681, -46, -839, 687, -46, 180, 180, 0
L -839, 687, -46, -805, 679, -46, 180, 180, 0
L -805, 679, -46, -793, 663, -46, 180, 180, 0
L -759, 673, -56, -746, 673, -56, 180, 180, 0
L -746, 673, -56, -746, 676, -56, 180, 180, 0
L -746, 676, -56, -699, 676, -56, 180, 180, 0
L -699, 676, -56, -699, 669, -56, 180, 180, 0
L -699, 669, -56, -686, 669, -56, 180, 180, 0
L -686, 669, -56, -686, 676, -56, 180, 180, 0
L -686, 676, -56, -639, 676, -56, 180, 180, 0
L -639, 676, -56, -639, 673, -56, 180, 180, 0
L -639, 673, -56, -626, 673, -56, 180, 180, 0
L -626, 673, -56, -626, 683, -56, 180, 180, 0
L -626, 683, -56, -631, 685, -56, 180, 180, 0
L -631, 685, -56, -631, 704, -56, 180, 180, 0
L -631, 704, -56, -467, 704, -36, 180, 180, 0
L -467, 704, -36, -467, 551, -56, 180, 180, 0
L -492, 610, -36, -594, 612, -36, 180, 180, 0
L -594, 612, -36, -625, 601, -36, 180, 180, 0
L -625, 601, -36, -637, 570, -42, 180, 180, 0
L -637, 570, -42, -625, 570, -42, 180, 180, 0
L -625, 570, -42, -616, 591, -42, 180, 180, 0
L -616, 591, -42, -596, 598, -42, 180, 180, 0
L -596, 598, -42, -575, 590, -42, 180, 180, 0
L -575, 590, -42, -567, 571, -42, 180, 180, 0
L -567, 571, -42, -575, 552, -42, 180, 180, 0
L -575, 552, -42, -596, 544, -42, 180, 180, 0
L -596, 544, -42, -617, 552, -42, 180, 180, 0
L -617, 552, -42, -626, 544, -42, 180, 180, 0
L -626, 544, -42, -596, 530, -45, 180, 180, 0
L -596, 530, -45, -566, 543, -48, 180, 180, 0
L -566, 543, -48, -556, 570, -51, 180, 180, 0
L -556, 570, -51, -493, 570, -56, 180, 180, 0
L -493, 570, -56, -492, 611, -36, 180, 180, 0
L -467, 551, -56, -471, 551, -56, 180, 180, 0
L -471, 551, -56, -470, 538, -56, 180, 180, 0
L -470, 538, -56, -467, 538, -56, 180, 180, 0
L -467, 538, -56, -467, 491, -56, 180, 180, 0
L -467, 491, -56, -475, 491, -56, 180, 180, 0
L -475, 491, -56, -474, 477, -56, 180, 180, 0
L -474, 477, -56, -441, 476, -56, 180, 180, 0
L -441, 476, -56, -440, 443, -56, 180, 180, 0
L -440, 443, -56, -426, 443, -56, 180, 180, 0
L -426, 443, -56, -425, 461, -56, 180, 180, 0
L -425, 461, -56, -358, 461, -56, 180, 180, 0
L -358, 461, -56, -311, 378, -56, 180, 180, 0
L -311, 378, -56, -265, 377, -56, 180, 180, 0
L -265, 377, -56, -264, 359, -56, 180, 180, 0
L -264, 359, -56, -251, 360, -56, 180, 180, 0
L -251, 360, -56, -251, 371, -56, 180, 180, 0
L -251, 371, -56, -232, 400, -56, 180, 180, 0
L -232, 400, -56, -215, 400, -56, 180, 180, 0
L -215, 370, -56, -210, 370, -56, 180, 180, 0
L -210, 370, -56, -210, 340, -56, 180, 180, 0
L -210, 340, -56, -215, 339, -56, 180, 180, 0
L -215, 339, -56, -215, 370, -56, 180, 180, 0
L -215, 400, -56, -215, 384, -56, 180, 180, 0
L -215, 384, -56, -210, 384, -56, 180, 180, 0
L -210, 384, -56, -210, 400, -56, 180, 180, 0
L -210, 400, -56, -188, 400, -56, 180, 180, 0
L -188, 400, -56, -168, 374, -56, 180, 180, 0
L -168, 374, -56, -169, 363, -56, 180, 180, 0
L -169, 363, -56, -156, 363, -56, 180, 180, 0
L -156, 363, -56, -156, 366, -56, 180, 180, 0
L -156, 366, -56, -109, 366, -56, 180, 180, 0
L -109, 366, -56, -109, 359, -56, 180, 180, 0
L -109, 359, -56, -96, 359, -56, 180, 180, 0
L -96, 359, -56, -96, 366, -56, 180, 180, 0
L -96, 366, -56, -39, 366, -107, 180, 180, 0
L -39, 366, -107, -39, 363, -107, 180, 180, 0
L -39, 363, -107, -27, 363, -116, 180, 180, 0
L -27, 363, -116, -29, 372, -106, 180, 180, 0
L -29, 372, -106, -32, 373, -107, 180, 180, 0
L -32, 373, -107, -32, 429, -56, 180, 180, 0
L -32, 429, -56, -24, 429, -56, 180, 180, 0
L -24, 429, -56, -25, 443, -56, 180, 180, 0
L -25, 443, -56, -35, 443, -56, 180, 180, 0
L -35, 443, -56, -36, 438, -56, 180, 180, 0
L -36, 438, -56, -65, 438, -56, 180, 180, 0
L -65, 438, -56, -65, 499, -56, 180, 180, 0
L -65, 499, -56, -65, 497, -56, 180, 180, 0
L -65, 497, -56, -70, 496, -56, 180, 180, 0
L -70, 496, -56, -70, 463, -56, 180, 180, 0
L -70, 463, -56, -126, 463, -56, 180, 180, 0
L -126, 463, -56, -126, 554, -56, 180, 180, 0
L -126, 554, -56, -83, 554, -56, 180, 180, 0
L -83, 554, -56, -83, 502, -56, 180, 180, 0
L -83, 502, -56, -79, 502, -56, 180, 180, 0
L -79, 502, -56, -79, 536, -56, 180, 180, 0
L -79, 536, -56, -29, 536, -56, 180, 180, 0
L -29, 536, -56, -29, 520, -56, 180, 180, 0
L -29, 520, -56, -7, 519, -56, 180, 180, 0
L -7, 519, -56, -7, 477, -56, 180, 180, 0
L -7, 477, -56, -2, 478, -56, 180, 180, 0
L -2, 478, -56, -2, 496, -56, 180, 180, 0
L -2, 496, -56, 25, 496, -49, 180, 180, 0
L 25, 496, -49, 25, 438, -56, 180, 180, 0
L 25, 438, -56, -3, 438, -56, 180, 180, 0
L -3, 438, -56, -4, 443, -56, 180, 180, 0
L -4, 443, -56, -15, 443, -56, 180, 180, 0
L -15, 443, -56, -15, 429, -56, 180, 180, 0
L -15, 429, -56, -7, 429, -56, 180, 180, 0
L -7, 429, -56, -7, 372, -106, 180, 180, 0
L -7, 372, -106, -9, 372, -106, 180, 180, 0
L -9, 372, -106, -10, 361, -116, 180, 180, 0
L -10, 361, -116, -0, 361, -116, 180, 180, 0
L -0, 361, -116, 0, 365, -116, 180, 180, 0
L 0, 365, -116, 45, 365, -116, 180, 180, 0
L 45, 365, -116, 45, 355, -116, 180, 180, 0
L 45, 355, -116, 40, 345, -116, 180, 180, 0
L 40, 345, -116, 40, 317, -116, 180, 180, 0
L 40, 317, -116, 45, 306, -116, 180, 180, 0
L 45, 306, -116, 45, 287, -116, 180, 180, 0
L 45, 287, -116, 12, 286, -116, 180, 180, 0
L 12, 286, -116, 12, 273, -116, 180, 180, 0
L 12, 273, -116, 46, 272, -116, 180, 180, 0
L 46, 272, -116, 47, 238, -116, 180, 180, 0
L 47, 238, -116, 60, 239, -116, 180, 180, 0
L 60, 239, -116, 60, 246, -116, 180, 180, 0
L 60, 246, -116, 107, 246, -116, 180, 180, 0
L 107, 246, -116, 107, 242, -116, 180, 180, 0
L 107, 242, -116, 120, 243, -116, 180, 180, 0
L 120, 243, -116, 119, 254, -116, 180, 180, 0
L 119, 254, -116, 134, 279, -116, 180, 180, 0
L 134, 279, -116, 263, 279, -116, 180, 180, 0
L 263, 279, -116, 280, 250, -116, 180, 180, 0
L 280, 250, -116, 278, 249, -116, 180, 180, 0
L 278, 249, -116, 278, 239, -116, 180, 180, 0
L 278, 239, -116, 291, 239, -116, 180, 180, 0
L 291, 239, -116, 291, 246, -116, 180, 180, 0
L 291, 246, -116, 338, 246, -116, 180, 180, 0
L 338, 246, -116, 338, 242, -116, 180, 180, 0
L 338, 242, -116, 351, 243, -115, 180, 180, 0
L 351, 243, -115, 351, 246, -115, 180, 180, 0
L 351, 246, -115, 388, 246, -115, 180, 180, 0
L 388, 246, -115, 388, 242, -115, 180, 180, 0
L 388, 242, -115, 401, 243, -116, 180, 180, 0
L 401, 243, -116, 401, 253, -116, 180, 180, 0
L 401, 253, -116, 396, 254, -116, 180, 180, 0
L 396, 254, -116, 396, 274, -116, 180, 180, 0
L 396, 274, -116, 416, 275, -116, 180, 180, 0
L 416, 275, -116, 416, 302, -116, 180, 180, 0
L 416, 302, -116, 476, 302, -105, 180, 180, 0
L 476, 302, -105, 481, 302, -96, 180, 180, 0
L 481, 302, -96, 509, 301, -96, 180, 180, 0
L 509, 301, -96, 511, 183, -91, 180, 180, 0
L 511, 183, -91, 505, 182, -96, 180, 180, 0
L 505, 182, -96, 502, 182, -96, 180, 180, 0
L 502, 182, -96, 499, 180, -96, 180, 180, 0
L 499, 180, -96, 499, 176, -96, 180, 180, 0
L 499, 176, -96, 505, 175, -96, 180, 180, 0
L 505, 175, -96, 508, 174, -96, 180, 180, 0
L 508, 174, -96, 511, 174, -96, 180, 180, 0
L 511, 174, -96, 511, 165, -96, 180, 180, 0
L 511, 165, -96, 416, 165, -116, 180, 180, 0
L 416, 165, -116, 416, 192, -116, 180, 180, 0
L 416, 192, -116, 412, 193, -116, 180, 180, 0
L 412, 193, -116, 412, 206, -116, 180, 180, 0
L 412, 206, -116, 396, 206, -116, 180, 180, 0
L 396, 206, -116, 396, 213, -116, 180, 180, 0
L 396, 213, -116, 400, 213, -116, 180, 180, 0
L 400, 213, -116, 401, 224, -116, 180, 180, 0
L 447, 177, -113, 454, 177, -109, 180, 180, 0
L 454, 177, -109, 457, 178, -108, 180, 180, 0
L 457, 178, -108, 461, 181, -106, 180, 180, 0
L 461, 181, -106, 464, 186, -103, 180, 180, 0
L 464, 186, -103, 464, 282, -103, 180, 180, 0
L 464, 282, -103, 460, 287, -106, 180, 180, 0
L 460, 287, -106, 455, 290, -108, 180, 180, 0
L 455, 290, -108, 449, 290, -112, 180, 180, 0
L 481, 165, -96, 481, 212, -96, 180, 180, 0
L 481, 253, -96, 481, 302, -96, 180, 180, 0
L 401, 224, -116, 388, 224, -115, 180, 180, 0
L 388, 224, -115, 388, 221, -115, 180, 180, 0
L 388, 221, -115, 351, 221, -115, 180, 180, 0
L 351, 221, -115, 351, 225, -115, 180, 180, 0
L 351, 225, -115, 338, 224, -116, 180, 180, 0
L 338, 224, -116, 338, 221, -116, 180, 180, 0
L 338, 221, -116, 291, 221, -116, 180, 180, 0
L 291, 221, -116, 291, 228, -116, 180, 180, 0
L 291, 228, -116, 278, 229, -116, 180, 180, 0
L 278, 229, -116, 280, 217, -116, 180, 180, 0
L 280, 217, -116, 263, 188, -116, 180, 180, 0
L 263, 188, -116, 134, 188, -116, 180, 180, 0
L 134, 188, -116, 119, 213, -116, 180, 180, 0
L 119, 213, -116, 120, 224, -116, 180, 180, 0
L 120, 224, -116, 107, 224, -116, 180, 180, 0
L 107, 224, -116, 107, 221, -116, 180, 180, 0
L 107, 221, -116, 60, 221, -116, 180, 180, 0
L 60, 221, -116, 60, 228, -116, 180, 180, 0
L 60, 228, -116, 47, 229, -116, 180, 180, 0
L 47, 229, -116, 46, 194, -116, 180, 180, 0
L 46, 194, -116, 8, 194, -116, 180, 180, 0
L 8, 194, -116, -0, 199, -116, 180, 180, 0
L -0, 199, -116, -26, 200, -116, 180, 180, 0
L -26, 200, -116, -26, 225, -116, 180, 180, 0
L -26, 225, -116, -31, 235, -116, 180, 180, 0
L -31, 235, -116, -31, 272, -116, 180, 180, 0
L -31, 272, -116, 2, 273, -116, 180, 180, 0
L 2, 273, -116, 2, 286, -116, 180, 180, 0
L 2, 286, -116, -32, 287, -116, 180, 180, 0
L -32, 287, -116, -32, 334, -116, 180, 180, 0
L -32, 334, -116, -28, 334, -116, 180, 180, 0
L -28, 334, -116, -27, 345, -116, 180, 180, 0
L -27, 345, -116, -27, 345, -116, 180, 180, 0
L -27, 345, -116, -38, 344, -106, 180, 180, 0
L -38, 344, -106, -39, 342, -107, 180, 180, 0
L -39, 342, -107, -96, 342, -56, 180, 180, 0
L -96, 342, -56, -96, 349, -56, 180, 180, 0
L -96, 349, -56, -109, 349, -56, 180, 180, 0
L -109, 349, -56, -109, 342, -56, 180, 180, 0
L -109, 342, -56, -156, 342, -56, 180, 180, 0
L -156, 342, -56, -156, 345, -56, 180, 180, 0
L -156, 345, -56, -169, 345, -56, 180, 180, 0
L -169, 345, -56, -169, 334, -56, 180, 180, 0
L -169, 334, -56, -188, 309, -56, 180, 180, 0
L -188, 309, -56, -210, 309, -56, 180, 180, 0
L -210, 309, -56, -210, 325, -56, 180, 180, 0
L -210, 325, -56, -215, 325, -56, 180, 180, 0
L -215, 325, -56, -215, 309, -56, 180, 180, 0
L -215, 309, -56, -232, 309, -56, 180, 180, 0
L -232, 309, -56, -251, 338, -56, 180, 180, 0
L -251, 338, -56, -251, 349, -56, 180, 180, 0
L -251, 349, -56, -264, 350, -56, 180, 180, 0
L -264, 350, -56, -265, 332, -56, 180, 180, 0
L -265, 332, -56, -328, 332, -56, 180, 180, 0
L -328, 332, -56, -379, 414, -56, 180, 180, 0
L -379, 414, -56, -425, 415, -56, 180, 180, 0
L -425, 415, -56, -426, 433, -56, 180, 180, 0
L -426, 433, -56, -440, 433, -56, 180, 180, 0
L -440, 433, -56, -441, 398, -56, 180, 180, 0
L -441, 398, -56, -487, 398, -55, 180, 180, 0
L -487, 398, -55, -488, 402, -56, 180, 180, 0
L -488, 402, -56, -499, 403, -56, 180, 180, 0
L -499, 403, -56, -499, 391, -46, 180, 180, 0
L -499, 391, -46, -495, 391, -47, 180, 180, 0
L -495, 391, -47, -495, 334, 3, 180, 180, 0
L -495, 334, 3, -503, 334, 3, 180, 180, 0
L -503, 334, 3, -502, 321, 3, 180, 180, 0
L -502, 321, 3, -485, 320, 3, 180, 180, 0
L -485, 320, 3, -485, 205, 3, 180, 180, 0
L -485, 205, 3, -567, 205, 3, 180, 180, 0
L -567, 205, 3, -568, 160, 3, 180, 180, 0
L -568, 160, 3, -586, 159, 3, 180, 180, 0
L -586, 159, 3, -586, 145, 3, 180, 180, 0
L -586, 145, 3, -579, 145, 3, 180, 180, 0
L -579, 145, 3, -579, 98, 3, 180, 180, 0
L -579, 98, 3, -583, 98, 3, 180, 180, 0
L -583, 98, 3, -582, 85, 3, 180, 180, 0
L -582, 85, 3, -572, 85, 3, 180, 180, 0
L -572, 85, 3, -570, 90, 3, 180, 180, 0
L -570, 90, 3, -536, 90, 7, 180, 180, 0
L -536, 90, 7, -524, 115, 11, 180, 180, 0
L -524, 115, 11, -474, 133, 14, 180, 180, 0
L -474, 133, 14, -427, 114, 17, 180, 180, 0
L -427, 114, 17, -408, 65, 20, 180, 180, 0
L -408, 65, 20, -428, 15, 23, 180, 180, 0
L -428, 15, 23, -468, -1, 23, 180, 180, 0
L -468, -1, 23, -504, -2, 23, 180, 180, 0
L -504, -2, 23, -505, -42, 23, 180, 180, 0
L -505, -42, 23, -477, -42, 9, 180, 180, 0
L -477, -42, 9, -476, -15, 3, 180, 180, 0
L -476, -15, 3, -445, -15, 3, 180, 180, 0
L -445, -15, 3, -445, -18, 3, 180, 180, 0
L -445, -18, 3, -432, -18, 3, 180, 180, 0
L -432, -18, 3, -432, -15, 3, 180, 180, 0
L -432, -15, 3, -385, -15, 3, 180, 180, 0
L -385, -15, 3, -385, -22, 3, 180, 180, 0
L -385, -22, 3, -371, -22, 3, 180, 180, 0
L -371, -22, 3, -371, -15, 3, 180, 180, 0
L -371, -15, 3, -335, -14, 3, 180, 180, 0
L -335, -14, 3, -335, 12, 3, 180, 180, 0
L -335, 12, 3, -366, 13, 3, 180, 180, 0
L -366, 13, 3, -370, 19, 3, 180, 180, 0
L -370, 19, 3, -370, 32, 3, 180, 180, 0
L -370, 32, 3, -363, 38, 3, 180, 180, 0
L -363, 38, 3, -297, 38, 3, 180, 180, 0
L -297, 38, 3, -296, 5, 3, 180, 180, 0
L -296, 5, 3, -283, 5, 3, 180, 180, 0
L -283, 5, 3, -283, 12, 3, 180, 180, 0
L -283, 12, 3, -236, 12, 3, 180, 180, 0
L -236, 12, 3, -236, 9, 3, 180, 180, 0
L -236, 9, 3, -223, 9, 3, 180, 180, 0
L -223, 9, 3, -224, 20, 3, 180, 180, 0
L -224, 20, 3, -209, 45, 3, 180, 180, 0
L -209, 45, 3, -80, 45, 3, 180, 180, 0
L -80, 45, 3, -65, 20, 3, 180, 180, 0
L -65, 20, 3, -66, 8, 3, 180, 180, 0
L -66, 8, 3, -53, 8, 3, 180, 180, 0
L -53, 8, 3, -53, 12, 3, 180, 180, 0
L -53, 12, 3, -6, 12, 3, 180, 180, 0
L -6, 12, 3, -6, 4, 3, 180, 180, 0
L -6, 4, 3, 6, 5, 3, 180, 180, 0
L 6, 5, 3, 6, 12, 3, 180, 180, 0
L 6, 12, 3, 80, 12, 3, 180, 180, 0
L 80, 12, 3, 81, -20, 3, 180, 180, 0
L 81, -20, 3, 95, -20, 3, 180, 180, 0
L 95, -20, 3, 96, 13, 3, 180, 180, 0
L 96, 13, 3, 165, 13, 3, 180, 180, 0
L 165, 13, 3, 169, 10, 3, 180, 180, 0
L 169, 10, 3, 168, -9, 3, 180, 180, 0
L 168, -9, 3, 166, -10, 3, 180, 180, 0
L 166, -10, 3, 134, -11, 3, 180, 180, 0
L 134, -11, 3, 133, -38, 3, 180, 180, 0
L 133, -38, 3, 170, -39, 3, 180, 180, 0
L 170, -39, 3, 170, -46, 3, 180, 180, 0
L 170, -46, 3, 183, -47, 3, 180, 180, 0
L 183, -47, 3, 183, -39, 3, 180, 180, 0
L 183, -39, 3, 230, -39, 3, 180, 180, 0
L 230, -39, 3, 230, -42, 3, 180, 180, 0
L 230, -42, 3, 243, -43, 3, 180, 180, 0
L 243, -43, 3, 242, -31, 3, 180, 180, 0
L 242, -31, 3, 257, -6, 3, 180, 180, 0
L 257, -6, 3, 270, -6, 3, 180, 180, 0
L 270, -6, 3, 386, -6, 3, 180, 180, 0
L 386, -6, 3, 401, -31, 3, 180, 180, 0
L 401, -31, 3, 400, -43, 3, 180, 180, 0
L 400, -43, 3, 412, -43, 3, 180, 180, 0
L 412, -43, 3, 413, -39, 3, 180, 180, 0
L 413, -39, 3, 460, -39, 3, 180, 180, 0
L 460, -39, 3, 460, -46, 3, 180, 180, 0
L 460, -46, 3, 473, -47, 3, 180, 180, 0
L 473, -47, 3, 473, -39, 3, 180, 180, 0
L 473, -39, 3, 521, -39, 3, 180, 180, 0
L 521, -39, 3, 521, -42, 3, 180, 180, 0
L 521, -42, 3, 534, -43, 4, 180, 180, 0
L 534, -43, 4, 534, -39, 4, 180, 180, 0
L 534, -39, 4, 583, -39, -20, 180, 180, 0
L 583, -39, -20, 582, -34, -23, 180, 180, 0
L 582, -34, -23, 539, -34, -23, 180, 180, 0
L 539, -34, -23, 539, 29, -23, 180, 180, 0
L 539, 29, -23, 568, 29, -23, 180, 180, 0
L 568, 29, -23, 569, 69, -25, 180, 180, 0
L 569, 69, -25, 563, 70, -25, 180, 180, 0
L 563, 70, -25, 563, 54, -25, 180, 180, 0
L 563, 54, -25, 531, 54, -25, 180, 180, 0
L 531, 54, -25, 531, 98, -25, 180, 180, 0
L 531, 98, -25, 563, 98, -25, 180, 180, 0
L 563, 98, -25, 563, 84, -25, 180, 180, 0
L 563, 84, -25, 569, 85, -25, 180, 180, 0
L 569, 85, -25, 569, 116, -27, 180, 180, 0
L 569, 116, -27, 585, 116, -27, 180, 180, 0
L 585, 116, -27, 587, 154, -27, 180, 180, 0
L 587, 154, -27, 630, 154, -27, 180, 180, 0
L 630, 154, -27, 630, 121, -27, 180, 180, 0
L 630, 121, -27, 632, 116, -27, 180, 180, 0
L 632, 116, -27, 652, 116, -29, 180, 180, 0
L 652, 116, -29, 652, 89, -29, 180, 180, 0
L 652, 89, -29, 658, 89, -30, 180, 180, 0
L 658, 89, -30, 658, 106, -29, 180, 180, 0
L 658, 106, -29, 690, 106, -30, 180, 180, 0
L 690, 106, -30, 690, 62, -30, 180, 180, 0
L 690, 62, -30, 658, 62, -29, 180, 180, 0
L 658, 62, -29, 658, 74, -29, 180, 180, 0
L 658, 74, -29, 653, 76, -29, 180, 180, 0
L 653, 76, -29, 652, 25, -31, 180, 180, 0
L 652, 25, -31, 658, 24, -31, 180, 180, 0
L 658, 24, -31, 658, 36, -31, 180, 180, 0
L 658, 36, -31, 690, 36, -31, 180, 180, 0
L 690, 36, -31, 690, -7, -31, 180, 180, 0
L 690, -7, -31, 658, -7, -31, 180, 180, 0
L 658, -7, -31, 658, 10, -31, 180, 180, 0
L 658, 10, -31, 652, 9, -31, 180, 180, 0
L 652, 9, -31, 652, -45, -34, 180, 180, 0
L 652, -45, -34, 658, -45, -34, 180, 180, 0
L 658, -45, -34, 658, -31, -34, 180, 180, 0
L 658, -31, -34, 690, -31, -34, 180, 180, 0
L 690, -31, -34, 690, -75, -34, 180, 180, 0
L 690, -75, -34, 658, -75, -34, 180, 180, 0
L 658, -75, -34, 658, -60, -34, 180, 180, 0
L 658, -60, -34, 652, -61, -34, 180, 180, 0
L 652, -61, -34, 652, -90, -34, 180, 180, 0
L 652, -90, -34, 659, -91, -38, 180, 180, 0
L 659, -91, -38, 659, -172, -38, 180, 180, 0
L 659, -172, -38, 620, -172, -38, 180, 180, 0
L 620, -172, -38, 620, -154, -38, 180, 180, 0
L 620, -154, -38, 614, -154, -38, 180, 180, 0
L 614, -154, -38, 614, -172, -38, 180, 180, 0
L 614, -172, -38, 566, -172, -38, 180, 180, 0
L 566, -172, -38, 566, -128, -38, 180, 180, 0
L 566, -128, -38, 577, -128, -38, 180, 180, 0
L 577, -128, -38, 578, -123, -38, 180, 180, 0
L 578, -123, -38, 566, -123, -38, 180, 180, 0
L 566, -123, -38, 566, -91, -38, 180, 180, 0
L 566, -91, -38, 637, -90, -34, 180, 180, 0
L 637, -90, -34, 638, 60, -29, 180, 180, 0
L 638, 60, -29, 632, 60, -29, 180, 180, 0
L 632, 60, -29, 632, 42, -29, 180, 180, 0
L 632, 42, -29, 599, 42, -29, 180, 180, 0
L 599, 42, -29, 599, 86, -29, 180, 180, 0
L 599, 86, -29, 632, 86, -29, 180, 180, 0
L 632, 86, -29, 632, 75, -29, 180, 180, 0
L 632, 75, -29, 638, 75, -29, 180, 180, 0
L 638, 75, -29, 637, 101, -27, 180, 180, 0
L 637, 101, -27, 584, 101, -25, 180, 180, 0
L 584, 101, -25, 583, 30, -23, 180, 180, 0
L 583, 30, -23, 615, 29, -23, 180, 180, 0
L 615, 29, -23, 615, -34, -23, 180, 180, 0
L 615, -34, -23, 615, -64, -23, 180, 180, 0
L 619, -124, -38, 620, -139, -38, 180, 180, 0
L 620, -139, -38, 614, -139, -38, 180, 180, 0
L 614, -139, -38, 614, -128, -38, 180, 180, 0
L 614, -128, -38, 605, -128, -38, 180, 180, 0
L 605, -128, -38, 606, -123, -38, 180, 180, 0
L 606, -123, -38, 619, -123, -38, 180, 180, 0
L 615, -64, -23, 534, -64, 4, 180, 180, 0
L 534, -64, 4, 534, -61, 4, 180, 180, 0
L 534, -61, 4, 521, -61, 3, 180, 180, 0
L 521, -61, 3, 521, -64, 3, 180, 180, 0
L 521, -64, 3, 473, -64, 3, 180, 180, 0
L 473, -64, 3, 473, -57, 3, 180, 180, 0
L 473, -57, 3, 460, -57, 3, 180, 180, 0
L 460, -57, 3, 460, -64, 3, 180, 180, 0
L 460, -64, 3, 413, -64, 3, 180, 180, 0
L 413, -64, 3, 413, -61, 3, 180, 180, 0
L 413, -61, 3, 400, -60, 3, 180, 180, 0
L 400, -60, 3, 401, -72, 3, 180, 180, 0
L 401, -72, 3, 386, -97, 3, 180, 180, 0
L 386, -97, 3, 257, -97, 3, 180, 180, 0
L 257, -97, 3, 242, -72, 3, 180, 180, 0
L 242, -72, 3, 243, -60, 3, 180, 180, 0
L 277, -50, 13, 289, -35, 13, 180, 180, 0
L 289, -35, 13, 320, -28, 13, 180, 180, 0
L 320, -28, 13, 352, -35, 13, 180, 180, 0
L 352, -35, 13, 366, -51, 16, 180, 180, 0
L 366, -51, 16, 366, -52, 16, 180, 180, 0
L 366, -52, 16, 354, -67, 13, 180, 180, 0
L 354, -67, 13, 323, -75, 13, 180, 180, 0
L 323, -75, 13, 289, -68, 13, 180, 180, 0
L 289, -68, 13, 277, -52, 16, 180, 180, 0
L 243, -60, 3, 230, -60, 3, 180, 180, 0
L 230, -60, 3, 230, -64, 3, 180, 180, 0
L 230, -64, 3, 183, -64, 3, 180, 180, 0
L 183, -64, 3, 183, -56, 3, 180, 180, 0
L 183, -56, 3, 170, -56, 3, 180, 180, 0
L 170, -56, 3, 170, -64, 3, 180, 180, 0
L 170, -64, 3, 96, -64, 3, 180, 180, 0
L 96, -64, 3, 95, -31, 3, 180, 180, 0
L 95, -31, 3, 81, -30, 3, 180, 180, 0
L 81, -30, 3, 80, -65, 3, 180, 180, 0
L 80, -65, 3, 12, -65, 3, 180, 180, 0
L 12, -65, 3, 7, -62, 3, 180, 180, 0
L 7, -62, 3, 7, -43, 3, 180, 180, 0
L 7, -43, 3, 10, -41, 3, 180, 180, 0
L 10, -41, 3, 42, -41, 3, 180, 180, 0
L 42, -41, 3, 43, -12, 3, 180, 180, 0
L 43, -12, 3, 6, -12, 3, 180, 180, 0
L 6, -12, 3, 6, -5, 3, 180, 180, 0
L 6, -5, 3, -6, -4, 3, 180, 180, 0
L -6, -4, 3, -6, -12, 3, 180, 180, 0
L -6, -12, 3, -53, -12, 3, 180, 180, 0
L -53, -12, 3, -53, -8, 3, 180, 180, 0
L -53, -8, 3, -66, -9, 3, 180, 180, 0
L -66, -9, 3, -65, -20, 3, 180, 180, 0
L -65, -20, 3, -80, -45, 3, 180, 180, 0
L -80, -45, 3, -209, -45, 3, 180, 180, 0
L -209, -45, 3, -224, -20, 3, 180, 180, 0
L -224, -20, 3, -223, -8, 3, 180, 180, 0
L -189, 0, 13, -176, 16, 13, 180, 180, 0
L -176, 16, 13, -145, 23, 13, 180, 180, 0
L -145, 23, 13, -111, 14, 13, 180, 180, 0
L -111, 14, 13, -100, -0, 13, 180, 180, 0
L -100, -0, 13, -114, -16, 13, 180, 180, 0
L -114, -16, 13, -145, -23, 13, 180, 180, 0
L -145, -23, 13, -176, -16, 13, 180, 180, 0
L -176, -16, 13, -189, -0, 13, 180, 180, 0
L -223, -9, 3, -236, -8, 3, 180, 180, 0
L -236, -8, 3, -236, -12, 3, 180, 180, 0
L -236, -12, 3, -283, -12, 3, 180, 180, 0
L -283, -12, 3, -283, -4, 3, 180, 180, 0
L -283, -4, 3, -296, -5, 3, 180, 180, 0
L -296, -5, 3, -297, -39, 3, 180, 180, 0
L -297, -39, 3, -371, -39, 3, 180, 180, 0
L -371, -39, 3, -371, -32, 3, 180, 180, 0
L -371, -32, 3, -385, -32, 3, 180, 180, 0
L -385, -32, 3, -385, -39, 3, 180, 180, 0
L -385, -39, 3, -432, -39, 3, 180, 180, 0
L -432, -39, 3, -432, -36, 3, 180, 180, 0
L -432, -36, 3, -444, -35, 3, 180, 180, 0
L -444, -35, 3, -443, -48, 3, 180, 180, 0
L -443, -48, 3, -440, -48, 3, 180, 180, 0
L -440, -48, 3, -440, -67, 3, 180, 180, 0
L -440, -67, 3, -603, -67, 23, 180, 180, 0
L -603, -67, 23, -603, 85, 5, 180, 180, 0
L -603, 85, 5, -600, 85, 3, 180, 180, 0
L -578, 25, 23, -579, 64, 4, 180, 180, 0
L -579, 64, 4, -514, 66, 8, 180, 180, 0
L -514, 66, 8, -503, 94, 11, 180, 180, 0
L -503, 94, 11, -474, 105, 14, 180, 180, 0
L -474, 105, 14, -445, 94, 17, 180, 180, 0
L -445, 94, 17, -452, 84, 17, 180, 180, 0
L -452, 84, 17, -475, 92, 17, 180, 180, 0
L -475, 92, 17, -495, 84, 17, 180, 180, 0
L -495, 84, 17, -504, 65, 17, 180, 180, 0
L -504, 65, 17, -495, 46, 17, 180, 180, 0
L -495, 46, 17, -475, 38, 17, 180, 180, 0
L -475, 38, 17, -454, 45, 17, 180, 180, 0
L -454, 45, 17, -445, 66, 17, 180, 180, 0
L -445, 66, 17, -434, 67, 17, 180, 180, 0
L -434, 67, 17, -445, 36, 23, 180, 180, 0
L -445, 36, 23, -474, 25, 23, 180, 180, 0
L -474, 25, 23, -579, 26, 23, 180, 180, 0
L -599, 86, 3, -600, 98, 3, 180, 180, 0
L -600, 98, 3, -603, 98, 3, 180, 180, 0
L -603, 98, 3, -603, 145, 3, 180, 180, 0
L -603, 145, 3, -597, 145, 3, 180, 180, 0
L -597, 145, 3, -596, 159, 3, 180, 180, 0
L -596, 159, 3, -614, 160, 3, 180, 180, 0
L -614, 160, 3, -614, 274, 3, 180, 180, 0
L -614, 274, 3, -530, 276, 3, 180, 180, 0
L -530, 276, 3, -530, 320, 4, 180, 180, 0
L -530, 320, 4, -513, 321, 3, 180, 180, 0
L -513, 321, 3, -513, 334, 3, 180, 180, 0
L -513, 334, 3, -520, 334, 3, 180, 180, 0
L -520, 334, 3, -520, 391, -47, 180, 180, 0
L -520, 391, -47, -516, 390, -49, 180, 180, 0
L -516, 390, -49, -515, 403, -56, 180, 180, 0
L -515, 403, -56, -525, 401, -46, 180, 180, 0
L -525, 401, -46, -526, 398, -46, 180, 180, 0
L -526, 398, -46, -583, 398, 3, 180, 180, 0
L -583, 398, 3, -583, 405, 3, 180, 180, 0
L -583, 405, 3, -596, 406, 3, 180, 180, 0
L -596, 406, 3, -596, 402, 3, 180, 180, 0
L -596, 402, 3, -612, 398, 3, 180, 180, 0
L -612, 398, 3, -643, 398, 3, 180, 180, 0
L -643, 398, 3, -643, 401, 3, 180, 180, 0
L -643, 401, 3, -656, 402, 3, 180, 180, 0
L -656, 402, 3, -656, 392, 3, 180, 180, 0
L -656, 392, 3, -651, 390, 3, 180, 180, 0
L -651, 390, 3, -651, 366, 3, 180, 180, 0
L -651, 366, 3, -700, 366, 3, 180, 180, 0
L -700, 366, 3, -700, 417, 3, 180, 180, 0
L -700, 417, 3, -680, 417, 3, 180, 180, 0
L -680, 417, 3, -680, 421, 3, 180, 180, 0
L -680, 421, 3, -703, 421, 3, 180, 180, 0
L -703, 421, 3, -704, 384, 3, 180, 180, 0
L -704, 384, 3, -754, 384, 3, 180, 180, 0
L -754, 384, 3, -754, 399, 3, 180, 180, 0
L -754, 399, 3, -776, 400, 3, 180, 180, 0
L -776, 400, 3, -776, 419, 3, 180, 180, 0
L -776, 419, 3, -743, 419, 3, 180, 180, 0
L -743, 419, 3, -743, 424, 3, 180, 180, 0
L -743, 424, 3, -776, 424, 3, 180, 180, 0
L -776, 424, 3, -776, 442, 3, 180, 180, 0
L -776, 442, 3, -781, 442, 3, 180, 180, 0
L -781, 442, 3, -781, 424, 3, 180, 180, 0
L -781, 424, 3, -809, 424, 3, 180, 180, 0
L -809, 424, 3, -809, 481, 3, 180, 180, 0
L -809, 481, 3, -780, 481, 3, 180, 180, 0
L -780, 481, 3, -779, 477, 3, 180, 180, 0
L -779, 477, 3, -769, 477, 3, 180, 180, 0
L -769, 477, 3, -769, 490, 5, 180, 180, 0
L -769, 490, 5, -776, 490, 5, 180, 180, 0
L -776, 490, 5, -776, 558, 31, 180, 180, 0
L -776, 558, 31, -770, 561, 32, 180, 180, 0
L -770, 561, 32, -757, 563, 33, 180, 180, 0
L -757, 563, 33, -751, 558, 31, 180, 180, 0
L -751, 558, 31, -751, 545, 26, 180, 180, 0
L -751, 545, 26, -751, 490, 5, 180, 180, 0
L -751, 490, 5, -758, 490, 5, 180, 180, 0
L -758, 490, 5, -758, 477, 3, 180, 180, 0
L -758, 477, 3, -748, 477, 3, 180, 180, 0
L -748, 477, 3, -747, 481, 3, 180, 180, 0
L -747, 481, 3, -718, 481, 3, 180, 180, 0
L -718, 481, 3, -718, 461, 3, 180, 180, 0
L -718, 461, 3, -777, 461, 3, 180, 180, 0
L -777, 461, 3, -777, 457, 3, 180, 180, 0
L -777, 457, 3, -718, 457, 3, 180, 180, 0
L -718, 457, 3, -718, 423, 3, 180, 180, 0
L -718, 423, 3, -713, 424, 3, 180, 180, 0
L -713, 424, 3, -713, 457, 3, 180, 180, 0
L -713, 457, 3, -651, 457, 3, 180, 180, 0
L -651, 457, 3, -651, 431, 3, 180, 180, 0
L -651, 431, 3, -655, 431, 3, 180, 180, 0
L -655, 431, 3, -656, 420, 3, 180, 180, 0
L -656, 420, 3, -643, 419, 3, 180, 180, 0
L -643, 419, 3, -643, 423, 3, 180, 180, 0
L -643, 423, 3, -596, 423, 3, 180, 180, 0
L -596, 423, 3, -596, 415, 3, 180, 180, 0
L -596, 415, 3, -583, 416, 3, 180, 180, 0
L -583, 416, 3, -583, 423, 3, 180, 180, 0
L -583, 423, 3, -526, 423, -49, 180, 180, 0
L -526, 423, -49, -526, 419, -47, 180, 180, 0
L -526, 419, -47, -514, 420, -56, 180, 180, 0
L -514, 420, -56, -514, 430, -56, 180, 180, 0
L -514, 430, -56, -519, 431, -56, 180, 180, 0
L -519, 431, -56, -519, 476, -56, 180, 180, 0
L -519, 476, -56, -484, 477, -56, 180, 180, 0
L -484, 477, -56, -484, 491, -56, 180, 180, 0
L -484, 491, -56, -492, 491, -56, 180, 180, 0
L -492, 491, -56, -492, 538, -56, 180, 180, 0
L -492, 538, -56, -489, 538, -56, 180, 180, 0
L -489, 538, -56, -488, 551, -56, 180, 180, 0
L -488, 551, -56, -499, 551, -56, 180, 180, 0
L -499, 551, -56, -500, 546, -56, 180, 180, 0
L -500, 546, -56, -534, 546, -52, 180, 180, 0
L -534, 546, -52, -546, 522, -48, 180, 180, 0
L -546, 522, -48, -595, 503, -45, 180, 180, 0
L -595, 503, -45, -643, 522, -42, 180, 180, 0
L -643, 522, -42, -662, 571, -39, 180, 180, 0
L -662, 571, -39, -643, 620, -36, 180, 180, 0
L -643, 620, -36, -603, 638, -36, 180, 180, 0
L -603, 638, -36, -566, 638, -36, 180, 180, 0
L -566, 638, -36, -565, 678, -36, 180, 180, 0
L -565, 678, -36, -594, 679, -50, 180, 180, 0
L -594, 679, -50, -594, 652, -56, 180, 180, 0
L -594, 652, -56, -626, 652, -56, 180, 180, 0
L -626, 652, -56, -626, 655, -56, 180, 180, 0
L -626, 655, -56, -638, 656, -56, 180, 180, 0
L -638, 656, -56, -639, 652, -56, 180, 180, 0
L -639, 652, -56, -686, 652, -56, 180, 180, 0
L -686, 652, -56, -686, 659, -56, 180, 180, 0
L -686, 659, -56, -699, 659, -56, 180, 180, 0
L -699, 659, -56, -699, 652, -56, 180, 180, 0
L -699, 652, -56, -746, 652, -56, 180, 180, 0
L -746, 652, -56, -746, 655, -56, 180, 180, 0
L -746, 655, -56, -759, 655, -56, 180, 180, 0
L -759, 655, -56, -758, 644, -56, 180, 180, 0
L -758, 644, -56, -773, 619, -56, 180, 180, 0
L -773, 619, -56, -902, 619, -56, 180, 180, 0
L -902, 619, -56, -917, 644, -56, 180, 180, 0
L -917, 644, -56, -916, 655, -56, 180, 180, 0
L -916, 655, -56, -928, 656, -56, 180, 180, 0
L -928, 656, -56, -929, 652, -56, 180, 180, 0
L -929, 652, -56, -976, 652, -56, 180, 180, 0
L -976, 652, -56, -976, 659, -56, 180, 180, 0
L -976, 659, -56, -989, 659, -56, 180, 180, 0
L -989, 659, -56, -990, 641, -56, 180, 180, 0
L -990, 641, -56, -1058, 641, -56, 180, 180, 0
L -1058, 641, -56, -1104, 724, -56, 180, 180, 0
L -1104, 724, -56, -1150, 725, -56, 180, 180, 0
L -1150, 725, -56, -1151, 743, -56, 180, 180, 0
L -1151, 743, -56, -1164, 743, -56, 180, 180, 0
L -1164, 743, -56, -1165, 735, -56, 180, 180, 0
L -1165, 735, -56, -1219, 735, -56, 180, 180, 0
L -1219, 735, -56, -1239, 749, -56, 180, 180, 0
L -1239, 749, -56, -1240, 784, -56, 180, 180, 0
L -1240, 784, -56, -1253, 784, -56, 180, 180, 0
L -1253, 784, -56, -1254, 736, -56, 180, 180, 0
L -1254, 736, -56, -1263, 736, -56, 180, 180, 0
L -1263, 736, -56, -1264, 725, -56, 180, 180, 0
L -1264, 725, -56, -1304, 725, -53, 180, 180, 0
L -1304, 725, -53, -1324, 735, -56, 180, 180, 0
L -1324, 735, -56, -1334, 725, -56, 180, 180, 0
L -1334, 725, -56, -1359, 725, -56, 180, 180, 0
L -1359, 725, -56, -1359, 738, -56, 180, 180, 0
L -1359, 738, -56, -1370, 749, -56, 180, 180, 0
L -1370, 749, -56, -1383, 750, -56, 180, 180, 0
L -1383, 750, -56, -1385, 785, -56, 180, 180, 0
L -1385, 785, -56, -1398, 785, -56, 180, 180, 0
L -1398, 785, -56, -1399, 757, -56, 180, 180, 0
L -1399, 757, -56, -1431, 742, -56, 180, 180, 0
L -1431, 742, -56, -1432, 722, -56, 180, 180, 0
L -1432, 722, -56, -1461, 705, -56, 180, 180, 0
L -1461, 705, -56, -1496, 704, -56, 180, 180, 0
L -1496, 704, -56, -1496, 691, -56, 180, 180, 0
L -1496, 691, -56, -1489, 691, -56, 180, 180, 0
L -1489, 691, -56, -1489, 644, -56, 180, 180, 0
L -1489, 644, -56, -1492, 644, -56, 180, 180, 0
L -1492, 644, -56, -1492, 631, -56, 180, 180, 0
L -1492, 631, -56, -1481, 632, -56, 180, 180, 0
L -1481, 632, -56, -1456, 617, -56, 180, 180, 0
L -1456, 617, -56, -1456, 488, -56, 180, 180, 0
L -1456, 488, -56, -1481, 473, -56, 180, 180, 0
L -1481, 473, -56, -1492, 474, -56, 180, 180, 0
L -1492, 474, -56, -1492, 461, -56, 180, 180, 0
L -1492, 461, -56, -1489, 461, -56, 180, 180, 0
L -1489, 461, -56, -1489, 414, -56, 180, 180, 0
L -1489, 414, -56, -1496, 414, -56, 180, 180, 0
L -1496, 414, -56, -1496, 401, -56, 180, 180, 0
L -1496, 401, -56, -1461, 400, -56, 180, 180, 0
L -1461, 400, -56, -1461, 353, -56, 180, 180, 0
L -1461, 353, -56, -1465, 353, -56, 180, 180, 0
L -1465, 353, -56, -1466, 342, -56, 180, 180, 0
L -1466, 342, -56, -1454, 342, -47, 180, 180, 0
L -1454, 342, -47, -1454, 345, -46, 180, 180, 0
L -1454, 345, -46, -1397, 345, 3, 180, 180, 0
L -1397, 345, 3, -1397, 338, 3, 180, 180, 0
L -1397, 338, 3, -1384, 338, 3, 180, 180, 0
L -1384, 338, 3, -1383, 372, 3, 180, 180, 0
L -1383, 372, 3, -1367, 372, 3, 180, 180, 0
L -1367, 372, 3, -1357, 366, 3, 180, 180, 0
L -1357, 366, 3, -1330, 366, 3, 180, 180, 0
L -1330, 366, 3, -1319, 372, 3, 180, 180, 0
L -1319, 372, 3, -1305, 372, 3, 180, 180, 0
L -1305, 372, 3, -1305, 334, 3, 180, 180, 0
L -1305, 334, 3, -1310, 325, 3, 180, 180, 0
L -1310, 325, 3, -1309, 287, 9, 180, 180, 0
L -1309, 287, 9, -1305, 287, 13, 180, 180, 0
L -1305, 287, 13, -1305, 230, 63, 180, 180, 0
L -1305, 230, 63, -1312, 230, 63, 180, 180, 0
L -1312, 230, 63, -1312, 216, 63, 180, 180, 0
L -1312, 216, 63, -1305, 216, 63, 180, 180, 0
L -1305, 216, 63, -1305, 115, 3, 180, 180, 0
L -1305, 115, 3, -1312, 115, 3, 180, 180, 0
L -1312, 115, 3, -1312, 101, 3, 180, 180, 0
L -1312, 101, 3, -1305, 101, 3, 180, 180, 0
L -1305, 101, 3, -1305, 54, 4, 180, 180, 0
L -1305, 54, 4, -1308, 54, 4, 180, 180, 0
L -1308, 54, 4, -1308, 41, 4, 180, 180, 0
L -350, 800, 1, -260, 775, 1, 1, 240, 0
L -260, 775, 1, -235, 685, 1, 1, 240, 0
L -235, 685, 1, -210, 775, 1, 1, 240, 0
L -210, 775, 1, -120, 800, 1, 240, 1, 0
L -120, 800, 1, -210, 825, 1, 240, 1, 0
L -210, 825, 1, -235, 915, 1, 240, 1, 0
L -235, 915, 1, -260, 825, 1, 240, 1, 0
L -260, 825, 1, -350, 800, 1, 1, 240, 0
L -216, 946, 1, -228, 934, 1, 1, 240, 240
L -228, 934, 1, -241, 934, 1, 1, 240, 240
L -241, 934, 1, -253, 946, 1, 1, 240, 240
L -253, 946, 1, -253, 958, 1, 1, 240, 240
L -253, 958, 1, -241, 970, 1, 1, 240, 240
L -241, 970, 1, -228, 970, 1, 1, 240, 240
L -228, 970, 1, -216, 982, 1, 1, 240, 240
L -216, 982, 1, -216, 994, 1, 1, 240, 240
L -216, 994, 1, -228, 1006, 1, 1, 240, 240
L -228, 1006, 1, -241, 1006, 1, 1, 240, 240
L -241, 1006, 1, -253, 994, 1, 1, 240, 240
L -216, 595, 1, -216, 667, 1, 1, 240, 240
L -216, 667, 1, -253, 595, 1, 1, 240, 240
L -253, 595, 1, -253, 667, 1, 1, 240, 240
L -409, 760, 1, -395, 841, 1, 1, 240, 240
L -395, 841, 1, -389, 800, 1, 1, 240, 240
L -389, 800, 1, -382, 841, 1, 1, 240, 240
L -382, 841, 1, -368, 760, 1, 1, 240, 240
L -101, 760, 1, -101, 832, 1, 1, 240, 240
L -101, 832, 1, -65, 832, 1, 1, 240, 240
L -101, 796, 1, -77, 796, 1, 1, 240, 240
L -101, 760, 1, -65, 760, 1, 1, 240, 240
L 720, -190, 1, 720, -190, 2, 1, 2, 4
L -1650, 1060, 1, -1650, 1060, 2, 1, 2, 4
P -1304, -76, 26, 255, 255, 255, 3, Zone
P -970, 80, 1, 0, 255, 0, 3, mirh_-_The_Morbid_Laboratory
P -970, 160, -96, 0, 220, 0, 2, by_Orra_Waaargh
P 614, 70, -32, 0, 255, 255, 3, Boss_1
