1	0.0	4000	4000
2	0.0	4000	4000
3	0.0	4000	4000
4	0.0	4000	4000
5	0.0	4000	4000
6	0.0	4000	4000
7	0.0	4000	4000
8	0.0	4000	4000
9	0.0	4000	4000
10	0.0	4000	4000
11	0.0	4000	4000
12	7.5	4000	4000
13	7.0	4000	4000
14	6.5	4000	4000
15	6.0	4000	4000
16	5.7	4000	3545.25
17	5.3	4000	3545.25
18	28.1	4000	3554.25
19	26.6	4000	3554.25
20	25.3	4000	3554.25
21	24.1	4000	3554.25
22	23.0	4000	3554.25
23	22.0	4000	3554.25
24	38.4	4000	3202
25	36.9	4000	3202
26	35.5	4000	3202
27	34.1	4000	3202
28	32.9	4000	3202
29	31.8	4000	3202
30	52.3	4000	3211
31	50.6	4000	3211
32	49.0	4000	3211
33	47.5	4000	2743.5
34	46.1	4000	2743.5
35	44.8	4000	2743.5
36	65.1	4000	2752.5
37	63.4	4000	2752.5
38	61.7	4000	2752.5
39	60.1	4000	2752.5
40	58.6	4000	2752.5
41	57.2	4000	2382.75
42	77.1	4000	2391.75
43	75.3	4000	2391.75
44	73.6	2076	3457.75
45	71.9	2076	3457.75
46	70.4	2076	3457.75
47	68.9	2076	3457.75
48	86.0	1947	3548.75
49	84.3	1947	3548.75
50	82.6	1947	3548.75
51	81.0	1947	3548.75
52	79.4	1947	3548.75
53	77.9	1947	3548.75
54	93.0	1966	3387.75
55	91.3	1966	3387.75
56	89.7	1966	3387.75
57	88.1	1966	3387.75
58	86.6	1966	3387.75
59	85.1	1966	3387.75
60	98.6	2137	3478.75
61	97.0	2137	3478.75
62	95.4	2137	3478.75
63	93.9	2137	3478.75
64	92.4	2137	3478.75
65	91.0	1989	3560.75
66	103.1	2308	3569.75
67	101.6	2308	3569.75
68	100.1	2308	3569.75
69	98.7	2308	3569.75
70	97.3	2308	3569.75
71	95.9	2308	3569.75
72	102.4	2627	3124
73	101.0	2627	3124
74	99.7	2627	3124
75	98.3	2627	3124
76	97.0	2627	3124
77	95.8	2627	3124
78	106.0	2798	3215
79	104.7	2798	3215
80	103.3	2798	3215
81	102.1	2798	3215
82	100.8	2798	3215
83	99.6	2798	3215
84	106.3	3117	3224
85	105.1	3117	2862.75
86	103.8	3117	2862.75
87	102.6	3117	2862.75
88	101.5	3117	2862.75
89	100.3	3117	2862.75
90	109.1	3436	2871.75
91	107.9	3288	2953.75
92	106.8	3288	2953.75
93	105.6	3288	2953.75
94	104.5	3288	2953.75
95	103.4	3288	2953.75
96	110.7	3307	2962.75
97	109.5	3307	2962.75
98	108.4	3307	2962.75
99	107.3	3307	2962.75
100	106.2	3307	2962.75
101	105.2	3307	2962.75
102	112.0	3326	2971.75
103	110.9	3326	2971.75
104	109.9	3326	2971.75
105	108.8	3326	2971.75
106	107.8	3178	3053.75
107	106.8	3178	3053.75
108	114.1	3197	3062.75
109	113.0	3197	3062.75
110	112.0	3197	3062.75
111	111.0	3049	3144.75
112	110.0	3049	3144.75
113	109.0	3049	3144.75
114	115.9	3068	3153.75
115	114.9	3068	3153.75
116	113.9	2920	3235.75
117	112.9	2920	3235.75
118	112.0	2920	3235.75
119	111.0	2920	3235.75
120	117.5	2939	3244.75
121	116.6	2791	3326.75
122	115.6	2791	3326.75
123	114.7	2791	3326.75
124	113.7	2791	3326.75
125	112.8	2791	3326.75
126	119.0	2662	3417.75
127	118.1	2662	3417.75
128	117.2	2662	3417.75
129	116.2	2662	3417.75
130	115.4	2662	3417.75
131	114.5	2662	3417.75
132	117.9	2681	3426.75
133	117.0	2681	2972
134	116.1	2681	2972
135	115.3	2681	2972
136	114.4	2681	2972
137	113.6	2681	2972
138	119.2	2700	2981
139	118.4	2552	3063
140	117.5	2552	3063
141	116.7	2552	3063
142	115.9	2552	3063
143	115.1	2552	3063
144	118.9	2571	3072
145	118.1	2571	3072
146	117.2	2571	2710.75
147	116.4	2571	2710.75
148	115.7	2571	2710.75
149	114.9	2571	2710.75
150	120.1	2590	2719.75
151	119.3	2590	2719.75
152	118.5	2442	2801.75
153	117.7	2442	2801.75
154	117.0	2442	2801.75
155	116.2	2442	2801.75
156	121.2	2461	2810.75
157	120.4	2313	2892.75
158	119.6	2313	2892.75
159	118.9	2313	2892.75
160	118.1	2313	2892.75
161	117.4	2313	2892.75
162	122.2	2184	2983.75
163	121.4	2184	2983.75
164	120.7	2184	2983.75
165	120.0	2184	2983.75
166	119.3	2184	2983.75
167	118.5	2184	2983.75
168	122.5	2203	2992.75
169	121.7	2203	2623
170	121.0	2203	2623
171	120.3	2203	2623
172	119.6	2203	2623
173	118.9	2203	2623
174	123.4	2222	2632
175	122.7	2074	2714
176	122.0	2074	2714
177	121.3	2074	2714
178	120.6	2074	2714
179	119.9	2074	2714
180	124.2	1945	2805
181	123.5	1945	2805
182	122.8	1945	2805
183	122.2	1945	2805
184	121.5	1945	2805
185	120.9	1945	2805
186	125.0	1964	2644
187	124.3	1964	2644
188	123.7	1964	2644
189	123.0	1964	2644
190	122.4	1964	2644
191	121.7	1964	2644
192	123.6	2283	2653
193	122.9	2283	2653
194	122.3	2283	2653
195	121.7	2283	2653
196	121.1	2283	2653
197	120.4	2283	2653
198	122.2	2602	2662
199	121.6	2602	2662
200	121.0	2602	2662
201	120.4	2602	2662
202	119.8	2602	2662
203	119.2	2602	2662
204	120.3	2921	2216.25
205	119.7	2921	2216.25
206	119.1	2921	2216.25
207	118.6	2921	2216.25
208	118.0	2921	2216.25
209	117.4	2921	2216.25
210	119.4	3240	2225.25
211	118.8	3240	2225.25
212	118.3	3240	1864
213	117.7	3240	1864
214	117.2	3240	1864
215	116.6	3240	1864
216	119.6	3559	1873
217	119.0	3559	1873
218	118.5	3559	1873
219	118.0	3559	1873
220	117.4	3559	1873
221	116.9	3559	1405.5
222	120.4	3878	1414.5
223	119.8	3878	1414.5
224	119.3	1954	2480.5
225	118.8	1954	2480.5
226	118.3	1954	2480.5
227	117.7	1954	2480.5
228	121.1	1973	2489.5
229	120.6	1973	2319.5
230	120.1	1973	2319.5
231	119.6	1973	2319.5
232	119.0	1973	2319.5
233	118.5	1973	2319.5
234	121.8	2292	2328.5
235	121.3	2144	2410.5
236	120.8	2144	2410.5
237	120.3	2144	2410.5
238	119.8	2144	2410.5
239	119.3	2144	2410.5
240	122.5	2315	2501.5
241	122.0	2315	2501.5
242	121.5	2315	2501.5
243	121.0	2315	2501.5
244	120.5	2315	2501.5
245	120.0	2167	2583.5
246	123.2	2486	2592.5
247	122.7	2486	2592.5
248	122.2	2486	2592.5
249	121.7	2486	2592.5
250	121.2	2338	2674.5
251	120.7	2338	2674.5
252	123.8	2657	2683.5
253	123.3	2657	2683.5
254	122.8	2657	2683.5
255	122.3	2509	2765.5
256	121.8	2509	2765.5
257	121.4	2509	2765.5
258	124.3	2828	2774.5
259	123.9	2828	2774.5
260	123.4	2680	2856.5
261	122.9	2680	2856.5
262	122.4	2680	2856.5
263	122.0	2680	2856.5
264	123.7	2999	2865.5
265	123.2	2999	2865.5
266	122.7	2999	2865.5
267	122.3	2999	2410.75
268	121.8	2999	2410.75
269	121.4	2999	2410.75
270	123.4	3018	2419.75
271	122.9	3018	2419.75
272	122.5	3018	2419.75
273	122.0	3018	2419.75
274	121.6	3018	2419.75
275	121.1	3018	2058.5
276	123.9	3037	2067.5
277	123.5	3037	2067.5
278	123.0	3037	2067.5
279	122.6	3037	2067.5
280	122.2	3037	2067.5
281	121.7	2889	2149.5
282	124.5	2908	2158.5
283	124.0	2908	2158.5
284	123.6	2908	2158.5
285	123.1	2908	2158.5
286	122.7	2908	2158.5
287	122.3	2908	2158.5
288	124.6	2927	2167.5
289	124.2	2927	2167.5
290	123.8	2927	2167.5
291	123.4	2927	2167.5
292	122.9	2927	2167.5
293	122.5	2927	2167.5
294	125.1	2946	2176.5
295	124.7	2946	2176.5
296	124.3	2798	2258.5
297	123.9	2798	2258.5
298	123.5	2798	2258.5
299	123.0	2798	2258.5
300	125.2	2817	2267.5
301	124.8	2817	2267.5
302	124.4	2817	2267.5
303	124.0	2817	1897.75
304	123.6	2817	1897.75
305	123.2	2817	1897.75
306	125.7	2836	1906.75
307	125.3	2836	1906.75
308	124.9	2836	1906.75
309	124.5	2688	1988.75
310	124.1	2688	1988.75
311	123.7	2688	1988.75
312	126.1	2707	1997.75
313	125.7	2707	1997.75
314	125.3	2559	2079.75
315	124.9	2559	2079.75
316	124.5	2559	2079.75
317	124.1	2559	2079.75
318	126.6	2578	2088.75
319	126.2	2430	2170.75
320	125.8	2430	2170.75
321	125.4	2430	2170.75
322	125.0	2430	2170.75
323	124.6	2430	2170.75
324	126.0	2449	2179.75
325	125.6	2449	2179.75
326	125.2	2449	1725
327	124.8	2449	1725
328	124.4	2449	1725
329	124.1	2449	1725
330	125.7	2468	1734
331	125.3	2468	1734
332	124.9	2468	1734
333	124.5	2468	1734
334	124.2	2468	1372.75
335	123.8	2468	1372.75
336	126.1	2487	1381.75
337	125.7	2487	1381.75
338	125.3	2487	1381.75
339	125.0	2487	1381.75
340	124.6	2339	1463.75
341	124.2	2339	1463.75
342	126.5	2358	1472.75
343	126.1	2358	1472.75
344	125.8	2358	1472.75
345	125.4	2210	1554.75
346	125.0	2210	1554.75
347	124.7	2210	1554.75
348	126.9	2229	1563.75
349	126.5	2229	1563.75
350	126.1	2081	1645.75
351	125.8	2081	1645.75
352	125.4	2081	1645.75
353	125.1	2081	1645.75
354	127.2	2100	1654.75
355	126.9	1952	1736.75
356	126.5	1952	1736.75
357	126.2	1952	1736.75
358	125.8	1952	1736.75
359	125.5	1952	1736.75
360	127.6	1971	1745.75
361	127.2	1971	1575.75
362	126.9	1971	1575.75
363	126.5	1971	1575.75
364	126.2	1971	1575.75
365	125.9	1971	1575.75
366	127.9	2290	1584.75
367	127.6	2142	1666.75
368	127.3	2142	1666.75
369	126.9	2142	1666.75
370	126.6	2142	1666.75
371	126.2	2142	1666.75
372	128.3	2313	1757.75
373	127.9	2313	1757.75
374	127.6	2313	1757.75
375	127.3	2313	1757.75
376	126.9	2313	1757.75
377	126.6	2313	1757.75
378	128.4	2632	1766.75
379	128.0	2632	1766.75
380	127.7	2632	1766.75
381	127.4	2632	1766.75
382	127.0	2632	1766.75
383	126.7	2632	1766.75
384	127.8	2951	1775.75
385	127.5	2951	1775.75
386	127.2	2951	1775.75
387	126.9	2951	1775.75
388	126.5	2951	1775.75
389	126.2	2951	1321
390	127.6	3270	1330
391	127.2	3270	1330
392	126.9	3270	1330
393	126.6	3270	1330
394	126.3	3270	1330
395	126.0	3270	1330
396	127.0	3589	1339
397	126.7	3589	977.75
398	126.3	3589	977.75
399	126.0	3589	977.75
400	125.7	3589	977.75
401	125.4	3589	977.75
402	127.0	3608	986.75
403	126.7	3608	986.75
404	126.4	3608	986.75
405	126.0	3608	986.75
406	125.7	3608	519.25
407	125.4	3608	519.25
408	127.3	3627	528.25
409	127.0	1703	1594.25
410	126.7	1703	1594.25
411	126.4	1703	1594.25
412	126.1	1703	1594.25
413	125.8	1703	1594.25
414	127.6	1722	1433.25
415	127.3	1722	1433.25
416	127.0	1722	1433.25
417	126.7	1722	1433.25
418	126.4	1722	1433.25
419	126.1	1722	1433.25
420	127.9	1893	1524.25
421	127.6	1893	1524.25
422	127.3	1893	1524.25
423	127.0	1893	1524.25
424	126.7	1893	1524.25
425	126.4	1745	1606.25
426	128.2	2064	1615.25
427	127.9	2064	1615.25
428	127.6	2064	1615.25
429	127.3	2064	1615.25
430	127.0	2064	1615.25
431	126.7	2064	1615.25
432	128.2	2383	1254.5
433	127.9	2383	1254.5
434	127.6	2383	1254.5
435	127.3	2383	1254.5
436	127.0	2383	1254.5
437	126.8	2383	1254.5
438	128.5	2554	1345.5
439	128.2	2554	1345.5
440	127.9	2554	1345.5
441	127.6	2554	1345.5
442	127.3	2554	1345.5
443	127.1	2554	1345.5
444	128.0	2873	1354.5
445	127.8	2873	899.75
446	127.5	2873	899.75
447	127.2	2873	899.75
448	126.9	2873	899.75
449	126.6	2873	899.75
450	128.3	3192	908.75
451	128.0	3044	990.75
452	127.8	3044	990.75
453	127.5	3044	990.75
454	127.2	3044	990.75
455	126.9	3044	990.75
456	128.1	3063	999.75
457	127.8	3063	999.75
458	127.5	3063	638.5
459	127.2	3063	638.5
460	127.0	3063	638.5
461	126.7	3063	638.5
462	128.4	3082	647.5
463	128.1	3082	647.5
464	127.8	2934	729.5
465	127.5	2934	729.5
466	127.3	2934	729.5
467	127.0	2934	729.5
468	128.4	2953	738.5
469	128.1	2953	738.5
470	127.9	2953	738.5
471	127.6	2953	738.5
472	127.3	2953	738.5
473	127.1	2953	738.5
474	128.5	2972	747.5
475	128.2	2972	747.5
476	127.9	2972	747.5
477	127.7	2972	747.5
478	127.4	2972	747.5
479	127.1	2824	829.5
480	128.7	2843	838.5
481	128.5	2843	838.5
482	128.2	2843	838.5
483	127.9	2843	838.5
484	127.7	2695	920.5
485	127.4	2695	920.5
486	129.0	2714	929.5
487	128.7	2714	929.5
488	128.5	2714	929.5
489	128.2	2566	1011.5
490	127.9	2566	1011.5
491	127.7	2566	1011.5
492	129.2	2585	1020.5
493	129.0	2585	1020.5
494	128.7	2437	1102.5
495	128.4	2437	1102.5
496	128.2	2437	1102.5
497	127.9	2437	1102.5
498	129.5	2456	1111.5
499	129.2	2308	1193.5
500	128.9	2308	1193.5
501	128.7	2308	1193.5
502	128.4	2308	1193.5
503	128.2	2308	1193.5
504	129.1	2327	1202.5
505	128.8	2327	1202.5
506	128.5	2327	747.75
507	128.3	2327	747.75
508	128.0	2327	747.75
509	127.8	2327	747.75
510	129.3	2346	756.75
511	129.0	2346	756.75
512	128.8	2198	838.75
513	128.5	2198	838.75
514	128.3	2198	838.75
515	128.0	2198	838.75
516	129.1	2217	847.75
517	128.8	2217	847.75
518	128.6	2217	847.75
519	128.3	2217	486.5
520	128.1	2217	486.5
521	127.8	2217	486.5
522	129.3	2236	495.5
523	129.0	2236	495.5
524	128.8	2236	495.5
525	128.5	2088	577.5
526	128.3	2088	577.5
527	128.1	2088	577.5
528	129.5	2107	586.5
529	129.3	2107	586.5
530	129.0	1959	668.5
531	128.8	1959	668.5
532	128.5	1959	668.5
533	128.3	1959	668.5
534	129.7	1978	677.5
535	129.5	1978	677.5
536	129.2	1978	507.5
537	129.0	1978	507.5
538	128.8	1978	507.5
539	128.5	1978	507.5
540	129.9	2297	516.5
541	129.7	2297	516.5
542	129.5	2149	598.5
543	129.2	2149	598.5
544	129.0	2149	598.5
545	128.7	2149	598.5
546	130.1	2468	607.5
547	129.9	2320	689.5
548	129.7	2320	689.5
549	129.4	2320	689.5
550	129.2	2320	689.5
551	129.0	2320	689.5
552	130.3	2491	780.5
553	130.1	2491	780.5
554	129.9	2491	780.5
555	129.6	2491	780.5
556	129.4	2491	780.5
557	129.2	2343	862.5
558	130.5	2662	871.5
559	130.3	2662	871.5
560	130.1	2662	871.5
561	129.8	2662	871.5
562	129.6	2662	871.5
563	129.4	2662	871.5
564	129.8	2981	880.5
565	129.6	2981	880.5
566	129.3	2981	880.5
567	129.1	2981	880.5
568	128.9	2981	880.5
569	128.7	2981	880.5
570	129.2	3300	889.5
571	129.0	3300	889.5
572	128.8	3300	889.5
573	128.5	3300	889.5
574	128.3	3300	434.75
575	128.1	3300	434.75
576	128.8	3319	443.75
577	128.6	3319	443.75
578	128.4	3319	443.75
579	128.2	3319	443.75
580	127.9	3319	443.75
581	127.7	3319	443.75
582	128.2	3338	91.5
583	128.0	3338	91.5
584	127.8	3338	91.5
585	127.6	3338	91.5
586	127.3	3338	91.5
587	127.1	3338	91.5
588	128.0	3209	182.5
589	127.8	3209	182.5
590	127.6	1285	1248.5
591	127.4	1285	1248.5
592	127.1	1285	1248.5
593	126.9	1285	1248.5
594	127.8	1304	1257.5
595	127.6	1304	1087.5
596	127.4	1304	1087.5
597	127.2	1304	1087.5
598	126.9	1304	1087.5
599	126.7	1304	1087.5
600	127.6	1623	1096.5
601	127.4	1623	1096.5
602	127.2	1623	1096.5
603	127.0	1623	1096.5
604	126.8	1623	629
605	126.5	1623	629
606	127.6	1942	638
607	127.4	1942	638
608	127.2	1942	638
609	127.0	1942	638
610	126.8	1942	638
611	126.6	1942	638
612	127.6	2261	277.25
613	127.4	2261	277.25
614	127.2	2261	277.25
615	127.0	2261	277.25
616	126.8	2261	277.25
617	126.6	2261	277.25
618	127.8	2432	368.25
619	127.6	2432	368.25
620	127.4	2432	368.25
621	127.2	2432	368.25
622	127.0	2432	368.25
623	126.8	2284	450.25
624	128.0	2603	459.25
625	127.8	2603	459.25
626	127.6	2603	459.25
627	127.4	2603	459.25
628	127.2	2455	541.25
629	127.0	2455	541.25
630	127.7	2774	550.25
631	127.5	2774	550.25
632	127.3	2774	550.25
633	127.1	2774	550.25
634	126.9	2774	550.25
635	126.7	2774	95.5
636	127.9	2793	104.5
637	127.7	2793	104.5
638	127.5	2793	104.5
639	127.3	2793	104.5
640	127.1	2793	104.5
641	126.9	2645	186.5
642	127.8	2664	195.5
643	127.6	2664	195.5
644	127.4	2664	195.5
645	127.2	2664	195.5
646	127.0	2516	277.5
647	126.8	2516	277.5
648	127.6	2535	286.5
649	127.4	2535	286.5
650	127.2	2535	286.5
651	127.0	2535	286.5
652	126.8	2535	286.5
653	126.6	2535	286.5
654	127.3	2554	295.5
655	127.1	2554	295.5
656	126.9	2554	295.5
657	126.7	2554	295.5
658	126.5	2554	295.5
659	126.3	2554	295.5
660	127.1	2573	304.5
661	127.0	2425	386.5
662	126.8	2425	386.5
663	126.6	2425	386.5
664	126.4	2425	386.5
665	126.2	2425	386.5
666	127.0	2296	477.5
667	126.8	2296	477.5
668	126.6	2296	477.5
669	126.4	2296	477.5
670	126.2	2296	477.5
671	126.0	2296	477.5
672	126.8	2315	486.5
673	126.7	2315	125.25
674	126.5	2315	125.25
675	126.3	2315	125.25
676	126.1	2315	125.25
677	125.9	2315	125.25
678	127.0	2334	134.25
679	126.8	2186	216.25
680	126.7	2186	216.25
681	126.5	2186	216.25
682	126.3	2186	216.25
683	126.1	2186	216.25
684	127.2	2057	307.25
685	127.0	2057	307.25
686	126.9	2057	307.25
687	126.7	2057	307.25
688	126.5	2057	307.25
689	126.3	1909	389.25
690	126.9	1928	398.25
691	126.8	1928	398.25
692	126.6	1928	398.25
693	126.4	1928	398.25
694	126.2	1928	398.25
695	126.0	1928	228.25
696	126.7	2247	237.25
697	126.5	2247	237.25
698	126.3	2247	237.25
699	126.1	2247	237.25
700	125.9	2247	237.25
701	125.8	2099	319.25
702	126.4	2418	328.25
703	126.2	2418	328.25
704	126.0	2418	328.25
705	125.9	2418	328.25
706	125.7	2270	410.25
707	125.5	2270	410.25
708	126.1	2589	419.25
709	125.9	2589	419.25
710	125.8	2589	419.25
711	125.6	2441	501.25
712	125.4	2441	501.25
713	125.2	2441	501.25
714	125.9	2760	510.25
715	125.7	2760	510.25
716	125.5	2612	592.25
717	125.3	2612	592.25
718	125.2	2612	592.25
719	125.0	2612	592.25
720	125.6	2931	601.25
721	125.4	2931	601.25
722	125.2	2931	601.25
723	125.1	2931	146.5
724	124.9	2931	146.5
725	124.7	2931	146.5
726	125.8	3250	155.5
727	125.6	3250	155.5
728	125.4	3250	155.5
729	125.3	3102	237.5
730	125.1	3102	237.5
731	124.9	3102	237.5
732	125.7	3121	246.5
733	125.5	3121	246.5
734	125.3	2973	328.5
735	125.1	2973	328.5
736	125.0	2973	328.5
737	124.8	2973	328.5
738	125.5	2992	337.5
739	125.4	2844	419.5
740	125.2	2844	419.5
741	125.0	2844	419.5
742	124.9	2844	419.5
743	124.7	2844	419.5
744	125.1	2863	428.5
745	125.0	2863	428.5
746	124.8	2863	428.5
747	124.6	2863	428.5
748	124.5	2863	428.5
749	124.3	2863	428.5
750	124.7	2882	437.5
751	124.6	2882	437.5
752	124.4	2882	437.5
753	124.2	2882	437.5
754	124.1	2882	437.5
755	123.9	2882	437.5
756	124.5	2901	85.25
757	124.3	2901	85.25
758	124.1	2901	85.25
759	124.0	2901	85.25
760	123.8	2901	85.25
761	123.7	2901	85.25
762	124.5	2772	176.25
763	124.4	2772	176.25
764	124.2	2772	176.25
765	124.0	2772	176.25
766	123.9	2772	176.25
767	123.7	2624	258.25
768	124.6	2643	267.25
769	124.4	2643	267.25
770	124.2	2643	267.25
771	124.1	2643	267.25
772	123.9	2495	349.25
773	123.7	2495	349.25
774	124.6	590	1424.25
775	124.4	590	1424.25
776	124.3	590	1424.25
777	124.1	590	1424.25
778	124.0	590	1424.25
779	123.8	590	1254.25
780	124.0	909	1263.25
781	123.9	909	1263.25
782	123.7	909	1263.25
783	123.6	909	1263.25
784	123.4	909	1263.25
785	123.3	909	1263.25
786	123.5	1228	1272.25
787	123.4	1228	817.5
788	123.2	1228	817.5
789	123.0	1228	817.5
790	122.9	1228	817.5
791	122.7	1228	817.5
792	123.4	1547	826.5
793	123.2	1547	826.5
794	123.1	1547	826.5
795	122.9	1547	826.5
796	122.8	1547	359
797	122.6	1547	359
798	123.4	1866	368
799	123.3	1866	368
800	123.1	1866	368
801	123.0	1866	368
802	122.8	1718	450
803	122.7	1718	450
804	123.5	2037	459
805	123.3	2037	459
806	123.2	2037	459
807	123.0	2037	459
808	122.9	2037	459
809	122.7	2037	89.25
810	123.7	2356	98.25
811	123.5	2356	98.25
812	123.4	2356	98.25
813	123.2	2356	98.25
814	123.1	2356	98.25
815	122.9	2208	180.25
816	123.6	2227	189.25
817	123.4	2227	189.25
818	123.3	2227	189.25
819	123.1	2227	189.25
820	123.0	2079	271.25
821	122.8	2079	271.25
822	123.5	2098	280.25
823	123.3	2098	280.25
824	123.2	2098	280.25
825	123.0	1950	362.25
826	122.9	1950	362.25
827	122.7	1950	362.25
828	123.4	1969	371.25
829	123.2	1969	371.25
830	123.1	1969	371.25
831	122.9	1969	201.25
832	122.8	1969	201.25
833	122.6	1969	201.25
834	123.3	2288	210.25
835	123.1	2288	210.25
836	123.0	2288	210.25
837	122.8	2288	210.25
838	122.7	2288	210.25
839	122.5	2288	210.25
840	123.1	2607	219.25
841	122.9	2607	219.25
842	122.8	2607	219.25
843	122.6	2607	219.25
844	122.5	2607	219.25
845	122.4	2607	219.25
846	122.6	2926	228.25
847	122.5	2778	310.25
848	122.3	2778	310.25
849	122.2	2778	310.25
850	122.0	2778	310.25
851	121.9	2778	310.25
852	122.1	2949	401.25
853	122.0	2949	401.25
854	121.9	2949	401.25
855	121.7	2949	401.25
856	121.6	2949	401.25
857	121.4	2801	483.25
858	121.7	3120	492.25
859	121.5	3120	492.25
860	121.4	3120	492.25
861	121.3	3120	492.25
862	121.1	3120	492.25
863	121.0	3120	492.25
864	121.2	3439	140
865	121.1	3439	140
866	120.9	3439	140
867	120.8	3439	140
868	120.7	3439	140
869	120.5	3439	140
870	121.0	3310	231
871	120.9	3310	231
872	120.8	3310	231
873	120.6	3310	231
874	120.5	3310	231
875	120.3	3162	313
876	120.9	3181	322
877	120.7	3181	322
878	120.6	3181	322
879	120.4	3181	322
880	120.3	3033	404
881	120.2	3033	404
882	120.7	3052	413
883	120.5	3052	413
884	120.4	3052	413
885	120.3	2904	495
886	120.1	2904	495
887	120.0	2904	495
888	120.5	2923	504
889	120.4	2923	504
890	120.2	2775	586
891	120.1	2775	586
892	120.0	2775	586
893	119.8	2775	586
894	120.3	2794	595
895	120.2	2794	595
896	120.1	2794	595
897	119.9	2794	140.25
898	119.8	2794	140.25
899	119.7	2794	140.25
900	120.5	2813	149.25
901	120.4	2813	149.25
902	120.3	2813	149.25
903	120.1	2665	231.25
904	120.0	2665	231.25
905	119.9	2665	231.25
906	120.7	2684	240.25
907	120.6	2684	240.25
908	120.4	2536	322.25
909	120.3	2536	322.25
910	120.2	2536	322.25
911	120.0	2536	322.25
912	120.9	2555	331.25
913	120.8	2407	413.25
914	120.6	2407	413.25
915	120.5	2407	413.25
916	120.4	2407	413.25
917	120.2	2407	413.25
918	121.1	2278	504.25
919	120.9	2278	504.25
920	120.8	2278	504.25
921	120.7	2278	504.25
922	120.5	2278	504.25
923	120.4	2278	504.25
924	121.0	2297	513.25
925	120.9	2297	152
926	120.7	2297	152
927	120.6	2297	152
928	120.5	2297	152
929	120.4	2297	152
930	121.1	2316	161
931	121.0	2316	161
932	120.8	2316	161
933	120.7	2316	161
934	120.6	2316	161
935	120.4	2316	161
936	121.0	2335	170
937	120.9	2335	170
938	120.8	2335	170
939	120.7	2335	170
940	120.5	2335	170
941	120.4	2187	252
942	121.1	2206	261
943	121.0	2206	261
944	120.8	2206	261
945	120.7	2206	261
946	120.6	2058	343
947	120.5	2058	343
948	121.1	2077	352
949	121.0	2077	352
950	120.9	2077	352
951	120.8	1929	434
952	120.6	1929	434
953	120.5	1929	434
954	120.9	1948	443
955	120.7	1948	443
956	120.6	1948	443
957	120.5	1948	273
958	120.4	1948	273
959	120.2	1948	273
960	120.6	343	1348
961	120.5	343	1348
962	120.3	343	1348
963	120.2	343	1348
964	120.1	343	1348
965	120.0	343	1348
966	120.3	662	902.25
967	120.2	662	902.25
968	120.0	662	902.25
969	119.9	662	902.25
970	119.8	662	902.25
971	119.7	662	902.25
972	120.2	981	911.25
973	120.1	981	911.25
974	120.0	981	911.25
975	119.8	981	443.75
976	119.7	981	443.75
977	119.6	981	443.75
978	120.3	1300	452.75
979	120.2	1300	452.75
980	120.0	1300	452.75
981	119.9	1300	452.75
982	119.8	1300	452.75
983	119.7	1300	91.5
984	120.3	1619	100.5
985	120.2	1619	100.5
986	120.1	1619	100.5
987	120.0	1619	100.5
988	119.8	1619	100.5
989	119.7	1471	182.5
990	120.4	1790	191.5
991	120.3	1790	191.5
992	120.1	1790	191.5
993	120.0	1790	191.5
994	119.9	1642	273.5
995	119.8	1642	273.5
996	120.4	1661	282.5
997	120.3	1661	282.5
998	120.2	1661	282.5
999	120.1	1661	282.5
1000	120.0	1661	112.5
1001	119.8	1661	112.5
1002	120.5	1980	121.5
1003	120.4	1980	121.5
1004	120.3	1980	121.5
1005	120.1	1980	121.5
1006	120.0	1832	203.5
1007	119.9	1832	203.5
1008	120.6	2151	212.5
1009	120.4	2151	212.5
1010	120.3	2151	212.5
1011	120.2	2003	294.5
1012	120.1	2003	294.5
1013	120.0	2003	294.5
1014	120.6	2322	303.5
1015	120.5	2322	303.5
1016	120.4	2174	385.5
1017	120.2	2174	385.5
1018	120.1	2174	385.5
1019	120.0	2174	385.5
1020	120.7	2493	394.5
1021	120.5	2345	476.5
1022	120.4	2345	476.5
1023	120.3	2345	476.5
1024	120.2	2345	476.5
1025	120.1	2345	476.5
1026	120.3	2664	485.5
1027	120.2	2664	485.5
1028	120.1	2664	485.5
1029	120.0	2664	485.5
1030	119.8	2664	485.5
1031	119.7	2664	485.5
1032	120.0	2983	494.5
1033	119.8	2983	494.5
1034	119.7	2983	494.5
1035	119.6	2983	494.5
1036	119.5	2983	494.5
1037	119.4	2983	494.5
1038	119.5	3002	142.25
1039	119.4	3002	142.25
1040	119.2	3002	142.25
1041	119.1	3002	142.25
1042	119.0	3002	142.25
1043	118.9	3002	142.25
1044	119.2	2873	233.25
1045	119.1	2873	233.25
1046	119.0	2873	233.25
1047	118.9	2873	233.25
1048	118.8	2873	233.25
1049	118.7	2725	315.25
1050	119.0	2744	324.25
1051	118.9	2744	324.25
1052	118.7	2744	324.25
1053	118.6	2744	324.25
1054	118.5	2596	406.25
1055	118.4	2596	406.25
1056	118.7	2615	415.25
1057	118.6	2615	415.25
1058	118.5	2615	415.25
1059	118.4	2467	497.25
1060	118.3	2467	497.25
1061	118.2	2467	497.25
1062	118.5	2486	506.25
1063	118.4	2486	506.25
1064	118.3	2486	506.25
1065	118.1	2486	506.25
1066	118.0	2486	136.5
1067	117.9	2486	136.5
1068	118.3	2505	145.5
1069	118.2	2505	145.5
1070	118.1	2505	145.5
1071	118.0	2505	145.5
1072	117.9	2357	227.5
1073	117.8	2357	227.5
1074	118.2	2376	236.5
1075	118.1	2376	236.5
1076	118.0	2376	236.5
1077	117.9	2228	318.5
1078	117.8	2228	318.5
1079	117.7	2228	318.5
1080	118.1	2247	327.5
1081	118.0	2247	327.5
1082	117.9	2099	409.5
1083	117.8	2099	409.5
1084	117.6	2099	409.5
1085	117.5	2099	409.5
1086	118.0	2118	418.5
1087	117.8	1970	500.5
1088	117.7	1970	500.5
1089	117.6	1970	500.5
1090	117.5	1970	500.5
1091	117.4	1970	500.5
1092	117.8	1989	509.5
1093	117.7	1989	339.5
1094	117.6	1989	339.5
1095	117.5	1989	339.5
1096	117.4	1989	339.5
1097	117.3	1989	339.5
1098	117.5	2308	348.5
1099	117.4	2160	430.5
1100	117.3	2160	430.5
1101	117.2	2160	430.5
1102	117.1	2160	430.5
1103	117.0	2160	430.5
1104	117.2	2479	439.5
1105	117.0	2479	439.5
1106	116.9	2479	78.25
1107	116.8	2479	78.25
1108	116.7	2479	78.25
1109	116.6	2479	78.25
1110	117.0	2798	87.25
1111	116.9	2798	87.25
1112	116.8	2650	169.25
1113	116.7	2650	169.25
1114	116.6	2650	169.25
1115	116.5	2650	169.25
1116	116.9	2969	178.25
1117	116.8	2821	260.25
1118	116.7	2821	260.25
1119	116.6	2821	260.25
1120	116.5	2821	260.25
1121	116.4	2821	260.25
1122	116.7	3140	269.25
1123	116.6	3140	269.25
1124	116.5	3140	269.25
1125	116.4	3140	269.25
1126	116.3	3140	269.25
1127	116.2	3140	269.25
1128	116.5	3459	278.25
1129	116.4	3459	278.25
1130	116.3	3459	278.25
1131	116.2	3459	278.25
1132	116.1	3311	360.25
1133	116.0	3311	360.25
1134	116.4	3330	369.25
1135	116.3	3330	369.25
1136	116.2	3330	369.25
1137	116.1	3182	451.25
1138	116.0	3182	451.25
1139	115.9	3182	451.25
1140	116.3	3201	460.25
1141	116.2	3201	460.25
1142	116.1	3053	542.25
1143	116.0	3053	542.25
1144	115.9	1129	1608.25
1145	115.8	1129	1608.25
1146	116.2	1148	1617.25
1147	116.1	1148	1617.25
1148	116.0	1148	1617.25
1149	115.9	1148	1447.25
1150	115.8	1148	1447.25
1151	115.7	1148	1447.25
1152	115.9	1467	1456.25
1153	115.8	1467	1456.25
1154	115.7	1467	1456.25
1155	115.6	1467	1456.25
1156	115.5	1467	1456.25
1157	115.4	1467	1001.5
1158	116.0	1786	1010.5
1159	115.9	1786	1010.5
1160	115.8	1786	1010.5
1161	115.7	1786	1010.5
1162	115.6	1786	1010.5
1163	115.5	1786	1010.5
1164	115.9	2105	1019.5
1165	115.8	2105	658.25
1166	115.7	2105	658.25
1167	115.6	2105	658.25
1168	115.5	2105	658.25
1169	115.4	2105	658.25
1170	115.9	2424	667.25
1171	115.8	2424	667.25
1172	115.7	2424	667.25
1173	115.6	2424	667.25
1174	115.5	2424	199.75
1175	115.4	2424	199.75
1176	116.1	2743	208.75
1177	116.0	2743	208.75
1178	115.9	2743	208.75
1179	115.8	2743	208.75
1180	115.7	2595	290.75
1181	115.6	2595	290.75
1182	116.2	2914	299.75
1183	116.1	2914	299.75
1184	116.0	2914	299.75
1185	116.0	2766	381.75
1186	115.9	2766	381.75
1187	115.8	2766	381.75
1188	116.4	2785	390.75
1189	116.3	2785	390.75
1190	116.2	2637	472.75
1191	116.1	2637	472.75
1192	116.0	2637	472.75
1193	115.9	2637	472.75
1194	116.5	2656	481.75
1195	116.4	2656	481.75
1196	116.3	2656	481.75
1197	116.2	2656	112
1198	116.1	2656	112
1199	116.0	2656	112
1200	116.6	2675	121
