L 3735, 6890, -1697, 3735, 6890, -169, 153, 153, 153
L 3735, 6890, -169, 3760, 6807, -174, 153, 153, 153
L 3760, 6807, -174, 3859, 6717, -85, 153, 153, 153
L 3859, 6717, -85, 3911, 6549, -92, 153, 153, 153
L 3911, 6549, -92, 3911, 6358, -106, 153, 153, 153
L 3911, 6358, -106, 3911, 6160, -116, 153, 153, 153
L 3911, 6160, -116, 3911, 5896, -106, 153, 153, 153
L 3911, 5896, -106, 3920, 5586, 0, 153, 153, 153
L 3920, 5586, 0, 3972, 5425, 139, 153, 153, 153
L 3972, 5425, 139, 3889, 5210, 141, 153, 153, 153
L 3889, 5210, 141, 3886, 5003, 199, 153, 153, 153
L 3886, 5003, 199, 3823, 4921, 212, 153, 153, 153
L 3823, 4921, 212, 3731, 4859, 209, 153, 153, 153
L 3731, 4859, 209, 3636, 4809, 199, 153, 153, 153
L 3636, 4809, 199, 3412, 4610, 180, 153, 153, 153
L 3412, 4610, 180, 3305, 4510, 168, 153, 153, 153
L 3305, 4510, 168, 3194, 4406, 147, 153, 153, 153
L 3194, 4406, 147, 3024, 4243, 135, 153, 153, 153
L 3024, 4243, 135, 2960, 4190, 138, 153, 153, 153
L 2960, 4190, 138, 2879, 4038, 175, 153, 153, 153
L 2879, 4038, 175, 2861, 4000, 205, 153, 153, 153
L 2861, 4000, 205, 2821, 3883, 217, 153, 153, 153
L 2821, 3883, 217, 2750, 3698, 256, 153, 153, 153
L 2750, 3698, 256, 2814, 3482, 337, 153, 153, 153
L 2814, 3482, 337, 2860, 3288, 326, 153, 153, 153
L 2860, 3288, 326, 2949, 3051, 311, 153, 153, 153
L 2949, 3051, 311, 3051, 2865, 353, 153, 153, 153
L 3051, 2865, 353, 3082, 2809, 348, 153, 153, 153
L 3082, 2809, 348, 3281, 2681, 322, 153, 153, 153
L 3281, 2681, 322, 3664, 2552, 304, 153, 153, 153
L 3664, 2552, 304, 3868, 2483, 318, 153, 153, 153
L 3868, 2483, 318, 3883, 2458, 328, 153, 153, 153
L 3883, 2458, 328, 3911, 2454, 337, 153, 153, 153
L 3911, 2454, 337, 3912, 2338, 331, 153, 153, 153
L 3912, 2338, 331, 4053, 2093, 306, 153, 153, 153
L 4053, 2093, 306, 4305, 1835, 336, 153, 153, 153
L 4305, 1835, 336, 4339, 1994, 443, 153, 153, 153
L 4339, 1994, 443, 4395, 1949, 477, 153, 153, 153
L 4395, 1949, 477, 4613, 1928, 468, 153, 153, 153
L 4613, 1928, 468, 4877, 1894, 453, 153, 153, 153
L 4877, 1894, 453, 5097, 1889, 442, 153, 153, 153
L -4030, 2426, 3813, -4030, 2426, 382, 153, 153, 153
L -4030, 2426, 382, -3843, 2442, 372, 153, 153, 153
L -3843, 2442, 372, -3574, 2437, 355, 153, 153, 153
L -3574, 2437, 355, -3299, 2408, 410, 153, 153, 153
L -3299, 2408, 410, -2949, 2358, 491, 153, 153, 153
L -2949, 2358, 491, -2859, 2304, 477, 153, 153, 153
L -2859, 2304, 477, -2648, 1996, 497, 153, 153, 153
L -2648, 1996, 497, -2608, 1566, 507, 153, 153, 153
L -2608, 1566, 507, -2541, 1429, 494, 153, 153, 153
L -2541, 1429, 494, -2477, 1362, 481, 153, 153, 153
L -2477, 1362, 481, -2317, 1194, 601, 153, 153, 153
L -2317, 1194, 601, -2162, 1015, 584, 153, 153, 153
L -2162, 1015, 584, -2003, 757, 625, 153, 153, 153
L -2003, 757, 625, -1916, 687, 663, 153, 153, 153
L -1916, 687, 663, -1867, 613, 663, 153, 153, 153
L -1867, 613, 663, -1835, 510, 659, 153, 153, 153
L -1835, 510, 659, -1807, 435, 653, 153, 153, 153
L -1807, 435, 653, -1744, 421, 646, 153, 153, 153
L -1744, 421, 646, -1642, 402, 638, 153, 153, 153
L -1642, 402, 638, -1535, 381, 628, 153, 153, 153
L -1535, 381, 628, -1376, 362, 610, 153, 153, 153
L -1376, 362, 610, -1144, 400, 587, 153, 153, 153
L -1144, 400, 587, -1051, 416, 578, 153, 153, 153
L -1051, 416, 578, -955, 431, 565, 153, 153, 153
L -955, 431, 565, -747, 459, 542, 153, 153, 153
L -747, 459, 542, -567, 472, 524, 153, 153, 153
L -567, 472, 524, -401, 508, 506, 153, 153, 153
L -401, 508, 506, -276, 528, 488, 153, 153, 153
L -276, 528, 488, -184, 447, 477, 153, 153, 153
L -184, 447, 477, -46, 328, 459, 153, 153, 153
L -46, 328, 459, 27, 174, 441, 153, 153, 153
L 27, 174, 441, 30, 28, 427, 153, 153, 153
L 30, 28, 427, 88, 28, 416, 153, 153, 153
L 88, 28, 416, 184, 27, 404, 153, 153, 153
L 184, 27, 404, 204, 74, 390, 153, 153, 153
L 204, 74, 390, 239, 296, 361, 153, 153, 153
L 239, 296, 361, 296, 460, 343, 153, 153, 153
L 296, 460, 343, 338, 581, 332, 153, 153, 153
L 338, 581, 332, 369, 671, 319, 153, 153, 153
L 369, 671, 319, 500, 827, 295, 153, 153, 153
L 500, 827, 295, 697, 716, 281, 153, 153, 153
L 697, 716, 281, 844, 623, 322, 153, 153, 153
L 844, 623, 322, 995, 522, 363, 153, 153, 153
L 995, 522, 363, 1264, 413, 349, 153, 153, 153
L 1264, 413, 349, 1422, 337, 332, 153, 153, 153
L 1422, 337, 332, 1589, 126, 401, 153, 153, 153
L 1589, 126, 401, 1599, 124, 401, 153, 153, 153
L 1599, 124, 401, 1652, 63, 401, 153, 153, 153
L 1652, 63, 401, 1688, 20, 410, 153, 153, 153
L 1688, 20, 410, 1758, -51, 471, 153, 153, 153
L 1758, -51, 471, 1854, -99, 484, 153, 153, 153
L 1854, -99, 484, 2016, -178, 485, 153, 153, 153
L 2016, -178, 485, 2172, -253, 479, 153, 153, 153
L 2172, -253, 479, 2186, -239, 505, 153, 153, 153
L 2186, -239, 505, 2350, -230, 537, 153, 153, 153
L 2350, -230, 537, 2574, -188, 599, 153, 153, 153
L 2574, -188, 599, 2740, -141, 593, 153, 153, 153
L 2740, -141, 593, 2780, -22, 585, 153, 153, 153
L 2780, -22, 585, 2842, 156, 567, 153, 153, 153
L 2842, 156, 567, 2892, 302, 551, 153, 153, 153
L 2892, 302, 551, 2943, 449, 590, 153, 153, 153
L 2943, 449, 590, 3066, 576, 605, 153, 153, 153
L 3066, 576, 605, 3311, 700, 579, 153, 153, 153
L 3311, 700, 579, 3461, 746, 567, 153, 153, 153
L 3461, 746, 567, 3561, 790, 557, 153, 153, 153
L 3561, 790, 557, 3726, 763, 547, 153, 153, 153
L 3726, 763, 547, 3890, 720, 540, 153, 153, 153
L 3890, 720, 540, 4026, 751, 531, 153, 153, 153
L 4026, 751, 531, 4130, 789, 523, 153, 153, 153
L 4130, 789, 523, 4192, 882, 513, 153, 153, 153
L 4192, 882, 513, 4232, 1003, 504, 153, 153, 153
L 4232, 1003, 504, 4218, 1150, 492, 153, 153, 153
L 4218, 1150, 492, 4204, 1301, 481, 153, 153, 153
L 4204, 1301, 481, 4195, 1395, 472, 153, 153, 153
L 4195, 1395, 472, 4278, 1568, 457, 153, 153, 153
L 4278, 1568, 457, 4408, 1638, 468, 153, 153, 153
L 4408, 1638, 468, 4493, 1647, 467, 153, 153, 153
L 4493, 1647, 467, 4661, 1674, 457, 153, 153, 153
L 4661, 1674, 457, 4775, 1689, 452, 153, 153, 153
L 4775, 1689, 452, 4894, 1690, 444, 153, 153, 153
L 4894, 1690, 444, 5014, 1690, 436, 153, 153, 153
L 5014, 1690, 436, 5086, 1691, 419, 153, 153, 153
L 5086, 1691, 419, 5108, 1691, 411, 153, 153, 153
L 5108, 1691, 411, 5114, 1691, 400, 153, 153, 153
L 5114, 1691, 400, 5119, 1691, 396, 153, 153, 153
L 5119, 1691, 396, 5125, 1691, 390, 153, 153, 153
L -2882, 6035, -1062, -2882, 6035, -106, 0, 153, 0
L -2882, 6035, -106, -3007, 6032, -105, 0, 153, 0
L -3007, 6032, -105, -3048, 6065, -104, 0, 153, 0
L -3048, 6065, -104, -3075, 6135, -105, 0, 153, 0
L -3075, 6135, -105, -3086, 6192, -105, 0, 153, 0
L -3086, 6192, -105, -3127, 6204, -105, 0, 153, 0
L -3127, 6204, -105, -3151, 6156, -105, 0, 153, 0
L -3151, 6156, -105, -3096, 6095, -105, 0, 153, 0
L -3096, 6095, -105, -3093, 6058, -105, 0, 153, 0
L -3093, 6058, -105, -3058, 5987, -105, 0, 153, 0
L -3058, 5987, -105, -3075, 5867, -105, 0, 153, 0
L -3075, 5867, -105, -3133, 5808, -105, 0, 153, 0
L -3133, 5808, -105, -3221, 5808, -105, 0, 153, 0
L -3221, 5808, -105, -3259, 5786, -105, 0, 153, 0
L -3259, 5786, -105, -3330, 5811, -105, 0, 153, 0
L -3330, 5811, -105, -3332, 5871, -105, 0, 153, 0
L -3332, 5871, -105, -3285, 5895, -105, 0, 153, 0
L -3285, 5895, -105, -3208, 5843, -105, 0, 153, 0
L -3208, 5843, -105, -3140, 5834, -105, 0, 153, 0
L -3140, 5834, -105, -3102, 5883, -105, 0, 153, 0
L -3102, 5883, -105, -3089, 5980, -105, 0, 153, 0
L -3089, 5980, -105, -3120, 6054, -105, 0, 153, 0
L -3120, 6054, -105, -3125, 6093, -105, 0, 153, 0
L -3125, 6093, -105, -3167, 6131, -105, 0, 153, 0
L -3167, 6131, -105, -3204, 6082, -105, 0, 153, 0
L -3204, 6082, -105, -3268, 6079, -105, 0, 153, 0
L -3268, 6079, -105, -3302, 6096, -105, 0, 153, 0
L -3302, 6096, -105, -3318, 6056, -105, 0, 153, 0
L -3318, 6056, -105, -3318, 6022, -105, 0, 153, 0
L -3318, 6022, -105, -3271, 5989, -105, 0, 153, 0
L -3271, 5989, -105, -3231, 6013, -105, 0, 153, 0
L -3231, 6013, -105, -3152, 6003, -105, 0, 153, 0
L -3152, 6003, -105, -3141, 5918, -105, 0, 153, 0
L -3141, 5918, -105, -3175, 5882, -105, 0, 153, 0
L -3175, 5882, -105, -3263, 5920, -105, 0, 153, 0
L -3263, 5920, -105, -3271, 5947, -105, 0, 153, 0
L -3271, 5947, -105, -3318, 5971, -105, 0, 153, 0
L -3318, 5971, -105, -3356, 6039, -105, 0, 153, 0
L -3356, 6039, -105, -3353, 6111, -105, 0, 153, 0
L -3353, 6111, -105, -3297, 6141, -105, 0, 153, 0
L -3297, 6141, -105, -3262, 6110, -105, 0, 153, 0
L -3262, 6110, -105, -3211, 6111, -105, 0, 153, 0
L -3211, 6111, -105, -3183, 6150, -105, 0, 153, 0
L -3183, 6150, -105, -3236, 6232, -105, 0, 153, 0
L -3236, 6232, -105, -3265, 6194, -105, 0, 153, 0
L -3265, 6194, -105, -3317, 6204, -105, 0, 153, 0
L -3317, 6204, -105, -3321, 6284, -105, 0, 153, 0
L -3321, 6284, -105, -3316, 6340, -105, 0, 153, 0
L -3316, 6340, -105, -3225, 6357, -105, 0, 153, 0
L -3225, 6357, -105, -3180, 6289, -105, 0, 153, 0
L -3180, 6289, -105, -3204, 6260, -105, 0, 153, 0
L -3204, 6260, -105, -3170, 6190, -105, 0, 153, 0
L -3170, 6190, -105, -3140, 6226, -105, 0, 153, 0
L -3140, 6226, -105, -3085, 6239, -105, 0, 153, 0
L -3085, 6239, -105, -3052, 6203, -105, 0, 153, 0
L -3052, 6203, -105, -3044, 6129, -105, 0, 153, 0
L -3044, 6129, -105, -3005, 6067, -104, 0, 153, 0
L -3005, 6067, -104, -2879, 6060, -107, 0, 153, 0
L -2288, 2177, 1188, -2288, 2177, 119, 0, 153, 0
L -2288, 2177, 119, -2422, 2180, 117, 0, 153, 0
L -2422, 2180, 117, -2494, 2184, 118, 0, 153, 0
L -2494, 2184, 118, -2538, 2209, 118, 0, 153, 0
L -2538, 2209, 118, -2578, 2175, 118, 0, 153, 0
L -2578, 2175, 118, -2600, 2087, 118, 0, 153, 0
L -2600, 2087, 118, -2629, 2052, 118, 0, 153, 0
L -2629, 2052, 118, -2657, 1968, 117, 0, 153, 0
L -2657, 1968, 117, -2763, 1928, 117, 0, 153, 0
L -2763, 1928, 117, -2831, 1905, 118, 0, 153, 0
L -2831, 1905, 118, -2874, 1878, 117, 0, 153, 0
L -2874, 1878, 117, -2866, 1837, 117, 0, 153, 0
L -2866, 1837, 117, -2849, 1710, 117, 0, 153, 0
L -2849, 1710, 117, -2907, 1713, 118, 0, 153, 0
L -2907, 1713, 118, -2967, 1764, 117, 0, 153, 0
L -2967, 1764, 117, -3051, 1764, 118, 0, 153, 0
L -3051, 1764, 118, -3216, 1702, 117, 0, 153, 0
L -3216, 1702, 117, -3252, 1751, 118, 0, 153, 0
L -3252, 1751, 118, -3240, 1840, 117, 0, 153, 0
L -3240, 1840, 117, -3167, 1885, 118, 0, 153, 0
L -3167, 1885, 118, -3118, 1853, 118, 0, 153, 0
L -3118, 1853, 118, -3052, 1835, 117, 0, 153, 0
L -3052, 1835, 117, -2983, 1881, 118, 0, 153, 0
L -2983, 1881, 118, -2962, 1900, 118, 0, 153, 0
L -2962, 1900, 118, -2852, 1931, 118, 0, 153, 0
L -2852, 1931, 118, -2805, 1946, 117, 0, 153, 0
L -2805, 1946, 117, -2689, 1989, 117, 0, 153, 0
L -2689, 1989, 117, -2662, 2061, 118, 0, 153, 0
L -2662, 2061, 118, -2629, 2103, 117, 0, 153, 0
L -2629, 2103, 117, -2612, 2200, 118, 0, 153, 0
L -2612, 2200, 118, -2585, 2230, 117, 0, 153, 0
L -2585, 2230, 117, -2641, 2272, 117, 0, 153, 0
L -2641, 2272, 117, -2657, 2303, 117, 0, 153, 0
L -2657, 2303, 117, -2682, 2420, 118, 0, 153, 0
L -2682, 2420, 118, -2697, 2484, 117, 0, 153, 0
L -2697, 2484, 117, -2719, 2462, 118, 0, 153, 0
L -2719, 2462, 118, -2724, 2405, 117, 0, 153, 0
L -2724, 2405, 117, -2752, 2376, 118, 0, 153, 0
L -2752, 2376, 118, -2820, 2396, 118, 0, 153, 0
L -2820, 2396, 118, -2841, 2472, 117, 0, 153, 0
L -2841, 2472, 117, -2811, 2542, 117, 0, 153, 0
L -2811, 2542, 117, -2744, 2546, 117, 0, 153, 0
L -2744, 2546, 117, -2725, 2521, 117, 0, 153, 0
L -2725, 2521, 117, -2690, 2518, 118, 0, 153, 0
L -2690, 2518, 118, -2671, 2529, 118, 0, 153, 0
L -2671, 2529, 118, -2680, 2599, 118, 0, 153, 0
L -2680, 2599, 118, -2752, 2608, 118, 0, 153, 0
L -2752, 2608, 118, -2811, 2611, 117, 0, 153, 0
L -2811, 2611, 117, -2888, 2597, 118, 0, 153, 0
L -2888, 2597, 118, -2919, 2557, 118, 0, 153, 0
L -2919, 2557, 118, -2898, 2525, 118, 0, 153, 0
L -2898, 2525, 118, -2898, 2401, 118, 0, 153, 0
L -2898, 2401, 118, -2895, 2388, 118, 0, 153, 0
L -2895, 2388, 118, -2857, 2281, 118, 0, 153, 0
L -2857, 2281, 118, -2849, 2210, 118, 0, 153, 0
L -2849, 2210, 118, -2805, 2192, 118, 0, 153, 0
L -2805, 2192, 118, -2754, 2176, 117, 0, 153, 0
L -2754, 2176, 117, -2744, 2144, 118, 0, 153, 0
L -2744, 2144, 118, -2768, 2064, 117, 0, 153, 0
L -2768, 2064, 117, -2774, 2004, 118, 0, 153, 0
L -2774, 2004, 118, -2816, 1979, 117, 0, 153, 0
L -2816, 1979, 117, -2920, 1975, 117, 0, 153, 0
L -2920, 1975, 117, -2953, 2023, 118, 0, 153, 0
L -2953, 2023, 118, -2892, 2081, 118, 0, 153, 0
L -2892, 2081, 118, -2822, 2081, 117, 0, 153, 0
L -2822, 2081, 117, -2783, 2145, 117, 0, 153, 0
L -2783, 2145, 117, -2812, 2151, 118, 0, 153, 0
L -2812, 2151, 118, -2847, 2166, 117, 0, 153, 0
L -2847, 2166, 117, -2881, 2234, 117, 0, 153, 0
L -2881, 2234, 117, -2929, 2308, 118, 0, 153, 0
L -2929, 2308, 118, -2989, 2297, 117, 0, 153, 0
L -2989, 2297, 117, -3067, 2290, 118, 0, 153, 0
L -3067, 2290, 118, -3112, 2265, 118, 0, 153, 0
L -3112, 2265, 118, -3152, 2163, 118, 0, 153, 0
L -3152, 2163, 118, -3107, 2141, 118, 0, 153, 0
L -3107, 2141, 118, -3062, 2091, 118, 0, 153, 0
L -3062, 2091, 118, -3023, 2045, 118, 0, 153, 0
L -3023, 2045, 118, -3076, 1939, 117, 0, 153, 0
L -3076, 1939, 117, -3148, 1929, 117, 0, 153, 0
L -3148, 1929, 117, -3236, 1966, 117, 0, 153, 0
L -3236, 1966, 117, -3237, 2049, 118, 0, 153, 0
L -3237, 2049, 118, -3158, 2068, 118, 0, 153, 0
L -3158, 2068, 118, -3120, 2086, 117, 0, 153, 0
L -3120, 2086, 117, -3114, 2114, 117, 0, 153, 0
L -3114, 2114, 117, -3128, 2132, 118, 0, 153, 0
L -3128, 2132, 118, -3169, 2254, 118, 0, 153, 0
L -3169, 2254, 118, -3137, 2301, 118, 0, 153, 0
L -3137, 2301, 118, -3025, 2318, 118, 0, 153, 0
L -3025, 2318, 118, -2945, 2348, 118, 0, 153, 0
L -2945, 2348, 118, -2949, 2505, 118, 0, 153, 0
L -2949, 2505, 118, -2995, 2549, 118, 0, 153, 0
L -2995, 2549, 118, -3032, 2553, 118, 0, 153, 0
L -3032, 2553, 118, -3067, 2541, 117, 0, 153, 0
L -3067, 2541, 117, -3119, 2527, 118, 0, 153, 0
L -3119, 2527, 118, -3180, 2505, 118, 0, 153, 0
L -3180, 2505, 118, -3248, 2370, 118, 0, 153, 0
L -3248, 2370, 118, -3299, 2346, 118, 0, 153, 0
L -3299, 2346, 118, -3365, 2348, 117, 0, 153, 0
L -3365, 2348, 117, -3376, 2350, 117, 0, 153, 0
L -3376, 2350, 117, -3399, 2285, 117, 0, 153, 0
L -3399, 2285, 117, -3443, 2244, 118, 0, 153, 0
L -3443, 2244, 118, -3421, 2223, 118, 0, 153, 0
L -3421, 2223, 118, -3373, 2186, 117, 0, 153, 0
L -3373, 2186, 117, -3351, 2112, 117, 0, 153, 0
L -3351, 2112, 117, -3351, 2057, 117, 0, 153, 0
L -3351, 2057, 117, -3383, 1995, 118, 0, 153, 0
L -3383, 1995, 118, -3441, 1976, 118, 0, 153, 0
L -3441, 1976, 118, -3506, 1989, 117, 0, 153, 0
L -3506, 1989, 117, -3542, 2008, 118, 0, 153, 0
L -3542, 2008, 118, -3593, 2037, 117, 0, 153, 0
L -3593, 2037, 117, -3659, 2039, 117, 0, 153, 0
L -3659, 2039, 117, -3700, 1991, 118, 0, 153, 0
L -3700, 1991, 118, -3697, 1922, 117, 0, 153, 0
L -3697, 1922, 117, -3681, 1865, 117, 0, 153, 0
L -3681, 1865, 117, -3570, 1881, 117, 0, 153, 0
L -3570, 1881, 117, -3395, 1872, 118, 0, 153, 0
L -3395, 1872, 118, -3310, 1790, 118, 0, 153, 0
L -3310, 1790, 118, -3310, 1774, 117, 0, 153, 0
L -3310, 1774, 117, -3305, 1663, 117, 0, 153, 0
L -3305, 1663, 117, -3286, 1612, 117, 0, 153, 0
L -3286, 1612, 117, -3227, 1603, 118, 0, 153, 0
L -3227, 1603, 118, -3200, 1612, 118, 0, 153, 0
L -3200, 1612, 118, -3140, 1660, 117, 0, 153, 0
L -3140, 1660, 117, -3059, 1723, 117, 0, 153, 0
L -3059, 1723, 117, -2981, 1708, 118, 0, 153, 0
L -2981, 1708, 118, -2871, 1634, 117, 0, 153, 0
L -2871, 1634, 117, -2803, 1597, 117, 0, 153, 0
L -2803, 1597, 117, -2773, 1613, 118, 0, 153, 0
L -2773, 1613, 118, -2816, 1771, 118, 0, 153, 0
L -2816, 1771, 118, -2812, 1857, 117, 0, 153, 0
L -2812, 1857, 117, -2770, 1872, 118, 0, 153, 0
L -2770, 1872, 118, -2656, 1877, 117, 0, 153, 0
L -2656, 1877, 117, -2584, 1834, 118, 0, 153, 0
L -2584, 1834, 118, -2532, 1848, 118, 0, 153, 0
L -2532, 1848, 118, -2550, 1883, 118, 0, 153, 0
L -2550, 1883, 118, -2547, 1936, 118, 0, 153, 0
L -2547, 1936, 118, -2542, 1963, 118, 0, 153, 0
L -2542, 1963, 118, -2432, 1947, 118, 0, 153, 0
L -2432, 1947, 118, -2409, 1879, 118, 0, 153, 0
L -2409, 1879, 118, -2354, 1824, 118, 0, 153, 0
L -2354, 1824, 118, -2358, 1730, 118, 0, 153, 0
L -2358, 1730, 118, -2412, 1709, 117, 0, 153, 0
L -2412, 1709, 117, -2464, 1751, 117, 0, 153, 0
L -2464, 1751, 117, -2515, 1815, 118, 0, 153, 0
L -2515, 1815, 118, -2561, 1803, 117, 0, 153, 0
L -2561, 1803, 117, -2592, 1724, 117, 0, 153, 0
L -2592, 1724, 117, -2611, 1675, 118, 0, 153, 0
L -2611, 1675, 118, -2581, 1653, 118, 0, 153, 0
L -2581, 1653, 118, -2552, 1668, 117, 0, 153, 0
L -2552, 1668, 117, -2464, 1682, 117, 0, 153, 0
L -2464, 1682, 117, -2370, 1649, 118, 0, 153, 0
L -2370, 1649, 118, -2325, 1645, 117, 0, 153, 0
L -2325, 1645, 117, -2279, 1645, 117, 0, 153, 0
L -2279, 1645, 117, -2162, 1595, 117, 0, 153, 0
L -2162, 1595, 117, -2125, 1622, 117, 0, 153, 0
L -2125, 1622, 117, -2166, 1663, 117, 0, 153, 0
L -2166, 1663, 117, -2201, 1713, 118, 0, 153, 0
L -2201, 1713, 118, -2124, 1761, 118, 0, 153, 0
L -2124, 1761, 118, -2096, 1714, 118, 0, 153, 0
L -2096, 1714, 118, -2019, 1666, 117, 0, 153, 0
L -2019, 1666, 117, -1989, 1598, 117, 0, 153, 0
L -1989, 1598, 117, -2040, 1581, 118, 0, 153, 0
L -2040, 1581, 118, -2120, 1565, 118, 0, 153, 0
L -2120, 1565, 118, -2063, 1504, 117, 0, 153, 0
L -2063, 1504, 117, -2029, 1422, 118, 0, 153, 0
L -2029, 1422, 118, -2020, 1406, 118, 0, 153, 0
L -2020, 1406, 118, -1980, 1388, 117, 0, 153, 0
L -1980, 1388, 117, -1935, 1420, 124, 0, 153, 0
L -1935, 1420, 124, -1924, 1435, 129, 0, 153, 0
L -1924, 1435, 129, -1869, 1491, 148, 0, 153, 0
L -1869, 1491, 148, -1809, 1515, 169, 0, 153, 0
L -1809, 1515, 169, -1679, 1519, 191, 0, 153, 0
L -1679, 1488, 1945, -1679, 1488, 194, 0, 153, 0
L -1679, 1488, 194, -1797, 1489, 184, 0, 153, 0
L -1797, 1489, 184, -1833, 1475, 157, 0, 153, 0
L -1833, 1475, 157, -1879, 1435, 138, 0, 153, 0
L -1879, 1435, 138, -1923, 1380, 131, 0, 153, 0
L -1923, 1380, 131, -2004, 1353, 118, 0, 153, 0
L -2004, 1353, 118, -2053, 1391, 117, 0, 153, 0
L -2053, 1391, 117, -2080, 1470, 118, 0, 153, 0
L -2080, 1470, 118, -2161, 1548, 117, 0, 153, 0
L -2161, 1548, 117, -2216, 1583, 117, 0, 153, 0
L -2216, 1583, 117, -2307, 1606, 117, 0, 153, 0
L -2307, 1606, 117, -2356, 1524, 117, 0, 153, 0
L -2356, 1524, 117, -2338, 1435, 117, 0, 153, 0
L -2338, 1435, 117, -2308, 1397, 117, 0, 153, 0
L -2308, 1397, 117, -2341, 1348, 117, 0, 153, 0
L -2341, 1348, 117, -2450, 1333, 118, 0, 153, 0
L -2450, 1333, 118, -2533, 1381, 117, 0, 153, 0
L -2533, 1381, 117, -2540, 1410, 117, 0, 153, 0
L -2540, 1410, 117, -2523, 1509, 117, 0, 153, 0
L -2523, 1509, 117, -2456, 1521, 117, 0, 153, 0
L -2456, 1521, 117, -2389, 1621, 117, 0, 153, 0
L -2389, 1621, 117, -2444, 1645, 117, 0, 153, 0
L -2444, 1645, 117, -2550, 1619, 117, 0, 153, 0
L -2550, 1619, 117, -2590, 1613, 117, 0, 153, 0
L -2590, 1613, 117, -2653, 1660, 118, 0, 153, 0
L -2653, 1660, 118, -2622, 1727, 117, 0, 153, 0
L -2622, 1727, 117, -2608, 1807, 117, 0, 153, 0
L -2608, 1807, 117, -2649, 1845, 117, 0, 153, 0
L -2649, 1845, 117, -2716, 1850, 117, 0, 153, 0
L -2716, 1850, 117, -2752, 1840, 117, 0, 153, 0
L -2752, 1840, 117, -2751, 1717, 117, 0, 153, 0
L -2751, 1717, 117, -2721, 1624, 118, 0, 153, 0
L -2721, 1624, 118, -2751, 1579, 117, 0, 153, 0
L -2751, 1579, 117, -2821, 1565, 117, 0, 153, 0
L -2821, 1565, 117, -2892, 1606, 117, 0, 153, 0
L -2892, 1606, 117, -2984, 1680, 117, 0, 153, 0
L -2984, 1680, 117, -3022, 1685, 117, 0, 153, 0
L -3022, 1685, 117, -3112, 1637, 117, 0, 153, 0
L -3112, 1637, 117, -3162, 1588, 118, 0, 153, 0
L -3162, 1588, 118, -3211, 1571, 117, 0, 153, 0
L -3211, 1571, 117, -3307, 1585, 117, 0, 153, 0
L -3307, 1585, 117, -3330, 1623, 117, 0, 153, 0
L -3330, 1623, 117, -3348, 1753, 118, 0, 153, 0
L -3348, 1753, 118, -3387, 1805, 117, 0, 153, 0
L -3387, 1805, 117, -3514, 1847, 117, 0, 153, 0
L -3514, 1847, 117, -3672, 1819, 117, 0, 153, 0
L -3672, 1819, 117, -3684, 1758, 118, 0, 153, 0
L -3684, 1758, 118, -3677, 1727, 117, 0, 153, 0
L -3677, 1727, 117, -3659, 1620, 117, 0, 153, 0
L -3659, 1620, 117, -3629, 1592, 117, 0, 153, 0
L -3629, 1592, 117, -3539, 1535, 117, 0, 153, 0
L -3539, 1535, 117, -3449, 1461, 117, 0, 153, 0
L -3449, 1461, 117, -3361, 1315, 117, 0, 153, 0
L -3361, 1315, 117, -3180, 1288, 117, 0, 153, 0
L -3180, 1288, 117, -3143, 1305, 117, 0, 153, 0
L -3143, 1305, 117, -3132, 1404, 117, 0, 153, 0
L -3132, 1404, 117, -3184, 1434, 117, 0, 153, 0
L -3184, 1434, 117, -3162, 1499, 117, 0, 153, 0
L -3162, 1499, 117, -3075, 1499, 117, 0, 153, 0
L -3075, 1499, 117, -3052, 1445, 117, 0, 153, 0
L -3052, 1445, 117, -3084, 1404, 117, 0, 153, 0
L -3084, 1404, 117, -3106, 1312, 117, 0, 153, 0
L -3106, 1312, 117, -3088, 1272, 117, 0, 153, 0
L -3088, 1272, 117, -2990, 1208, 117, 0, 153, 0
L -2990, 1208, 117, -2938, 1178, 117, 0, 153, 0
L -2938, 1178, 117, -2848, 1169, 117, 0, 153, 0
L -2848, 1169, 117, -2806, 1223, 117, 0, 153, 0
L -2806, 1223, 117, -2644, 1305, 118, 0, 153, 0
L -2644, 1305, 118, -2637, 1366, 118, 0, 153, 0
L -2637, 1366, 118, -2723, 1394, 117, 0, 153, 0
L -2723, 1394, 117, -2738, 1344, 118, 0, 153, 0
L -2738, 1344, 118, -2810, 1291, 118, 0, 153, 0
L -2810, 1291, 118, -2891, 1332, 117, 0, 153, 0
L -2891, 1332, 117, -2915, 1426, 118, 0, 153, 0
L -2915, 1426, 118, -2858, 1478, 117, 0, 153, 0
L -2858, 1478, 117, -2751, 1476, 118, 0, 153, 0
L -2751, 1476, 118, -2722, 1433, 117, 0, 153, 0
L -2722, 1433, 117, -2686, 1421, 117, 0, 153, 0
L -2686, 1421, 117, -2596, 1375, 117, 0, 153, 0
L -2596, 1375, 117, -2616, 1280, 118, 0, 153, 0
L -2616, 1280, 118, -2659, 1252, 117, 0, 153, 0
L -2659, 1252, 117, -2762, 1195, 117, 0, 153, 0
L -2762, 1195, 117, -2785, 1164, 117, 0, 153, 0
L -2785, 1164, 117, -2779, 1105, 117, 0, 153, 0
L -2779, 1105, 117, -2640, 1035, 117, 0, 153, 0
L -2640, 1035, 117, -2433, 1012, 117, 0, 153, 0
L -2433, 1012, 117, -2438, 1066, 117, 0, 153, 0
L -2438, 1066, 117, -2525, 1086, 118, 0, 153, 0
L -2525, 1086, 118, -2527, 1131, 117, 0, 153, 0
L -2527, 1131, 117, -2514, 1197, 117, 0, 153, 0
L -2514, 1197, 117, -2405, 1219, 118, 0, 153, 0
L -2405, 1219, 118, -2369, 1180, 117, 0, 153, 0
L -2369, 1180, 117, -2373, 1108, 118, 0, 153, 0
L -2373, 1108, 118, -2405, 1080, 117, 0, 153, 0
L -2405, 1080, 117, -2403, 1010, 118, 0, 153, 0
L -2403, 1010, 118, -2225, 959, 117, 0, 153, 0
L -2225, 959, 117, -2225, 990, 118, 0, 153, 0
L -2225, 990, 118, -2298, 1063, 139, 0, 153, 0
L -2298, 1063, 139, -2322, 1115, 139, 0, 153, 0
L -2322, 1115, 139, -2315, 1148, 139, 0, 153, 0
L -2315, 1148, 139, -2230, 1208, 139, 0, 153, 0
L -2230, 1208, 139, -2148, 1195, 146, 0, 153, 0
L -2148, 1195, 146, -2075, 1163, 159, 0, 153, 0
L -2075, 1163, 159, -2004, 1018, 186, 0, 153, 0
L -2004, 1018, 186, -1991, 948, 187, 0, 153, 0
L -1991, 948, 187, -1939, 986, 220, 0, 153, 0
L -1939, 986, 220, -1889, 972, 228, 0, 153, 0
L -1889, 972, 228, -1820, 912, 276, 0, 153, 0
L -1820, 912, 276, -1683, 913, 356, 0, 153, 0
L -1683, 887, 3583, -1683, 887, 358, 0, 153, 0
L -1683, 887, 358, -1842, 888, 276, 0, 153, 0
L -1842, 888, 276, -1922, 955, 222, 0, 153, 0
L -1922, 955, 222, -2022, 892, 186, 0, 153, 0
L -2022, 892, 186, -2043, 1010, 186, 0, 153, 0
L -2043, 1010, 186, -2104, 1142, 159, 0, 153, 0
L -2104, 1142, 159, -2188, 1177, 151, 0, 153, 0
L -2188, 1177, 151, -2267, 1142, 139, 0, 153, 0
L -2267, 1142, 139, -2196, 1035, 118, 0, 153, 0
L -2196, 1035, 118, -2105, 988, 118, 0, 153, 0
L -2105, 988, 118, -2120, 937, 118, 0, 153, 0
L -2120, 937, 118, -2250, 937, 118, 0, 153, 0
L -2250, 937, 118, -2465, 987, 117, 0, 153, 0
L -2465, 987, 117, -2616, 987, 118, 0, 153, 0
L -2616, 987, 118, -2927, 1134, 117, 0, 153, 0
L -2927, 1134, 117, -3108, 1236, 118, 0, 153, 0
L -3108, 1236, 118, -3234, 1265, 118, 0, 153, 0
L -3234, 1265, 118, -3339, 1269, 117, 0, 153, 0
L -3339, 1269, 117, -3314, 1102, 117, 0, 153, 0
L -3314, 1102, 117, -3314, 1100, 118, 0, 153, 0
L -3314, 1100, 118, -3244, 1039, 117, 0, 153, 0
L -3244, 1039, 117, -3258, 976, 117, 0, 153, 0
L -3258, 976, 117, -3368, 971, 118, 0, 153, 0
L -3368, 971, 118, -3394, 993, 117, 0, 153, 0
L -3394, 993, 117, -3400, 1054, 117, 0, 153, 0
L -3400, 1054, 117, -3378, 1086, 117, 0, 153, 0
L -3378, 1086, 117, -3366, 1164, 117, 0, 153, 0
L -3366, 1164, 117, -3381, 1264, 117, 0, 153, 0
L -3381, 1264, 117, -3446, 1404, 117, 0, 153, 0
L -3446, 1404, 117, -3532, 1481, 117, 0, 153, 0
L -3532, 1481, 117, -3637, 1544, 117, 0, 153, 0
L -3637, 1544, 117, -3698, 1570, 118, 0, 153, 0
L -3698, 1570, 118, -3712, 1641, 117, 0, 153, 0
L -3712, 1641, 117, -3718, 1736, 118, 0, 153, 0
L -3718, 1736, 118, -3764, 1826, 118, 0, 153, 0
L -3764, 1826, 118, -3880, 1839, 117, 0, 153, 0
L -3880, 1839, 117, -3967, 1755, 118, 0, 153, 0
L -3967, 1755, 118, -4124, 1744, 117, 0, 153, 0
L -4124, 1744, 117, -4196, 1835, 118, 0, 153, 0
L -4196, 1835, 118, -4163, 1993, 117, 0, 153, 0
L -4163, 1993, 117, -4066, 2039, 117, 0, 153, 0
L -4066, 2039, 117, -4009, 2036, 117, 0, 153, 0
L -4009, 2036, 117, -3936, 1986, 118, 0, 153, 0
L -3936, 1986, 118, -3866, 1902, 117, 0, 153, 0
L -3866, 1902, 117, -3780, 1891, 117, 0, 153, 0
L -3780, 1891, 117, -3738, 1959, 118, 0, 153, 0
L -3738, 1959, 118, -3731, 2039, 117, 0, 153, 0
L -3731, 2039, 117, -3701, 2073, 118, 0, 153, 0
L -3701, 2073, 118, -3638, 2084, 117, 0, 153, 0
L -3638, 2084, 117, -3537, 2068, 118, 0, 153, 0
L -3537, 2068, 118, -3490, 2025, 118, 0, 153, 0
L -3490, 2025, 118, -3430, 2031, 118, 0, 153, 0
L -3430, 2031, 118, -3398, 2073, 117, 0, 153, 0
L -3398, 2073, 117, -3398, 2152, 117, 0, 153, 0
L -3398, 2152, 117, -3429, 2185, 118, 0, 153, 0
L -3429, 2185, 118, -3452, 2198, 117, 0, 153, 0
L -3452, 2198, 117, -3547, 2281, 118, 0, 153, 0
L -3547, 2281, 118, -3618, 2329, 117, 0, 153, 0
L -3618, 2329, 117, -3643, 2406, 117, 0, 153, 0
L -3643, 2406, 117, -3728, 2413, 117, 0, 153, 0
L -3728, 2413, 117, -3760, 2422, 117, 0, 153, 0
L -3760, 2422, 117, -3756, 2483, 117, 0, 153, 0
L -3756, 2483, 117, -3683, 2529, 118, 0, 153, 0
L -3683, 2529, 118, -3634, 2530, 117, 0, 153, 0
L -3634, 2530, 117, -3579, 2522, 118, 0, 153, 0
L -3579, 2522, 118, -3556, 2461, 118, 0, 153, 0
L -3556, 2461, 118, -3601, 2416, 118, 0, 153, 0
L -3601, 2416, 118, -3584, 2338, 118, 0, 153, 0
L -3584, 2338, 118, -3518, 2302, 118, 0, 153, 0
L -3518, 2302, 118, -3433, 2314, 118, 0, 153, 0
L -3433, 2314, 118, -3412, 2361, 118, 0, 153, 0
L -3412, 2361, 118, -3468, 2395, 117, 0, 153, 0
L -3468, 2395, 117, -3460, 2489, 118, 0, 153, 0
L -3460, 2489, 118, -3406, 2516, 117, 0, 153, 0
L -3406, 2516, 117, -3243, 2513, 118, 0, 153, 0
L -3243, 2513, 118, -3113, 2563, 117, 0, 153, 0
L -3113, 2563, 117, -3151, 2641, 118, 0, 153, 0
L -3151, 2641, 118, -3243, 2661, 117, 0, 153, 0
L -3243, 2661, 117, -3261, 2688, 117, 0, 153, 0
L -3261, 2688, 117, -3259, 2757, 117, 0, 153, 0
L -3259, 2757, 117, -3187, 2778, 117, 0, 153, 0
L -3187, 2778, 117, -3076, 2754, 117, 0, 153, 0
L -3076, 2754, 117, -3053, 2690, 117, 0, 153, 0
L -3053, 2690, 117, -3087, 2647, 117, 0, 153, 0
L -3087, 2647, 117, -3071, 2582, 118, 0, 153, 0
L -3071, 2582, 118, -2974, 2598, 118, 0, 153, 0
L -2974, 2598, 118, -2921, 2637, 117, 0, 153, 0
L -2921, 2637, 117, -2767, 2646, 117, 0, 153, 0
L -2767, 2646, 117, -2651, 2630, 117, 0, 153, 0
L -2651, 2630, 117, -2609, 2521, 117, 0, 153, 0
L -2609, 2521, 117, -2643, 2427, 118, 0, 153, 0
L -2643, 2427, 118, -2619, 2305, 118, 0, 153, 0
L -2619, 2305, 118, -2538, 2267, 117, 0, 153, 0
L -2538, 2267, 117, -2497, 2252, 117, 0, 153, 0
L -2497, 2252, 117, -2428, 2210, 118, 0, 153, 0
L -2428, 2210, 118, -2288, 2210, 118, 0, 153, 0
L -4030, 2426, 3726, -4030, 2426, 372, 153, 153, 153
L -4030, 2426, 372, -3998, 2493, 370, 153, 153, 153
L -3998, 2493, 370, -3966, 2590, 359, 153, 153, 153
L -3966, 2590, 359, -4237, 2994, 323, 153, 153, 153
L -4237, 2994, 323, -4338, 3146, 308, 153, 153, 153
L -4338, 3146, 308, -4429, 3283, 296, 153, 153, 153
L -4429, 3283, 296, -4534, 3591, 277, 153, 153, 153
L -4534, 3591, 277, -4543, 3870, 261, 153, 153, 153
L -4543, 3870, 261, -4548, 4055, 247, 153, 153, 153
L -4548, 4055, 247, -4538, 4295, 260, 153, 153, 153
L -4538, 4295, 260, -4566, 4674, 260, 153, 153, 153
L -4566, 4674, 260, -4572, 4940, 306, 153, 153, 153
L -4572, 4940, 306, -4509, 5031, 291, 153, 153, 153
L -4509, 5031, 291, -4421, 5159, 275, 153, 153, 153
L -4421, 5159, 275, -4314, 5315, 260, 153, 153, 153
L -4314, 5315, 260, -4036, 5717, 219, 153, 153, 153
L -4036, 5717, 219, -3897, 5734, 265, 153, 153, 153
L -3897, 5734, 265, -3772, 5708, 269, 153, 153, 153
L -3772, 5708, 269, -3569, 5667, 298, 153, 153, 153
L -3569, 5667, 298, -3340, 5709, 282, 153, 153, 153
L -3340, 5709, 282, -3260, 5869, 306, 153, 153, 153
L -3260, 5869, 306, -3267, 6120, 305, 153, 153, 153
L -3267, 6120, 305, -3271, 6473, 282, 153, 153, 153
L -3271, 6473, 282, -3277, 6748, 268, 153, 153, 153
L -3277, 6748, 268, -3270, 6894, 251, 153, 153, 153
L -3270, 6894, 251, -3196, 6932, 240, 153, 153, 153
L -3196, 6932, 240, -3111, 6977, 235, 153, 153, 153
L -3111, 6977, 235, -2842, 7202, 55, 153, 153, 153
L -2842, 7202, 55, -2605, 7458, -97, 153, 153, 153
L -2605, 7458, -97, -2505, 7566, -219, 153, 153, 153
L -2505, 7566, -219, -2432, 7611, -234, 153, 153, 153
L -2432, 7611, -234, -2290, 7658, -296, 153, 153, 153
L -2290, 7658, -296, -2173, 7696, -377, 153, 153, 153
L -2173, 7696, -377, -1959, 7766, -352, 153, 153, 153
L -1959, 7766, -352, -1722, 7844, -407, 153, 153, 153
L -1722, 7844, -407, -1621, 7867, -374, 153, 153, 153
L -1621, 7867, -374, -1559, 7878, -360, 153, 153, 153
L -1559, 7878, -360, -1517, 7885, -376, 153, 153, 153
L -1517, 7885, -376, -1423, 7902, -389, 153, 153, 153
L -1423, 7902, -389, -1270, 7929, -407, 153, 153, 153
L -1270, 7929, -407, -1025, 7972, -472, 153, 153, 153
L -1025, 7972, -472, -777, 8021, -529, 153, 153, 153
L -777, 8021, -529, -255, 8140, -646, 153, 153, 153
L -255, 8140, -646, 32, 8224, -710, 153, 153, 153
L 32, 8224, -710, 485, 8208, -767, 153, 153, 153
L 485, 8208, -767, 817, 8150, -637, 153, 153, 153
L 817, 8150, -637, 1127, 8095, -521, 153, 153, 153
L 1127, 8095, -521, 1370, 7998, -491, 153, 153, 153
L 1370, 7998, -491, 1596, 8013, -319, 153, 153, 153
L 1596, 8013, -319, 1662, 8001, -316, 153, 153, 153
L 1662, 8001, -316, 1663, 7887, -285, 153, 153, 153
L 1663, 7887, -285, 1752, 7986, -262, 153, 153, 153
L 1752, 7986, -262, 1757, 7949, -267, 153, 153, 153
L 1757, 7949, -267, 1820, 7938, -274, 153, 153, 153
L 1820, 7938, -274, 1841, 7910, -269, 153, 153, 153
L 1841, 7910, -269, 1903, 7830, -251, 153, 153, 153
L 1903, 7830, -251, 1914, 7806, -245, 153, 153, 153
L 1914, 7806, -245, 2025, 7732, -182, 153, 153, 153
L 2025, 7732, -182, 2082, 7664, -154, 153, 153, 153
L 2082, 7664, -154, 2120, 7614, -143, 153, 153, 153
L 2120, 7614, -143, 2227, 7491, -36, 153, 153, 153
L 2227, 7491, -36, 2300, 7406, -5, 153, 153, 153
L 2300, 7406, -5, 2362, 7332, -13, 153, 153, 153
L 2362, 7332, -13, 2666, 7228, -84, 153, 153, 153
L 2666, 7228, -84, 2939, 7222, -127, 153, 153, 153
L 2939, 7222, -127, 3264, 7274, -212, 153, 153, 153
L 3264, 7274, -212, 3387, 7294, -213, 153, 153, 153
L 3387, 7294, -213, 3477, 7251, -223, 153, 153, 153
L 3477, 7251, -223, 3520, 7191, -245, 153, 153, 153
L 3520, 7191, -245, 3584, 7102, -232, 153, 153, 153
L 3584, 7102, -232, 3735, 6891, -175, 153, 153, 153
L 2408, 3042, 2428, 2408, 3042, 242, 153, 153, 153
L 2408, 3042, 242, 2411, 3042, 242, 153, 153, 153
L 2411, 3042, 242, 2415, 3048, 242, 153, 153, 153
L 2415, 3048, 242, 2492, 3048, 242, 153, 153, 153
L 2492, 3048, 242, 2492, 3044, 242, 153, 153, 153
L 2492, 3044, 242, 2524, 3041, 242, 153, 153, 153
L 2524, 3041, 242, 2526, 3072, 241, 153, 153, 153
L 2526, 3072, 241, 2495, 3075, 241, 153, 153, 153
L 2495, 3075, 241, 2492, 3068, 241, 153, 153, 153
L 2492, 3068, 241, 2422, 3068, 240, 153, 153, 153
L 2422, 3068, 240, 2415, 3074, 239, 153, 153, 153
L 2415, 3074, 239, 2381, 3076, 239, 153, 153, 153
L 2381, 3076, 239, 2380, 3044, 241, 153, 153, 153
L 2380, 3044, 241, 2387, 3042, 242, 153, 153, 153
L 2387, 3042, 242, 2387, 2966, 250, 153, 153, 153
L 2387, 2966, 250, 2380, 2934, 252, 153, 153, 153
L 2380, 2934, 252, 2387, 2931, 253, 153, 153, 153
L 2387, 2931, 253, 2387, 2857, 262, 153, 153, 153
L 2387, 2857, 262, 2382, 2853, 265, 153, 153, 153
L 2382, 2853, 265, 2380, 2818, 268, 153, 153, 153
L 2380, 2818, 268, 2386, 2819, 268, 153, 153, 153
L 2386, 2819, 268, 2386, 2654, 288, 153, 153, 153
L 2386, 2654, 288, 2381, 2618, 292, 153, 153, 153
L 2381, 2618, 292, 2412, 2620, 292, 153, 153, 153
L 2412, 2620, 292, 2414, 2627, 291, 153, 153, 153
L 2414, 2627, 291, 2478, 2627, 289, 153, 153, 153
L 2478, 2627, 289, 2492, 2622, 291, 153, 153, 153
L 2492, 2622, 291, 2527, 2623, 290, 153, 153, 153
L 2527, 2623, 290, 2526, 2656, 291, 153, 153, 153
L 2526, 2656, 291, 2492, 2654, 291, 153, 153, 153
L 2492, 2654, 291, 2492, 2648, 291, 153, 153, 153
L 2492, 2648, 291, 2414, 2648, 289, 153, 153, 153
L 2414, 2648, 289, 2413, 2654, 288, 153, 153, 153
L 2413, 2654, 288, 2407, 2654, 288, 153, 153, 153
L 2407, 2654, 288, 2407, 2819, 268, 153, 153, 153
L 2407, 2819, 268, 2415, 2820, 268, 153, 153, 153
L 2415, 2820, 268, 2416, 2849, 264, 153, 153, 153
L 2416, 2849, 264, 2412, 2855, 265, 153, 153, 153
L 2412, 2855, 265, 2408, 2931, 253, 153, 153, 153
L 2408, 2931, 253, 2413, 2931, 253, 153, 153, 153
L 2413, 2931, 253, 2415, 2963, 250, 153, 153, 153
L 2415, 2963, 250, 2408, 2966, 250, 153, 153, 153
L 2408, 2966, 250, 2408, 3042, 242, 153, 153, 153
L 2728, 3049, 2430, 2728, 3049, 243, 153, 153, 153
L 2728, 3049, 243, 2807, 3049, 243, 153, 153, 153
L 2807, 3049, 243, 2808, 3043, 244, 153, 153, 153
L 2808, 3043, 244, 2814, 3042, 243, 153, 153, 153
L 2814, 3042, 243, 2814, 3009, 245, 153, 153, 153
L 2814, 3009, 245, 2810, 2966, 253, 153, 153, 153
L 2810, 2966, 253, 2804, 2941, 253, 153, 153, 153
L 2804, 2941, 253, 2811, 2931, 253, 153, 153, 153
L 2811, 2931, 253, 2811, 2853, 265, 153, 153, 153
L 2811, 2853, 265, 2807, 2853, 265, 153, 153, 153
L 2807, 2853, 265, 2804, 2822, 267, 153, 153, 153
L 2804, 2822, 267, 2811, 2819, 268, 153, 153, 153
L 2811, 2819, 268, 2811, 2690, 284, 153, 153, 153
L 2811, 2690, 284, 2806, 2654, 288, 153, 153, 153
L 2806, 2654, 288, 2803, 2648, 289, 153, 153, 153
L 2803, 2648, 289, 2725, 2648, 290, 153, 153, 153
L 2725, 2648, 290, 2724, 2652, 291, 153, 153, 153
L 2724, 2652, 291, 2693, 2655, 291, 153, 153, 153
L 2693, 2655, 291, 2690, 2621, 292, 153, 153, 153
L 2690, 2621, 292, 2721, 2620, 292, 153, 153, 153
L 2721, 2620, 292, 2725, 2627, 291, 153, 153, 153
L 2725, 2627, 291, 2802, 2627, 291, 153, 153, 153
L 2802, 2627, 291, 2804, 2625, 291, 153, 153, 153
L 2804, 2625, 291, 2837, 2620, 292, 153, 153, 153
L 2837, 2620, 292, 2839, 2653, 288, 153, 153, 153
L 2839, 2653, 288, 2837, 2655, 288, 153, 153, 153
L 2837, 2655, 288, 2832, 2765, 275, 153, 153, 153
L 2832, 2765, 275, 2836, 2819, 268, 153, 153, 153
L 2836, 2819, 268, 2839, 2847, 265, 153, 153, 153
L 2839, 2847, 265, 2832, 2854, 264, 153, 153, 153
L 2832, 2854, 264, 2832, 2904, 257, 153, 153, 153
L 2832, 2904, 257, 2837, 2931, 253, 153, 153, 153
L 2837, 2931, 253, 2839, 2960, 253, 153, 153, 153
L 2839, 2960, 253, 2836, 2966, 254, 153, 153, 153
L 2836, 2966, 254, 2835, 3032, 244, 153, 153, 153
L 2835, 3032, 244, 2842, 3043, 244, 153, 153, 153
L 2842, 3043, 244, 2842, 3072, 243, 153, 153, 153
L 2842, 3072, 243, 2813, 3076, 243, 153, 153, 153
L 2813, 3076, 243, 2803, 3071, 242, 153, 153, 153
L 2803, 3071, 242, 2780, 3070, 240, 153, 153, 153
L 2780, 3070, 240, 2728, 3076, 243, 153, 153, 153
L 2728, 3076, 243, 2696, 3077, 242, 153, 153, 153
L 2696, 3077, 242, 2694, 3045, 242, 153, 153, 153
L 2694, 3045, 242, 2729, 3044, 243, 153, 153, 153
L 2729, 3044, 243, 2728, 3049, 242, 153, 153, 153
L 2621, 2828, 2801, 2621, 2828, 280, 153, 153, 153
L 2621, 2828, 280, 2645, 2828, 280, 153, 153, 153
L 2645, 2828, 280, 2695, 2891, 280, 153, 153, 153
L 2695, 2891, 280, 2677, 2969, 280, 153, 153, 153
L 2677, 2969, 280, 2605, 3004, 280, 153, 153, 153
L 2605, 3004, 280, 2532, 2969, 280, 153, 153, 153
L 2532, 2969, 280, 2515, 2890, 280, 153, 153, 153
L 2515, 2890, 280, 2564, 2828, 280, 153, 153, 153
L 2564, 2828, 280, 2587, 2828, 280, 153, 153, 153
L 2587, 2828, 280, 2590, 2830, 280, 153, 153, 153
L 2590, 2830, 280, 2592, 2829, 280, 153, 153, 153
L 2592, 2829, 280, 2594, 2817, 280, 153, 153, 153
L 2594, 2817, 280, 2563, 2819, 280, 153, 153, 153
L 2563, 2819, 280, 2506, 2886, 280, 153, 153, 153
L 2506, 2886, 280, 2505, 2887, 280, 153, 153, 153
L 2505, 2887, 280, 2526, 2976, 279, 153, 153, 153
L 2526, 2976, 279, 2604, 3014, 256, 153, 153, 153
L 2604, 3014, 256, 2682, 2976, 256, 153, 153, 153
L 2682, 2976, 256, 2704, 2888, 280, 153, 153, 153
L 2704, 2888, 280, 2650, 2820, 280, 153, 153, 153
L 2650, 2820, 280, 2622, 2819, 280, 153, 153, 153
L 2622, 2819, 280, 2622, 2817, 280, 153, 153, 153
L 2622, 2817, 280, 2616, 2817, 280, 153, 153, 153
L 2616, 2817, 280, 2613, 2826, 280, 153, 153, 153
L 2613, 2826, 280, 2618, 2831, 280, 153, 153, 153
L 2618, 2831, 280, 2621, 2828, 280, 153, 153, 153
L 2800, 1856, -424, 2800, 1856, -42, 153, 153, 153
L 2800, 1856, -42, 2741, 1855, -42, 153, 153, 153
L 2741, 1855, -42, 2743, 1802, -36, 153, 153, 153
L 2743, 1802, -36, 2793, 1800, -35, 153, 153, 153
L 2793, 1800, -35, 2797, 1849, -37, 153, 153, 153
L 2797, 1849, -37, 2799, 1858, -39, 153, 153, 153
L 2798, 1923, -485, 2798, 1923, -48, 153, 153, 153
L 2798, 1923, -48, 2801, 1985, -53, 153, 153, 153
L 2801, 1985, -53, 2745, 1988, -53, 153, 153, 153
L 2745, 1988, -53, 2740, 1926, -48, 153, 153, 153
L 2740, 1926, -48, 2799, 1923, -48, 153, 153, 153
L 2660, 1854, -423, 2660, 1854, -42, 153, 153, 153
L 2660, 1854, -42, 2608, 1855, -42, 153, 153, 153
L 2608, 1855, -42, 2605, 1802, -34, 153, 153, 153
L 2605, 1802, -34, 2656, 1797, -31, 153, 153, 153
L 2656, 1797, -31, 2660, 1855, -40, 153, 153, 153
L 2660, 1925, -486, 2660, 1925, -48, 153, 153, 153
L 2660, 1925, -48, 2662, 1986, -53, 153, 153, 153
L 2662, 1986, -53, 2603, 1989, -53, 153, 153, 153
L 2603, 1989, -53, 2601, 1927, -48, 153, 153, 153
L 2601, 1927, -48, 2660, 1926, -48, 153, 153, 153
L 132, 44, 922, 132, 44, 92, 0, 0, 255
L 132, 44, 92, 85, 49, 91, 0, 0, 255
L 85, 49, 91, 80, 55, 90, 0, 0, 255
L 80, 55, 90, 85, 80, 91, 0, 0, 255
L 85, 80, 91, 89, 107, 92, 0, 0, 255
L 89, 107, 92, 89, 147, 94, 0, 0, 255
L 89, 147, 94, 84, 168, 93, 0, 0, 255
L 84, 168, 93, 92, 199, 94, 0, 0, 255
L 92, 199, 94, 93, 218, 94, 0, 0, 255
L 93, 218, 94, 85, 271, 94, 0, 0, 255
L 85, 271, 94, 91, 324, 95, 0, 0, 255
L 91, 324, 95, 86, 341, 95, 0, 0, 255
L 86, 341, 95, 68, 358, 91, 0, 0, 255
L 68, 358, 91, 35, 374, 87, 0, 0, 255
L 35, 374, 87, 1, 406, 81, 0, 0, 255
L 1, 406, 81, -9, 441, 77, 0, 0, 255
L -9, 441, 77, -9, 488, 73, 0, 0, 255
L -9, 488, 73, -9, 549, 73, 0, 0, 255
L -9, 549, 73, -10, 611, 65, 0, 0, 255
L -10, 611, 65, -13, 697, 57, 0, 0, 255
L -13, 697, 57, -3, 714, 59, 0, 0, 255
L -3, 714, 59, 59, 694, 57, 0, 0, 255
L 59, 694, 57, 82, 681, 57, 0, 0, 255
L 82, 681, 57, 98, 703, 59, 0, 0, 255
L 98, 703, 59, 85, 766, 52, 0, 0, 255
L 85, 766, 52, 89, 803, 48, 0, 0, 255
L 89, 803, 48, 86, 846, 43, 0, 0, 255
L 86, 846, 43, 90, 934, 34, 0, 0, 255
L 90, 934, 34, 89, 994, 26, 0, 0, 255
L 89, 994, 26, 80, 1067, 24, 0, 0, 255
L 80, 1067, 24, 85, 1124, 24, 0, 0, 255
L 85, 1124, 24, 87, 1234, 15, 0, 0, 255
L 87, 1234, 15, 85, 1299, 6, 0, 0, 255
L 85, 1299, 6, 76, 1367, 2, 0, 0, 255
L 76, 1367, 2, 25, 1397, 1, 0, 0, 255
L 25, 1397, 1, -5, 1441, -1, 0, 0, 255
L -5, 1441, -1, -14, 1477, -3, 0, 0, 255
L -14, 1477, -3, -3, 1519, -6, 0, 0, 255
L -3, 1519, -6, -6, 1543, -8, 0, 0, 255
L -6, 1543, -8, -12, 1580, -11, 0, 0, 255
L -12, 1580, -11, -12, 1605, -12, 0, 0, 255
L -12, 1605, -12, -15, 1672, -18, 0, 0, 255
L -15, 1672, -18, -14, 1786, -35, 0, 0, 255
L -14, 1786, -35, -16, 1873, -42, 0, 0, 255
L -16, 1873, -42, -11, 1944, -48, 0, 0, 255
L -11, 1944, -48, 2, 1978, -52, 0, 0, 255
L 2, 1978, -52, 18, 1989, -55, 0, 0, 255
L 18, 1989, -55, 79, 2034, -59, 0, 0, 255
L 79, 2034, -59, 89, 2086, -65, 0, 0, 255
L 89, 2086, -65, 89, 2104, -66, 0, 0, 255
L 89, 2104, -66, 95, 2156, -71, 0, 0, 255
L 95, 2156, -71, 86, 2228, -79, 0, 0, 255
L 86, 2228, -79, 100, 2283, -83, 0, 0, 255
L 100, 2283, -83, 142, 2320, -83, 0, 0, 255
L 142, 2320, -83, 176, 2332, -85, 0, 0, 255
L 176, 2332, -85, 188, 2382, -87, 0, 0, 255
L 188, 2382, -87, 188, 2455, -104, 0, 0, 255
L 188, 2455, -104, 187, 2510, -106, 0, 0, 255
L 187, 2510, -106, 195, 2538, -105, 0, 0, 255
L 195, 2538, -105, 187, 2600, -117, 0, 0, 255
L 187, 2600, -117, 188, 2662, -130, 0, 0, 255
L 188, 2662, -130, 192, 2721, -133, 0, 0, 255
L 192, 2721, -133, 192, 2776, -134, 0, 0, 255
L 192, 2776, -134, 185, 2812, -138, 0, 0, 255
L 185, 2812, -138, 192, 2869, -145, 0, 0, 255
L 192, 2869, -145, 188, 2906, -152, 0, 0, 255
L 188, 2906, -152, 193, 2933, -152, 0, 0, 255
L 193, 2933, -152, 186, 2985, -158, 0, 0, 255
L 186, 2985, -158, 188, 3058, -165, 0, 0, 255
L 188, 3058, -165, 232, 3115, -171, 0, 0, 255
L 232, 3115, -171, 264, 3133, -175, 0, 0, 255
L 264, 3133, -175, 287, 3155, -177, 0, 0, 255
L 287, 3155, -177, 291, 3197, -182, 0, 0, 255
L 291, 3197, -182, 291, 3253, -192, 0, 0, 255
L 291, 3253, -192, 287, 3320, -200, 0, 0, 255
L 287, 3320, -200, 293, 3379, -201, 0, 0, 255
L 293, 3379, -201, 295, 3434, -211, 0, 0, 255
L 295, 3434, -211, 295, 3443, -210, 0, 0, 255
L 295, 3443, -210, 282, 3522, -215, 0, 0, 255
L 282, 3522, -215, 290, 3587, -216, 0, 0, 255
L 290, 3587, -216, 298, 3642, -224, 0, 0, 255
L 298, 3642, -224, 294, 3689, -232, 0, 0, 255
L 294, 3689, -232, 297, 3719, -238, 0, 0, 255
L 297, 3719, -238, 293, 3763, -242, 0, 0, 255
L 293, 3763, -242, 281, 3786, -242, 0, 0, 255
L 281, 3786, -242, 226, 3826, -246, 0, 0, 255
L 226, 3826, -246, 201, 3853, -243, 0, 0, 255
L 201, 3853, -243, 194, 3925, -255, 0, 0, 255
L 194, 3925, -255, 184, 3999, -260, 0, 0, 255
L 184, 3999, -260, 186, 4044, -266, 0, 0, 255
L 186, 4044, -266, 193, 4122, -278, 0, 0, 255
L 193, 4122, -278, 189, 4179, -280, 0, 0, 255
L 189, 4179, -280, 186, 4237, -289, 0, 0, 255
L 186, 4237, -289, 190, 4324, -302, 0, 0, 255
L 190, 4324, -302, 186, 4402, -310, 0, 0, 255
L 186, 4402, -310, 187, 4460, -318, 0, 0, 255
L 187, 4460, -318, 197, 4496, -322, 0, 0, 255
L 197, 4496, -322, 233, 4537, -327, 0, 0, 255
L 233, 4537, -327, 268, 4555, -330, 0, 0, 255
L 268, 4555, -330, 292, 4587, -333, 0, 0, 255
L 292, 4587, -333, 289, 4640, -339, 0, 0, 255
L 289, 4640, -339, 296, 4693, -348, 0, 0, 255
L 296, 4693, -348, 287, 4750, -354, 0, 0, 255
L 287, 4750, -354, 289, 4826, -368, 0, 0, 255
L 289, 4826, -368, 292, 4884, -375, 0, 0, 255
L 292, 4884, -375, 289, 4918, -382, 0, 0, 255
L 289, 4918, -382, 289, 4962, -387, 0, 0, 255
L 289, 4962, -387, 290, 5026, -397, 0, 0, 255
L 290, 5026, -397, 291, 5048, -399, 0, 0, 255
L 291, 5048, -399, 295, 5093, -405, 0, 0, 255
L 295, 5093, -405, 288, 5168, -420, 0, 0, 255
L 288, 5168, -420, 289, 5224, -431, 0, 0, 255
L 289, 5224, -431, 296, 5259, -434, 0, 0, 255
L 296, 5259, -434, 288, 5312, -440, 0, 0, 255
L 288, 5312, -440, 289, 5374, -449, 0, 0, 255
L 289, 5374, -449, 288, 5432, -457, 0, 0, 255
L 288, 5432, -457, 300, 5474, -460, 0, 0, 255
L 300, 5474, -460, 289, 5520, -466, 0, 0, 255
L 289, 5520, -466, 293, 5577, -473, 0, 0, 255
L 293, 5577, -473, 288, 5634, -485, 0, 0, 255
L 288, 5634, -485, 288, 5725, -503, 0, 0, 255
L 288, 5725, -503, 290, 5776, -515, 0, 0, 255
L 290, 5776, -515, 291, 5837, -528, 0, 0, 255
L 291, 5837, -528, 292, 5903, -536, 0, 0, 255
L 292, 5903, -536, 290, 5946, -539, 0, 0, 255
L 290, 5946, -539, 294, 6054, -552, 0, 0, 255
L 294, 6054, -552, 295, 6174, -568, 0, 0, 255
L 295, 6174, -568, 296, 6192, -570, 0, 0, 255
L 296, 6192, -570, 261, 6231, -572, 0, 0, 255
L 261, 6231, -572, 230, 6251, -578, 0, 0, 255
L 230, 6251, -578, 199, 6297, -585, 0, 0, 255
L 199, 6297, -585, 194, 6351, -593, 0, 0, 255
L 194, 6351, -593, 189, 6426, -599, 0, 0, 255
L 189, 6426, -599, 190, 6482, -607, 0, 0, 255
L 190, 6482, -607, 192, 6566, -621, 0, 0, 255
L 192, 6566, -621, 193, 6602, -626, 0, 0, 255
L 193, 6602, -626, 184, 6639, -630, 0, 0, 255
L 184, 6639, -630, 190, 6698, -635, 0, 0, 255
L 190, 6698, -635, 190, 6752, -644, 0, 0, 255
L 190, 6752, -644, 199, 6787, -647, 0, 0, 255
L 199, 6787, -647, 190, 6823, -654, 0, 0, 255
L 190, 6823, -654, 194, 6897, -673, 0, 0, 255
L 194, 6897, -673, 206, 6932, -679, 0, 0, 255
L 206, 6932, -679, 249, 6974, -684, 0, 0, 255
L 249, 6974, -684, 279, 6998, -686, 0, 0, 255
L 279, 6998, -686, 284, 7034, -692, 0, 0, 255
L 284, 7034, -692, 292, 7069, -700, 0, 0, 255
L 292, 7069, -700, 302, 7104, -707, 0, 0, 255
L 302, 7104, -707, 290, 7181, -721, 0, 0, 255
L 290, 7181, -721, 290, 7222, -729, 0, 0, 255
L 290, 7222, -729, 298, 7275, -740, 0, 0, 255
L 298, 7275, -740, 291, 7319, -744, 0, 0, 255
L 291, 7319, -744, 287, 7394, -752, 0, 0, 255
L 287, 7394, -752, 288, 7446, -763, 0, 0, 255
L 288, 7446, -763, 295, 7480, -772, 0, 0, 255
L 295, 7480, -772, 298, 7499, -775, 0, 0, 255
L 298, 7499, -775, 289, 7570, -796, 0, 0, 255
L 289, 7570, -796, 290, 7635, -812, 0, 0, 255
L 290, 7635, -812, 293, 7671, -823, 0, 0, 255
L 293, 7671, -823, 292, 7742, -834, 0, 0, 255
L 292, 7742, -834, 296, 7805, -850, 0, 0, 255
L 296, 7805, -850, 286, 7829, -853, 0, 0, 255
L 286, 7829, -853, 256, 7854, -858, 0, 0, 255
L 256, 7854, -858, 207, 7906, -877, 0, 0, 255
L 207, 7906, -877, 192, 7939, -883, 0, 0, 255
L 192, 7939, -883, 191, 7980, -894, 0, 0, 255
L 191, 7980, -894, 190, 8028, -904, 0, 0, 255
L 190, 8028, -904, 187, 8068, -917, 0, 0, 255
L 187, 8068, -917, 187, 8147, -934, 0, 0, 255
L 187, 8147, -934, 189, 8187, -945, 0, 0, 255
L 189, 8187, -945, 189, 8225, -953, 0, 0, 255
L 189, 8225, -953, 186, 8281, -955, 0, 0, 255
L 186, 8281, -955, 192, 8320, -944, 0, 0, 255
L 192, 8320, -944, 218, 8317, -938, 0, 0, 255
L 218, 8317, -938, 218, 8313, -941, 0, 0, 255
L 218, 8313, -941, 217, 8279, -949, 0, 0, 255
L 217, 8279, -949, 215, 8227, -957, 0, 0, 255
L 215, 8227, -957, 218, 8189, -948, 0, 0, 255
L 218, 8189, -948, 221, 8152, -936, 0, 0, 255
L 221, 8152, -936, 223, 8133, -932, 0, 0, 255
L 223, 8133, -932, 220, 8109, -926, 0, 0, 255
L 220, 8109, -926, 218, 8091, -921, 0, 0, 255
L 218, 8091, -921, 214, 8026, -907, 0, 0, 255
L 214, 8026, -907, 220, 8009, -902, 0, 0, 255
L 220, 8009, -902, 220, 7954, -885, 0, 0, 255
L 220, 7954, -885, 225, 7936, -882, 0, 0, 255
L 225, 7936, -882, 238, 7902, -872, 0, 0, 255
L 238, 7902, -872, 284, 7871, -864, 0, 0, 255
L 284, 7871, -864, 318, 7827, -855, 0, 0, 255
L 318, 7827, -855, 315, 7754, -837, 0, 0, 255
L 315, 7754, -837, 321, 7717, -830, 0, 0, 255
L 321, 7717, -830, 321, 7678, -821, 0, 0, 255
L 321, 7678, -821, 316, 7650, -816, 0, 0, 255
L 316, 7650, -816, 319, 7599, -805, 0, 0, 255
L 319, 7599, -805, 318, 7563, -791, 0, 0, 255
L 318, 7563, -791, 324, 7509, -777, 0, 0, 255
L 324, 7509, -777, 316, 7473, -770, 0, 0, 255
L 316, 7473, -770, 316, 7381, -753, 0, 0, 255
L 316, 7381, -753, 325, 7309, -742, 0, 0, 255
L 325, 7309, -742, 322, 7273, -737, 0, 0, 255
L 322, 7273, -737, 320, 7207, -728, 0, 0, 255
L 320, 7207, -728, 317, 7169, -718, 0, 0, 255
L 317, 7169, -718, 319, 7112, -707, 0, 0, 255
L 319, 7112, -707, 325, 7076, -699, 0, 0, 255
L 325, 7076, -699, 315, 7041, -695, 0, 0, 255
L 315, 7041, -695, 313, 6991, -686, 0, 0, 255
L 313, 6991, -686, 270, 6957, -685, 0, 0, 255
L 270, 6957, -685, 237, 6940, -681, 0, 0, 255
L 237, 6940, -681, 222, 6888, -669, 0, 0, 255
L 222, 6888, -669, 215, 6847, -659, 0, 0, 255
L 215, 6847, -659, 220, 6804, -650, 0, 0, 255
L 220, 6804, -650, 219, 6769, -644, 0, 0, 255
L 219, 6769, -644, 216, 6732, -641, 0, 0, 255
L 216, 6732, -641, 214, 6671, -634, 0, 0, 255
L 214, 6671, -634, 220, 6616, -627, 0, 0, 255
L 220, 6616, -627, 218, 6562, -619, 0, 0, 255
L 218, 6562, -619, 217, 6544, -616, 0, 0, 255
L 217, 6544, -616, 216, 6443, -601, 0, 0, 255
L 216, 6443, -601, 215, 6424, -600, 0, 0, 255
L 215, 6424, -600, 220, 6370, -593, 0, 0, 255
L 220, 6370, -593, 214, 6352, -590, 0, 0, 255
L 214, 6352, -590, 234, 6293, -581, 0, 0, 255
L 234, 6293, -581, 291, 6248, -575, 0, 0, 255
L 291, 6248, -575, 312, 6219, -573, 0, 0, 255
L 312, 6219, -573, 314, 6143, -562, 0, 0, 255
L 314, 6143, -562, 325, 6089, -555, 0, 0, 255
L 325, 6089, -555, 321, 6053, -548, 0, 0, 255
L 321, 6053, -548, 318, 6017, -546, 0, 0, 255
L 318, 6017, -546, 323, 5944, -535, 0, 0, 255
L 323, 5944, -535, 323, 5889, -534, 0, 0, 255
L 323, 5889, -534, 319, 5854, -528, 0, 0, 255
L 319, 5854, -528, 318, 5818, -525, 0, 0, 255
L 318, 5818, -525, 316, 5764, -513, 0, 0, 255
L 316, 5764, -513, 326, 5686, -494, 0, 0, 255
L 326, 5686, -494, 317, 5651, -488, 0, 0, 255
L 317, 5651, -488, 316, 5614, -482, 0, 0, 255
L 316, 5614, -482, 317, 5541, -467, 0, 0, 255
L 317, 5541, -467, 315, 5503, -465, 0, 0, 255
L 315, 5503, -465, 323, 5466, -462, 0, 0, 255
L 323, 5466, -462, 311, 5430, -459, 0, 0, 255
L 311, 5430, -459, 317, 5364, -449, 0, 0, 255
L 317, 5364, -449, 314, 5347, -447, 0, 0, 255
L 314, 5347, -447, 323, 5288, -437, 0, 0, 255
L 323, 5288, -437, 316, 5248, -434, 0, 0, 255
L 316, 5248, -434, 319, 5203, -429, 0, 0, 255
L 319, 5203, -429, 319, 5147, -415, 0, 0, 255
L 319, 5147, -415, 322, 5091, -404, 0, 0, 255
L 322, 5091, -404, 322, 5055, -401, 0, 0, 255
L 322, 5055, -401, 315, 5019, -395, 0, 0, 255
L 315, 5019, -395, 320, 4964, -388, 0, 0, 255
L 320, 4964, -388, 321, 4908, -379, 0, 0, 255
L 321, 4908, -379, 325, 4865, -374, 0, 0, 255
L 325, 4865, -374, 322, 4847, -370, 0, 0, 255
L 322, 4847, -370, 320, 4811, -365, 0, 0, 255
L 320, 4811, -365, 316, 4734, -351, 0, 0, 255
L 316, 4734, -351, 316, 4678, -346, 0, 0, 255
L 316, 4678, -346, 322, 4641, -338, 0, 0, 255
L 322, 4641, -338, 324, 4606, -335, 0, 0, 255
L 324, 4606, -335, 321, 4569, -330, 0, 0, 255
L 321, 4569, -330, 299, 4537, -327, 0, 0, 255
L 299, 4537, -327, 268, 4517, -324, 0, 0, 255
L 268, 4517, -324, 250, 4512, -324, 0, 0, 255
L 250, 4512, -324, 224, 4487, -322, 0, 0, 255
L 224, 4487, -322, 223, 4451, -316, 0, 0, 255
L 223, 4451, -316, 215, 4399, -313, 0, 0, 255
L 215, 4399, -313, 221, 4343, -303, 0, 0, 255
L 221, 4343, -303, 213, 4308, -299, 0, 0, 255
L 213, 4308, -299, 222, 4251, -289, 0, 0, 255
L 222, 4251, -289, 211, 4219, -287, 0, 0, 255
L 211, 4219, -287, 223, 4164, -280, 0, 0, 255
L 223, 4164, -280, 219, 4147, -280, 0, 0, 255
L 219, 4147, -280, 220, 4095, -272, 0, 0, 255
L 220, 4095, -272, 213, 4021, -264, 0, 0, 255
L 213, 4021, -264, 225, 3959, -258, 0, 0, 255
L 225, 3959, -258, 222, 3942, -256, 0, 0, 255
L 222, 3942, -256, 217, 3906, -248, 0, 0, 255
L 217, 3906, -248, 221, 3888, -246, 0, 0, 255
L 221, 3888, -246, 237, 3856, -242, 0, 0, 255
L 237, 3856, -242, 263, 3831, -246, 0, 0, 255
L 263, 3831, -246, 306, 3789, -247, 0, 0, 255
L 306, 3789, -247, 319, 3718, -234, 0, 0, 255
L 319, 3718, -234, 319, 3658, -229, 0, 0, 255
L 319, 3658, -229, 323, 3624, -220, 0, 0, 255
L 323, 3624, -220, 317, 3599, -219, 0, 0, 255
L 317, 3599, -219, 317, 3520, -215, 0, 0, 255
L 317, 3520, -215, 316, 3482, -218, 0, 0, 255
L 316, 3482, -218, 320, 3425, -208, 0, 0, 255
L 320, 3425, -208, 317, 3387, -205, 0, 0, 255
L 317, 3387, -205, 317, 3328, -199, 0, 0, 255
L 317, 3328, -199, 314, 3309, -198, 0, 0, 255
L 314, 3309, -198, 320, 3271, -198, 0, 0, 255
L 320, 3271, -198, 323, 3235, -192, 0, 0, 255
L 323, 3235, -192, 312, 3199, -184, 0, 0, 255
L 312, 3199, -184, 312, 3162, -180, 0, 0, 255
L 312, 3162, -180, 294, 3131, -177, 0, 0, 255
L 294, 3131, -177, 260, 3100, -170, 0, 0, 255
L 260, 3100, -170, 252, 3095, -169, 0, 0, 255
L 252, 3095, -169, 226, 3060, -164, 0, 0, 255
L 226, 3060, -164, 218, 3024, -162, 0, 0, 255
L 218, 3024, -162, 215, 2988, -160, 0, 0, 255
L 215, 2988, -160, 220, 2952, -157, 0, 0, 255
L 220, 2952, -157, 221, 2934, -156, 0, 0, 255
L 221, 2934, -156, 216, 2881, -149, 0, 0, 255
L 216, 2881, -149, 217, 2845, -143, 0, 0, 255
L 217, 2845, -143, 214, 2808, -137, 0, 0, 255
L 214, 2808, -137, 223, 2752, -132, 0, 0, 255
L 223, 2752, -132, 216, 2716, -132, 0, 0, 255
L 216, 2716, -132, 218, 2697, -131, 0, 0, 255
L 218, 2697, -131, 220, 2638, -126, 0, 0, 255
L 220, 2638, -126, 217, 2610, -117, 0, 0, 255
L 217, 2610, -117, 217, 2574, -110, 0, 0, 255
L 217, 2574, -110, 222, 2537, -107, 0, 0, 255
L 222, 2537, -107, 217, 2520, -107, 0, 0, 255
L 217, 2520, -107, 220, 2466, -107, 0, 0, 255
L 220, 2466, -107, 227, 2450, -102, 0, 0, 255
L 227, 2450, -102, 221, 2414, -95, 0, 0, 255
L 221, 2414, -95, 215, 2379, -90, 0, 0, 255
L 215, 2379, -90, 187, 2321, -87, 0, 0, 255
L 187, 2321, -87, 163, 2300, -86, 0, 0, 255
L 163, 2300, -86, 118, 2228, -78, 0, 0, 255
L 118, 2228, -78, 113, 2196, -74, 0, 0, 255
L 113, 2196, -74, 117, 2160, -70, 0, 0, 255
L 117, 2160, -70, 119, 2117, -67, 0, 0, 255
L 119, 2117, -67, 123, 2063, -60, 0, 0, 255
L 123, 2063, -60, 98, 2024, -59, 0, 0, 255
L 98, 2024, -59, 69, 1992, -54, 0, 0, 255
L 69, 1992, -54, 38, 1973, -51, 0, 0, 255
L 38, 1973, -51, 17, 1924, -46, 0, 0, 255
L 17, 1924, -46, 15, 1880, -42, 0, 0, 255
L 15, 1880, -42, 17, 1807, -37, 0, 0, 255
L 17, 1807, -37, 16, 1750, -31, 0, 0, 255
L 16, 1750, -31, 14, 1702, -22, 0, 0, 255
L 14, 1702, -22, 22, 1637, -13, 0, 0, 255
L 22, 1637, -13, 15, 1544, -8, 0, 0, 255
L 15, 1544, -8, 10, 1528, -9, 0, 0, 255
L 10, 1528, -9, 37, 1499, -7, 0, 0, 255
L 37, 1499, -7, 57, 1508, -6, 0, 0, 255
L 57, 1508, -6, 118, 1516, -5, 0, 0, 255
L 118, 1516, -5, 143, 1485, -4, 0, 0, 255
L 143, 1485, -4, 144, 1479, -3, 0, 0, 255
L 144, 1479, -3, 127, 1475, -5, 0, 0, 255
L 127, 1475, -5, 71, 1481, -3, 0, 0, 255
L 71, 1481, -3, 53, 1485, -4, 0, 0, 255
L 53, 1485, -4, 35, 1482, -3, 0, 0, 255
L 35, 1482, -3, 22, 1448, 0, 0, 0, 255
L 22, 1448, 0, 65, 1409, 4, 0, 0, 255
L 65, 1409, 4, 103, 1379, 3, 0, 0, 255
L 103, 1379, 3, 110, 1328, 1, 0, 0, 255
L 110, 1328, 1, 117, 1273, 10, 0, 0, 255
L 117, 1273, 10, 120, 1198, 18, 0, 0, 255
L 120, 1198, 18, 115, 1143, 20, 0, 0, 255
L 115, 1143, 20, 111, 1106, 21, 0, 0, 255
L 111, 1106, 21, 120, 1040, 22, 0, 0, 255
L 120, 1040, 22, 123, 968, 32, 0, 0, 255
L 123, 968, 32, 114, 903, 36, 0, 0, 255
L 114, 903, 36, 118, 847, 42, 0, 0, 255
L 118, 847, 42, 118, 793, 49, 0, 0, 255
L 118, 793, 49, 119, 751, 52, 0, 0, 255
L 119, 751, 52, 126, 710, 60, 0, 0, 255
L 126, 710, 60, 116, 668, 57, 0, 0, 255
L 116, 668, 57, 74, 670, 57, 0, 0, 255
L 74, 670, 57, 44, 679, 58, 0, 0, 255
L 44, 679, 58, 18, 686, 62, 0, 0, 255
L 18, 686, 62, 14, 684, 62, 0, 0, 255
L 14, 684, 62, 15, 658, 60, 0, 0, 255
L 15, 658, 60, 13, 603, 66, 0, 0, 255
L 13, 603, 66, 9, 575, 70, 0, 0, 255
L 9, 575, 70, 12, 538, 73, 0, 0, 255
L 12, 538, 73, 19, 513, 73, 0, 0, 255
L 19, 513, 73, 21, 458, 78, 0, 0, 255
L 21, 458, 78, 27, 429, 79, 0, 0, 255
L 27, 429, 79, 51, 401, 83, 0, 0, 255
L 51, 401, 83, 98, 366, 88, 0, 0, 255
L 98, 366, 88, 117, 327, 95, 0, 0, 255
L 117, 327, 95, 111, 291, 94, 0, 0, 255
L 111, 291, 94, 124, 220, 94, 0, 0, 255
L 124, 220, 94, 124, 202, 93, 0, 0, 255
L 124, 202, 93, 119, 120, 92, 0, 0, 255
L 119, 120, 92, 113, 88, 92, 0, 0, 255
L 113, 88, 92, 114, 68, 91, 0, 0, 255
L 114, 68, 91, 133, 46, 92, 0, 0, 255
L -146, 1093, 224, -146, 1093, 22, 153, 153, 153
L -146, 1093, 22, -135, 1091, 22, 153, 153, 153
L -135, 1091, 22, -129, 1087, 22, 153, 153, 153
L -129, 1087, 22, -129, 1086, 22, 153, 153, 153
L -129, 1086, 22, -126, 1075, 22, 153, 153, 153
L -126, 1075, 22, -134, 1061, 22, 153, 153, 153
L -134, 1061, 22, -137, 1059, 22, 153, 153, 153
L -137, 1059, 22, -136, 1055, 22, 153, 153, 153
L -136, 1055, 22, -131, 1053, 24, 153, 153, 153
L -131, 1053, 24, -122, 1063, 24, 153, 153, 153
L -122, 1063, 24, -89, 1079, 21, 153, 153, 153
L -89, 1079, 21, -87, 1080, 21, 153, 153, 153
L -87, 1080, 21, -99, 1111, 23, 153, 153, 153
L -99, 1111, 23, -122, 1127, 25, 153, 153, 153
L -122, 1127, 25, -144, 1127, 30, 153, 153, 153
L -144, 1127, 30, -162, 1124, 27, 153, 153, 153
L -162, 1124, 27, -193, 1100, 22, 153, 153, 153
L -193, 1100, 22, -198, 1084, 21, 153, 153, 153
L -198, 1084, 21, -169, 1059, 21, 153, 153, 153
L -169, 1059, 21, -150, 1052, 26, 153, 153, 153
L -150, 1052, 26, -148, 1059, 22, 153, 153, 153
L -148, 1059, 22, -157, 1066, 22, 153, 153, 153
L -157, 1066, 22, -160, 1078, 22, 153, 153, 153
L -160, 1078, 22, -159, 1083, 22, 153, 153, 153
L -159, 1083, 22, -152, 1091, 22, 153, 153, 153
L -152, 1091, 22, -146, 1093, 22, 153, 153, 153
L 191, 1073, 238, 191, 1073, 23, 153, 153, 153
L 191, 1073, 23, 184, 1067, 23, 153, 153, 153
L 184, 1067, 23, 183, 1067, 23, 153, 153, 153
L 183, 1067, 23, 179, 1063, 23, 153, 153, 153
L 179, 1063, 23, 188, 1059, 25, 153, 153, 153
L 188, 1059, 25, 188, 1060, 25, 153, 153, 153
L 188, 1060, 25, 230, 1077, 22, 153, 153, 153
L 230, 1077, 22, 242, 1084, 22, 153, 153, 153
L 242, 1084, 22, 247, 1092, 21, 153, 153, 153
L 247, 1092, 21, 249, 1106, 22, 153, 153, 153
L 249, 1106, 22, 231, 1122, 26, 153, 153, 153
L 231, 1122, 26, 226, 1122, 25, 153, 153, 153
L 226, 1122, 25, 213, 1127, 22, 153, 153, 153
L 213, 1127, 22, 176, 1134, 33, 153, 153, 153
L 176, 1134, 33, 155, 1132, 27, 153, 153, 153
L 155, 1132, 27, 131, 1112, 26, 153, 153, 153
L 131, 1112, 26, 125, 1088, 33, 153, 153, 153
L 125, 1088, 33, 132, 1074, 29, 153, 153, 153
L 132, 1074, 29, 157, 1067, 27, 153, 153, 153
L 157, 1067, 27, 163, 1062, 28, 153, 153, 153
L 163, 1062, 28, 166, 1069, 24, 153, 153, 153
L 166, 1069, 24, 160, 1077, 23, 153, 153, 153
L 160, 1077, 23, 159, 1087, 23, 153, 153, 153
L 159, 1087, 23, 163, 1093, 23, 153, 153, 153
L 163, 1093, 23, 166, 1096, 23, 153, 153, 153
L 166, 1096, 23, 179, 1099, 23, 153, 153, 153
L 179, 1099, 23, 192, 1087, 23, 153, 153, 153
L 192, 1087, 23, 191, 1073, 23, 153, 153, 153
L 235, 2813, -1358, 235, 2813, -135, 0, 153, 0
L 235, 2813, -135, 236, 2839, -138, 0, 153, 0
L 236, 2839, -138, 238, 2884, -141, 0, 153, 0
L 238, 2884, -141, 240, 3027, -158, 0, 153, 0
L 240, 3027, -158, 271, 3085, -167, 0, 153, 0
L 271, 3085, -167, 332, 3151, -157, 0, 153, 0
L 332, 3151, -157, 354, 3245, -161, 0, 153, 0
L 354, 3245, -161, 371, 3273, -192, 0, 153, 0
L 371, 3273, -192, 515, 3229, -215, 0, 153, 0
L 515, 3229, -215, 590, 3248, -212, 0, 153, 0
L 590, 3248, -212, 599, 3358, -203, 0, 153, 0
L 599, 3358, -203, 623, 3414, -182, 0, 153, 0
L 623, 3414, -182, 679, 3531, -190, 0, 153, 0
L 679, 3531, -190, 747, 3546, -207, 0, 153, 0
L 747, 3546, -207, 783, 3557, -210, 0, 153, 0
L 783, 3557, -210, 821, 3575, -216, 0, 153, 0
L 821, 3575, -216, 875, 3589, -223, 0, 153, 0
L 875, 3589, -223, 893, 3591, -218, 0, 153, 0
L 893, 3591, -218, 965, 3521, -223, 0, 153, 0
L 965, 3521, -223, 971, 3514, -223, 0, 153, 0
L 971, 3514, -223, 968, 3501, -223, 0, 153, 0
L 968, 3501, -223, 918, 3476, -223, 0, 153, 0
L 918, 3476, -223, 861, 3423, -223, 0, 153, 0
L 861, 3423, -223, 868, 3390, -223, 0, 153, 0
L 868, 3390, -223, 942, 3335, -223, 0, 153, 0
L 942, 3335, -223, 1055, 3363, -223, 0, 153, 0
L 1055, 3363, -223, 1117, 3352, -217, 0, 153, 0
L 1117, 3352, -217, 1113, 3335, -196, 0, 153, 0
L 1113, 3335, -196, 1074, 3280, -189, 0, 153, 0
L 1074, 3280, -189, 1098, 3243, -204, 0, 153, 0
L 1098, 3243, -204, 1117, 3239, -211, 0, 153, 0
L 1117, 3239, -211, 1236, 3239, -208, 0, 153, 0
L 1236, 3239, -208, 1262, 3299, -223, 0, 153, 0
L 1262, 3299, -223, 1238, 3355, -208, 0, 153, 0
L 1238, 3355, -208, 1170, 3363, -219, 0, 153, 0
L 1170, 3363, -219, 1161, 3385, -214, 0, 153, 0
L 1161, 3385, -214, 1207, 3451, -223, 0, 153, 0
L 1207, 3451, -223, 1207, 3534, -223, 0, 153, 0
L 1207, 3534, -223, 1181, 3550, -223, 0, 153, 0
L 1181, 3550, -223, 1092, 3570, -223, 0, 153, 0
L 1092, 3570, -223, 1026, 3554, -219, 0, 153, 0
L 1026, 3554, -219, 955, 3624, -220, 0, 153, 0
L 955, 3624, -220, 983, 3707, -181, 0, 153, 0
L 983, 3707, -181, 1015, 3734, -183, 0, 153, 0
L 1015, 3734, -183, 1067, 3716, -181, 0, 153, 0
L 1067, 3716, -181, 1099, 3683, -185, 0, 153, 0
L 1099, 3683, -185, 1196, 3671, -215, 0, 153, 0
L 1196, 3671, -215, 1267, 3696, -215, 0, 153, 0
L 1267, 3696, -215, 1316, 3807, -203, 0, 153, 0
L 1316, 3807, -203, 1337, 3874, -197, 0, 153, 0
L 1337, 3874, -197, 1333, 3987, -205, 0, 153, 0
L 1333, 3987, -205, 1245, 4033, -185, 0, 153, 0
L 1245, 4033, -185, 1196, 4005, -183, 0, 153, 0
L 1196, 4005, -183, 1192, 3873, -214, 0, 153, 0
L 1192, 3873, -214, 1242, 3839, -215, 0, 153, 0
L 1242, 3839, -215, 1243, 3752, -186, 0, 153, 0
L 1243, 3752, -186, 1201, 3718, -200, 0, 153, 0
L 1201, 3718, -200, 1159, 3720, -195, 0, 153, 0
L 1159, 3720, -195, 1122, 3750, -199, 0, 153, 0
L 1122, 3750, -199, 1077, 3790, -187, 0, 153, 0
L 1077, 3790, -187, 1064, 3848, -187, 0, 153, 0
L 1064, 3848, -187, 1076, 3919, -209, 0, 153, 0
L 1076, 3919, -209, 1016, 3955, -215, 0, 153, 0
L 1016, 3955, -215, 976, 3971, -215, 0, 153, 0
L 976, 3971, -215, 921, 3982, -207, 0, 153, 0
L 921, 3982, -207, 910, 3989, -209, 0, 153, 0
L 910, 3989, -209, 981, 4020, -213, 0, 153, 0
L 981, 4020, -213, 1019, 4094, -212, 0, 153, 0
L 1019, 4094, -212, 957, 4185, -195, 0, 153, 0
L 957, 4185, -195, 823, 4183, -213, 0, 153, 0
L 823, 4183, -213, 798, 4124, -214, 0, 153, 0
L 798, 4124, -214, 782, 4038, -192, 0, 153, 0
L 782, 4038, -192, 796, 3962, -190, 0, 153, 0
L 796, 3962, -190, 864, 3937, -195, 0, 153, 0
L 864, 3937, -195, 965, 3914, -204, 0, 153, 0
L 965, 3914, -204, 1001, 3910, -215, 0, 153, 0
L 1001, 3910, -215, 998, 3874, -204, 0, 153, 0
L 998, 3874, -204, 934, 3845, -215, 0, 153, 0
L 934, 3845, -215, 919, 3847, -206, 0, 153, 0
L 919, 3847, -206, 841, 3882, -199, 0, 153, 0
L 841, 3882, -199, 799, 3902, -207, 0, 153, 0
L 799, 3902, -207, 724, 3966, -219, 0, 153, 0
L 724, 3966, -219, 698, 4042, -225, 0, 153, 0
L 698, 4042, -225, 679, 4139, -233, 0, 153, 0
L 679, 4139, -233, 682, 4209, -253, 0, 153, 0
L 682, 4209, -253, 723, 4332, -295, 0, 153, 0
L 723, 4332, -295, 821, 4356, -312, 0, 153, 0
L 821, 4356, -312, 912, 4355, -333, 0, 153, 0
L 912, 4355, -333, 936, 4332, -328, 0, 153, 0
L 936, 4332, -328, 964, 4251, -324, 0, 153, 0
L 964, 4251, -324, 1020, 4176, -313, 0, 153, 0
L 1020, 4176, -313, 1122, 4167, -333, 0, 153, 0
L 1122, 4167, -333, 1237, 4200, -328, 0, 153, 0
L 1237, 4200, -328, 1332, 4267, -322, 0, 153, 0
L 1332, 4267, -322, 1361, 4389, -310, 0, 153, 0
L 1361, 4389, -310, 1332, 4536, -314, 0, 153, 0
L 1332, 4536, -314, 1228, 4645, -324, 0, 153, 0
L 1228, 4645, -324, 1108, 4661, -306, 0, 153, 0
L 1108, 4661, -306, 1023, 4624, -305, 0, 153, 0
L 1023, 4624, -305, 951, 4488, -307, 0, 153, 0
L 951, 4488, -307, 906, 4454, -310, 0, 153, 0
L 906, 4454, -310, 843, 4449, -315, 0, 153, 0
L 843, 4449, -315, 776, 4480, -303, 0, 153, 0
L 776, 4480, -303, 735, 4554, -323, 0, 153, 0
L 735, 4554, -323, 692, 4631, -351, 0, 153, 0
L 692, 4631, -351, 660, 4737, -363, 0, 153, 0
L 660, 4737, -363, 681, 4790, -386, 0, 153, 0
L 681, 4790, -386, 711, 4829, -401, 0, 153, 0
L 711, 4829, -401, 785, 4848, -389, 0, 153, 0
L 785, 4848, -389, 796, 4767, -386, 0, 153, 0
L 796, 4767, -386, 863, 4730, -395, 0, 153, 0
L 863, 4730, -395, 953, 4732, -402, 0, 153, 0
L 953, 4732, -402, 1035, 4768, -398, 0, 153, 0
L 1035, 4768, -398, 1064, 4736, -376, 0, 153, 0
L 1064, 4736, -376, 1109, 4709, -383, 0, 153, 0
L 1109, 4709, -383, 1169, 4727, -394, 0, 153, 0
L 1169, 4727, -394, 1197, 4769, -400, 0, 153, 0
L 1197, 4769, -400, 1200, 4844, -399, 0, 153, 0
L 1200, 4844, -399, 1140, 4890, -393, 0, 153, 0
L 1140, 4890, -393, 1075, 4898, -371, 0, 153, 0
L 1075, 4898, -371, 1032, 4854, -383, 0, 153, 0
L 1032, 4854, -383, 973, 4797, -372, 0, 153, 0
L 973, 4797, -372, 874, 4770, -395, 0, 153, 0
L 874, 4770, -395, 868, 4771, -396, 0, 153, 0
L 868, 4771, -396, 848, 4902, -402, 0, 153, 0
L 848, 4902, -402, 829, 4993, -375, 0, 153, 0
L 829, 4993, -375, 794, 5021, -371, 0, 153, 0
L 794, 5021, -371, 724, 5063, -380, 0, 153, 0
L 724, 5063, -380, 661, 5027, -400, 0, 153, 0
L 661, 5027, -400, 645, 5001, -402, 0, 153, 0
L 645, 5001, -402, 673, 4876, -402, 0, 153, 0
L 673, 4876, -402, 665, 4833, -400, 0, 153, 0
L 665, 4833, -400, 626, 4801, -399, 0, 153, 0
L 626, 4801, -399, 559, 4822, -399, 0, 153, 0
L 559, 4822, -399, 530, 4850, -399, 0, 153, 0
L 530, 4850, -399, 496, 4903, -399, 0, 153, 0
L 496, 4903, -399, 475, 4951, -399, 0, 153, 0
L 475, 4951, -399, 430, 4994, -399, 0, 153, 0
L 430, 4994, -399, 380, 5031, -399, 0, 153, 0
L 380, 5031, -399, 335, 5041, -397, 0, 153, 0
L 335, 5041, -397, 343, 5090, -393, 0, 153, 0
L 343, 5090, -393, 344, 5131, -402, 0, 153, 0
L 344, 5131, -402, 334, 5253, -430, 0, 153, 0
L 334, 5253, -430, 332, 5351, -440, 0, 153, 0
L 332, 5351, -440, 328, 5452, -456, 0, 153, 0
L 328, 5452, -456, 321, 5537, -465, 0, 153, 0
L 321, 5537, -465, 325, 5583, -466, 0, 153, 0
L 267, 5448, -4540, 267, 5448, -454, 0, 153, 0
L 267, 5448, -454, 275, 5440, -456, 0, 153, 0
L 275, 5440, -456, 277, 5428, -453, 0, 153, 0
L 277, 5428, -453, 268, 5401, -452, 0, 153, 0
L 268, 5401, -452, 263, 5284, -423, 0, 153, 0
L 263, 5284, -423, 268, 5161, -413, 0, 153, 0
L 268, 5161, -413, 266, 5143, -409, 0, 153, 0
L 266, 5143, -409, 268, 5091, -402, 0, 153, 0
L 268, 5091, -402, 253, 5045, -387, 0, 153, 0
L 253, 5045, -387, 253, 4943, -380, 0, 153, 0
L 253, 4943, -380, 256, 4848, -356, 0, 153, 0
L 256, 4848, -356, 268, 4603, -334, 0, 153, 0
L 268, 4603, -334, 147, 4477, -309, 0, 153, 0
L 147, 4477, -309, 105, 4400, -297, 0, 153, 0
L 105, 4400, -297, 61, 4217, -270, 0, 153, 0
L 61, 4217, -270, 96, 4099, -256, 0, 153, 0
L 96, 4099, -256, 152, 3998, -241, 0, 153, 0
L 152, 3998, -241, 170, 3884, -234, 0, 153, 0
L 170, 3884, -234, 278, 3748, -216, 0, 153, 0
L 278, 3748, -216, 274, 3659, -217, 0, 153, 0
L 274, 3659, -217, 262, 3535, -203, 0, 153, 0
L 262, 3535, -203, 254, 3386, -191, 0, 153, 0
L 254, 3386, -191, 259, 3272, -182, 0, 153, 0
L 259, 3272, -182, 257, 3165, -160, 0, 153, 0
L 257, 3165, -160, 197, 3085, -154, 0, 153, 0
L 197, 3085, -154, 166, 2943, -139, 0, 153, 0
L 166, 2943, -139, 158, 2844, -133, 0, 153, 0
L 392, 4953, -4000, 392, 4953, -400, 0, 153, 0
L 392, 4953, -400, 430, 4909, -399, 0, 153, 0
L 430, 4909, -399, 473, 4840, -394, 0, 153, 0
L 473, 4840, -394, 520, 4787, -399, 0, 153, 0
L 520, 4787, -399, 568, 4721, -392, 0, 153, 0
L 568, 4721, -392, 618, 4640, -379, 0, 153, 0
L 618, 4640, -379, 674, 4544, -356, 0, 153, 0
L 674, 4544, -356, 677, 4450, -320, 0, 153, 0
L 677, 4450, -320, 666, 4364, -315, 0, 153, 0
L 666, 4364, -315, 643, 4310, -271, 0, 153, 0
L 643, 4310, -271, 625, 4275, -264, 0, 153, 0
L 625, 4275, -264, 589, 4225, -284, 0, 153, 0
L 589, 4225, -284, 576, 4221, -286, 0, 153, 0
L 576, 4221, -286, 566, 4272, -290, 0, 153, 0
L 566, 4272, -290, 540, 4345, -290, 0, 153, 0
L 540, 4345, -290, 468, 4318, -290, 0, 153, 0
L 468, 4318, -290, 459, 4165, -290, 0, 153, 0
L 459, 4165, -290, 494, 4137, -290, 0, 153, 0
L 494, 4137, -290, 531, 4163, -290, 0, 153, 0
L 531, 4163, -290, 603, 4183, -290, 0, 153, 0
L 603, 4183, -290, 612, 4107, -251, 0, 153, 0
L 612, 4107, -251, 650, 3966, -224, 0, 153, 0
L 650, 3966, -224, 899, 3754, -201, 0, 153, 0
L 899, 3754, -201, 887, 3706, -196, 0, 153, 0
L 887, 3706, -196, 877, 3692, -192, 0, 153, 0
L 877, 3692, -192, 837, 3643, -198, 0, 153, 0
L 837, 3643, -198, 792, 3623, -206, 0, 153, 0
L 792, 3623, -206, 653, 3579, -196, 0, 153, 0
L 653, 3579, -196, 554, 3449, -198, 0, 153, 0
L 554, 3449, -198, 532, 3376, -205, 0, 153, 0
L 532, 3376, -205, 500, 3311, -180, 0, 153, 0
L 500, 3311, -180, 378, 3344, -215, 0, 153, 0
L 378, 3344, -215, 365, 3355, -216, 0, 153, 0
L 365, 3355, -216, 340, 3379, -206, 0, 153, 0
L 340, 3379, -206, 339, 3392, -197, 0, 153, 0
L 339, 3392, -197, 338, 3447, -205, 0, 153, 0
L 338, 3447, -205, 342, 3542, -214, 0, 153, 0
L 342, 3542, -214, 350, 3638, -210, 0, 153, 0
L 350, 3638, -210, 357, 3726, -228, 0, 153, 0
L 357, 3726, -228, 261, 3853, -238, 0, 153, 0
L 261, 3853, -238, 243, 3964, -251, 0, 153, 0
L 243, 3964, -251, 262, 4075, -267, 0, 153, 0
L 262, 4075, -267, 285, 4140, -275, 0, 153, 0
L 285, 4140, -275, 313, 4209, -278, 0, 153, 0
L 313, 4209, -278, 332, 4309, -289, 0, 153, 0
L 332, 4309, -289, 313, 4447, -306, 0, 153, 0
L 313, 4447, -306, 311, 4464, -304, 0, 153, 0
L 311, 4464, -304, 329, 4553, -320, 0, 153, 0
L 329, 4553, -320, 342, 4693, -327, 0, 153, 0
L 342, 4693, -327, 350, 4793, -344, 0, 153, 0
L 350, 4793, -344, 343, 4908, -368, 0, 153, 0
L 343, 4908, -368, 348, 4932, -371, 0, 153, 0
L 348, 4932, -371, 372, 4942, -389, 0, 153, 0
L 372, 4942, -389, 387, 4951, -398, 0, 153, 0
L 387, 4951, -398, 391, 4953, -400, 0, 153, 0
L -3670, 3767, -2412, -3670, 3767, -241, 153, 153, 153
L -3670, 3767, -241, -3676, 3769, -241, 153, 153, 153
L -3676, 3769, -241, -3695, 3782, -242, 153, 153, 153
L -3695, 3782, -242, -3703, 3795, -242, 153, 153, 153
L -3703, 3795, -242, -3709, 3813, -242, 153, 153, 153
L -3709, 3813, -242, -3700, 3814, -242, 153, 153, 153
L -3700, 3814, -242, -3698, 3828, -242, 153, 153, 153
L -3698, 3828, -242, -3709, 3832, -242, 153, 153, 153
L -3709, 3832, -242, -3707, 3841, -242, 153, 153, 153
L -3707, 3841, -242, -3702, 3852, -242, 153, 153, 153
L -3702, 3852, -242, -3674, 3877, -242, 153, 153, 153
L -3674, 3877, -242, -3661, 3879, -243, 153, 153, 153
L -3661, 3879, -243, -3659, 3890, -244, 153, 153, 153
L -3659, 3890, -244, -3664, 3887, -244, 153, 153, 153
L -3664, 3887, -244, -3677, 3885, -243, 153, 153, 153
L -3677, 3885, -243, -3697, 3872, -242, 153, 153, 153
L -3697, 3872, -242, -3713, 3850, -242, 153, 153, 153
L -3713, 3850, -242, -3719, 3824, -242, 153, 153, 153
L -3719, 3824, -242, -3715, 3798, -242, 153, 153, 153
L -3715, 3798, -242, -3701, 3776, -242, 153, 153, 153
L -3701, 3776, -242, -3680, 3762, -240, 153, 153, 153
L -3680, 3762, -240, -3671, 3759, -239, 153, 153, 153
L -3671, 3759, -239, -3671, 3753, -238, 153, 153, 153
L -3671, 3753, -238, -3640, 3748, -237, 153, 153, 153
L -3640, 3748, -237, -3636, 3759, -239, 153, 153, 153
L -3636, 3759, -239, -3627, 3761, -239, 153, 153, 153
L -3627, 3761, -239, -3606, 3774, -242, 153, 153, 153
L -3606, 3774, -242, -3591, 3796, -242, 153, 153, 153
L -3591, 3796, -242, -3587, 3817, -242, 153, 153, 153
L -3587, 3817, -242, -3589, 3843, -242, 153, 153, 153
L -3589, 3843, -242, -3604, 3869, -242, 153, 153, 153
L -3604, 3869, -242, -3624, 3883, -243, 153, 153, 153
L -3624, 3883, -243, -3638, 3887, -244, 153, 153, 153
L -3638, 3887, -244, -3646, 3889, -244, 153, 153, 153
L -3646, 3889, -244, -3648, 3881, -243, 153, 153, 153
L -3648, 3881, -243, -3632, 3877, -242, 153, 153, 153
L -3632, 3877, -242, -3611, 3864, -242, 153, 153, 153
L -3611, 3864, -242, -3601, 3850, -242, 153, 153, 153
L -3601, 3850, -242, -3596, 3835, -242, 153, 153, 153
L -3596, 3835, -242, -3605, 3831, -242, 153, 153, 153
L -3605, 3831, -242, -3608, 3816, -242, 153, 153, 153
L -3608, 3816, -242, -3596, 3812, -242, 153, 153, 153
L -3596, 3812, -242, -3598, 3800, -242, 153, 153, 153
L -3598, 3800, -242, -3613, 3780, -242, 153, 153, 153
L -3613, 3780, -242, -3628, 3770, -241, 153, 153, 153
L -3628, 3770, -241, -3636, 3767, -241, 153, 153, 153
L -3636, 3767, -241, -3636, 3781, -242, 153, 153, 153
L -3636, 3781, -242, -3646, 3783, -242, 153, 153, 153
L -3646, 3783, -242, -3648, 3778, -238, 153, 153, 153
L -3648, 3778, -238, -3643, 3776, -238, 153, 153, 153
L -3643, 3776, -238, -3643, 3754, -238, 153, 153, 153
L -3643, 3754, -238, -3659, 3755, -238, 153, 153, 153
L -3659, 3755, -238, -3663, 3756, -238, 153, 153, 153
L -3663, 3756, -238, -3663, 3776, -238, 153, 153, 153
L -3663, 3776, -238, -3657, 3781, -238, 153, 153, 153
L -3657, 3781, -238, -3666, 3783, -242, 153, 153, 153
L -3666, 3783, -242, -3670, 3767, -241, 153, 153, 153
L -3541, 5601, 1342, -3541, 5601, 134, 0, 255, 0
L -3541, 5601, 134, -3541, 5614, 133, 0, 255, 0
L -3541, 5614, 133, -3543, 5627, 133, 0, 255, 0
L -3543, 5627, 133, -3543, 5682, 133, 0, 255, 0
L -3543, 5682, 133, -3541, 5739, 133, 0, 255, 0
L -3541, 5739, 133, -3514, 5790, 133, 0, 255, 0
L -3514, 5790, 133, -3500, 5839, 133, 0, 255, 0
L -3500, 5839, 133, -3527, 5921, 133, 0, 255, 0
L -3527, 5921, 133, -3567, 5906, 133, 0, 255, 0
L -3567, 5906, 133, -3584, 5869, 133, 0, 255, 0
L -3584, 5869, 133, -3638, 5844, 133, 0, 255, 0
L -3638, 5844, 133, -3712, 5872, 133, 0, 255, 0
L -3712, 5872, 133, -3725, 5971, 133, 0, 255, 0
L -3725, 5971, 133, -3674, 5984, 133, 0, 255, 0
L -3674, 5984, 133, -3611, 5970, 133, 0, 255, 0
L -3611, 5970, 133, -3588, 5945, 133, 0, 255, 0
L -3588, 5945, 133, -3545, 5963, 133, 0, 255, 0
L -3545, 5963, 133, -3543, 6013, 133, 0, 255, 0
L -3543, 6013, 133, -3619, 6045, 133, 0, 255, 0
L -3619, 6045, 133, -3646, 6087, 133, 0, 255, 0
L -3646, 6087, 133, -3636, 6135, 133, 0, 255, 0
L -3636, 6135, 133, -3580, 6163, 133, 0, 255, 0
L -3580, 6163, 133, -3596, 6195, 133, 0, 255, 0
L -3596, 6195, 133, -3650, 6209, 133, 0, 255, 0
L -3650, 6209, 133, -3664, 6275, 133, 0, 255, 0
L -3664, 6275, 133, -3608, 6297, 133, 0, 255, 0
L -3608, 6297, 133, -3527, 6260, 133, 0, 255, 0
L -3527, 6260, 133, -3566, 6224, 133, 0, 255, 0
L -3566, 6224, 133, -3553, 6184, 133, 0, 255, 0
L -3553, 6184, 133, -3505, 6175, 133, 0, 255, 0
L -3505, 6175, 133, -3471, 6200, 133, 0, 255, 0
L -3471, 6200, 133, -3446, 6253, 133, 0, 255, 0
L -3446, 6253, 133, -3479, 6312, 133, 0, 255, 0
L -3479, 6312, 133, -3469, 6367, 133, 0, 255, 0
L -3469, 6367, 133, -3533, 6459, 133, 0, 255, 0
L -3533, 6459, 133, -3472, 6512, 133, 0, 255, 0
L -3472, 6512, 133, -3339, 6477, 133, 0, 255, 0
L -3339, 6477, 133, -3299, 6319, 133, 0, 255, 0
L -3299, 6319, 133, -3371, 6316, 133, 0, 255, 0
L -3371, 6316, 133, -3409, 6339, 133, 0, 255, 0
L -3409, 6339, 133, -3443, 6308, 133, 0, 255, 0
L -3443, 6308, 133, -3403, 6247, 133, 0, 255, 0
L -3403, 6247, 133, -3437, 6200, 133, 0, 255, 0
L -3437, 6200, 133, -3414, 6169, 133, 0, 255, 0
L -3414, 6169, 133, -3365, 6163, 133, 0, 255, 0
L -3365, 6163, 133, -3344, 6208, 133, 0, 255, 0
L -3344, 6208, 133, -3296, 6249, 133, 0, 255, 0
L -3296, 6249, 133, -3256, 6215, 133, 0, 255, 0
L -3256, 6215, 133, -3244, 6103, 133, 0, 255, 0
L -3244, 6103, 133, -3279, 6065, 133, 0, 255, 0
L -3279, 6065, 133, -3339, 6067, 133, 0, 255, 0
L -3339, 6067, 133, -3348, 6084, 133, 0, 255, 0
L -3348, 6084, 133, -3357, 6135, 133, 0, 255, 0
L -3357, 6135, 133, -3416, 6145, 133, 0, 255, 0
L -3416, 6145, 133, -3451, 6168, 133, 0, 255, 0
L -3451, 6168, 133, -3463, 6171, 133, 0, 255, 0
L -3463, 6171, 133, -3490, 6150, 133, 0, 255, 0
L -3490, 6150, 133, -3529, 6146, 133, 0, 255, 0
L -3529, 6146, 133, -3567, 6136, 133, 0, 255, 0
L -3567, 6136, 133, -3588, 6112, 133, 0, 255, 0
L -3588, 6112, 133, -3537, 6107, 133, 0, 255, 0
L -3537, 6107, 133, -3452, 6069, 133, 0, 255, 0
L -3452, 6069, 133, -3430, 6043, 133, 0, 255, 0
L -3430, 6043, 133, -3345, 6033, 133, 0, 255, 0
L -3345, 6033, 133, -3324, 5960, 133, 0, 255, 0
L -3324, 5960, 133, -3352, 5940, 133, 0, 255, 0
L -3352, 5940, 133, -3430, 5936, 133, 0, 255, 0
L -3430, 5936, 133, -3455, 5978, 133, 0, 255, 0
L -3455, 5978, 133, -3450, 6008, 133, 0, 255, 0
L -3450, 6008, 133, -3457, 6033, 133, 0, 255, 0
L -3457, 6033, 133, -3536, 6086, 133, 0, 255, 0
L -3536, 6086, 133, -3568, 6084, 133, 0, 255, 0
L -3568, 6084, 133, -3535, 6041, 133, 0, 255, 0
L -3535, 6041, 133, -3512, 5994, 133, 0, 255, 0
L -3512, 5994, 133, -3479, 5880, 133, 0, 255, 0
L -3479, 5880, 133, -3483, 5789, 133, 0, 255, 0
L -3483, 5789, 133, -3515, 5732, 133, 0, 255, 0
L -3515, 5732, 133, -3519, 5639, 133, 0, 255, 0
L -3519, 5639, 133, -3526, 5609, 133, 0, 255, 0
L -3526, 5609, 133, -3521, 5597, 133, 0, 255, 0
L -3090, 6748, -338, -3090, 6748, -33, 0, 153, 0
L -3090, 6748, -33, -3110, 6747, -33, 0, 153, 0
L -3110, 6747, -33, -3192, 6746, -34, 0, 153, 0
L -3192, 6746, -34, -3195, 6697, -34, 0, 153, 0
L -3195, 6697, -34, -3210, 6697, -34, 0, 153, 0
L -3210, 6697, -34, -3239, 6684, -34, 0, 153, 0
L -3239, 6684, -34, -3243, 6614, -34, 0, 153, 0
L -3243, 6614, -34, -3323, 6604, -34, 0, 153, 0
L -3323, 6604, -34, -3323, 6697, -34, 0, 153, 0
L -3323, 6697, -34, -3274, 6697, -34, 0, 153, 0
L -3274, 6697, -34, -3239, 6710, -34, 0, 153, 0
L -3239, 6710, -34, -3238, 6716, -34, 0, 153, 0
L -3238, 6716, -34, -3239, 6746, -34, 0, 153, 0
L -3239, 6746, -34, -3350, 6746, -36, 0, 153, 0
L -3350, 6746, -36, -3350, 6786, -36, 0, 153, 0
L -3092, 6772, -338, -3092, 6772, -33, 0, 153, 0
L -3092, 6772, -33, -3115, 6771, -33, 0, 153, 0
L -3115, 6771, -33, -3192, 6772, -34, 0, 153, 0
L -3192, 6772, -34, -3197, 6796, -34, 0, 153, 0
L -3197, 6796, -34, -3237, 6796, -34, 0, 153, 0
L -3237, 6796, -34, -3237, 6775, -34, 0, 153, 0
L -3237, 6775, -34, -3322, 6772, -36, 0, 153, 0
L -3322, 6772, -36, -3324, 6779, -36, 0, 153, 0
L -3324, 6779, -36, -3324, 6786, -36, 0, 153, 0
L 3302, 6169, -3391, 3302, 6169, -338, 0, 153, 0
L 3302, 6169, -338, 3376, 6170, -334, 0, 153, 0
L 3376, 6170, -334, 3403, 6172, -336, 0, 153, 0
L 3403, 6172, -336, 3545, 6136, -348, 0, 153, 0
L 3545, 6136, -348, 3689, 6078, -361, 0, 153, 0
L 3689, 6078, -361, 3754, 5899, -394, 0, 153, 0
L 3754, 5899, -394, 3683, 5707, -433, 0, 153, 0
L 3683, 5707, -433, 3535, 5599, -510, 0, 153, 0
L 3535, 5599, -510, 3543, 5530, -511, 0, 153, 0
L 3543, 5530, -511, 3520, 5520, -512, 0, 153, 0
L 3520, 5520, -512, 3445, 5518, -512, 0, 153, 0
L 3445, 5518, -512, 3395, 5544, -512, 0, 153, 0
L 3395, 5544, -512, 3263, 5462, -511, 0, 153, 0
L 3263, 5462, -511, 3189, 5448, -512, 0, 153, 0
L 3189, 5448, -512, 3103, 5444, -511, 0, 153, 0
L 3103, 5444, -511, 3116, 5389, -512, 0, 153, 0
L 3116, 5389, -512, 3105, 5312, -511, 0, 153, 0
L 3105, 5312, -511, 3168, 5276, -512, 0, 153, 0
L 3168, 5276, -512, 3198, 5317, -512, 0, 153, 0
L 3198, 5317, -512, 3218, 5363, -512, 0, 153, 0
L 3218, 5363, -512, 3323, 5374, -511, 0, 153, 0
L 3323, 5374, -511, 3378, 5267, -511, 0, 153, 0
L 3378, 5267, -511, 3401, 5305, -512, 0, 153, 0
L 3401, 5305, -512, 3486, 5287, -500, 0, 153, 0
L 3486, 5287, -500, 3402, 5123, -512, 0, 153, 0
L 3402, 5123, -512, 3305, 5105, -511, 0, 153, 0
L 3305, 5105, -511, 3240, 5208, -512, 0, 153, 0
L 3240, 5208, -512, 3324, 5236, -512, 0, 153, 0
L 3324, 5236, -512, 3311, 5310, -512, 0, 153, 0
L 3311, 5310, -512, 3212, 5287, -512, 0, 153, 0
L 3212, 5287, -512, 3172, 5238, -512, 0, 153, 0
L 3172, 5238, -512, 3085, 5295, -512, 0, 153, 0
L 3085, 5295, -512, 3087, 5361, -511, 0, 153, 0
L 3087, 5361, -511, 3057, 5437, -501, 0, 153, 0
L 3057, 5437, -501, 3018, 5375, -512, 0, 153, 0
L 3018, 5375, -512, 3025, 5304, -512, 0, 153, 0
L 3025, 5304, -512, 3028, 5282, -511, 0, 153, 0
L 3028, 5282, -511, 3086, 5228, -512, 0, 153, 0
L 3086, 5228, -512, 3194, 5177, -512, 0, 153, 0
L 3194, 5177, -512, 3275, 5043, -512, 0, 153, 0
L 3275, 5043, -512, 3407, 5072, -512, 0, 153, 0
L 3407, 5072, -512, 3490, 5210, -511, 0, 153, 0
L 3490, 5210, -511, 3593, 5209, -512, 0, 153, 0
L 3593, 5209, -512, 3693, 5166, -512, 0, 153, 0
L 3693, 5166, -512, 3781, 5072, -512, 0, 153, 0
L 3781, 5072, -512, 3823, 5051, -512, 0, 153, 0
L 3823, 5051, -512, 3834, 5077, -512, 0, 153, 0
L 3834, 5077, -512, 3800, 5193, -512, 0, 153, 0
L 3800, 5193, -512, 3784, 5266, -511, 0, 153, 0
L 3784, 5266, -511, 3774, 5273, -512, 0, 153, 0
L 3774, 5273, -512, 3673, 5306, -512, 0, 153, 0
L 3673, 5306, -512, 3589, 5430, -512, 0, 153, 0
L 3589, 5430, -512, 3614, 5521, -512, 0, 153, 0
L 3614, 5521, -512, 3735, 5558, -512, 0, 153, 0
L 3735, 5558, -512, 3896, 5530, -512, 0, 153, 0
L 3896, 5530, -512, 3940, 5456, -512, 0, 153, 0
L 3940, 5456, -512, 3942, 5359, -511, 0, 153, 0
L 3942, 5359, -511, 3869, 5296, -508, 0, 153, 0
L 3869, 5296, -508, 3834, 5278, -512, 0, 153, 0
L 3834, 5278, -512, 3828, 5196, -511, 0, 153, 0
L 3828, 5196, -511, 3863, 5105, -512, 0, 153, 0
L 3863, 5105, -512, 3869, 5068, -512, 0, 153, 0
L 3869, 5068, -512, 3915, 5106, -512, 0, 153, 0
L 3915, 5106, -512, 3974, 5195, -512, 0, 153, 0
L 3974, 5195, -512, 4079, 5313, -511, 0, 153, 0
L 4079, 5313, -511, 4169, 5338, -512, 0, 153, 0
L 4169, 5338, -512, 4201, 5389, -512, 0, 153, 0
L 4201, 5389, -512, 4204, 5462, -511, 0, 153, 0
L 4204, 5462, -511, 4181, 5480, -512, 0, 153, 0
L 4181, 5480, -512, 4120, 5529, -511, 0, 153, 0
L 4120, 5529, -511, 4023, 5528, -511, 0, 153, 0
L 4023, 5528, -511, 3956, 5632, -512, 0, 153, 0
L 3956, 5632, -512, 3974, 5806, -512, 0, 153, 0
L 3974, 5806, -512, 4069, 5858, -512, 0, 153, 0
L 4069, 5858, -512, 4179, 5897, -512, 0, 153, 0
L 4179, 5897, -512, 4354, 5809, -511, 0, 153, 0
L 4354, 5809, -511, 4356, 5658, -512, 0, 153, 0
L 4356, 5658, -512, 4258, 5607, -512, 0, 153, 0
L 4258, 5607, -512, 4175, 5669, -512, 0, 153, 0
L 4175, 5669, -512, 4132, 5643, -511, 0, 153, 0
L 4132, 5643, -511, 4189, 5520, -511, 0, 153, 0
L 4189, 5520, -511, 4246, 5499, -512, 0, 153, 0
L 4246, 5499, -512, 4251, 5400, -512, 0, 153, 0
L 4251, 5400, -512, 4183, 5306, -512, 0, 153, 0
L 4183, 5306, -512, 4103, 5287, -512, 0, 153, 0
L 4103, 5287, -512, 4039, 5210, -512, 0, 153, 0
L 4039, 5210, -512, 4071, 5128, -512, 0, 153, 0
L 4071, 5128, -512, 4223, 5198, -512, 0, 153, 0
L 4223, 5198, -512, 4255, 5063, -511, 0, 153, 0
L 4255, 5063, -511, 4226, 4882, -512, 0, 153, 0
L 4226, 4882, -512, 4114, 4861, -512, 0, 153, 0
L 4114, 4861, -512, 3988, 4881, -512, 0, 153, 0
L 3988, 4881, -512, 3983, 4989, -511, 0, 153, 0
L 3983, 4989, -511, 4028, 5065, -512, 0, 153, 0
L 4028, 5065, -512, 3971, 5136, -512, 0, 153, 0
L 3971, 5136, -512, 3934, 5094, -512, 0, 153, 0
L 3934, 5094, -512, 3900, 5017, -512, 0, 153, 0
L 3900, 5017, -512, 3797, 5015, -512, 0, 153, 0
L 3797, 5015, -512, 3705, 5114, -512, 0, 153, 0
L 3705, 5114, -512, 3584, 5183, -511, 0, 153, 0
L 3584, 5183, -511, 3527, 5179, -512, 0, 153, 0
L 3527, 5179, -512, 3488, 5100, -512, 0, 153, 0
L 3488, 5100, -512, 3568, 5052, -512, 0, 153, 0
L 3568, 5052, -512, 3584, 4909, -512, 0, 153, 0
L 3584, 4909, -512, 3500, 4841, -511, 0, 153, 0
L 3500, 4841, -511, 3326, 4840, -512, 0, 153, 0
L 3326, 4840, -512, 3223, 4933, -511, 0, 153, 0
L 3223, 4933, -511, 3214, 5011, -511, 0, 153, 0
L 3214, 5011, -511, 3239, 5040, -512, 0, 153, 0
L 3239, 5040, -512, 3177, 5158, -512, 0, 153, 0
L 3177, 5158, -512, 3121, 5188, -512, 0, 153, 0
L 3121, 5188, -512, 3038, 5229, -512, 0, 153, 0
L 3038, 5229, -512, 3009, 5197, -511, 0, 153, 0
L 3009, 5197, -511, 3053, 5083, -511, 0, 153, 0
L 3053, 5083, -511, 3029, 5052, -512, 0, 153, 0
L 3029, 5052, -512, 2905, 5094, -512, 0, 153, 0
L 2905, 5094, -512, 2872, 5172, -512, 0, 153, 0
L 2872, 5172, -512, 2888, 5222, -512, 0, 153, 0
L 2888, 5222, -512, 2962, 5231, -512, 0, 153, 0
L 2962, 5231, -512, 2989, 5242, -512, 0, 153, 0
L 2989, 5242, -512, 2985, 5380, -512, 0, 153, 0
L 2985, 5380, -512, 3029, 5460, -512, 0, 153, 0
L 3029, 5460, -512, 3138, 5469, -511, 0, 153, 0
L 3138, 5469, -511, 3230, 5486, -512, 0, 153, 0
L 3230, 5486, -512, 3350, 5568, -512, 0, 153, 0
L 3350, 5568, -512, 3337, 5601, -512, 0, 153, 0
L 3337, 5601, -512, 3273, 5601, -512, 0, 153, 0
L 3273, 5601, -512, 3152, 5652, -511, 0, 153, 0
L 3152, 5652, -511, 3223, 5724, -512, 0, 153, 0
L 3223, 5724, -512, 3345, 5708, -511, 0, 153, 0
L 3345, 5708, -511, 3361, 5633, -512, 0, 153, 0
L 3361, 5633, -512, 3390, 5616, -512, 0, 153, 0
L 3390, 5616, -512, 3482, 5618, -512, 0, 153, 0
L 3482, 5618, -512, 3654, 5722, -445, 0, 153, 0
L 3654, 5722, -445, 3724, 5903, -405, 0, 153, 0
L 3724, 5903, -405, 3684, 6044, -372, 0, 153, 0
L 3684, 6044, -372, 3588, 6086, -360, 0, 153, 0
L 3588, 6086, -360, 3405, 6122, -336, 0, 153, 0
L 3405, 6122, -336, 3362, 6124, -333, 0, 153, 0
L 3362, 6124, -333, 3301, 6124, -333, 0, 153, 0
L 1341, 3331, -1453, 1341, 3331, -144, 153, 153, 153
L 1341, 3331, -144, 1323, 3336, -146, 153, 153, 153
L 1323, 3336, -146, 1320, 3339, -145, 153, 153, 153
L 1320, 3339, -145, 1313, 3334, -146, 153, 153, 153
L 1313, 3334, -146, 1333, 3328, -146, 153, 153, 153
L 1333, 3328, -146, 1347, 3323, -145, 153, 153, 153
L 1347, 3323, -145, 1353, 3349, -146, 153, 153, 153
L 1353, 3349, -146, 1357, 3356, -146, 153, 153, 153
L 1357, 3356, -146, 1332, 3362, -146, 153, 153, 153
L 1332, 3362, -146, 1324, 3366, -146, 153, 153, 153
L 1324, 3366, -146, 1320, 3360, -145, 153, 153, 153
L 1320, 3360, -145, 1327, 3356, -145, 153, 153, 153
L 1327, 3356, -145, 1329, 3358, -145, 153, 153, 153
L 1329, 3358, -145, 1347, 3353, -146, 153, 153, 153
L 1347, 3353, -146, 1348, 3351, -146, 153, 153, 153
L 1348, 3351, -146, 1344, 3333, -146, 153, 153, 153
L 1344, 3333, -146, 1341, 3331, -146, 153, 153, 153
L -3136, 5395, -407, -3136, 5395, -40, 0, 255, 0
L -3136, 5395, -40, -3134, 5519, -43, 0, 255, 0
L -3134, 5519, -43, -3150, 5594, -43, 0, 255, 0
L -3150, 5594, -43, -3178, 5601, -43, 0, 255, 0
L -3178, 5601, -43, -3210, 5615, -43, 0, 255, 0
L -3210, 5615, -43, -3247, 5654, -43, 0, 255, 0
L -3247, 5654, -43, -3316, 5672, -43, 0, 255, 0
L -3316, 5672, -43, -3345, 5728, -43, 0, 255, 0
L -3345, 5728, -43, -3334, 5825, -43, 0, 255, 0
L -3334, 5825, -43, -3258, 5853, -43, 0, 255, 0
L -3258, 5853, -43, -3195, 5835, -43, 0, 255, 0
L -3195, 5835, -43, -3165, 5744, -43, 0, 255, 0
L -3165, 5744, -43, -3205, 5705, -43, 0, 255, 0
L -3205, 5705, -43, -3220, 5667, -43, 0, 255, 0
L -3220, 5667, -43, -3212, 5643, -43, 0, 255, 0
L -3212, 5643, -43, -3180, 5620, -43, 0, 255, 0
L -3180, 5620, -43, -3135, 5599, -43, 0, 255, 0
L -3135, 5599, -43, -3119, 5532, -43, 0, 255, 0
L -3119, 5532, -43, -3118, 5394, -43, 0, 255, 0
L -2694, 6749, -2274, -2694, 6749, -227, 0, 255, 0
L -2694, 6749, -227, -2804, 6748, -227, 0, 255, 0
L -2804, 6748, -227, -2868, 6762, -227, 0, 255, 0
L -2868, 6762, -227, -2923, 6809, -227, 0, 255, 0
L -2923, 6809, -227, -3030, 6836, -227, 0, 255, 0
L -3030, 6836, -227, -3061, 6827, -227, 0, 255, 0
L -3061, 6827, -227, -3080, 6727, -227, 0, 255, 0
L -3080, 6727, -227, -3034, 6681, -227, 0, 255, 0
L -3034, 6681, -227, -2971, 6624, -227, 0, 255, 0
L -2971, 6624, -227, -2911, 6553, -227, 0, 255, 0
L -2911, 6553, -227, -2906, 6448, -227, 0, 255, 0
L -2906, 6448, -227, -2890, 6392, -227, 0, 255, 0
L -2890, 6392, -227, -2936, 6330, -227, 0, 255, 0
L -2936, 6330, -227, -3039, 6347, -227, 0, 255, 0
L -3039, 6347, -227, -3043, 6432, -227, 0, 255, 0
L -3043, 6432, -227, -3000, 6443, -227, 0, 255, 0
L -3000, 6443, -227, -2963, 6532, -227, 0, 255, 0
L -2963, 6532, -227, -2982, 6564, -227, 0, 255, 0
L -2982, 6564, -227, -3027, 6531, -227, 0, 255, 0
L -3027, 6531, -227, -3101, 6490, -227, 0, 255, 0
L -3101, 6490, -227, -3143, 6489, -227, 0, 255, 0
L -3143, 6489, -227, -3185, 6413, -227, 0, 255, 0
L -3185, 6413, -227, -3251, 6409, -227, 0, 255, 0
L -3251, 6409, -227, -3345, 6502, -227, 0, 255, 0
L -3345, 6502, -227, -3287, 6595, -227, 0, 255, 0
L -3287, 6595, -227, -3195, 6599, -227, 0, 255, 0
L -3195, 6599, -227, -3160, 6554, -227, 0, 255, 0
L -3160, 6554, -227, -3096, 6552, -227, 0, 255, 0
L -3096, 6552, -227, -3077, 6618, -227, 0, 255, 0
L -3077, 6618, -227, -3156, 6741, -227, 0, 255, 0
L -3156, 6741, -227, -3130, 6865, -227, 0, 255, 0
L -3130, 6865, -227, -3081, 6885, -227, 0, 255, 0
L -3081, 6885, -227, -2893, 6861, -227, 0, 255, 0
L -2893, 6861, -227, -2867, 6811, -227, 0, 255, 0
L -2867, 6811, -227, -2811, 6777, -227, 0, 255, 0
L -2811, 6777, -227, -2745, 6777, -227, 0, 255, 0
L -2745, 6777, -227, -2698, 6776, -227, 0, 255, 0
L 103, 31, 967, 103, 31, 96, 153, 153, 153
L 103, 31, 96, 104, 27, 100, 153, 153, 153
L 104, 27, 100, 104, 6, 100, 153, 153, 153
L 104, 6, 100, 86, 5, 100, 153, 153, 153
L 86, 5, 100, 86, -18, 100, 153, 153, 153
L 86, -18, 100, 105, -18, 100, 153, 153, 153
L 105, -18, 100, 106, -53, 100, 153, 153, 153
L 106, -53, 100, 134, -53, 100, 153, 153, 153
L 134, -53, 100, 136, -60, 100, 153, 153, 153
L 147, -59, 1011, 147, -59, 101, 153, 153, 153
L 147, -59, 101, 147, -42, 100, 153, 153, 153
L 147, -42, 100, 118, -42, 100, 153, 153, 153
L 118, -42, 100, 116, -20, 100, 153, 153, 153
L 116, -20, 100, 136, -18, 100, 153, 153, 153
L 136, -18, 100, 136, 5, 100, 153, 153, 153
L 136, 5, 100, 120, 5, 100, 153, 153, 153
L 120, 5, 100, 118, 27, 100, 153, 153, 153
L 118, 27, 100, 120, 31, 95, 153, 153, 153
P -3166, 6711, 0, 255, 255, 0, 2, Velketor's_Labyrinth
P 4100, 1561, 0, 255, 255, 0, 2, Eastern_Wastes
P 106, -53, 0, 255, 255, 0, 2, Thurgadin
P -3716, 3720, 0, 255, 255, 255, 2, Teleport
P 965, 7720, 0, 255, 255, 255, 2, Succor_Point
