L -1019, -476, 3, -1037, -477, 3, 180, 180, 0
L -1037, -477, 3, -1037, -522, 3, 180, 180, 0
L -1037, -522, 3, -1120, -574, 6, 180, 180, 0
L -1120, -574, 6, -1120, -637, 9, 180, 180, 0
L -1120, -637, 9, -1075, -637, 3, 180, 180, 0
L -1075, -637, 3, -1074, -592, 3, 180, 180, 0
L -1074, -592, 3, -991, -544, 3, 180, 180, 0
L -991, -544, 3, -991, -477, 9, 180, 180, 0
L -991, -477, 9, -1009, -476, 3, 180, 180, 0
L -1009, -476, 3, -1009, -462, 4, 180, 180, 0
L -1009, -462, 4, -968, -461, 9, 180, 180, 0
L -968, -461, 9, -967, -447, 5, 180, 180, 0
L -967, -447, 5, -938, -403, 5, 180, 180, 0
L -938, -403, 5, -920, -402, 10, 180, 180, 0
L -920, -402, 10, -886, -376, 7, 180, 180, 0
L -886, -376, 7, -886, -342, 9, 180, 180, 0
L -886, -342, 9, -923, -316, 6, 180, 180, 0
L -923, -316, 6, -938, -316, 5, 180, 180, 0
L -938, -316, 5, -967, -273, 5, 180, 180, 0
L -967, -273, 5, -968, -257, 10, 180, 180, 0
L -968, -257, 10, -1009, -256, 4, 180, 180, 0
L -1009, -256, 4, -1009, -243, 3, 180, 180, 0
L -1009, -243, 3, -1002, -243, 3, 180, 180, 0
L -1002, -243, 3, -1002, -196, 3, 180, 180, 0
L -1002, -196, 3, -1005, -196, 3, 180, 180, 0
L -1005, -196, 3, -1005, -183, 3, 180, 180, 0
L -1005, -183, 3, -1002, -183, 5, 180, 180, 0
L -1002, -183, 5, -1002, -151, 3, 180, 180, 0
L -1002, -151, 3, -1028, -151, 9, 180, 180, 0
L -1028, -151, 9, -1028, -122, 23, 180, 180, 0
L -1028, -122, 23, -989, -122, 23, 180, 180, 0
L -989, -122, 23, -988, -159, 23, 180, 180, 0
L -988, -159, 23, -988, -160, 27, 180, 180, 0
L -988, -160, 27, -970, -200, 23, 180, 180, 0
L -970, -200, 23, -921, -219, 20, 180, 180, 0
L -921, -219, 20, -872, -200, 17, 180, 180, 0
L -872, -200, 17, -854, -155, 14, 180, 180, 0
L -854, -155, 14, -873, -103, 10, 180, 180, 0
L -873, -103, 10, -895, -93, 8, 180, 180, 0
L -895, -93, 8, -896, -57, 4, 180, 180, 0
L -896, -57, 4, -899, -57, 3, 180, 180, 0
L -899, -57, 3, -899, -44, 3, 180, 180, 0
L -899, -44, 3, -889, -44, 3, 180, 180, 0
L -889, -44, 3, -888, -49, 4, 180, 180, 0
L -888, -49, 4, -841, -49, 4, 180, 180, 0
L -841, -49, 4, -841, -42, 3, 180, 180, 0
L -841, -42, 3, -827, -42, 3, 180, 180, 0
L -827, -42, 3, -826, -75, 3, 180, 180, 0
L -826, -75, 3, -752, -75, 3, 180, 180, 0
L -752, -75, 3, -752, -67, 3, 180, 180, 0
L -752, -67, 3, -739, -68, 3, 180, 180, 0
L -739, -68, 3, -739, -75, 3, 180, 180, 0
L -739, -75, 3, -692, -75, 3, 180, 180, 0
L -692, -75, 3, -692, -71, 3, 180, 180, 0
L -692, -71, 3, -679, -71, 3, 180, 180, 0
L -679, -71, 3, -679, -80, 4, 180, 180, 0
L -679, -80, 4, -684, -83, 7, 180, 180, 0
L -684, -83, 7, -684, -109, 4, 180, 180, 0
L -684, -109, 4, -622, -109, 3, 180, 180, 0
L -622, -109, 3, -622, -73, 3, 180, 180, 0
L -622, -73, 3, -617, -74, 3, 180, 180, 0
L -617, -74, 3, -617, -109, 3, 180, 180, 0
L -617, -109, 3, -557, -109, 3, 180, 180, 0
L -557, -109, 3, -557, -113, 3, 180, 180, 0
L -557, -113, 3, -617, -113, 3, 180, 180, 0
L -617, -113, 3, -617, -133, 3, 180, 180, 0
L -617, -133, 3, -588, -133, 3, 180, 180, 0
L -588, -133, 3, -588, -130, 3, 180, 180, 0
L -588, -130, 3, -576, -129, 3, 180, 180, 0
L -576, -129, 3, -577, -142, 3, 180, 180, 0
L -577, -142, 3, -584, -142, 3, 180, 180, 0
L -584, -142, 3, -587, -172, 3, 180, 180, 0
L -587, -172, 3, -582, -175, 3, 180, 180, 0
L -582, -175, 3, -580, -216, 3, 180, 180, 0
L -580, -216, 3, -588, -227, 3, 180, 180, 0
L -588, -227, 3, -588, -254, 3, 180, 180, 0
L -588, -254, 3, -581, -254, 3, 180, 180, 0
L -581, -254, 3, -582, -267, 3, 180, 180, 0
L -582, -267, 3, -588, -267, 5, 180, 180, 0
L -588, -267, 5, -588, -369, 63, 180, 180, 0
L -588, -369, 63, -580, -369, 63, 180, 180, 0
L -580, -369, 63, -581, -382, 63, 180, 180, 0
L -581, -382, 63, -646, -383, 63, 180, 180, 0
L -646, -383, 63, -660, -401, 63, 180, 180, 0
L -660, -401, 63, -661, -480, 63, 180, 180, 0
L -661, -480, 63, -674, -479, 63, 180, 180, 0
L -674, -479, 63, -674, -473, 63, 180, 180, 0
L -674, -473, 63, -710, -472, 63, 180, 180, 0
L -710, -472, 63, -750, -449, 63, 180, 180, 0
L -750, -449, 63, -779, -420, 64, 180, 180, 0
L -779, -420, 64, -780, -386, 63, 180, 180, 0
L -780, -386, 63, -787, -386, 63, 180, 180, 0
L -787, -386, 63, -787, -372, 63, 180, 180, 0
L -787, -372, 63, -770, -371, 63, 180, 180, 0
L -770, -371, 63, -770, -327, 63, 180, 180, 0
L -770, -327, 63, -686, -326, 63, 180, 180, 0
L -686, -326, 63, -686, -211, 63, 180, 180, 0
L -686, -211, 63, -732, -211, 63, 180, 180, 0
L -732, -211, 63, -733, -257, 63, 180, 180, 0
L -733, -257, 63, -815, -304, 63, 180, 180, 0
L -815, -304, 63, -815, -371, 64, 180, 180, 0
L -815, -371, 64, -798, -372, 63, 180, 180, 0
L -798, -372, 63, -798, -386, 63, 180, 180, 0
L -798, -386, 63, -806, -386, 63, 180, 180, 0
L -806, -386, 63, -808, -418, 63, 180, 180, 0
L -808, -418, 63, -768, -467, 63, 180, 180, 0
L -768, -467, 63, -709, -501, 63, 180, 180, 0
L -709, -501, 63, -674, -498, 63, 180, 180, 0
L -674, -498, 63, -674, -490, 63, 180, 180, 0
L -674, -490, 63, -661, -490, 63, 180, 180, 0
L -661, -490, 63, -660, -526, 63, 180, 180, 0
L -660, -526, 63, -643, -554, 67, 180, 180, 0
L -643, -554, 67, -624, -554, 63, 180, 180, 0
L -624, -554, 63, -608, -587, 69, 180, 180, 0
L -608, -587, 69, -590, -587, 63, 180, 180, 0
L -590, -587, 63, -576, -583, 63, 180, 180, 0
L -576, -583, 63, -558, -587, 63, 180, 180, 0
L -558, -587, 63, -529, -587, 63, 180, 180, 0
L -529, -587, 63, -495, -565, 63, 180, 180, 0
L -495, -565, 63, -495, -405, 66, 180, 180, 0
L -495, -405, 66, -533, -383, 64, 180, 180, 0
L -533, -383, 64, -570, -382, 63, 180, 180, 0
L -570, -382, 63, -570, -369, 63, 180, 180, 0
L -570, -369, 63, -563, -369, 63, 180, 180, 0
L -563, -369, 63, -563, -267, 4, 180, 180, 0
L -563, -267, 4, -570, -267, 3, 180, 180, 0
L -570, -267, 3, -570, -254, 3, 180, 180, 0
L -570, -254, 3, -563, -254, 5, 180, 180, 0
L -563, -254, 5, -560, -220, 5, 180, 180, 0
L -560, -220, 5, -562, -220, 3, 180, 180, 0
L -562, -220, 3, -564, -208, 3, 180, 180, 0
L -564, -208, 3, -551, -209, 3, 180, 180, 0
L -551, -209, 3, -551, -212, 3, 180, 180, 0
L -551, -212, 3, -518, -212, 3, 180, 180, 0
L -518, -212, 3, -518, -204, 3, 180, 180, 0
L -518, -204, 3, -505, -205, 4, 180, 180, 0
L -505, -205, 4, -504, -241, 3, 180, 180, 0
L -504, -241, 3, -476, -241, 7, 180, 180, 0
L -476, -241, 7, -455, -213, 4, 180, 180, 0
L -455, -213, 4, -420, -211, 13, 180, 180, 0
L -420, -211, 13, -422, -208, 10, 180, 180, 0
L -422, -208, 10, -411, -208, 3, 180, 180, 0
L -411, -208, 3, -412, -229, 3, 180, 180, 0
L -412, -229, 3, -414, -237, 3, 180, 180, 0
L -414, -237, 3, -407, -237, 3, 180, 180, 0
L -407, -237, 3, -407, -250, 3, 180, 180, 0
L -407, -250, 3, -438, -251, 3, 180, 180, 0
L -438, -251, 3, -445, -254, 3, 180, 180, 0
L -445, -254, 3, -456, -271, 3, 180, 180, 0
L -456, -271, 3, -456, -324, 3, 180, 180, 0
L -456, -324, 3, -431, -324, 3, 180, 180, 0
L -431, -324, 3, -418, -307, 3, 180, 180, 0
L -418, -307, 3, -388, -306, 3, 180, 180, 0
L -388, -306, 3, -372, -324, 3, 180, 180, 0
L -372, -324, 3, -336, -324, 4, 180, 180, 0
L -336, -324, 4, -336, -312, 4, 180, 180, 0
L -336, -312, 4, -348, -271, 3, 180, 180, 0
L -348, -271, 3, -360, -254, 3, 180, 180, 0
L -360, -254, 3, -366, -251, 3, 180, 180, 0
L -366, -251, 3, -397, -250, 3, 180, 180, 0
L -397, -250, 3, -397, -237, 3, 180, 180, 0
L -397, -237, 3, -390, -237, 3, 180, 180, 0
L -390, -237, 3, -390, -221, 3, 180, 180, 0
L -390, -221, 3, -393, -221, 3, 180, 180, 0
L -393, -221, 3, -392, -208, 3, 180, 180, 0
L -392, -208, 3, -381, -210, 4, 180, 180, 0
L -381, -210, 4, -381, -212, 4, 180, 180, 0
L -381, -212, 4, -351, -212, 4, 180, 180, 0
L -351, -212, 4, -326, -241, 13, 180, 180, 0
L -326, -241, 13, -300, -241, 10, 180, 180, 0
L -300, -241, 10, -299, -204, 4, 180, 180, 0
L -299, -204, 4, -285, -205, 3, 180, 180, 0
L -285, -205, 3, -284, -222, 3, 180, 180, 0
L -284, -222, 3, -238, -224, 3, 180, 180, 0
L -238, -224, 3, -192, -306, 7, 180, 180, 0
L -192, -306, 7, -124, -306, 3, 180, 180, 0
L -124, -306, 3, -123, -288, 3, 180, 180, 0
L -123, -288, 3, -110, -288, 3, 180, 180, 0
L -110, -288, 3, -110, -295, 3, 180, 180, 0
L -110, -295, 3, -94, -295, 3, 180, 180, 0
L -94, -295, 3, -94, -292, 3, 180, 180, 0
L -94, -292, 3, -81, -291, 3, 180, 180, 0
L -81, -291, 3, -81, -302, 4, 180, 180, 0
L -81, -302, 4, -85, -304, 4, 180, 180, 0
L -85, -304, 4, -85, -334, 4, 180, 180, 0
L -85, -334, 4, -114, -358, 11, 180, 180, 0
L -114, -358, 11, -114, -385, 3, 180, 180, 0
L -114, -385, 3, -78, -386, 4, 180, 180, 0
L -78, -386, 4, -78, -400, 3, 180, 180, 0
L -78, -400, 3, -111, -401, 3, 180, 180, 0
L -111, -401, 3, -112, -435, 3, 180, 180, 0
L -112, -435, 3, -125, -434, 3, 180, 180, 0
L -125, -434, 3, -125, -427, 3, 180, 180, 0
L -125, -427, 3, -159, -427, 3, 180, 180, 0
L -159, -427, 3, -201, -403, 3, 180, 180, 0
L -201, -403, 3, -228, -376, 3, 180, 180, 0
L -228, -376, 3, -243, -393, 3, 180, 180, 0
L -243, -393, 3, -219, -422, 3, 180, 180, 0
L -219, -422, 3, -159, -456, 3, 180, 180, 0
L -159, -456, 3, -125, -453, 3, 180, 180, 0
L -125, -453, 3, -125, -444, 3, 180, 180, 0
L -125, -444, 3, -112, -445, 4, 180, 180, 0
L -112, -445, 4, -111, -479, 3, 180, 180, 0
L -111, -479, 3, -66, -479, 3, 180, 180, 0
L -66, -479, 3, -66, -476, 3, 180, 180, 0
L -66, -476, 3, -54, -474, 3, 180, 180, 0
L -54, -474, 3, -54, -487, 10, 180, 180, 0
L -54, -487, 10, -57, -486, 13, 180, 180, 0
L -57, -486, 13, -57, -543, 63, 180, 180, 0
L -57, -543, 63, -50, -543, 63, 180, 180, 0
L -50, -543, 63, -50, -556, 63, 180, 180, 0
L -50, -556, 63, -57, -556, 63, 180, 180, 0
L -57, -556, 63, -57, -591, 63, 180, 180, 0
L -57, -591, 63, -85, -593, 63, 180, 180, 0
L -85, -593, 63, -87, -559, 63, 180, 180, 0
L -87, -559, 63, -108, -559, 63, 180, 180, 0
L -108, -559, 63, -111, -563, 66, 180, 180, 0
L -111, -563, 66, -111, -624, 63, 180, 180, 0
L -111, -624, 63, -104, -630, 63, 180, 180, 0
L -104, -630, 63, -95, -629, 63, 180, 180, 0
L -95, -629, 63, -86, -624, 63, 180, 180, 0
L -86, -624, 63, -59, -624, 63, 180, 180, 0
L -59, -624, 63, -46, -630, 63, 180, 180, 0
L -46, -630, 63, -40, -630, 63, 180, 180, 0
L -40, -630, 63, -33, -630, 71, 180, 180, 0
L -33, -630, 71, -33, -556, 64, 180, 180, 0
L -33, -556, 64, -40, -556, 63, 180, 180, 0
L -40, -556, 63, -40, -543, 63, 180, 180, 0
L -40, -543, 63, -33, -543, 63, 180, 180, 0
L -33, -543, 63, -33, -487, 18, 180, 180, 0
L -33, -487, 18, -37, -485, 10, 180, 180, 0
L -37, -485, 10, -36, -474, 3, 180, 180, 0
L -36, -474, 3, -26, -476, 13, 180, 180, 0
L -26, -476, 13, -26, -480, 12, 180, 180, 0
L -26, -480, 12, 30, -480, 63, 180, 180, 0
L 30, -480, 63, 30, -473, 63, 180, 180, 0
L 30, -473, 63, 44, -472, 63, 180, 180, 0
L 44, -472, 63, 44, -480, 64, 180, 180, 0
L 44, -480, 64, 91, -480, 63, 180, 180, 0
L 91, -480, 63, 91, -477, 63, 180, 180, 0
L 91, -477, 63, 104, -477, 64, 180, 180, 0
L 104, -477, 64, 104, -488, 71, 180, 180, 0
L 104, -488, 71, 113, -498, 63, 180, 180, 0
L 113, -498, 63, 157, -554, 77, 180, 180, 0
L 157, -554, 77, 217, -553, 78, 180, 180, 0
L 217, -553, 78, 271, -499, 78, 180, 180, 0
L 271, -499, 78, 260, -497, 77, 180, 180, 0
L 260, -497, 77, 251, -488, 85, 180, 180, 0
L 251, -488, 85, 269, -476, 92, 180, 180, 0
L 269, -476, 92, 267, -436, 89, 180, 180, 0
L 267, -436, 89, 244, -410, 89, 180, 180, 0
L 244, -410, 89, 210, -383, 73, 180, 180, 0
L 210, -383, 73, 155, -382, 79, 180, 180, 0
L 155, -382, 79, 103, -448, 80, 180, 180, 0
L 103, -448, 80, 104, -452, 65, 180, 180, 0
L 104, -452, 65, 104, -459, 64, 180, 180, 0
L 242, -404, 73, 208, -435, 67, 180, 180, 0
L 208, -435, 67, 217, -465, 70, 180, 180, 0
L 217, -465, 70, 208, -474, 70, 180, 180, 0
L 208, -474, 70, 210, -481, 72, 180, 180, 0
L 217, -464, 70, 225, -486, 77, 180, 180, 0
L 263, -504, 77, 224, -524, 65, 180, 180, 0
L 224, -524, 65, 221, -515, 65, 180, 180, 0
L 221, -515, 65, 215, -520, 65, 180, 180, 0
L 215, -520, 65, 202, -511, 65, 180, 180, 0
L 202, -511, 65, 206, -498, 72, 180, 180, 0
L 104, -458, 64, 91, -458, 64, 180, 180, 0
L 91, -458, 64, 91, -455, 64, 180, 180, 0
L 91, -455, 64, 44, -455, 64, 180, 180, 0
L 44, -455, 64, 44, -463, 63, 180, 180, 0
L 44, -463, 63, 30, -462, 63, 180, 180, 0
L 30, -462, 63, 30, -455, 63, 180, 180, 0
L 30, -455, 63, -24, -455, 18, 180, 180, 0
L -24, -455, 18, -24, -459, 12, 180, 180, 0
L -24, -459, 12, -38, -459, 3, 180, 180, 0
L -38, -459, 3, -38, -449, 3, 180, 180, 0
L -38, -449, 3, -33, -447, 3, 180, 180, 0
L -33, -447, 3, -33, -401, 3, 180, 180, 0
L -33, -401, 3, -67, -400, 3, 180, 180, 0
L -67, -400, 3, -67, -386, 4, 180, 180, 0
L -67, -386, 4, -50, -385, 4, 180, 180, 0
L -50, -385, 4, -26, -385, 7, 180, 180, 0
L -26, -385, 7, -25, -370, 4, 180, 180, 0
L -25, -370, 4, 4, -326, 5, 180, 180, 0
L 4, -326, 5, 19, -326, 6, 180, 180, 0
L 19, -326, 6, 55, -300, 10, 180, 180, 0
L 55, -300, 10, 55, -266, 6, 180, 180, 0
L 55, -266, 6, 19, -240, 6, 180, 180, 0
L 19, -240, 6, 4, -240, 6, 180, 180, 0
L 4, -240, 6, -26, -194, 4, 180, 180, 0
L -26, -194, 4, -26, -181, 4, 180, 180, 0
L -26, -181, 4, -67, -180, 4, 180, 180, 0
L -67, -180, 4, -67, -167, 3, 180, 180, 0
L -67, -167, 3, -60, -167, 5, 180, 180, 0
L -60, -167, 5, -60, -120, 3, 180, 180, 0
L -60, -120, 3, -64, -120, 3, 180, 180, 0
L -64, -120, 3, -63, -107, 3, 180, 180, 0
L -63, -107, 3, -53, -107, 3, 180, 180, 0
L -53, -107, 3, -52, -112, 3, 180, 180, 0
L -52, -112, 3, -26, -112, 3, 180, 180, 0
L -26, -112, 3, -26, -50, 7, 180, 180, 0
L -26, -50, 7, -60, -50, 3, 180, 180, 0
L -60, -50, 3, -59, -45, 3, 180, 180, 0
L -59, -45, 3, -26, -45, 5, 180, 180, 0
L -26, -45, 5, -26, 14, 3, 180, 180, 0
L -26, 14, 3, -22, 12, 3, 180, 180, 0
L -22, 12, 3, -22, -45, 4, 180, 180, 0
L -22, -45, 4, -2, -45, 3, 180, 180, 0
L -2, -45, 3, -2, -16, 3, 180, 180, 0
L -2, -16, 3, -5, -16, 3, 180, 180, 0
L -5, -16, 3, -6, -5, 3, 180, 180, 0
L -6, -5, 3, 6, -5, 3, 180, 180, 0
L 6, -5, 3, 6, -12, 6, 180, 180, 0
L 6, -12, 6, 53, -12, 4, 180, 180, 0
L 53, -12, 4, 53, -9, 3, 180, 180, 0
L 53, -9, 3, 66, -8, 3, 180, 180, 0
L 66, -8, 3, 66, -12, 3, 180, 180, 0
L 66, -12, 3, 220, -12, 23, 180, 180, 0
L 220, -12, 23, 220, 151, 3, 180, 180, 0
L 220, 151, 3, 200, 151, 3, 180, 180, 0
L 200, 151, 3, 200, 147, 3, 180, 180, 0
L 200, 147, 3, 187, 147, 3, 180, 180, 0
L 187, 147, 3, 189, 159, 3, 180, 180, 0
L 189, 159, 3, 192, 159, 3, 180, 180, 0
L 192, 159, 3, 192, 206, 3, 180, 180, 0
L 192, 206, 3, 184, 206, 3, 180, 180, 0
L 184, 206, 3, 185, 219, 3, 180, 180, 0
L 185, 219, 3, 192, 219, 3, 180, 180, 0
L 192, 219, 3, 192, 321, 63, 180, 180, 0
L 192, 321, 63, 184, 321, 63, 180, 180, 0
L 184, 321, 63, 185, 334, 64, 180, 180, 0
L 185, 334, 64, 221, 335, 63, 180, 180, 0
L 221, 335, 63, 221, 363, 71, 180, 180, 0
L 221, 363, 71, 192, 384, 64, 180, 180, 0
L 192, 384, 64, 191, 418, 73, 180, 180, 0
L 191, 418, 73, 188, 418, 68, 180, 180, 0
L 188, 418, 68, 188, 428, 63, 180, 180, 0
L 188, 428, 63, 200, 429, 63, 180, 180, 0
L 200, 429, 63, 206, 428, 63, 180, 180, 0
L 206, 428, 63, 211, 425, 63, 180, 180, 0
L 211, 425, 63, 217, 425, 63, 180, 180, 0
L 217, 425, 63, 217, 432, 63, 180, 180, 0
L 217, 432, 63, 230, 432, 63, 180, 180, 0
L 230, 432, 63, 231, 399, 63, 180, 180, 0
L 231, 399, 63, 253, 400, 66, 180, 180, 0
L 253, 400, 66, 260, 404, 64, 180, 180, 0
L 260, 404, 64, 289, 405, 63, 180, 180, 0
L 289, 405, 63, 300, 399, 65, 180, 180, 0
L 300, 399, 65, 309, 399, 63, 180, 180, 0
L 309, 399, 63, 309, 444, 63, 180, 180, 0
L 309, 444, 63, 306, 444, 63, 180, 180, 0
L 306, 444, 63, 306, 457, 63, 180, 180, 0
L 306, 457, 63, 316, 455, 73, 180, 180, 0
L 316, 455, 73, 316, 452, 73, 180, 180, 0
L 316, 452, 73, 373, 452, 123, 180, 180, 0
L 373, 452, 123, 373, 459, 123, 180, 180, 0
L 373, 459, 123, 387, 459, 123, 180, 180, 0
L 387, 459, 123, 388, 426, 123, 180, 180, 0
L 388, 426, 123, 454, 427, 123, 180, 180, 0
L 454, 427, 123, 461, 433, 123, 180, 180, 0
L 461, 433, 123, 461, 445, 123, 180, 180, 0
L 461, 445, 123, 457, 451, 123, 180, 180, 0
L 457, 451, 123, 427, 451, 123, 180, 180, 0
L 427, 451, 123, 426, 479, 123, 180, 180, 0
L 426, 479, 123, 462, 480, 123, 180, 180, 0
L 462, 480, 123, 462, 487, 123, 180, 180, 0
L 462, 487, 123, 475, 487, 123, 180, 180, 0
L 475, 487, 123, 475, 480, 123, 180, 180, 0
L 475, 480, 123, 507, 480, 123, 180, 180, 0
L 507, 480, 123, 507, 483, 123, 180, 180, 0
L 507, 483, 123, 520, 484, 123, 180, 180, 0
L 520, 484, 123, 518, 471, 123, 180, 180, 0
L 518, 471, 123, 515, 471, 123, 180, 180, 0
L 515, 471, 123, 515, 438, 123, 180, 180, 0
L 515, 438, 123, 523, 438, 123, 180, 180, 0
L 523, 438, 123, 522, 424, 124, 180, 180, 0
L 522, 424, 124, 486, 423, 123, 180, 180, 0
L 486, 423, 123, 486, 396, 123, 180, 180, 0
L 486, 396, 123, 513, 375, 125, 180, 180, 0
L 513, 375, 125, 519, 331, 123, 180, 180, 0
L 519, 331, 123, 506, 330, 123, 180, 180, 0
L 506, 330, 123, 506, 334, 125, 180, 180, 0
L 506, 334, 125, 490, 334, 124, 180, 180, 0
L 490, 334, 124, 490, 326, 123, 180, 180, 0
L 490, 326, 123, 477, 327, 123, 180, 180, 0
L 477, 327, 123, 477, 334, 124, 180, 180, 0
L 477, 334, 124, 449, 335, 125, 180, 180, 0
L 449, 335, 125, 446, 329, 123, 180, 180, 0
L 446, 329, 123, 398, 330, 123, 180, 180, 0
L 398, 330, 123, 391, 335, 125, 180, 180, 0
L 391, 335, 125, 367, 334, 123, 180, 180, 0
L 367, 334, 123, 367, 327, 123, 180, 180, 0
L 367, 327, 123, 354, 329, 123, 180, 180, 0
L 354, 329, 123, 355, 338, 123, 180, 180, 0
L 355, 338, 123, 358, 338, 126, 180, 180, 0
L 358, 338, 126, 358, 367, 123, 180, 180, 0
L 358, 367, 123, 301, 367, 123, 180, 180, 0
L 301, 367, 123, 301, 339, 125, 180, 180, 0
L 301, 339, 125, 321, 339, 123, 180, 180, 0
L 321, 339, 123, 320, 334, 123, 180, 180, 0
L 320, 334, 123, 301, 334, 126, 180, 180, 0
L 301, 334, 126, 301, 302, 123, 180, 180, 0
L 301, 302, 123, 296, 301, 123, 180, 180, 0
L 296, 301, 123, 296, 334, 126, 180, 180, 0
L 296, 334, 126, 294, 328, 123, 180, 180, 0
L 294, 328, 123, 277, 326, 123, 180, 180, 0
L 277, 326, 123, 277, 313, 123, 180, 180, 0
L 277, 313, 123, 261, 312, 123, 180, 180, 0
L 261, 312, 123, 261, 278, 123, 180, 180, 0
L 261, 278, 123, 267, 279, 123, 180, 180, 0
L 267, 279, 123, 269, 262, 123, 180, 180, 0
L 269, 262, 123, 297, 262, 123, 180, 180, 0
L 297, 262, 123, 298, 239, 123, 180, 180, 0
L 298, 239, 123, 294, 239, 123, 180, 180, 0
L 294, 239, 123, 294, 258, 123, 180, 180, 0
L 294, 258, 123, 243, 258, 123, 180, 180, 0
L 243, 258, 123, 243, 209, 123, 180, 180, 0
L 243, 209, 123, 267, 209, 123, 180, 180, 0
L 267, 209, 123, 267, 212, 123, 180, 180, 0
L 267, 212, 123, 279, 214, 123, 180, 180, 0
L 279, 214, 123, 278, 201, 123, 180, 180, 0
L 278, 201, 123, 275, 201, 123, 180, 180, 0
L 275, 201, 123, 275, 154, 123, 180, 180, 0
L 275, 154, 123, 282, 154, 123, 180, 180, 0
L 282, 154, 123, 282, 141, 123, 180, 180, 0
L 282, 141, 123, 275, 141, 124, 180, 180, 0
L 275, 141, 124, 275, 94, 125, 180, 180, 0
L 275, 94, 125, 278, 94, 123, 180, 180, 0
L 278, 94, 123, 278, 81, 124, 180, 180, 0
L 278, 81, 124, 275, 81, 124, 180, 180, 0
L 275, 81, 124, 275, 56, 124, 180, 180, 0
L 275, 56, 124, 280, 56, 124, 180, 180, 0
L 280, 56, 124, 279, 35, 123, 180, 180, 0
L 279, 35, 123, 262, 36, 123, 180, 180, 0
L 262, 36, 123, 244, 19, 125, 180, 180, 0
L 244, 19, 125, 247, -14, 123, 180, 180, 0
L 247, -14, 123, 254, -13, 123, 180, 180, 0
L 254, -13, 123, 255, -30, 126, 180, 180, 0
L 255, -30, 126, 283, -28, 124, 180, 180, 0
L 283, -28, 124, 283, -22, 123, 180, 180, 0
L 283, -22, 123, 305, -23, 123, 180, 180, 0
L 305, -23, 123, 310, -24, 123, 180, 180, 0
L 310, -24, 123, 312, -30, 127, 180, 180, 0
L 312, -30, 127, 328, -27, 123, 180, 180, 0
L 328, -27, 123, 328, 19, 126, 180, 180, 0
L 328, 19, 126, 320, 20, 123, 180, 180, 0
L 320, 20, 123, 319, 36, 125, 180, 180, 0
L 319, 36, 125, 296, 35, 123, 180, 180, 0
L 296, 35, 123, 296, 42, 124, 180, 180, 0
L 296, 42, 124, 300, 42, 126, 180, 180, 0
L 300, 42, 126, 300, 81, 126, 180, 180, 0
L 300, 81, 126, 296, 81, 124, 180, 180, 0
L 296, 81, 124, 297, 94, 124, 180, 180, 0
L 297, 94, 124, 300, 94, 126, 180, 180, 0
L 300, 94, 126, 300, 141, 123, 180, 180, 0
L 300, 141, 123, 293, 141, 123, 180, 180, 0
L 293, 141, 123, 293, 154, 123, 180, 180, 0
L 293, 154, 123, 300, 154, 123, 180, 180, 0
L 300, 154, 123, 300, 201, 123, 180, 180, 0
L 300, 201, 123, 297, 201, 123, 180, 180, 0
L 297, 201, 123, 297, 214, 123, 180, 180, 0
L 297, 214, 123, 307, 214, 123, 180, 180, 0
L 307, 214, 123, 308, 209, 123, 180, 180, 0
L 308, 209, 123, 334, 209, 128, 180, 180, 0
L 334, 209, 128, 334, 271, 127, 180, 180, 0
L 334, 271, 127, 299, 271, 123, 180, 180, 0
L 299, 271, 123, 300, 276, 123, 180, 180, 0
L 300, 276, 123, 334, 276, 127, 180, 180, 0
L 334, 276, 127, 334, 335, 123, 180, 180, 0
L 334, 335, 123, 338, 336, 123, 180, 180, 0
L 338, 336, 123, 338, 276, 130, 180, 180, 0
L 338, 276, 130, 343, 279, 131, 180, 180, 0
L 343, 279, 131, 343, 283, 130, 180, 180, 0
L 343, 283, 130, 358, 283, 130, 180, 180, 0
L 358, 283, 130, 358, 305, 123, 180, 180, 0
L 358, 305, 123, 355, 305, 123, 180, 180, 0
L 355, 305, 123, 354, 316, 123, 180, 180, 0
L 354, 316, 123, 367, 316, 123, 180, 180, 0
L 367, 316, 123, 367, 309, 123, 180, 180, 0
L 367, 309, 123, 395, 309, 123, 180, 180, 0
L 395, 309, 123, 397, 316, 123, 180, 180, 0
L 397, 316, 123, 438, 318, 123, 180, 180, 0
L 438, 318, 123, 453, 309, 123, 180, 180, 0
L 453, 309, 123, 477, 309, 123, 180, 180, 0
L 477, 309, 123, 477, 316, 123, 180, 180, 0
L 477, 316, 123, 490, 316, 123, 180, 180, 0
L 490, 316, 123, 490, 309, 123, 180, 180, 0
L 490, 309, 123, 506, 309, 123, 180, 180, 0
L 506, 309, 123, 506, 312, 123, 180, 180, 0
L 506, 312, 123, 519, 312, 123, 180, 180, 0
L 519, 312, 123, 517, 301, 124, 180, 180, 0
L 517, 301, 124, 515, 301, 124, 180, 180, 0
L 515, 301, 124, 515, 271, 124, 180, 180, 0
L 515, 271, 124, 486, 247, 127, 180, 180, 0
L 486, 247, 127, 486, 219, 124, 180, 180, 0
L 486, 219, 124, 498, 219, 123, 180, 180, 0
L 498, 219, 123, 506, 219, 123, 180, 180, 0
L 506, 219, 123, 513, 219, 123, 180, 180, 0
L 513, 219, 123, 522, 229, 124, 180, 180, 0
L 522, 229, 124, 542, 219, 124, 180, 180, 0
L 542, 219, 124, 553, 219, 124, 180, 180, 0
L 553, 219, 124, 574, 219, 132, 180, 180, 0
L 574, 219, 132, 575, 235, 127, 180, 180, 0
L 575, 235, 127, 604, 278, 126, 180, 180, 0
L 604, 278, 126, 620, 278, 126, 180, 180, 0
L 620, 278, 126, 620, 278, 126, 180, 180, 0
L 620, 278, 126, 656, 304, 126, 180, 180, 0
L 656, 304, 126, 656, 338, 126, 180, 180, 0
L 656, 338, 126, 620, 364, 126, 180, 180, 0
L 620, 364, 126, 604, 365, 125, 180, 180, 0
L 604, 365, 125, 574, 411, 124, 180, 180, 0
L 574, 411, 124, 574, 423, 124, 180, 180, 0
L 574, 423, 124, 533, 424, 124, 180, 180, 0
L 533, 424, 124, 532, 438, 123, 180, 180, 0
L 532, 438, 123, 541, 438, 123, 180, 180, 0
L 541, 438, 123, 543, 467, 123, 180, 180, 0
L 543, 467, 123, 536, 475, 123, 180, 180, 0
L 536, 475, 123, 536, 498, 123, 180, 180, 0
L 536, 498, 123, 504, 501, 123, 180, 180, 0
L 504, 501, 123, 497, 506, 123, 180, 180, 0
L 497, 506, 123, 475, 505, 123, 180, 180, 0
L 475, 505, 123, 475, 497, 123, 180, 180, 0
L 475, 497, 123, 462, 497, 123, 180, 180, 0
L 462, 497, 123, 462, 504, 123, 180, 180, 0
L 462, 504, 123, 388, 504, 123, 180, 180, 0
L 388, 504, 123, 387, 470, 123, 180, 180, 0
L 387, 470, 123, 373, 470, 123, 180, 180, 0
L 373, 470, 123, 373, 477, 123, 180, 180, 0
L 373, 477, 123, 316, 477, 73, 180, 180, 0
L 316, 477, 73, 316, 474, 73, 180, 180, 0
L 316, 474, 73, 305, 472, 63, 180, 180, 0
L 305, 472, 63, 307, 484, 73, 180, 180, 0
L 307, 484, 73, 310, 484, 72, 180, 180, 0
L 310, 484, 72, 310, 541, 123, 180, 180, 0
L 310, 541, 123, 303, 541, 123, 180, 180, 0
L 303, 541, 123, 303, 554, 123, 180, 180, 0
L 303, 554, 123, 310, 554, 124, 180, 180, 0
L 310, 554, 124, 310, 601, 124, 180, 180, 0
L 310, 601, 124, 307, 601, 123, 180, 180, 0
L 307, 601, 123, 307, 614, 123, 180, 180, 0
L 307, 614, 123, 318, 614, 123, 180, 180, 0
L 318, 614, 123, 319, 609, 123, 180, 180, 0
L 319, 609, 123, 344, 609, 123, 180, 180, 0
L 344, 609, 123, 344, 671, 123, 180, 180, 0
L 344, 671, 123, 312, 671, 123, 180, 180, 0
L 312, 671, 123, 314, 676, 123, 180, 180, 0
L 314, 676, 123, 369, 676, 126, 180, 180, 0
L 369, 676, 126, 369, 705, 123, 180, 180, 0
L 369, 705, 123, 366, 705, 123, 180, 180, 0
L 366, 705, 123, 364, 716, 123, 180, 180, 0
L 364, 716, 123, 378, 716, 124, 180, 180, 0
L 378, 716, 124, 379, 680, 123, 180, 180, 0
L 379, 680, 123, 406, 680, 123, 180, 180, 0
L 406, 680, 123, 427, 708, 124, 180, 180, 0
L 427, 708, 124, 437, 717, 124, 180, 180, 0
L 437, 717, 124, 438, 740, 127, 180, 180, 0
L 429, 710, 137, 462, 714, 143, 180, 180, 0
L 462, 714, 143, 499, 714, 143, 180, 180, 0
L 499, 714, 143, 532, 709, 138, 180, 180, 0
L 532, 709, 138, 555, 680, 125, 180, 180, 0
L 555, 680, 125, 583, 680, 125, 180, 180, 0
L 583, 680, 125, 584, 716, 124, 180, 180, 0
L 533, 709, 124, 524, 717, 124, 180, 180, 0
L 524, 717, 124, 523, 740, 127, 180, 180, 0
L 510, 729, 142, 496, 744, 124, 180, 180, 0
L 496, 744, 124, 466, 744, 124, 180, 180, 0
L 466, 744, 124, 450, 729, 138, 180, 180, 0
L 584, 716, 124, 597, 716, 123, 180, 180, 0
L 597, 716, 123, 598, 699, 123, 180, 180, 0
L 598, 699, 123, 643, 698, 123, 180, 180, 0
L 643, 698, 123, 644, 615, 123, 180, 180, 0
L 644, 615, 123, 758, 615, 123, 180, 180, 0
L 758, 615, 123, 759, 633, 123, 180, 180, 0
L 759, 633, 123, 773, 632, 123, 180, 180, 0
L 773, 632, 123, 773, 626, 123, 180, 180, 0
L 773, 626, 123, 820, 626, 123, 180, 180, 0
L 820, 626, 123, 820, 629, 123, 180, 180, 0
L 820, 629, 123, 833, 629, 123, 180, 180, 0
L 833, 629, 123, 832, 616, 123, 180, 180, 0
L 832, 616, 123, 841, 604, 127, 180, 180, 0
L 841, 604, 127, 886, 559, 132, 180, 180, 0
L 886, 559, 132, 944, 559, 132, 180, 180, 0
L 944, 559, 132, 994, 609, 132, 180, 180, 0
L 994, 609, 132, 994, 667, 133, 180, 180, 0
L 994, 667, 133, 944, 717, 132, 180, 180, 0
L 944, 717, 132, 886, 717, 132, 180, 180, 0
L 886, 717, 132, 836, 667, 132, 180, 180, 0
L 836, 667, 132, 833, 647, 123, 180, 180, 0
L 833, 647, 123, 820, 647, 123, 180, 180, 0
L 820, 647, 123, 820, 650, 123, 180, 180, 0
L 820, 650, 123, 773, 650, 123, 180, 180, 0
L 773, 650, 123, 773, 644, 123, 180, 180, 0
L 773, 644, 123, 759, 643, 123, 180, 180, 0
L 759, 643, 123, 758, 661, 123, 180, 180, 0
L 758, 661, 123, 715, 661, 123, 180, 180, 0
L 715, 661, 123, 713, 744, 123, 180, 180, 0
L 713, 744, 123, 598, 744, 123, 180, 180, 0
L 598, 744, 123, 597, 726, 123, 180, 180, 0
L 597, 726, 123, 584, 727, 124, 180, 180, 0
L 584, 727, 124, 583, 768, 124, 180, 180, 0
L 583, 768, 124, 569, 768, 124, 180, 180, 0
L 569, 768, 124, 524, 797, 126, 180, 180, 0
L 524, 797, 126, 524, 814, 126, 180, 180, 0
L 524, 814, 126, 498, 850, 126, 180, 180, 0
L 498, 850, 126, 464, 850, 126, 180, 180, 0
L 464, 850, 126, 438, 814, 126, 180, 180, 0
L 438, 814, 126, 437, 798, 128, 180, 180, 0
L 437, 798, 128, 392, 768, 124, 180, 180, 0
L 392, 768, 124, 379, 768, 124, 180, 180, 0
L 379, 768, 124, 378, 726, 124, 180, 180, 0
L 378, 726, 124, 364, 727, 123, 180, 180, 0
L 364, 727, 123, 364, 737, 123, 180, 180, 0
L 364, 737, 123, 369, 738, 123, 180, 180, 0
L 369, 738, 123, 369, 767, 125, 180, 180, 0
L 369, 767, 125, 311, 767, 127, 180, 180, 0
L 311, 767, 127, 311, 739, 123, 180, 180, 0
L 311, 739, 123, 331, 739, 123, 180, 180, 0
L 331, 739, 123, 330, 734, 123, 180, 180, 0
L 330, 734, 123, 288, 734, 126, 180, 180, 0
L 288, 734, 126, 287, 712, 123, 180, 180, 0
L 287, 712, 123, 271, 712, 124, 180, 180, 0
L 271, 712, 124, 271, 662, 125, 180, 180, 0
L 271, 662, 125, 304, 662, 127, 180, 180, 0
L 304, 662, 127, 304, 658, 127, 180, 180, 0
L 304, 658, 127, 253, 658, 124, 180, 180, 0
L 253, 658, 124, 253, 609, 123, 180, 180, 0
L 253, 609, 123, 277, 609, 123, 180, 180, 0
L 277, 609, 123, 277, 613, 123, 180, 180, 0
L 277, 613, 123, 289, 614, 123, 180, 180, 0
L 289, 614, 123, 288, 601, 123, 180, 180, 0
L 288, 601, 123, 286, 601, 123, 180, 180, 0
L 286, 601, 123, 286, 554, 123, 180, 180, 0
L 286, 554, 123, 293, 554, 123, 180, 180, 0
L 293, 554, 123, 292, 541, 123, 180, 180, 0
L 292, 541, 123, 286, 541, 123, 180, 180, 0
L 286, 541, 123, 286, 485, 75, 180, 180, 0
L 286, 485, 75, 290, 487, 72, 180, 180, 0
L 290, 487, 72, 289, 472, 63, 180, 180, 0
L 289, 472, 63, 280, 472, 63, 180, 180, 0
L 280, 472, 63, 278, 477, 63, 180, 180, 0
L 278, 477, 63, 231, 477, 64, 180, 180, 0
L 231, 477, 64, 230, 442, 63, 180, 180, 0
L 230, 442, 63, 217, 443, 63, 180, 180, 0
L 217, 443, 63, 217, 449, 63, 180, 180, 0
L 217, 449, 63, 201, 449, 63, 180, 180, 0
L 201, 449, 63, 201, 446, 63, 180, 180, 0
L 201, 446, 63, 188, 446, 63, 180, 180, 0
L 188, 446, 63, 189, 455, 73, 180, 180, 0
L 189, 455, 73, 192, 458, 67, 180, 180, 0
L 192, 458, 67, 192, 488, 64, 180, 180, 0
L 192, 488, 64, 221, 512, 75, 180, 180, 0
L 221, 512, 75, 220, 539, 77, 180, 180, 0
L 220, 539, 77, 193, 538, 64, 180, 180, 0
L 193, 538, 64, 185, 530, 64, 180, 180, 0
L 185, 530, 64, 165, 539, 64, 180, 180, 0
L 165, 539, 64, 133, 539, 69, 180, 180, 0
L 133, 539, 69, 133, 525, 65, 180, 180, 0
L 133, 525, 65, 104, 481, 67, 180, 180, 0
L 104, 481, 67, 87, 480, 66, 180, 180, 0
L 87, 480, 66, 51, 454, 66, 180, 180, 0
L 51, 454, 66, 51, 420, 66, 180, 180, 0
L 51, 420, 66, 87, 394, 66, 180, 180, 0
L 87, 394, 66, 103, 394, 65, 180, 180, 0
L 103, 394, 65, 133, 350, 64, 180, 180, 0
L 133, 350, 64, 133, 335, 68, 180, 180, 0
L 133, 335, 68, 174, 334, 64, 180, 180, 0
L 174, 334, 64, 174, 321, 63, 180, 180, 0
L 174, 321, 63, 167, 321, 63, 180, 180, 0
L 167, 321, 63, 167, 219, 3, 180, 180, 0
L 167, 219, 3, 175, 219, 3, 180, 180, 0
L 175, 219, 3, 174, 206, 3, 180, 180, 0
L 174, 206, 3, 167, 206, 3, 180, 180, 0
L 167, 206, 3, 167, 159, 4, 180, 180, 0
L 167, 159, 4, 171, 159, 3, 180, 180, 0
L 171, 159, 3, 170, 146, 3, 180, 180, 0
L 170, 146, 3, 167, 146, 3, 180, 180, 0
L 167, 146, 3, 167, 114, 4, 180, 180, 0
L 167, 114, 4, 192, 114, 3, 180, 180, 0
L 192, 114, 3, 195, 61, 23, 180, 180, 0
L 195, 61, 23, 190, 62, 23, 180, 180, 0
L 190, 62, 23, 190, 85, 23, 180, 180, 0
L 190, 85, 23, 127, 85, 23, 180, 180, 0
L 127, 85, 23, 127, 44, 26, 180, 180, 0
L 127, 44, 26, 194, 44, 23, 180, 180, 0
L 194, 44, 23, 195, 13, 23, 180, 180, 0
L 195, 13, 23, 143, 12, 23, 180, 180, 0
L 143, 12, 23, 143, 17, 23, 180, 180, 0
L 143, 17, 23, 190, 17, 23, 180, 180, 0
L 190, 17, 23, 189, 22, 23, 180, 180, 0
L 189, 22, 23, 182, 23, 23, 180, 180, 0
L 182, 23, 23, 181, 39, 23, 180, 180, 0
L 181, 39, 23, 127, 39, 28, 180, 180, 0
L 127, 39, 28, 127, 17, 23, 180, 180, 0
L 127, 17, 23, 130, 17, 23, 180, 180, 0
L 130, 17, 23, 129, 12, 23, 180, 180, 0
L 129, 12, 23, 66, 12, 3, 180, 180, 0
L 66, 12, 3, 66, 8, 3, 180, 180, 0
L 66, 8, 3, 53, 9, 3, 180, 180, 0
L 53, 9, 3, 53, 12, 3, 180, 180, 0
L 53, 12, 3, 6, 12, 3, 180, 180, 0
L 6, 12, 3, 6, 4, 3, 180, 180, 0
L 6, 4, 3, -6, 4, 3, 180, 180, 0
L -6, 4, 3, -5, 16, 4, 180, 180, 0
L -5, 16, 4, -2, 16, 7, 180, 180, 0
L -2, 16, 7, -2, 45, 5, 180, 180, 0
L -2, 45, 5, -59, 45, 3, 180, 180, 0
L -59, 45, 3, -59, 17, 3, 180, 180, 0
L -59, 17, 3, -41, 17, 3, 180, 180, 0
L -41, 17, 3, -40, 12, 3, 180, 180, 0
L -40, 12, 3, -59, 12, 3, 180, 180, 0
L -59, 12, 3, -59, -21, 3, 180, 180, 0
L -59, -21, 3, -64, -20, 3, 180, 180, 0
L -64, -20, 3, -64, -3, 3, 180, 180, 0
L -64, -3, 3, -71, -3, 3, 180, 180, 0
L -71, -3, 3, -72, 12, 3, 180, 180, 0
L -72, 12, 3, -83, 12, 3, 180, 180, 0
L -83, 12, 3, -83, -7, 3, 180, 180, 0
L -83, -7, 3, -99, -9, 3, 180, 180, 0
L -99, -9, 3, -99, -59, 6, 180, 180, 0
L -99, -59, 6, -62, -61, 3, 180, 180, 0
L -62, -61, 3, -62, -84, 3, 180, 180, 0
L -62, -84, 3, -66, -83, 3, 180, 180, 0
L -66, -83, 3, -66, -63, 8, 180, 180, 0
L -66, -63, 8, -117, -63, 3, 180, 180, 0
L -117, -63, 3, -117, -112, 3, 180, 180, 0
L -117, -112, 3, -93, -112, 3, 180, 180, 0
L -93, -112, 3, -93, -109, 3, 180, 180, 0
L -93, -109, 3, -81, -107, 3, 180, 180, 0
L -81, -107, 3, -82, -120, 4, 180, 180, 0
L -82, -120, 4, -85, -120, 5, 180, 180, 0
L -85, -120, 5, -85, -167, 3, 180, 180, 0
L -85, -167, 3, -77, -167, 3, 180, 180, 0
L -77, -167, 3, -78, -180, 4, 180, 180, 0
L -78, -180, 4, -96, -181, 3, 180, 180, 0
L -96, -181, 3, -114, -181, 3, 180, 180, 0
L -114, -181, 3, -114, -209, 8, 180, 180, 0
L -114, -209, 8, -85, -231, 4, 180, 180, 0
L -85, -231, 4, -85, -264, 13, 180, 180, 0
L -85, -264, 13, -81, -263, 5, 180, 180, 0
L -81, -263, 5, -81, -274, 3, 180, 180, 0
L -81, -274, 3, -94, -274, 3, 180, 180, 0
L -94, -274, 3, -94, -271, 3, 180, 180, 0
L -94, -271, 3, -110, -271, 3, 180, 180, 0
L -110, -271, 3, -110, -278, 3, 180, 180, 0
L -110, -278, 3, -123, -278, 3, 180, 180, 0
L -123, -278, 3, -124, -260, 3, 180, 180, 0
L -124, -260, 3, -169, -260, 3, 180, 180, 0
L -169, -260, 3, -222, -177, 3, 180, 180, 0
L -222, -177, 3, -284, -177, 3, 180, 180, 0
L -284, -177, 3, -285, -194, 3, 180, 180, 0
L -285, -194, 3, -299, -194, 4, 180, 180, 0
L -299, -194, 4, -300, -153, 10, 180, 180, 0
L -300, -153, 10, -314, -153, 7, 180, 180, 0
L -314, -153, 7, -358, -123, 8, 180, 180, 0
L -358, -123, 8, -359, -106, 6, 180, 180, 0
L -359, -106, 6, -385, -71, 6, 180, 180, 0
L -385, -71, 6, -419, -71, 6, 180, 180, 0
L -419, -71, 6, -445, -107, 6, 180, 180, 0
L -445, -107, 6, -445, -122, 5, 180, 180, 0
L -445, -122, 5, -490, -153, 5, 180, 180, 0
L -490, -153, 5, -493, -153, 6, 180, 180, 0
L -493, -153, 6, -504, -153, 10, 180, 180, 0
L -504, -153, 10, -505, -194, 4, 180, 180, 0
L -505, -194, 4, -518, -194, 3, 180, 180, 0
L -518, -194, 3, -518, -187, 5, 180, 180, 0
L -518, -187, 5, -551, -185, 4, 180, 180, 0
L -551, -185, 4, -551, -188, 3, 180, 180, 0
L -551, -188, 3, -564, -190, 3, 180, 180, 0
L -564, -190, 3, -564, -179, 3, 180, 180, 0
L -564, -179, 3, -559, -176, 3, 180, 180, 0
L -559, -176, 3, -559, -156, 3, 180, 180, 0
L -559, -156, 3, -559, -142, 3, 180, 180, 0
L -559, -142, 3, -566, -142, 3, 180, 180, 0
L -566, -142, 3, -566, -129, 3, 180, 180, 0
L -566, -129, 3, -557, -129, 3, 180, 180, 0
L -557, -129, 3, -555, -133, 3, 180, 180, 0
L -555, -133, 3, -526, -133, 3, 180, 180, 0
L -526, -133, 3, -526, -76, 3, 180, 180, 0
L -526, -76, 3, -554, -76, 8, 180, 180, 0
L -554, -76, 8, -554, -94, 3, 180, 180, 0
L -554, -94, 3, -559, -95, 3, 180, 180, 0
L -559, -95, 3, -559, -93, 3, 180, 180, 0
L -559, -93, 3, -567, -91, 3, 180, 180, 0
L -567, -91, 3, -568, -76, 3, 180, 180, 0
L -568, -76, 3, -594, -76, 3, 180, 180, 0
L -594, -76, 3, -593, -71, 3, 180, 180, 0
L -593, -71, 3, -559, -71, 6, 180, 180, 0
L -559, -71, 6, -559, -52, 5, 180, 180, 0
L -559, -52, 5, -581, -52, 3, 180, 180, 0
L -581, -52, 3, -581, -36, 3, 180, 180, 0
L -581, -36, 3, -631, -36, 3, 180, 180, 0
L -631, -36, 3, -632, -73, 3, 180, 180, 0
L -632, -73, 3, -654, -73, 3, 180, 180, 0
L -654, -73, 3, -654, -69, 3, 180, 180, 0
L -654, -69, 3, -635, -69, 3, 180, 180, 0
L -635, -69, 3, -635, -18, 3, 180, 180, 0
L -635, -18, 3, -684, -18, 3, 180, 180, 0
L -684, -18, 3, -684, -42, 3, 180, 180, 0
L -684, -42, 3, -680, -42, 3, 180, 180, 0
L -680, -42, 3, -679, -53, 3, 180, 180, 0
L -679, -53, 3, -692, -54, 3, 180, 180, 0
L -692, -54, 3, -692, -50, 6, 180, 180, 0
L -692, -50, 6, -739, -50, 3, 180, 180, 0
L -739, -50, 3, -739, -58, 3, 180, 180, 0
L -739, -58, 3, -752, -57, 3, 180, 180, 0
L -752, -57, 3, -752, -50, 3, 180, 180, 0
L -752, -50, 3, -788, -50, 3, 180, 180, 0
L -788, -50, 3, -789, -22, 3, 180, 180, 0
L -789, -22, 3, -756, -21, 5, 180, 180, 0
L -756, -21, 5, -753, -18, 7, 180, 180, 0
L -753, -18, 7, -753, -0, 6, 180, 180, 0
L -753, -0, 6, -758, 2, 4, 180, 180, 0
L -758, 2, 4, -826, 2, 3, 180, 180, 0
L -826, 2, 3, -827, -31, 3, 180, 180, 0
L -827, -31, 3, -841, -31, 3, 180, 180, 0
L -841, -31, 3, -841, -24, 3, 180, 180, 0
L -841, -24, 3, -888, -24, 3, 180, 180, 0
L -888, -24, 3, -888, -27, 3, 180, 180, 0
L -888, -27, 3, -901, -27, 3, 180, 180, 0
L -901, -27, 3, -901, -24, 3, 180, 180, 0
L -901, -24, 3, -1054, -24, 27, 180, 180, 0
L -1054, -24, 27, -1054, -188, 3, 180, 180, 0
L -1054, -188, 3, -1035, -188, 3, 180, 180, 0
L -1035, -188, 3, -1035, -185, 3, 180, 180, 0
L -1035, -185, 3, -1022, -183, 3, 180, 180, 0
L -1022, -183, 3, -1023, -196, 3, 180, 180, 0
L -1023, -196, 3, -1026, -196, 5, 180, 180, 0
L -1026, -196, 5, -1026, -243, 4, 180, 180, 0
L -1026, -243, 4, -1018, -243, 3, 180, 180, 0
L -1018, -243, 3, -1019, -256, 4, 180, 180, 0
L -1019, -256, 4, -1055, -257, 3, 180, 180, 0
L -1055, -257, 3, -1055, -285, 13, 180, 180, 0
L -1055, -285, 13, -1027, -306, 4, 180, 180, 0
L -1027, -306, 4, -1018, -315, 4, 180, 180, 0
L -1018, -315, 4, -995, -316, 4, 180, 180, 0
L -1026, -307, 4, -1021, -340, 23, 180, 180, 0
L -1021, -340, 23, -1021, -378, 23, 180, 180, 0
L -1021, -378, 23, -1027, -412, 4, 180, 180, 0
L -1027, -412, 4, -1018, -403, 4, 180, 180, 0
L -1018, -403, 4, -997, -402, 4, 180, 180, 0
L -1006, -387, 23, -994, -372, 23, 180, 180, 0
L -994, -372, 23, -994, -345, 23, 180, 180, 0
L -994, -345, 23, -1003, -334, 23, 180, 180, 0
L -1027, -412, 4, -1055, -434, 3, 180, 180, 0
L -1055, -434, 3, -1055, -461, 3, 180, 180, 0
L -1055, -461, 3, -1019, -462, 4, 180, 180, 0
L -1019, -462, 4, -1019, -476, 3, 180, 180, 0
L -961, -49, 23, -961, -153, 23, 180, 180, 0
L -961, -153, 23, -950, -183, 23, 180, 180, 0
L -950, -183, 23, -922, -195, 20, 180, 180, 0
L -922, -195, 20, -921, -182, 17, 180, 180, 0
L -921, -182, 17, -941, -173, 17, 180, 180, 0
L -941, -173, 17, -948, -153, 17, 180, 180, 0
L -948, -153, 17, -940, -132, 17, 180, 180, 0
L -940, -132, 17, -921, -124, 17, 180, 180, 0
L -921, -124, 17, -902, -132, 17, 180, 180, 0
L -902, -132, 17, -894, -153, 17, 180, 180, 0
L -894, -153, 17, -902, -174, 17, 180, 180, 0
L -902, -174, 17, -892, -182, 16, 180, 180, 0
L -892, -182, 16, -881, -152, 13, 180, 180, 0
L -881, -152, 13, -892, -125, 11, 180, 180, 0
L -892, -125, 11, -920, -113, 8, 180, 180, 0
L -920, -113, 8, -921, -49, 3, 180, 180, 0
L -921, -49, 3, -961, -49, 23, 180, 180, 0
L 500, -150, 1, 581, -172, 1, 1, 240, 0
L 581, -172, 1, 604, -253, 1, 1, 240, 0
L 604, -253, 1, 626, -172, 1, 1, 240, 0
L 626, -172, 1, 707, -150, 1, 240, 1, 0
L 707, -150, 1, 626, -127, 1, 240, 1, 0
L 626, -127, 1, 604, -46, 1, 240, 1, 0
L 604, -46, 1, 581, -127, 1, 240, 1, 0
L 581, -127, 1, 500, -150, 1, 1, 240, 0
L 620, -18, 1, 609, -29, 1, 1, 240, 240
L 609, -29, 1, 599, -29, 1, 1, 240, 240
L 599, -29, 1, 588, -18, 1, 1, 240, 240
L 588, -18, 1, 588, -8, 1, 1, 240, 240
L 588, -8, 1, 599, 3, 1, 1, 240, 240
L 599, 3, 1, 609, 3, 1, 1, 240, 240
L 609, 3, 1, 620, 14, 1, 1, 240, 240
L 620, 14, 1, 620, 25, 1, 1, 240, 240
L 620, 25, 1, 609, 36, 1, 1, 240, 240
L 609, 36, 1, 599, 36, 1, 1, 240, 240
L 599, 36, 1, 588, 25, 1, 1, 240, 240
L 620, -335, 1, 620, -270, 1, 1, 240, 240
L 620, -270, 1, 588, -335, 1, 1, 240, 240
L 588, -335, 1, 588, -270, 1, 1, 240, 240
L 447, -186, 1, 459, -113, 1, 1, 240, 240
L 459, -113, 1, 465, -150, 1, 1, 240, 240
L 465, -150, 1, 471, -113, 1, 1, 240, 240
L 471, -113, 1, 484, -186, 1, 1, 240, 240
L 724, -186, 1, 724, -121, 1, 1, 240, 240
L 724, -121, 1, 757, -121, 1, 1, 240, 240
L 724, -154, 1, 746, -154, 1, 1, 240, 240
L 724, -186, 1, 757, -186, 1, 1, 240, 240
L 1020, -660, 1, 1020, -660, 2, 1, 2, 4
L -1140, 880, 1, -1140, 880, 2, 1, 2, 4
P -1016, -435, 1, 255, 255, 255, 3, Zone
P -600, 100, 1, 0, 255, 0, 3, mire_-_The_Frosted_Halls
P -600, 180, 1, 0, 220, 0, 2, by_Orra_Waaargh
P 320, 751, 120, 0, 255, 255, 3, Boss_1
