L -548, -967, -77, -548, -978, -8, 0, 0, 0
L -548, -978, -8, -574, -991, -8, 0, 0, 0
L -574, -991, -8, -601, -991, -8, 0, 0, 0
L -601, -991, -8, -613, -985, -8, 0, 0, 0
L -613, -985, -8, -613, -981, -8, 0, 0, 0
L -613, -981, -8, -600, -981, -8, 0, 0, 0
L -600, -981, -8, -600, -935, -8, 0, 0, 0
L -600, -935, -8, -613, -935, -8, 0, 0, 0
L -613, -935, -8, -613, -932, -8, 0, 0, 0
L -613, -932, -8, -601, -925, -8, 0, 0, 0
L -601, -925, -8, -574, -925, -8, 0, 0, 0
L -574, -925, -8, -548, -939, -8, 0, 0, 0
L -548, -939, -8, -548, -950, -7, 0, 0, 0
L -548, -950, -7, -548, -967, -7, 0, 0, 0
L -629, -941, -81, -605, -941, -8, 0, 0, 0
L -605, -941, -8, -605, -975, -8, 0, 0, 0
L -605, -975, -8, -655, -975, -8, 0, 0, 0
L -655, -975, -8, -655, -962, -8, 0, 0, 0
L -655, -962, -8, -669, -962, -8, 0, 0, 0
L -669, -962, -8, -669, -947, -8, 0, 0, 0
L -669, -947, -8, -687, -947, -8, 0, 0, 0
L -687, -947, -8, -687, -975, -8, 0, 0, 0
L -687, -975, -8, -709, -975, -8, 0, 0, 0
L -709, -975, -8, -709, -941, -8, 0, 0, 0
L -709, -941, -8, -659, -941, -8, 0, 0, 0
L -659, -941, -8, -659, -954, -8, 0, 0, 0
L -659, -954, -8, -646, -954, -8, 0, 0, 0
L -646, -954, -8, -646, -969, -8, 0, 0, 0
L -646, -969, -8, -629, -969, -8, 0, 0, 0
L -629, -969, -8, -629, -941, -7, 0, 0, 0
L -661, -967, -80, -661, -999, -7, 255, 0, 255
L -661, -999, -7, -683, -999, -7, 255, 0, 255
L -683, -999, -7, -683, -978, -6, 255, 0, 255
L -683, -978, -6, -683, -972, -6, 255, 0, 255
L -683, -972, -6, -707, -972, -6, 255, 0, 255
L -707, -972, -6, -707, -940, -6, 255, 0, 255
L -707, -940, -6, -675, -940, -6, 255, 0, 255
L -675, -940, -6, -675, -978, -6, 255, 0, 255
L -675, -978, -6, -675, -992, -7, 255, 0, 255
L -675, -992, -7, -669, -992, -7, 255, 0, 255
L -669, -992, -7, -669, -967, -8, 255, 0, 255
L -669, -967, -8, -661, -967, -8, 255, 0, 255
L -654, -941, -80, -606, -941, -6, 255, 0, 255
L -606, -941, -6, -606, -976, -6, 255, 0, 255
L -606, -976, -6, -640, -976, -6, 255, 0, 255
L -640, -976, -6, -640, -964, -6, 255, 0, 255
L -640, -964, -6, -647, -964, -6, 255, 0, 255
L -647, -964, -6, -647, -983, -6, 255, 0, 255
L -647, -983, -6, -620, -983, -6, 255, 0, 255
L -620, -983, -6, -620, -976, -6, 255, 0, 255
L -620, -976, -6, -620, -992, -6, 255, 0, 255
L -620, -992, -6, -655, -992, -6, 255, 0, 255
L -655, -992, -6, -655, -956, -6, 255, 0, 255
L -655, -956, -6, -622, -956, -6, 255, 0, 255
L -622, -956, -6, -622, -968, -6, 255, 0, 255
L -622, -968, -6, -613, -968, -6, 255, 0, 255
L -613, -968, -6, -613, -949, -6, 255, 0, 255
L -613, -949, -6, -654, -949, -8, 255, 0, 255
L -654, -949, -8, -654, -941, -8, 255, 0, 255
L -655, -949, 0, -658, -949, 0, 0, 0, 255
L -658, -949, 0, -658, -942, 0, 0, 0, 255
L -658, -942, 0, -655, -942, 0, 0, 0, 255
L -655, -942, 0, -655, -949, 0, 0, 0, 255
L -689, -936, -80, -742, -883, -7, 0, 0, 0
L -742, -883, -7, -768, -883, -7, 0, 0, 0
L -768, -883, -7, -781, -896, -8, 0, 0, 0
L -781, -896, -8, -782, -904, -8, 0, 0, 0
L -782, -904, -8, -812, -904, -8, 0, 0, 0
L -812, -904, -8, -812, -879, -8, 0, 0, 0
L -812, -879, -8, -798, -879, -8, 0, 0, 0
L -798, -879, -8, -771, -852, -8, 0, 0, 0
L -771, -852, -8, -771, -843, -8, 0, 0, 0
L -771, -843, -8, -907, -843, -8, 0, 0, 0
L -907, -843, -8, -907, -852, -8, 0, 0, 0
L -907, -852, -8, -880, -879, -8, 0, 0, 0
L -880, -879, -8, -825, -879, -8, 0, 0, 0
L -825, -879, -8, -823, -896, -8, 0, 0, 0
L -823, -896, -8, -864, -897, -8, 0, 0, 0
L -864, -897, -8, -852, -921, -8, 0, 0, 0
L -852, -921, -8, -813, -921, -8, 0, 0, 0
L -813, -921, -8, -811, -914, -8, 0, 0, 0
L -811, -914, -8, -781, -915, -8, 0, 0, 0
L -781, -915, -8, -781, -921, -8, 0, 0, 0
L -781, -921, -8, -770, -921, -8, 0, 0, 0
L -770, -921, -8, -765, -914, -8, 0, 0, 0
L -765, -914, -8, -760, -921, -7, 0, 0, 0
L -760, -921, -7, -750, -921, -7, 0, 0, 0
L -750, -921, -7, -746, -914, -8, 0, 0, 0
L -746, -914, -8, -742, -916, -7, 0, 0, 0
L -742, -916, -7, -740, -919, -8, 0, 0, 0
L -740, -919, -8, -740, -920, -8, 0, 0, 0
L -740, -920, -8, -725, -922, -8, 0, 0, 0
L -725, -922, -8, -725, -980, -8, 0, 0, 0
L -725, -980, -8, -774, -981, -8, 0, 0, 0
L -774, -981, -8, -774, -984, -8, 0, 0, 0
L -774, -984, -8, -776, -987, -7, 0, 0, 0
L -776, -987, -7, -779, -988, -7, 0, 0, 0
L -779, -988, -7, -781, -988, -7, 0, 0, 0
L -781, -988, -7, -781, -998, -7, 0, 0, 0
L -781, -998, -7, -778, -998, -7, 0, 0, 0
L -778, -998, -7, -775, -1000, -7, 0, 0, 0
L -775, -1000, -7, -774, -1005, -8, 0, 0, 0
L -774, -1005, -8, -750, -1005, -8, 0, 0, 0
L -750, -1005, -8, -749, -998, -8, 0, 0, 0
L -749, -998, -8, -748, -994, -7, 0, 0, 0
L -748, -994, -7, -746, -993, -7, 0, 0, 0
L -746, -993, -7, -744, -993, -7, 0, 0, 0
L -744, -993, -7, -742, -998, -7, 0, 0, 0
L -742, -998, -7, -726, -998, -7, 0, 0, 0
L -726, -998, -7, -726, -996, -7, 0, 0, 0
L -726, -996, -7, -722, -993, -7, 0, 0, 0
L -722, -993, -7, -719, -998, -8, 0, 0, 0
L -719, -998, -8, -718, -1000, -8, 0, 0, 0
L -718, -1000, -8, -718, -1005, -8, 0, 0, 0
L -718, -1005, -8, -714, -1005, -8, 0, 0, 0
L -714, -1005, -8, -689, -980, -8, 0, 0, 0
L -689, -980, -8, -715, -981, -8, 0, 0, 0
L -715, -981, -8, -715, -936, -8, 0, 0, 0
L -715, -936, -8, -689, -936, -8, 0, 0, 0
L -725, -1004, 0, -725, -1018, 0, 0, 255, 255
L -725, -1018, 0, -712, -1018, 0, 0, 255, 255
L -712, -1018, 0, -712, -1042, 0, 0, 255, 255
L -712, -1042, 0, -757, -1042, 0, 0, 255, 255
L -757, -1042, 0, -757, -1018, 0, 0, 255, 255
L -757, -1018, 0, -744, -1018, 0, 0, 255, 255
L -744, -1018, 0, -744, -1004, 0, 0, 255, 255
L -744, -1004, 0, -725, -1004, 0, 0, 255, 255
L -741, -1003, 0, -741, -999, 0, 0, 0, 153
L -741, -999, 0, -730, -999, 0, 0, 0, 153
L -730, -999, 0, -730, -1003, 0, 0, 0, 153
L -730, -1003, 0, -741, -1003, 0, 0, 0, 153
L -787, -1014, 0, -787, -976, 0, 0, 255, 255
L -787, -976, 0, -823, -976, 0, 0, 255, 255
L -823, -976, 0, -823, -1014, 0, 0, 255, 255
L -823, -1014, 0, -787, -1014, 0, 0, 255, 255
L -786, -996, 0, -782, -996, 0, 0, 0, 153
L -782, -996, 0, -782, -988, 0, 0, 0, 153
L -782, -988, 0, -786, -988, 0, 0, 0, 153
L -786, -988, 0, -786, -996, 0, 0, 0, 153
L -745, -926, 0, -777, -926, 0, 0, 255, 255
L -777, -926, 0, -777, -959, 0, 0, 255, 255
L -777, -959, 0, -745, -959, 0, 0, 255, 255
L -745, -959, 0, -745, -926, 0, 0, 255, 255
L -759, -925, 0, -759, -922, 0, 0, 0, 153
L -759, -922, 0, -752, -922, 0, 0, 0, 153
L -752, -922, 0, -752, -925, 0, 0, 0, 153
L -752, -925, 0, -759, -925, 0, 0, 0, 153
L -731, -926, 0, -779, -926, 0, 255, 0, 255
L -779, -926, 0, -779, -974, 0, 255, 0, 255
L -779, -974, 0, -731, -974, 0, 255, 0, 255
L -731, -974, 0, -731, -926, 0, 255, 0, 255
L -770, -974, 0, -770, -964, 0, 153, 153, 153
L -770, -964, 0, -739, -964, 0, 153, 153, 153
L -739, -964, 0, -739, -926, 0, 153, 153, 153
L -739, -926, 0, -731, -926, 0, 153, 153, 153
L -751, -974, 0, -751, -964, 0, 153, 153, 153
L -743, -934, 0, -740, -934, 0, 0, 0, 153
L -740, -934, 0, -740, -928, 0, 0, 0, 153
L -740, -928, 0, -743, -928, 0, 0, 0, 153
L -743, -928, 0, -743, -934, 0, 0, 0, 153
L -788, -925, 0, -905, -925, 0, 0, 255, 255
L -905, -925, 0, -905, -974, 0, 0, 255, 255
L -905, -974, 0, -858, -974, 0, 0, 255, 255
L -858, -974, 0, -858, -965, 0, 0, 255, 255
L -858, -965, 0, -897, -965, 0, 0, 255, 255
L -897, -965, 0, -897, -933, 0, 0, 255, 255
L -897, -933, 0, -862, -933, 0, 0, 255, 255
L -862, -933, 0, -862, -959, 0, 0, 255, 255
L -862, -959, 0, -788, -959, 0, 0, 255, 255
L -788, -959, 0, -788, -925, 0, 0, 255, 255
L -854, -925, 0, -854, -951, 0, 0, 255, 255
L -854, -951, 0, -846, -951, 0, 0, 255, 255
L -846, -951, 0, -846, -925, 0, 0, 255, 255
L -846, -925, 0, -854, -925, 0, 0, 255, 255
L -816, -925, 0, -816, -951, 0, 0, 255, 255
L -816, -951, 0, -808, -951, 0, 0, 255, 255
L -808, -951, 0, -808, -925, 0, 0, 255, 255
L -808, -925, 0, -816, -925, 0, 0, 255, 255
L -866, -979, -66, -846, -979, -6, 0, 255, 255
L -846, -979, -6, -846, -997, -6, 0, 255, 255
L -846, -997, -6, -851, -999, -6, 0, 255, 255
L -851, -999, -6, -852, -1003, -6, 0, 255, 255
L -852, -1003, -6, -856, -1003, -6, 0, 255, 255
L -856, -1003, -6, -856, -1000, -6, 0, 255, 255
L -856, -1000, -6, -866, -999, -6, 0, 255, 255
L -866, -999, -6, -866, -979, -6, 0, 255, 255
L -864, -979, 0, -864, -975, 0, 0, 0, 153
L -864, -975, 0, -859, -975, 0, 0, 0, 153
L -859, -975, 0, -859, -979, 0, 0, 0, 153
L -859, -979, 0, -864, -979, 0, 0, 0, 153
L -872, -979, -66, -872, -999, -6, 0, 255, 255
L -872, -999, -6, -881, -999, -6, 0, 255, 255
L -881, -999, -6, -883, -1003, -6, 0, 255, 255
L -883, -1003, -6, -886, -1003, -6, 0, 255, 255
L -886, -1003, -6, -887, -1000, -6, 0, 255, 255
L -887, -1000, -6, -890, -999, -6, 0, 255, 255
L -890, -999, -6, -892, -979, -6, 0, 255, 255
L -892, -979, -6, -872, -979, -6, 0, 255, 255
L -885, -979, 0, -885, -975, 0, 0, 0, 153
L -885, -975, 0, -877, -975, 0, 0, 0, 153
L -877, -975, 0, -877, -979, 0, 0, 0, 153
L -877, -979, 0, -885, -979, 0, 0, 0, 153
L -888, -960, -66, -892, -958, -6, 0, 255, 255
L -892, -958, -6, -892, -954, -6, 0, 255, 255
L -892, -954, -6, -889, -954, -6, 0, 255, 255
L -889, -954, -6, -888, -939, -6, 0, 255, 255
L -888, -939, -6, -870, -939, -6, 0, 255, 255
L -870, -939, -6, -868, -941, -6, 0, 255, 255
L -868, -941, -6, -868, -959, -6, 0, 255, 255
L -868, -959, -6, -880, -959, -6, 0, 255, 255
L -880, -959, -6, -888, -960, -6, 0, 255, 255
L -885, -964, 0, -885, -961, 0, 0, 0, 153
L -885, -961, 0, -877, -961, 0, 0, 0, 153
L -877, -961, 0, -877, -964, 0, 0, 0, 153
L -877, -964, 0, -885, -964, 0, 0, 0, 153
L -911, -940, -66, -911, -941, -6, 0, 255, 255
L -911, -941, -6, -911, -960, -6, 0, 255, 255
L -911, -960, -6, -929, -960, -6, 0, 255, 255
L -929, -960, -6, -931, -958, -6, 0, 255, 255
L -931, -958, -6, -932, -954, -6, 0, 255, 255
L -932, -954, -6, -935, -954, -6, 0, 255, 255
L -935, -954, -6, -935, -952, -6, 0, 255, 255
L -935, -952, -6, -933, -950, -6, 0, 255, 255
L -933, -950, -6, -932, -950, -6, 0, 255, 255
L -932, -950, -6, -931, -940, -6, 0, 255, 255
L -931, -940, -6, -911, -940, -6, 0, 255, 255
L -911, -954, 0, -907, -954, 0, 0, 0, 153
L -907, -954, 0, -907, -947, 0, 0, 0, 153
L -907, -947, 0, -911, -947, 0, 0, 0, 153
L -911, -947, 0, -911, -954, 0, 0, 0, 153
L -771, -837, -80, -907, -837, -8, 0, 0, 0
L -907, -837, -8, -907, -812, -8, 0, 0, 0
L -907, -812, -8, -865, -812, -8, 0, 0, 0
L -865, -812, -8, -865, -771, -8, 0, 0, 0
L -865, -771, -8, -813, -771, -8, 0, 0, 0
L -813, -771, -8, -813, -813, -8, 0, 0, 0
L -813, -813, -8, -771, -813, -8, 0, 0, 0
L -771, -813, -8, -771, -837, -8, 0, 0, 0
L -895, -825, -79, -860, -825, -7, 0, 0, 255
L -860, -825, -7, -860, -819, -7, 0, 0, 255
L -860, -819, -7, -895, -819, -7, 0, 0, 255
L -895, -819, -7, -895, -825, -7, 0, 0, 255
L -846, -825, -79, -846, -783, -7, 0, 0, 255
L -846, -783, -7, -832, -783, -7, 0, 0, 255
L -832, -783, -7, -832, -825, -7, 0, 0, 255
L -832, -825, -7, -846, -825, -7, 0, 0, 255
L -819, -825, 0, -819, -819, 0, 0, 0, 255
L -819, -819, 0, -782, -819, 0, 0, 0, 255
L -782, -819, 0, -782, -825, 0, 0, 0, 255
L -782, -825, 0, -819, -825, 0, 0, 0, 255
L -460, -655, -24, -474, -655, -2, 102, 99, 0
L -474, -655, -2, -487, -642, -2, 102, 99, 0
L -487, -642, -2, -487, -616, -2, 102, 99, 0
L -487, -616, -2, -474, -604, -2, 102, 99, 0
L -474, -604, -2, -448, -604, -2, 102, 99, 0
L -448, -604, -2, -407, -672, -2, 102, 99, 0
L -407, -672, -2, -350, -728, -1, 102, 99, 0
L -350, -728, -1, -237, -770, 0, 102, 99, 0
L -237, -770, 0, -184, -771, 0, 102, 99, 0
L -184, -771, 0, -181, -785, 0, 102, 99, 0
L -181, -785, 0, -140, -780, 0, 102, 99, 0
L -140, -780, 0, -92, -785, 0, 102, 99, 0
L -92, -785, 0, -92, -790, 0, 102, 99, 0
L -92, -790, 0, -87, -792, 0, 102, 99, 0
L -87, -792, 0, -82, -791, 0, 102, 99, 0
L -82, -791, 0, -78, -788, 0, 102, 99, 0
L -78, -788, 0, -78, -777, 0, 102, 99, 0
L -78, -777, 0, -65, -774, 0, 102, 99, 0
L -65, -774, 0, -48, -774, 0, 102, 99, 0
L -48, -774, 0, -37, -797, 0, 102, 99, 0
L -37, -797, 0, -37, -815, 0, 102, 99, 0
L -37, -815, 0, 26, -883, 0, 102, 99, 0
L 26, -883, 0, 97, -883, 0, 102, 99, 0
L 97, -883, 0, 70, -907, 0, 102, 99, 0
L 70, -907, 0, 30, -907, 0, 102, 99, 0
L 30, -907, 0, 29, -902, 0, 102, 99, 0
L 29, -902, 0, 23, -895, 0, 102, 99, 0
L 23, -895, 0, 12, -894, 0, 102, 99, 0
L 12, -894, 0, 5, -898, 0, 102, 99, 0
L 5, -898, 0, -52, -833, 0, 102, 99, 0
L -52, -833, 0, -54, -831, 1, 102, 99, 0
L -54, -831, 1, -62, -828, 0, 102, 99, 0
L -62, -828, 0, -64, -828, 0, 102, 99, 0
L -64, -828, 0, -82, -802, 0, 102, 99, 0
L -82, -802, 0, -129, -808, 0, 102, 99, 0
L -129, -808, 0, -130, -804, 0, 102, 99, 0
L -130, -804, 0, -136, -799, 0, 102, 99, 0
L -136, -799, 0, -149, -800, 0, 102, 99, 0
L -149, -800, 0, -153, -808, 0, 102, 99, 0
L -153, -808, 0, -182, -802, 0, 102, 99, 0
L -182, -802, 0, -184, -810, 0, 102, 99, 0
L -184, -810, 0, -201, -835, 0, 102, 99, 0
L -201, -835, 0, -174, -849, 0, 102, 99, 0
L -174, -849, 0, -133, -834, 0, 102, 99, 0
L -133, -834, 0, -87, -885, 0, 102, 99, 0
L -87, -885, 0, -110, -887, 0, 102, 99, 0
L -110, -887, 0, -141, -856, 0, 102, 99, 0
L -141, -856, 0, -187, -870, 0, 102, 99, 0
L -187, -870, 0, -188, -870, 0, 102, 99, 0
L -188, -870, 0, -221, -857, 0, 102, 99, 0
L -221, -857, 0, -224, -834, 0, 102, 99, 0
L -224, -834, 0, -222, -821, 0, 102, 99, 0
L -222, -821, 0, -215, -822, 0, 102, 99, 0
L -215, -822, 0, -211, -810, 0, 102, 99, 0
L -211, -810, 0, -217, -801, 0, 102, 99, 0
L -217, -801, 0, -233, -799, 0, 102, 99, 0
L -233, -799, 0, -240, -806, 0, 102, 99, 0
L -240, -806, 0, -240, -807, 0, 102, 99, 0
L -240, -807, 0, -376, -725, -1, 102, 99, 0
L -376, -725, -1, -432, -670, -2, 102, 99, 0
L -432, -670, -2, -461, -655, -2, 102, 99, 0
L 71, -907, 3, 97, -883, 0, 0, 255, 0
L 97, -883, 0, 111, -897, 0, 0, 255, 0
L 111, -897, 0, 126, -897, 0, 0, 255, 0
L 126, -897, 0, 142, -882, 0, 0, 255, 0
L 142, -882, 0, 142, -867, 0, 0, 255, 0
L 142, -867, 0, 130, -855, 1, 0, 255, 0
L 130, -855, 1, 238, -757, 2, 0, 255, 0
L 238, -757, 2, 614, -757, 0, 0, 255, 0
L 614, -757, 0, 641, -784, 0, 0, 255, 0
L 641, -784, 0, 641, -840, 0, 0, 255, 0
L 641, -840, 0, 669, -869, 1, 0, 255, 0
L 669, -869, 1, 728, -869, 0, 0, 255, 0
L 728, -869, 0, 753, -894, 0, 0, 255, 0
L 753, -894, 0, 753, -902, 0, 0, 255, 0
L 753, -902, 0, 744, -903, 0, 0, 255, 0
L 744, -903, 0, 731, -905, 0, 0, 255, 0
L 731, -905, 0, 724, -911, 0, 0, 255, 0
L 724, -911, 0, 732, -921, 0, 0, 255, 0
L 732, -921, 0, 741, -928, 0, 0, 255, 0
L 741, -928, 0, 753, -932, 0, 0, 255, 0
L 753, -932, 0, 753, -937, 0, 0, 255, 0
L 753, -937, 0, 797, -967, 0, 0, 255, 0
L 797, -967, 0, 817, -967, 0, 0, 255, 0
L 817, -967, 0, 879, -1036, 0, 0, 255, 0
L 879, -1036, 0, 879, -1272, 0, 0, 255, 0
L 879, -1272, 0, 698, -1481, 1, 0, 255, 0
L 698, -1481, 1, 572, -1579, 0, 0, 255, 0
L 572, -1579, 0, 322, -1579, 0, 0, 255, 0
L 322, -1579, 0, 72, -1314, 0, 0, 255, 0
L 72, -1314, 0, 72, -953, 0, 0, 255, 0
L 72, -953, 0, 84, -953, 0, 0, 255, 0
L 84, -953, 0, 100, -937, 0, 0, 255, 0
L 100, -937, 0, 100, -923, 0, 0, 255, 0
L 100, -923, 0, 85, -908, 0, 0, 255, 0
L 85, -908, 0, 70, -907, 0, 0, 255, 0
L -807, -794, -80, -807, -786, -8, 0, 255, 255
L -807, -786, -8, -807, -731, -6, 0, 255, 255
L -807, -731, -6, -817, -730, -7, 0, 255, 255
L -817, -730, -7, -817, -765, -8, 0, 255, 255
L -817, -765, -8, -861, -765, -8, 0, 255, 255
L -861, -765, -8, -861, -731, -7, 0, 255, 255
L -861, -731, -7, -871, -730, -6, 0, 255, 255
L -871, -730, -6, -871, -787, -8, 0, 255, 255
L -871, -787, -8, -871, -801, -8, 0, 255, 255
L -871, -801, -8, -903, -801, -8, 0, 255, 255
L -903, -801, -8, -903, -721, -6, 0, 255, 255
L -903, -721, -6, -871, -721, -6, 0, 255, 255
L -871, -721, -6, -870, -723, -6, 0, 255, 255
L -870, -723, -6, -862, -723, -7, 0, 255, 255
L -862, -723, -7, -861, -721, -7, 0, 255, 255
L -861, -721, -7, -817, -721, -7, 0, 255, 255
L -817, -721, -7, -817, -722, -7, 0, 255, 255
L -817, -722, -7, -809, -723, -6, 0, 255, 255
L -809, -723, -6, -807, -721, -6, 0, 255, 255
L -807, -721, -6, -775, -721, -6, 0, 255, 255
L -775, -721, -6, -775, -801, -8, 0, 255, 255
L -775, -801, -8, -807, -801, -8, 0, 255, 255
L -807, -801, -8, -807, -794, -8, 0, 255, 255
L -797, -791, -79, -797, -777, -7, 0, 0, 255
L -797, -777, -7, -793, -777, -7, 0, 0, 255
L -793, -777, -7, -793, -745, -7, 0, 0, 255
L -793, -745, -7, -789, -745, -7, 0, 0, 255
L -789, -745, -7, -789, -777, -7, 0, 0, 255
L -789, -777, -7, -785, -777, -7, 0, 0, 255
L -785, -777, -7, -785, -791, -7, 0, 0, 255
L -785, -791, -7, -797, -791, -7, 0, 0, 255
L -892, -791, -79, -892, -777, -7, 0, 0, 255
L -892, -777, -7, -888, -777, -7, 0, 0, 255
L -888, -777, -7, -888, -745, -7, 0, 0, 255
L -888, -745, -7, -884, -745, -7, 0, 0, 255
L -884, -745, -7, -884, -777, -7, 0, 0, 255
L -884, -777, -7, -880, -777, -7, 0, 0, 255
L -880, -777, -7, -880, -791, -7, 0, 0, 255
L -880, -791, -7, -892, -791, -7, 0, 0, 255
L -776, -715, -68, -902, -715, -6, 153, 153, 153
L -902, -715, -6, -902, -707, -6, 153, 153, 153
L -902, -707, -6, -852, -707, -5, 153, 153, 153
L -852, -707, -5, -851, -708, -5, 153, 153, 153
L -851, -708, -5, -847, -708, -5, 153, 153, 153
L -847, -708, -5, -847, -660, -5, 153, 153, 153
L -847, -660, -5, -832, -660, -5, 153, 153, 153
L -832, -660, -5, -832, -708, -5, 153, 153, 153
L -832, -708, -5, -827, -708, -5, 153, 153, 153
L -827, -708, -5, -826, -707, -5, 153, 153, 153
L -826, -707, -5, -776, -707, -6, 153, 153, 153
L -776, -707, -6, -776, -715, -6, 153, 153, 153
L -861, -721, -54, -817, -721, -5, 153, 153, 153
L -817, -721, -5, -817, -737, -5, 153, 153, 153
L -817, -737, -5, -861, -737, -5, 153, 153, 153
L -861, -737, -5, -861, -721, -5, 153, 153, 153
L -852, -660, -54, -852, -680, -5, 153, 153, 153
L -852, -680, -5, -873, -680, -5, 153, 153, 153
L -873, -680, -5, -873, -667, -5, 153, 153, 153
L -873, -667, -5, -880, -667, -5, 153, 153, 153
L -880, -667, -5, -880, -686, -5, 153, 153, 153
L -880, -686, -5, -852, -686, -5, 153, 153, 153
L -852, -686, -5, -852, -680, -5, 153, 153, 153
L -852, -680, -5, -852, -695, -5, 153, 153, 153
L -852, -695, -5, -888, -695, -5, 153, 153, 153
L -888, -695, -5, -888, -660, -5, 153, 153, 153
L -888, -660, -5, -852, -660, -5, 153, 153, 153
L -826, -660, -54, -817, -660, -5, 153, 153, 153
L -817, -660, -5, -817, -687, -5, 153, 153, 153
L -817, -687, -5, -811, -687, -5, 153, 153, 153
L -811, -687, -5, -811, -660, -5, 153, 153, 153
L -811, -660, -5, -817, -660, -5, 153, 153, 153
L -817, -660, -5, -802, -660, -5, 153, 153, 153
L -802, -660, -5, -802, -695, -5, 153, 153, 153
L -802, -695, -5, -826, -695, -5, 153, 153, 153
L -826, -695, -5, -826, -660, -5, 153, 153, 153
L -843, -653, -54, -843, -646, -5, 255, 255, 0
L -843, -646, -5, -787, -646, -4, 255, 255, 0
L -787, -646, -4, -787, -701, -3, 255, 255, 0
L -787, -701, -3, -835, -701, -2, 255, 255, 0
L -835, -701, -2, -835, -715, -2, 255, 255, 0
L -835, -715, -2, -814, -715, -2, 255, 255, 0
L -814, -715, -2, -814, -766, -2, 255, 255, 0
L -814, -766, -2, -835, -766, -2, 255, 255, 0
L -835, -766, -2, -835, -778, -2, 255, 255, 0
L -835, -778, -2, -821, -778, -2, 255, 255, 0
L -821, -778, -2, -821, -815, -2, 255, 255, 0
L -821, -815, -2, -857, -815, -2, 255, 255, 0
L -857, -815, -2, -857, -779, -2, 255, 255, 0
L -857, -779, -2, -843, -779, -2, 255, 255, 0
L -843, -779, -2, -843, -766, -2, 255, 255, 0
L -843, -766, -2, -864, -766, -2, 255, 255, 0
L -864, -766, -2, -864, -715, -2, 255, 255, 0
L -864, -715, -2, -843, -715, -2, 255, 255, 0
L -843, -715, -2, -843, -693, -2, 255, 255, 0
L -843, -693, -2, -795, -693, -3, 255, 255, 0
L -795, -693, -3, -795, -653, -4, 255, 255, 0
L -795, -653, -4, -835, -653, -5, 255, 255, 0
L -835, -653, -5, -843, -653, -5, 255, 255, 0
L -516, -907, -119, -503, -906, -12, 0, 0, 0
L -503, -906, -12, -492, -894, -12, 0, 0, 0
L -492, -894, -12, -492, -888, -12, 0, 0, 0
L -492, -888, -12, -495, -888, -12, 0, 0, 0
L -495, -888, -12, -500, -884, -12, 0, 0, 0
L -500, -884, -12, -497, -879, -12, 0, 0, 0
L -497, -879, -12, -494, -878, -12, 0, 0, 0
L -494, -878, -12, -492, -879, -12, 0, 0, 0
L -492, -879, -12, -492, -870, -12, 0, 0, 0
L -492, -870, -12, -493, -870, -12, 0, 0, 0
L -493, -870, -12, -498, -868, -12, 0, 0, 0
L -498, -868, -12, -500, -865, -12, 0, 0, 0
L -500, -865, -12, -498, -861, -12, 0, 0, 0
L -498, -861, -12, -493, -860, -12, 0, 0, 0
L -493, -860, -12, -492, -861, -12, 0, 0, 0
L -492, -861, -12, -492, -854, -12, 0, 0, 0
L -492, -854, -12, -503, -842, -12, 0, 0, 0
L -503, -842, -12, -558, -841, -12, 0, 0, 0
L -558, -841, -12, -573, -855, -12, 0, 0, 0
L -573, -855, -12, -578, -855, -12, 0, 0, 0
L -578, -855, -12, -579, -856, -12, 0, 0, 0
L -579, -856, -12, -581, -856, -12, 0, 0, 0
L -581, -856, -12, -581, -857, -12, 0, 0, 0
L -581, -857, -12, -578, -858, -12, 0, 0, 0
L -578, -858, -12, -578, -862, -12, 0, 0, 0
L -578, -862, -12, -581, -863, -12, 0, 0, 0
L -581, -863, -12, -581, -864, -12, 0, 0, 0
L -581, -864, -12, -579, -864, -12, 0, 0, 0
L -579, -864, -12, -578, -870, -12, 0, 0, 0
L -578, -870, -12, -596, -870, -12, 0, 0, 0
L -596, -870, -12, -596, -866, -12, 0, 0, 0
L -596, -866, -12, -597, -854, -12, 0, 0, 0
L -597, -854, -12, -603, -835, -12, 0, 0, 0
L -603, -835, -12, -604, -827, -11, 0, 0, 0
L -604, -827, -11, -604, -798, -12, 0, 0, 0
L -604, -798, -12, -630, -771, -12, 0, 0, 0
L -630, -771, -12, -712, -771, -12, 0, 0, 0
L -712, -771, -12, -739, -798, -12, 0, 0, 0
L -739, -798, -12, -739, -852, -12, 0, 0, 0
L -739, -852, -12, -684, -907, -12, 0, 0, 0
L -684, -907, -12, -630, -907, -12, 0, 0, 0
L -630, -907, -12, -602, -893, -12, 0, 0, 0
L -602, -893, -12, -596, -893, -12, 0, 0, 0
L -596, -893, -12, -596, -878, -12, 0, 0, 0
L -596, -878, -12, -578, -879, -12, 0, 0, 0
L -578, -879, -12, -579, -884, -12, 0, 0, 0
L -579, -884, -12, -581, -884, -12, 0, 0, 0
L -581, -884, -12, -581, -885, -12, 0, 0, 0
L -581, -885, -12, -578, -886, -12, 0, 0, 0
L -578, -886, -12, -578, -890, -12, 0, 0, 0
L -578, -890, -12, -581, -891, -12, 0, 0, 0
L -581, -891, -12, -581, -892, -12, 0, 0, 0
L -581, -892, -12, -578, -893, -12, 0, 0, 0
L -578, -893, -12, -572, -893, -12, 0, 0, 0
L -572, -893, -12, -545, -907, -12, 0, 0, 0
L -545, -907, -12, -533, -907, -11, 0, 0, 0
L -533, -907, -11, -516, -907, -11, 0, 0, 0
L -511, -880, -121, -558, -880, -12, 0, 0, 255
L -558, -880, -12, -558, -868, -12, 0, 0, 255
L -558, -868, -12, -511, -868, -12, 0, 0, 255
L -511, -868, -12, -511, -880, -12, 0, 0, 255
L -485, -878, -120, -485, -916, -12, 0, 255, 255
L -485, -916, -12, -440, -916, -12, 0, 255, 255
L -440, -916, -12, -440, -908, -12, 0, 255, 255
L -440, -908, -12, -477, -908, -12, 0, 255, 255
L -477, -908, -12, -477, -840, -12, 0, 255, 255
L -477, -840, -12, -428, -840, -12, 0, 255, 255
L -428, -840, -12, -428, -832, -12, 0, 255, 255
L -428, -832, -12, -485, -832, -12, 0, 255, 255
L -485, -832, -12, -485, -878, -12, 0, 255, 255
L -453, -922, -117, -453, -954, -11, 0, 255, 255
L -453, -954, -11, -482, -954, -11, 0, 255, 255
L -482, -954, -11, -482, -922, -11, 0, 255, 255
L -482, -922, -11, -453, -922, -11, 0, 255, 255
L -447, -922, -120, -416, -922, -11, 0, 255, 255
L -416, -922, -11, -416, -944, -11, 0, 255, 255
L -416, -944, -11, -426, -944, -11, 0, 255, 255
L -426, -944, -11, -426, -954, -11, 0, 255, 255
L -426, -954, -11, -447, -954, -12, 0, 255, 255
L -447, -954, -12, -447, -922, -12, 0, 255, 255
L -425, -954, -117, -425, -945, -11, 0, 0, 255
L -425, -945, -11, -416, -945, -11, 0, 0, 255
L -416, -945, -11, -416, -954, -12, 0, 0, 255
L -416, -954, -12, -425, -954, -11, 0, 0, 255
L -471, -902, -120, -471, -846, -11, 0, 255, 255
L -471, -846, -11, -440, -846, -11, 0, 255, 255
L -440, -846, -11, -440, -902, -12, 0, 255, 255
L -440, -902, -12, -471, -902, -12, 0, 255, 255
L -459, -826, -120, -459, -806, -12, 0, 255, 255
L -459, -806, -12, -459, -800, -12, 0, 255, 255
L -459, -800, -12, -485, -800, -12, 0, 255, 255
L -485, -800, -12, -485, -744, -12, 0, 255, 255
L -485, -744, -12, -459, -744, -12, 0, 255, 255
L -459, -744, -12, -459, -800, -12, 0, 255, 255
L -459, -800, -12, -402, -800, -12, 0, 255, 255
L -402, -800, -12, -402, -744, -12, 0, 255, 255
L -402, -744, -12, -378, -744, -12, 0, 255, 255
L -378, -744, -12, -378, -800, -12, 0, 255, 255
L -378, -800, -12, -402, -800, -12, 0, 255, 255
L -402, -800, -12, -402, -826, -12, 0, 255, 255
L -402, -826, -12, -459, -826, -12, 0, 255, 255
L -458, -799, -120, -458, -744, -12, 255, 0, 0
L -458, -744, -12, -403, -744, -12, 255, 0, 0
L -403, -744, -12, -403, -799, -12, 255, 0, 0
L -403, -799, -12, -458, -799, -12, 255, 0, 0
L -657, -843, -122, -657, -849, -12, 153, 153, 153
L -657, -849, -12, -661, -853, -12, 153, 153, 153
L -661, -853, -12, -668, -853, -12, 153, 153, 153
L -668, -853, -12, -671, -849, -12, 153, 153, 153
L -671, -849, -12, -671, -844, -12, 153, 153, 153
L -671, -844, -12, -666, -839, -12, 153, 153, 153
L -666, -839, -12, -662, -839, -12, 153, 153, 153
L -662, -839, -12, -657, -843, -12, 153, 153, 153
L -679, -838, -121, -705, -838, -12, 0, 0, 255
L -705, -838, -12, -705, -812, -12, 0, 0, 255
L -705, -812, -12, -679, -812, -12, 0, 0, 255
L -679, -812, -12, -679, -838, -12, 0, 0, 255
L -675, -853, -122, -671, -858, -12, 153, 153, 153
L -671, -858, -12, -672, -864, -12, 153, 153, 153
L -672, -864, -12, -675, -867, -12, 153, 153, 153
L -675, -867, -12, -682, -867, -12, 153, 153, 153
L -682, -867, -12, -685, -863, -12, 153, 153, 153
L -685, -863, -12, -685, -858, -12, 153, 153, 153
L -685, -858, -12, -682, -854, -12, 153, 153, 153
L -682, -854, -12, -675, -853, -12, 153, 153, 153
L -699, -857, -122, -700, -864, -12, 153, 153, 153
L -700, -864, -12, -703, -867, -12, 153, 153, 153
L -703, -867, -12, -710, -867, -12, 153, 153, 153
L -710, -867, -12, -713, -863, -12, 153, 153, 153
L -713, -863, -12, -713, -856, -12, 153, 153, 153
L -713, -856, -12, -709, -853, -12, 153, 153, 153
L -709, -853, -12, -704, -853, -12, 153, 153, 153
L -704, -853, -12, -699, -857, -12, 153, 153, 153
L -718, -811, -122, -723, -811, -12, 153, 153, 153
L -723, -811, -12, -727, -806, -12, 153, 153, 153
L -727, -806, -12, -727, -802, -12, 153, 153, 153
L -727, -802, -12, -722, -797, -12, 153, 153, 153
L -722, -797, -12, -716, -798, -12, 153, 153, 153
L -716, -798, -12, -713, -801, -12, 153, 153, 153
L -713, -801, -12, -714, -808, -12, 153, 153, 153
L -714, -808, -12, -717, -811, -12, 153, 153, 153
L -709, -797, -122, -713, -792, -12, 153, 153, 153
L -713, -792, -12, -713, -787, -12, 153, 153, 153
L -713, -787, -12, -708, -783, -12, 153, 153, 153
L -708, -783, -12, -703, -783, -12, 153, 153, 153
L -703, -783, -12, -699, -787, -12, 153, 153, 153
L -699, -787, -12, -699, -792, -12, 153, 153, 153
L -699, -792, -12, -703, -797, -12, 153, 153, 153
L -703, -797, -12, -710, -797, -12, 153, 153, 153
L -685, -793, -122, -685, -787, -12, 153, 153, 153
L -685, -787, -12, -682, -783, -12, 153, 153, 153
L -682, -783, -12, -676, -783, -12, 153, 153, 153
L -676, -783, -12, -671, -787, -12, 153, 153, 153
L -671, -787, -12, -671, -793, -12, 153, 153, 153
L -671, -793, -12, -676, -797, -12, 153, 153, 153
L -676, -797, -12, -680, -797, -12, 153, 153, 153
L -680, -797, -12, -685, -793, -12, 153, 153, 153
L -671, -807, -122, -671, -800, -12, 153, 153, 153
L -671, -800, -12, -666, -797, -12, 153, 153, 153
L -666, -797, -12, -661, -797, -12, 153, 153, 153
L -661, -797, -12, -657, -801, -12, 153, 153, 153
L -657, -801, -12, -658, -808, -12, 153, 153, 153
L -658, -808, -12, -661, -811, -12, 153, 153, 153
L -661, -811, -12, -667, -811, -12, 153, 153, 153
L -667, -811, -12, -671, -806, -12, 153, 153, 153
L -597, -822, -118, -597, -814, -11, 0, 255, 255
L -597, -814, -11, -561, -814, -11, 0, 255, 255
L -561, -814, -11, -556, -809, -11, 0, 255, 255
L -556, -809, -11, -556, -780, -11, 0, 255, 255
L -556, -780, -11, -555, -775, -11, 0, 255, 255
L -555, -775, -11, -568, -775, -11, 0, 255, 255
L -568, -775, -11, -568, -742, -11, 0, 255, 255
L -568, -742, -11, -538, -742, -11, 0, 255, 255
L -538, -742, -11, -538, -775, -11, 0, 255, 255
L -538, -775, -11, -549, -775, -11, 0, 255, 255
L -549, -775, -11, -549, -822, -11, 0, 255, 255
L -549, -822, -11, -597, -822, -11, 0, 255, 255
L -556, -764, -117, -556, -751, -11, 0, 0, 255
L -556, -751, -11, -549, -751, -11, 0, 0, 255
L -549, -751, -11, -549, -764, -11, 0, 0, 255
L -549, -764, -11, -556, -764, -11, 0, 0, 255
L -569, -749, -118, -572, -750, -11, 0, 255, 255
L -572, -750, -11, -575, -749, -11, 0, 255, 255
L -575, -749, -11, -577, -748, -11, 0, 255, 255
L -577, -748, -11, -579, -745, -11, 0, 255, 255
L -579, -745, -11, -580, -743, -11, 0, 255, 255
L -580, -743, -11, -580, -735, -11, 0, 255, 255
L -580, -735, -11, -579, -732, -11, 0, 255, 255
L -579, -732, -11, -578, -730, -10, 0, 255, 255
L -578, -730, -10, -575, -728, -10, 0, 255, 255
L -575, -728, -108, -573, -727, -10, 0, 255, 255
L -573, -727, -10, -572, -727, -10, 0, 255, 255
L -572, -727, -10, -568, -728, -10, 0, 255, 255
L -568, -728, -10, -568, -703, -10, 0, 255, 255
L -568, -703, -10, -538, -703, -10, 0, 255, 255
L -538, -703, -10, -538, -728, -10, 0, 255, 255
L -538, -728, -10, -532, -727, -10, 0, 255, 255
L -532, -727, -10, -529, -728, -10, 0, 255, 255
L -529, -728, -10, -527, -730, -10, 0, 255, 255
L -527, -730, -10, -525, -732, -11, 0, 255, 255
L -525, -732, -110, -525, -735, -11, 0, 255, 255
L -525, -735, -11, -525, -745, -11, 0, 255, 255
L -525, -745, -11, -527, -748, -11, 0, 255, 255
L -527, -748, -11, -529, -749, -11, 0, 255, 255
L -529, -749, -11, -532, -750, -11, 0, 255, 255
L -532, -750, -11, -538, -749, -11, 0, 255, 255
L -538, -749, -11, -538, -743, -11, 0, 255, 255
L -538, -743, -11, -538, -734, -10, 0, 255, 255
L -538, -734, -10, -568, -734, -10, 0, 255, 255
L -568, -734, -10, -568, -743, -11, 0, 255, 255
L -556, -726, -105, -549, -726, -10, 0, 0, 255
L -549, -726, -10, -549, -715, -10, 0, 0, 255
L -549, -715, -10, -556, -715, -10, 0, 0, 255
L -556, -715, -10, -556, -726, -10, 0, 0, 255
L -568, -710, -105, -573, -711, -10, 0, 255, 255
L -573, -711, -10, -575, -710, -10, 0, 255, 255
L -575, -710, -10, -578, -709, -10, 0, 255, 255
L -578, -709, -10, -579, -706, -10, 0, 255, 255
L -579, -706, -10, -580, -704, -10, 0, 255, 255
L -580, -704, -10, -580, -696, -9, 0, 255, 255
L -580, -696, -9, -579, -693, -9, 0, 255, 255
L -579, -693, -9, -578, -691, -9, 0, 255, 255
L -578, -691, -9, -575, -689, -9, 0, 255, 255
L -575, -689, -9, -573, -688, -9, 0, 255, 255
L -573, -688, -9, -568, -689, -9, 0, 255, 255
L -568, -689, -9, -568, -683, -9, 0, 255, 255
L -568, -683, -94, -568, -665, -9, 0, 255, 255
L -568, -665, -9, -556, -665, -9, 0, 255, 255
L -556, -665, -9, -556, -626, -9, 0, 255, 255
L -556, -626, -9, -505, -626, -9, 0, 255, 255
L -505, -626, -9, -499, -625, -9, 0, 255, 255
L -499, -625, -9, -499, -616, -9, 0, 255, 255
L -499, -616, -9, -498, -614, -9, 0, 255, 255
L -498, -614, -9, -495, -614, -9, 0, 255, 255
L -495, -614, -9, -494, -616, -9, 0, 255, 255
L -494, -616, -9, -493, -626, -9, 0, 255, 255
L -493, -626, -9, -479, -625, -9, 0, 255, 255
L -479, -625, -94, -476, -612, -9, 0, 255, 255
L -476, -612, -9, -470, -612, -9, 0, 255, 255
L -470, -612, -9, -466, -625, -9, 0, 255, 255
L -466, -625, -9, -465, -632, -9, 0, 255, 255
L -465, -632, -9, -470, -647, -9, 0, 255, 255
L -470, -647, -9, -476, -647, -9, 0, 255, 255
L -476, -647, -9, -480, -633, -9, 0, 255, 255
L -480, -633, -9, -493, -633, -9, 0, 255, 255
L -493, -633, -9, -494, -643, -9, 0, 255, 255
L -494, -643, -9, -495, -646, -9, 0, 255, 255
L -495, -646, -9, -496, -646, -9, 0, 255, 255
L -496, -646, -9, -499, -643, -9, 0, 255, 255
L -499, -643, -9, -499, -633, -9, 0, 255, 255
L -499, -633, -9, -505, -633, -9, 0, 255, 255
L -505, -633, -94, -549, -633, -9, 0, 255, 255
L -549, -633, -9, -549, -665, -9, 0, 255, 255
L -549, -665, -9, -538, -665, -9, 0, 255, 255
L -538, -665, -9, -538, -689, -9, 0, 255, 255
L -538, -689, -9, -532, -688, -9, 0, 255, 255
L -532, -688, -9, -529, -689, -9, 0, 255, 255
L -529, -689, -9, -525, -693, -9, 0, 255, 255
L -525, -693, -9, -525, -696, -9, 0, 255, 255
L -525, -696, -9, -525, -704, -10, 0, 255, 255
L -525, -704, -10, -525, -706, -10, 0, 255, 255
L -525, -706, -10, -527, -709, -10, 0, 255, 255
L -527, -709, -10, -529, -710, -10, 0, 255, 255
L -529, -710, -10, -532, -711, -10, 0, 255, 255
L -532, -711, -10, -538, -710, -10, 0, 255, 255
L -538, -710, -10, -538, -704, -10, 0, 255, 255
L -538, -704, -10, -538, -695, -9, 0, 255, 255
L -538, -695, -9, -568, -695, -9, 0, 255, 255
L -568, -695, -9, -568, -704, -10, 0, 255, 255
L -556, -685, -93, -556, -674, -9, 0, 0, 255
L -556, -674, -9, -549, -674, -9, 0, 0, 255
L -549, -674, -9, -549, -685, -9, 0, 0, 255
L -549, -685, -9, -556, -685, -9, 0, 0, 255
L -649, -1070, -35, -648, -1075, -3, 0, 0, 0
L -648, -1075, -3, -648, -1079, -3, 0, 0, 0
L -648, -1079, -3, -649, -1086, -3, 0, 0, 0
L -649, -1086, -3, -665, -1086, -3, 0, 0, 0
L -665, -1086, -3, -666, -1080, -3, 0, 0, 0
L -666, -1080, -3, -666, -1075, -3, 0, 0, 0
L -666, -1075, -3, -665, -1070, -3, 0, 0, 0
L -665, -1070, -3, -649, -1070, -3, 0, 0, 0
L -702, -1115, -38, -668, -1115, -3, 0, 0, 0
L -668, -1115, -3, -668, -1122, -3, 0, 0, 0
L -668, -1122, -3, -702, -1122, -3, 0, 0, 0
L -702, -1122, -3, -702, -1115, -3, 0, 0, 0
L -757, -1159, -38, -795, -1159, -3, 0, 0, 0
L -795, -1159, -3, -795, -1132, -3, 0, 0, 0
L -795, -1132, -3, -852, -1075, -3, 0, 0, 0
L -852, -1075, -3, -879, -1075, -3, 0, 0, 0
L -879, -1075, -3, -879, -1037, -3, 0, 0, 0
L -879, -1037, -3, -759, -1037, -3, 0, 0, 0
L -759, -1037, -3, -758, -1039, -3, 0, 0, 0
L -758, -1039, -3, -756, -1044, -3, 0, 0, 0
L -756, -1044, -3, -739, -1044, -3, 0, 0, 0
L -739, -1044, -3, -739, -1037, -3, 0, 0, 0
L -739, -1037, -3, -630, -1037, -3, 0, 0, 0
L -630, -1037, -3, -630, -1072, -3, 0, 0, 0
L -630, -1072, -38, -614, -1072, -3, 0, 0, 0
L -614, -1072, -3, -614, -1037, -3, 0, 0, 0
L -614, -1037, -3, -492, -1037, -3, 0, 0, 0
L -492, -1037, -3, -492, -1075, -3, 0, 0, 0
L -492, -1075, -3, -518, -1075, -3, 0, 0, 0
L -518, -1075, -3, -575, -1132, -3, 0, 0, 0
L -575, -1132, -3, -575, -1159, -3, 0, 0, 0
L -575, -1159, -3, -613, -1159, -3, 0, 0, 0
L -613, -1159, -3, -613, -1083, -3, 0, 0, 0
L -613, -1083, -3, -630, -1083, -3, 0, 0, 0
L -630, -1083, -3, -630, -1103, -3, 0, 0, 0
L -630, -1103, -3, -682, -1103, -3, 0, 0, 0
L -682, -1103, -38, -682, -1109, -3, 0, 0, 0
L -682, -1109, -3, -663, -1109, -3, 0, 0, 0
L -663, -1109, -3, -663, -1129, -3, 0, 0, 0
L -663, -1129, -3, -682, -1129, -3, 0, 0, 0
L -682, -1129, -3, -682, -1135, -3, 0, 0, 0
L -682, -1135, -3, -631, -1135, -3, 0, 0, 0
L -631, -1135, -3, -631, -1177, -3, 0, 0, 0
L -631, -1177, -3, -576, -1177, -3, 0, 0, 0
L -576, -1177, -3, -576, -1285, -3, 0, 0, 0
L -576, -1285, -3, -613, -1285, -3, 0, 0, 0
L -613, -1285, -3, -613, -1257, -3, 0, 0, 0
L -613, -1257, -38, -642, -1257, -3, 0, 0, 0
L -642, -1257, -3, -670, -1229, -3, 0, 0, 0
L -670, -1229, -3, -699, -1229, -3, 0, 0, 0
L -699, -1229, -3, -727, -1258, -3, 0, 0, 0
L -727, -1258, -3, -757, -1258, -3, 0, 0, 0
L -757, -1258, -3, -757, -1285, -3, 0, 0, 0
L -757, -1285, -3, -795, -1285, -3, 0, 0, 0
L -795, -1285, -3, -795, -1177, -3, 0, 0, 0
L -795, -1177, -3, -739, -1177, -3, 0, 0, 0
L -739, -1177, -3, -739, -1135, -3, 0, 0, 0
L -739, -1135, -3, -689, -1135, -3, 0, 0, 0
L -689, -1135, -3, -689, -1129, -3, 0, 0, 0
L -689, -1129, -38, -708, -1129, -3, 0, 0, 0
L -708, -1129, -3, -708, -1109, -3, 0, 0, 0
L -708, -1109, -3, -690, -1109, -3, 0, 0, 0
L -690, -1109, -3, -690, -1103, -3, 0, 0, 0
L -690, -1103, -3, -698, -1103, -3, 0, 0, 0
L -698, -1103, -3, -698, -1099, -3, 0, 0, 0
L -698, -1099, -3, -703, -1096, -3, 0, 0, 0
L -703, -1096, -3, -704, -1096, -3, 0, 0, 0
L -704, -1096, -3, -704, -1072, -3, 0, 0, 0
L -704, -1072, -3, -700, -1071, -3, 0, 0, 0
L -700, -1071, -3, -701, -1062, -3, 0, 0, 0
L -701, -1062, -3, -708, -1065, -3, 0, 0, 0
L -708, -1065, -3, -708, -1068, -3, 0, 0, 0
L -708, -1068, -3, -732, -1068, -3, 0, 0, 0
L -732, -1068, -3, -733, -1064, -3, 0, 0, 0
L -733, -1064, -3, -739, -1062, -3, 0, 0, 0
L -739, -1062, -3, -740, -1054, -3, 0, 0, 0
L -740, -1054, -3, -757, -1054, -3, 0, 0, 0
L -757, -1054, -3, -757, -1159, -3, 0, 0, 0
L -672, -1148, -37, -672, -1202, -3, 0, 0, 255
L -672, -1202, -3, -699, -1202, -3, 0, 0, 255
L -699, -1202, -3, -699, -1148, -3, 0, 0, 255
L -699, -1148, -3, -672, -1148, -3, 0, 0, 255
L -571, -1144, -38, -571, -1151, -3, 0, 0, 255
L -571, -1151, -3, -574, -1151, -3, 0, 0, 255
L -574, -1151, -3, -574, -1144, -3, 0, 0, 255
L -574, -1144, -3, -571, -1144, -3, 0, 0, 255
L -570, -1144, -38, -550, -1144, -3, 0, 255, 255
L -550, -1144, -3, -550, -1162, -3, 0, 255, 255
L -550, -1162, -3, -557, -1162, -3, 0, 255, 255
L -557, -1162, -3, -557, -1152, -3, 0, 255, 255
L -557, -1152, -3, -570, -1152, -3, 0, 255, 255
L -570, -1152, -3, -570, -1144, -3, 0, 255, 255
L -550, -1163, -38, -557, -1163, -3, 0, 0, 255
L -557, -1163, -3, -557, -1166, -3, 0, 0, 255
L -557, -1166, -3, -550, -1166, -3, 0, 0, 255
L -550, -1166, -3, -550, -1163, -3, 0, 0, 255
L -541, -1168, -38, -566, -1168, -3, 0, 255, 255
L -566, -1168, -3, -566, -1170, -3, 0, 255, 255
L -566, -1170, -3, -569, -1170, -3, 0, 255, 255
L -569, -1170, -3, -569, -1185, -3, 0, 255, 255
L -569, -1185, -3, -567, -1185, -3, 0, 255, 255
L -567, -1185, -3, -567, -1188, -3, 0, 255, 255
L -567, -1188, -3, -541, -1188, -3, 0, 255, 255
L -541, -1188, -3, -541, -1185, -3, 0, 255, 255
L -541, -1185, -3, -538, -1185, -3, 0, 255, 255
L -538, -1185, -3, -538, -1171, -3, 0, 255, 255
L -538, -1171, -3, -541, -1171, -3, 0, 255, 255
L -541, -1171, -3, -541, -1168, -3, 0, 255, 255
L -557, -1189, -38, -550, -1189, -3, 0, 0, 255
L -550, -1189, -3, -550, -1192, -3, 0, 0, 255
L -550, -1192, -3, -557, -1192, -3, 0, 0, 255
L -557, -1192, -3, -557, -1189, -3, 0, 0, 255
L -557, -1194, -38, -557, -1202, -3, 0, 255, 255
L -557, -1202, -3, -500, -1202, -3, 0, 255, 255
L -500, -1202, -3, -500, -1189, -3, 0, 255, 255
L -500, -1189, -3, -507, -1189, -3, 0, 255, 255
L -507, -1189, -3, -507, -1194, -3, 0, 255, 255
L -507, -1194, -3, -557, -1194, -3, 0, 255, 255
L -540, -1203, -38, -533, -1203, -3, 0, 0, 255
L -533, -1203, -3, -533, -1206, -3, 0, 0, 255
L -533, -1206, -3, -540, -1206, -3, 0, 0, 255
L -540, -1206, -3, -540, -1203, -3, 0, 0, 255
L -498, -1200, -38, -498, -1193, -3, 0, 0, 255
L -498, -1193, -3, -495, -1193, -3, 0, 0, 255
L -495, -1193, -3, -495, -1200, -3, 0, 0, 255
L -495, -1200, -3, -498, -1200, -3, 0, 0, 255
L -500, -1188, -38, -507, -1188, -3, 0, 0, 255
L -507, -1188, -3, -507, -1185, -3, 0, 0, 255
L -507, -1185, -3, -500, -1185, -3, 0, 0, 255
L -500, -1185, -3, -500, -1188, -3, 0, 0, 255
L -490, -1183, -38, -516, -1183, -3, 0, 255, 255
L -516, -1183, -3, -539, -1160, -3, 0, 255, 255
L -539, -1160, -3, -539, -1134, -3, 0, 255, 255
L -539, -1134, -3, -516, -1111, -3, 0, 255, 255
L -516, -1111, -3, -490, -1111, -3, 0, 255, 255
L -490, -1111, -3, -468, -1134, -3, 0, 255, 255
L -468, -1134, -3, -468, -1160, -3, 0, 255, 255
L -468, -1160, -3, -490, -1183, -3, 0, 255, 255
L -553, -1208, -38, -553, -1238, -3, 0, 255, 255
L -553, -1238, -3, -550, -1239, -3, 0, 255, 255
L -550, -1239, -3, -550, -1242, -3, 0, 255, 255
L -550, -1242, -3, -523, -1242, -3, 0, 255, 255
L -523, -1242, -3, -520, -1238, -3, 0, 255, 255
L -520, -1238, -3, -520, -1208, -3, 0, 255, 255
L -520, -1208, -3, -553, -1208, -3, 0, 255, 255
L -493, -1192, -38, -450, -1192, -3, 0, 255, 255
L -450, -1192, -3, -450, -1236, -3, 0, 255, 255
L -450, -1236, -3, -493, -1236, -3, 0, 255, 255
L -493, -1236, -3, -493, -1192, -3, 0, 255, 255
L -466, -1151, -38, -466, -1143, -3, 0, 0, 255
L -466, -1143, -3, -463, -1143, -3, 0, 0, 255
L -463, -1143, -3, -463, -1151, -3, 0, 0, 255
L -463, -1151, -3, -466, -1151, -3, 0, 0, 255
L -461, -1151, -38, -449, -1151, -3, 0, 255, 255
L -449, -1151, -3, -449, -1081, -3, 0, 255, 255
L -449, -1081, -3, -456, -1081, -3, 0, 255, 255
L -456, -1081, -3, -456, -1142, -3, 0, 255, 255
L -456, -1142, -3, -461, -1142, -3, 0, 255, 255
L -461, -1142, -3, -461, -1151, -3, 0, 255, 255
L -447, -1151, -38, -447, -1143, -3, 0, 0, 255
L -447, -1143, -3, -444, -1143, -3, 0, 0, 255
L -444, -1143, -3, -444, -1151, -3, 0, 0, 255
L -444, -1151, -3, -447, -1151, -3, 0, 0, 255
L -442, -1141, -38, -399, -1141, -3, 0, 255, 255
L -399, -1141, -3, -399, -1185, -3, 0, 255, 255
L -399, -1185, -3, -442, -1185, -3, 0, 255, 255
L -442, -1185, -3, -442, -1141, -3, 0, 255, 255
L -447, -1114, -38, -447, -1106, -3, 0, 0, 255
L -447, -1106, -3, -444, -1106, -3, 0, 0, 255
L -444, -1106, -3, -444, -1114, -3, 0, 0, 255
L -444, -1114, -3, -447, -1114, -3, 0, 0, 255
L -442, -1127, -38, -411, -1127, -3, 0, 255, 255
L -411, -1127, -3, -409, -1123, -3, 0, 255, 255
L -409, -1123, -3, -409, -1097, -3, 0, 255, 255
L -409, -1097, -3, -412, -1096, -3, 0, 255, 255
L -412, -1096, -3, -412, -1093, -3, 0, 255, 255
L -412, -1093, -3, -442, -1093, -3, 0, 255, 255
L -442, -1093, -3, -442, -1127, -3, 0, 255, 255
L -457, -1081, -38, -457, -1088, -3, 0, 0, 255
L -457, -1088, -3, -460, -1088, -3, 0, 0, 255
L -460, -1088, -3, -460, -1081, -3, 0, 0, 255
L -460, -1081, -3, -457, -1081, -3, 0, 0, 255
L -463, -1072, -38, -465, -1072, -3, 0, 255, 255
L -465, -1072, -3, -465, -1069, -3, 0, 255, 255
L -465, -1069, -3, -479, -1069, -3, 0, 255, 255
L -479, -1069, -3, -479, -1072, -3, 0, 255, 255
L -479, -1072, -3, -482, -1072, -3, 0, 255, 255
L -482, -1072, -3, -482, -1098, -3, 0, 255, 255
L -482, -1098, -3, -480, -1098, -3, 0, 255, 255
L -480, -1098, -3, -479, -1101, -3, 0, 255, 255
L -479, -1101, -3, -466, -1101, -3, 0, 255, 255
L -466, -1101, -3, -466, -1098, -3, 0, 255, 255
L -466, -1098, -3, -463, -1098, -3, 0, 255, 255
L -463, -1098, -3, -463, -1072, -3, 0, 255, 255
L -483, -1081, -38, -483, -1088, -3, 0, 0, 255
L -483, -1088, -3, -486, -1088, -3, 0, 0, 255
L -486, -1088, -3, -486, -1081, -3, 0, 0, 255
L -486, -1081, -3, -483, -1081, -3, 0, 0, 255
L -488, -1081, -38, -488, -1089, -3, 0, 255, 255
L -488, -1089, -3, -508, -1089, -3, 0, 255, 255
L -508, -1089, -3, -508, -1081, -3, 0, 255, 255
L -508, -1081, -3, -488, -1081, -3, 0, 255, 255
L -500, -1079, -38, -507, -1079, -3, 0, 0, 255
L -507, -1079, -3, -507, -1076, -3, 0, 0, 255
L -507, -1076, -3, -500, -1076, -3, 0, 0, 255
L -500, -1076, -3, -500, -1079, -3, 0, 0, 255
L -721, -1069, -37, -728, -1069, -3, 0, 0, 255
L -728, -1069, -3, -728, -1073, -3, 0, 0, 255
L -728, -1073, -3, -721, -1073, -3, 0, 0, 255
L -721, -1073, -3, -721, -1069, -3, 0, 0, 255
L -709, -1073, -37, -741, -1073, -3, 0, 255, 255
L -741, -1073, -3, -741, -1097, -3, 0, 255, 255
L -741, -1097, -3, -709, -1097, -3, 0, 255, 255
L -709, -1097, -3, -709, -1073, -3, 0, 255, 255
L -740, -1098, -37, -733, -1098, -3, 0, 0, 255
L -733, -1098, -3, -733, -1101, -3, 0, 0, 255
L -733, -1101, -3, -740, -1101, -3, 0, 0, 255
L -740, -1101, -3, -740, -1098, -3, 0, 0, 255
L -721, -1103, -37, -721, -1123, -3, 0, 255, 255
L -721, -1123, -3, -741, -1123, -3, 0, 255, 255
L -741, -1123, -3, -741, -1103, -3, 0, 255, 255
L -741, -1103, -3, -721, -1103, -3, 0, 255, 255
L -796, -1150, -38, -796, -1143, -3, 0, 0, 255
L -796, -1143, -3, -799, -1143, -3, 0, 0, 255
L -799, -1143, -3, -799, -1150, -3, 0, 0, 255
L -799, -1150, -3, -796, -1150, -3, 0, 0, 255
L -801, -1143, -38, -821, -1143, -3, 0, 255, 255
L -821, -1143, -3, -821, -1188, -3, 0, 255, 255
L -821, -1188, -3, -871, -1188, -3, 0, 255, 255
L -871, -1188, -3, -871, -1197, -3, 0, 255, 255
L -871, -1197, -3, -813, -1197, -3, 0, 255, 255
L -813, -1197, -3, -813, -1151, -3, 0, 255, 255
L -813, -1151, -3, -801, -1151, -3, 0, 255, 255
L -801, -1151, -3, -801, -1143, -3, 0, 255, 255
L -813, -1203, -38, -813, -1211, -3, 153, 153, 153
L -813, -1211, -3, -871, -1211, -2, 153, 153, 153
L -871, -1211, -2, -871, -1189, -2, 153, 153, 153
L -871, -1189, -2, -864, -1189, -2, 153, 153, 153
L -864, -1189, -2, -864, -1203, -2, 153, 153, 153
L -864, -1203, -2, -813, -1203, -3, 153, 153, 153
L -820, -1202, -38, -813, -1202, -3, 0, 0, 255
L -813, -1202, -3, -813, -1199, -3, 0, 0, 255
L -813, -1199, -3, -820, -1199, -3, 0, 0, 255
L -820, -1199, -3, -820, -1202, -3, 0, 0, 255
L -871, -1187, -24, -864, -1187, -2, 0, 0, 255
L -864, -1187, -2, -864, -1184, -2, 0, 0, 255
L -864, -1184, -2, -871, -1184, -2, 0, 0, 255
L -871, -1184, -2, -871, -1187, -2, 0, 0, 255
L -879, -1182, -24, -902, -1159, -2, 0, 255, 255
L -902, -1159, -2, -902, -1135, -2, 0, 255, 255
L -902, -1135, -2, -879, -1112, -2, 0, 255, 255
L -879, -1112, -2, -854, -1112, -2, 0, 255, 255
L -854, -1112, -2, -832, -1134, -2, 0, 255, 255
L -832, -1134, -2, -832, -1159, -2, 0, 255, 255
L -832, -1159, -2, -855, -1182, -2, 0, 255, 255
L -855, -1182, -2, -879, -1182, -2, 0, 255, 255
L -880, -1183, -24, -903, -1160, -2, 153, 153, 153
L -903, -1160, -2, -903, -1134, -2, 153, 153, 153
L -903, -1134, -2, -880, -1111, -2, 153, 153, 153
L -880, -1111, -2, -853, -1111, -2, 153, 153, 153
L -853, -1111, -2, -831, -1134, -2, 153, 153, 153
L -831, -1134, -2, -831, -1160, -2, 153, 153, 153
L -831, -1160, -2, -854, -1183, -2, 153, 153, 153
L -854, -1183, -2, -880, -1183, -2, 153, 153, 153
L -855, -1174, -24, -880, -1174, -2, 153, 153, 153
L -880, -1174, -2, -895, -1159, -2, 153, 153, 153
L -895, -1159, -2, -895, -1136, -2, 153, 153, 153
L -895, -1136, -2, -879, -1120, -2, 153, 153, 153
L -879, -1120, -2, -855, -1120, -2, 153, 153, 153
L -855, -1120, -2, -840, -1135, -2, 153, 153, 153
L -840, -1135, -2, -840, -1159, -2, 153, 153, 153
L -840, -1159, -2, -855, -1174, -2, 153, 153, 153
L -855, -1174, -20, -858, -1160, -1, 153, 153, 153
L -858, -1160, -1, -876, -1160, -1, 153, 153, 153
L -876, -1160, -1, -880, -1174, -2, 153, 153, 153
L -894, -1158, -20, -879, -1155, -1, 153, 153, 153
L -879, -1155, -1, -879, -1138, -1, 153, 153, 153
L -879, -1138, -1, -895, -1135, -2, 153, 153, 153
L -880, -1121, -20, -875, -1135, -1, 153, 153, 153
L -875, -1135, -1, -859, -1135, -1, 153, 153, 153
L -859, -1135, -1, -856, -1120, -2, 153, 153, 153
L -840, -1135, -20, -855, -1138, -1, 153, 153, 153
L -855, -1138, -1, -855, -1155, -1, 153, 153, 153
L -855, -1155, -1, -840, -1159, -2, 153, 153, 153
L -904, -1150, -24, -904, -1143, -2, 0, 0, 255
L -904, -1143, -2, -907, -1143, -2, 0, 0, 255
L -907, -1143, -2, -907, -1150, -2, 0, 0, 255
L -907, -1150, -2, -904, -1150, -2, 0, 0, 255
L -909, -1143, -24, -909, -1151, -2, 153, 153, 153
L -909, -1151, -2, -931, -1151, -2, 153, 153, 153
L -931, -1151, -2, -931, -1093, -3, 153, 153, 153
L -931, -1093, -3, -923, -1093, -3, 153, 153, 153
L -923, -1093, -3, -923, -1143, -2, 153, 153, 153
L -923, -1143, -2, -909, -1143, -2, 153, 153, 153
L -921, -1100, -38, -921, -1093, -3, 0, 0, 255
L -921, -1093, -3, -918, -1093, -3, 0, 0, 255
L -918, -1093, -3, -918, -1100, -3, 0, 0, 255
L -918, -1100, -3, -921, -1100, -3, 0, 0, 255
L -871, -1080, -38, -863, -1080, -3, 0, 255, 255
L -863, -1080, -3, -863, -1101, -3, 0, 255, 255
L -863, -1101, -3, -909, -1101, -3, 0, 255, 255
L -909, -1101, -3, -909, -1151, -3, 0, 255, 255
L -909, -1151, -3, -917, -1151, -3, 0, 255, 255
L -917, -1151, -3, -917, -1093, -3, 0, 255, 255
L -917, -1093, -3, -871, -1093, -3, 0, 255, 255
L -871, -1093, -3, -871, -1080, -3, 0, 255, 255
L -864, -1075, -38, -871, -1075, -3, 0, 0, 255
L -871, -1075, -3, -871, -1079, -3, 0, 0, 255
L -871, -1079, -3, -864, -1079, -3, 0, 0, 255
L -864, -1079, -3, -864, -1075, -3, 0, 0, 255
L -614, -1277, -38, -614, -1269, -3, 0, 0, 255
L -614, -1269, -3, -617, -1269, -3, 0, 0, 255
L -617, -1269, -3, -617, -1277, -3, 0, 0, 255
L -617, -1277, -3, -614, -1277, -3, 0, 0, 255
L -213, -455, 44, -189, -479, 4, 255, 0, 255
L -189, -479, 4, -190, -480, 4, 255, 0, 255
L -190, -480, 4, -190, -484, 4, 255, 0, 255
L -190, -484, 4, -189, -486, 4, 255, 0, 255
L -189, -486, 4, -213, -510, 4, 255, 0, 255
L -213, -510, 4, -220, -510, 4, 255, 0, 255
L -220, -510, 4, -244, -486, 4, 255, 0, 255
L -244, -486, 4, -244, -479, 4, 255, 0, 255
L -244, -479, 4, -220, -455, 4, 255, 0, 255
L -220, -455, 4, -213, -455, 4, 255, 0, 255
L -213, -455, 4, -189, -479, 4, 255, 0, 255
L -189, -479, 4, -189, -486, 4, 255, 0, 255
L -657, -975, -81, -657, -968, -8, 0, 0, 255
L -657, -968, -8, -660, -968, -8, 0, 0, 255
L -660, -968, -8, -660, -975, -8, 0, 0, 255
L -660, -975, -8, -657, -975, -8, 0, 0, 255
L -603, -815, -118, -603, -822, -11, 0, 0, 255
L -603, -822, -11, -600, -822, -11, 0, 0, 255
L -600, -822, -11, -600, -815, -11, 0, 0, 255
L -600, -815, -11, -603, -815, -11, 0, 0, 255
L 828, -706, -22, 817, -705, -2, 0, 0, 255
L 817, -705, -2, 815, -719, -2, 0, 0, 255
L 815, -719, -2, 811, -724, -2, 0, 0, 255
L 811, -724, -2, 797, -724, -2, 0, 0, 255
L 797, -724, -2, 792, -720, -2, 0, 0, 255
L 792, -720, -2, 793, -708, -2, 0, 0, 255
L 793, -708, -2, 798, -703, -2, 0, 0, 255
L 798, -703, -2, 812, -700, -2, 0, 0, 255
L 812, -700, -2, 806, -686, -2, 0, 0, 255
L 806, -686, -2, 817, -680, -2, 0, 0, 255
L 817, -680, -2, 830, -694, -1, 0, 0, 255
L 830, -694, -1, 827, -692, -2, 0, 0, 255
L 827, -692, -2, 828, -702, -2, 0, 0, 255
L 828, -702, -2, 827, -706, -2, 0, 0, 255
L 853, -548, -77, 840, -548, -6, 0, 0, 255
L 840, -548, -6, 813, -574, -6, 0, 0, 255
L 813, -574, -6, 813, -586, -7, 0, 0, 255
L 813, -586, -7, 840, -613, -7, 0, 0, 255
L 840, -613, -7, 852, -613, -7, 0, 0, 255
L 852, -613, -7, 885, -598, -6, 0, 0, 255
L 885, -598, -6, 885, -593, -6, 0, 0, 255
L 885, -593, -6, 890, -585, -6, 0, 0, 255
L 890, -585, -6, 895, -582, -6, 0, 0, 255
L 895, -582, -6, 898, -582, -6, 0, 0, 255
L 898, -582, -6, 894, -576, -7, 0, 0, 255
L 894, -576, -7, 894, -574, -7, 0, 0, 255
L 894, -574, -7, 896, -568, -7, 0, 0, 255
L 896, -568, -7, 853, -548, -7, 0, 0, 255
L 45, -882, 3, 52, -882, 0, 0, 0, 255
L 52, -882, 0, 52, -879, 0, 0, 0, 255
L 52, -879, 0, 45, -879, 0, 0, 0, 255
L 45, -879, 0, 45, -882, 0, 0, 0, 255
L 45, -877, 3, 45, -869, 0, 0, 255, 255
L 45, -869, 0, 96, -869, 1, 0, 255, 255
L 96, -869, 1, 113, -856, 1, 0, 255, 255
L 113, -856, 1, 124, -856, 1, 0, 255, 255
L 124, -856, 1, 136, -868, 1, 0, 255, 255
L 136, -868, 1, 136, -878, 1, 0, 255, 255
L 136, -878, 1, 124, -890, 1, 0, 255, 255
L 124, -890, 1, 113, -889, 1, 0, 255, 255
L 113, -889, 1, 110, -889, 1, 0, 255, 255
L 110, -889, 1, 107, -893, 1, 0, 255, 255
L 107, -893, 1, 114, -901, 1, 0, 255, 255
L 114, -901, 1, 96, -919, 1, 0, 255, 255
L 96, -919, 1, 93, -926, 1, 0, 255, 255
L 93, -926, 1, 93, -936, 1, 0, 255, 255
L 93, -936, 1, 82, -948, 1, 0, 255, 255
L 82, -948, 1, 72, -948, 1, 0, 255, 255
L 72, -948, 1, 59, -936, 1, 0, 255, 255
L 59, -936, 1, 59, -926, 1, 0, 255, 255
L 59, -926, 1, 71, -914, 1, 0, 255, 255
L 71, -914, 1, 82, -914, 1, 0, 255, 255
L 82, -914, 1, 83, -915, 1, 0, 255, 255
L 83, -915, 1, 88, -912, 1, 0, 255, 255
L 88, -912, 1, 80, -902, 2, 0, 255, 255
L 80, -902, 2, 97, -884, 1, 0, 255, 255
L 97, -884, 1, 100, -885, 1, 0, 255, 255
L 100, -885, 1, 103, -882, 1, 0, 255, 255
L 103, -882, 1, 102, -878, 1, 0, 255, 255
L 102, -878, 1, 96, -877, 1, 0, 255, 255
L 96, -877, 1, 45, -877, 0, 0, 255, 255
L 97, -876, 18, 97, -870, 1, 0, 0, 255
L 97, -870, 1, 100, -870, 1, 0, 0, 255
L 100, -870, 1, 100, -876, 1, 0, 0, 255
L 100, -876, 1, 97, -876, 1, 0, 0, 255
L -815, -842, -80, -822, -842, -8, 0, 0, 255
L -822, -842, -8, -822, -838, -8, 0, 0, 255
L -822, -838, -8, -815, -838, -8, 0, 0, 255
L -815, -838, -8, -815, -842, -8, 0, 0, 255
L -864, -838, -80, -857, -838, -8, 0, 0, 255
L -857, -838, -8, -857, -842, -8, 0, 0, 255
L -857, -842, -8, -864, -842, -8, 0, 0, 255
L -864, -842, -8, -864, -838, -8, 0, 0, 255
L -812, -794, -80, -812, -787, -8, 0, 0, 255
L -812, -787, -8, -809, -787, -8, 0, 0, 255
L -809, -787, -8, -809, -794, -8, 0, 0, 255
L -809, -794, -8, -812, -794, -8, 0, 0, 255
L -777, -720, -68, -784, -720, -6, 0, 0, 255
L -784, -720, -6, -784, -716, -6, 0, 0, 255
L -784, -716, -6, -777, -716, -6, 0, 0, 255
L -777, -716, -6, -777, -720, -6, 0, 0, 255
L -843, -716, -54, -835, -716, -5, 0, 0, 255
L -835, -716, -5, -835, -720, -5, 0, 0, 255
L -835, -720, -5, -843, -720, -5, 0, 0, 255
L -843, -720, -5, -843, -716, -5, 0, 0, 255
L -902, -716, -68, -895, -716, -6, 0, 0, 255
L -895, -716, -6, -895, -720, -6, 0, 0, 255
L -895, -720, -6, -902, -720, -6, 0, 0, 255
L -902, -720, -6, -902, -716, -6, 0, 0, 255
L -836, -659, -54, -843, -659, -5, 0, 0, 255
L -843, -659, -5, -843, -655, -5, 0, 0, 255
L -843, -655, -5, -836, -655, -5, 0, 0, 255
L -836, -655, -5, -836, -659, -5, 0, 0, 255
L -831, -660, -54, -831, -667, -5, 0, 0, 255
L -831, -667, -5, -827, -667, -5, 0, 0, 255
L -827, -667, -5, -827, -660, -5, 0, 0, 255
L -827, -660, -5, -831, -660, -5, 0, 0, 255
L -866, -787, -80, -866, -794, -8, 0, 0, 255
L -866, -794, -8, -870, -794, -8, 0, 0, 255
L -870, -794, -8, -870, -787, -8, 0, 0, 255
L -870, -787, -8, -866, -787, -8, 0, 0, 255
L -852, -667, -80, -848, -667, -8, 0, 0, 255
L -848, -667, -8, -848, -660, -8, 0, 0, 255
L -848, -660, -8, -852, -660, -8, 0, 0, 255
L -852, -660, -8, -852, -667, -8, 0, 0, 255
L -829, -922, -80, -836, -922, -8, 0, 0, 255
L -836, -922, -8, -836, -925, -8, 0, 0, 255
L -836, -925, -8, -829, -925, -8, 0, 0, 255
L -829, -925, -8, -829, -922, -8, 0, 0, 255
L -757, -1277, -38, -757, -1269, -3, 0, 0, 255
L -757, -1269, -3, -754, -1269, -3, 0, 0, 255
L -754, -1269, -3, -754, -1277, -3, 0, 0, 255
L -754, -1277, -3, -757, -1277, -3, 0, 0, 255
L -751, -1269, -38, -730, -1269, -3, 0, 255, 255
L -730, -1269, -3, -730, -1318, -2, 0, 255, 255
L -730, -1318, -2, -640, -1318, -2, 0, 255, 255
L -640, -1318, -2, -640, -1269, -3, 0, 255, 255
L -640, -1269, -3, -619, -1269, -3, 0, 255, 255
L -619, -1269, -3, -619, -1277, -3, 0, 255, 255
L -619, -1277, -3, -633, -1277, -3, 0, 255, 255
L -633, -1277, -3, -633, -1326, -2, 0, 255, 255
L -633, -1326, -2, -738, -1326, -2, 0, 255, 255
L -738, -1326, -2, -738, -1277, -3, 0, 255, 255
L -738, -1277, -3, -751, -1277, -3, 0, 255, 255
L -751, -1277, -3, -751, -1269, -3, 0, 255, 255
L -729, -1277, -38, -729, -1269, -3, 0, 0, 255
L -729, -1269, -3, -725, -1269, -3, 0, 0, 255
L -725, -1269, -3, -725, -1277, -3, 0, 0, 255
L -725, -1277, -3, -729, -1277, -3, 0, 0, 255
L -724, -1260, -38, -698, -1234, -3, 0, 255, 255
L -698, -1234, -3, -672, -1234, -3, 0, 255, 255
L -672, -1234, -3, -647, -1260, -3, 0, 255, 255
L -647, -1260, -3, -647, -1286, -3, 0, 255, 255
L -647, -1286, -3, -672, -1312, -3, 0, 255, 255
L -672, -1312, -3, -698, -1312, -3, 0, 255, 255
L -698, -1312, -3, -724, -1286, -3, 0, 255, 255
L -724, -1286, -3, -724, -1260, -3, 0, 255, 255
L -698, -1266, -37, -692, -1260, -3, 0, 0, 255
L -692, -1260, -3, -678, -1260, -3, 0, 0, 255
L -678, -1260, -3, -673, -1266, -3, 0, 0, 255
L -673, -1266, -3, -672, -1280, -3, 0, 0, 255
L -672, -1280, -3, -679, -1286, -3, 0, 0, 255
L -679, -1286, -3, -692, -1286, -3, 0, 0, 255
L -692, -1286, -3, -699, -1279, -3, 0, 0, 255
L -699, -1279, -3, -698, -1266, -3, 0, 0, 255
L -698, -1266, -3, -693, -1260, -3, 0, 0, 255
L -693, -1260, -3, -678, -1260, -3, 0, 0, 255
L -678, -1260, -3, -672, -1267, -3, 0, 0, 255
L -672, -1267, -3, -673, -1280, -3, 0, 0, 255
L -673, -1280, -3, -678, -1286, -3, 0, 0, 255
L -646, -1277, -38, -646, -1270, -3, 0, 0, 255
L -646, -1270, -3, -642, -1270, -3, 0, 0, 255
L -642, -1270, -3, -642, -1277, -3, 0, 0, 255
L -642, -1277, -3, -646, -1277, -3, 0, 0, 255
L -689, -1317, -22, -682, -1317, -2, 0, 0, 255
L -682, -1317, -2, -682, -1313, -2, 0, 0, 255
L -682, -1313, -2, -689, -1313, -2, 0, 0, 255
L -689, -1313, -2, -689, -1317, -2, 0, 0, 255
L -724, -1264, -22, -715, -1264, -1, 255, 255, 0
L -715, -1264, -1, -715, -1285, -1, 255, 255, 0
L -715, -1285, -1, -697, -1303, -1, 255, 255, 0
L -697, -1303, -1, -673, -1303, -1, 255, 255, 0
L -673, -1303, -1, -655, -1285, -1, 255, 255, 0
L -655, -1285, -1, -655, -1264, -1, 255, 255, 0
L -655, -1264, -1, -647, -1264, -1, 255, 255, 0
L -486, -877, -120, -486, -870, -12, 0, 0, 255
L -486, -870, -12, -490, -870, -12, 0, 0, 255
L -490, -870, -12, -490, -877, -12, 0, 0, 255
L -490, -877, -12, -486, -877, -12, 0, 0, 255
L -463, -917, -120, -471, -917, -12, 0, 0, 255
L -471, -917, -12, -471, -921, -12, 0, 0, 255
L -471, -921, -12, -463, -921, -12, 0, 0, 255
L -463, -921, -12, -463, -917, -12, 0, 0, 255
L -459, -907, -120, -452, -907, -12, 0, 0, 255
L -452, -907, -12, -452, -903, -12, 0, 0, 255
L -452, -903, -12, -459, -903, -12, 0, 0, 255
L -459, -903, -12, -459, -907, -12, 0, 0, 255
L -440, -917, -120, -447, -917, -12, 0, 0, 255
L -447, -917, -12, -447, -921, -12, 0, 0, 255
L -447, -921, -12, -440, -921, -12, 0, 0, 255
L -440, -921, -12, -440, -917, -12, 0, 0, 255
L -428, -831, -120, -435, -831, -12, 0, 0, 255
L -435, -831, -12, -435, -827, -12, 0, 0, 255
L -435, -827, -12, -428, -827, -12, 0, 0, 255
L -428, -827, -12, -428, -831, -12, 0, 0, 255
L 728, -869, 34, 728, -869, 3, 102, 99, 0
L 728, -869, 3, 756, -841, 6, 102, 99, 0
L 756, -841, 6, 783, -827, -9, 102, 99, 0
L 783, -827, -9, 795, -815, -10, 102, 99, 0
L 795, -815, -10, 798, -810, -11, 102, 99, 0
L 798, -810, -11, 798, -759, -24, 102, 99, 0
L 798, -759, -24, 797, -754, -24, 102, 99, 0
L 797, -754, -24, 770, -727, -13, 102, 99, 0
L 770, -727, -13, 770, -700, -21, 102, 99, 0
L 770, -700, -21, 797, -673, -24, 102, 99, 0
L 797, -673, -24, 798, -668, -24, 102, 99, 0
L 798, -668, -24, 798, -659, -24, 102, 99, 0
L 798, -659, -24, 842, -659, -24, 102, 99, 0
L 842, -659, -24, 842, -643, -24, 102, 99, 0
L 842, -643, -24, 828, -642, -24, 102, 99, 0
L 828, -642, -24, 825, -628, -25, 102, 99, 0
L 825, -628, -25, 798, -601, -38, 102, 99, 0
L 798, -601, -38, 782, -599, -34, 102, 99, 0
L 782, -599, -34, 770, -584, -34, 102, 99, 0
L 770, -584, -34, 772, -573, -34, 102, 99, 0
L 772, -573, -34, 786, -561, -34, 102, 99, 0
L 786, -561, -34, 798, -560, -39, 102, 99, 0
L 798, -560, -39, 825, -533, -52, 102, 99, 0
L 825, -533, -52, 828, -517, -48, 102, 99, 0
L 828, -517, -48, 842, -505, -48, 102, 99, 0
L 842, -505, -48, 854, -507, -48, 102, 99, 0
L 854, -507, -48, 868, -519, -53, 102, 99, 0
L 868, -519, -53, 908, -519, -66, 102, 99, 0
L 908, -519, -66, 922, -533, -66, 102, 99, 0
L 922, -533, -66, 977, -547, -41, 102, 99, 0
L 977, -547, -41, 977, -587, -29, 102, 99, 0
L 977, -587, -29, 922, -628, -42, 102, 99, 0
L 922, -628, -42, 880, -642, -37, 102, 99, 0
L 880, -642, -37, 850, -643, -24, 102, 99, 0
L 850, -643, -24, 851, -668, -24, 102, 99, 0
L 851, -668, -24, 808, -668, -24, 102, 99, 0
L 808, -668, -24, 807, -673, -24, 102, 99, 0
L 807, -673, -24, 810, -673, -24, 102, 99, 0
L 810, -673, -24, 837, -700, -17, 102, 99, 0
L 837, -700, -17, 847, -708, -28, 102, 99, 0
L 847, -708, -28, 880, -708, -33, 102, 99, 0
L 880, -708, -33, 886, -714, -33, 102, 99, 0
L 753, -894, 32, 753, -894, 3, 102, 99, 0
L 753, -894, 3, 782, -867, 6, 102, 99, 0
L 782, -867, 6, 809, -853, -9, 102, 99, 0
L 809, -853, -9, 809, -815, -10, 102, 99, 0
L 809, -815, -10, 809, -759, -24, 102, 99, 0
L 809, -759, -24, 810, -754, -24, 102, 99, 0
L 810, -754, -24, 838, -726, -24, 102, 99, 0
L 838, -726, -24, 845, -726, -27, 102, 99, 0
L 845, -726, -27, 859, -719, -32, 102, 99, 0
L 859, -719, -32, 875, -720, -33, 102, 99, 0
P -755, -884, 0, 255, 255, 255, 2, Teleport
P -548, -961, 0, 255, 255, 255, 2, Teleport
P -839, -860, 0, 255, 255, 255, 2, The_Abattoir
P -526, -908, 0, 255, 255, 255, 2, Teleport
P -457, -870, 0, 255, 255, 255, 2, SK_guild
P -464, -629, 0, 255, 255, 255, 2, Outside_door
P -432, -763, 0, 255, 255, 255, 2, Arena
P -658, -1067, 0, 255, 255, 255, 2, Teleport
P -867, -1149, 0, 255, 255, 255, 2, Library
P -503, -1151, 0, 255, 255, 255, 2, Cleric_Guild
P -97, -886, 0, 255, 255, 255, 2, Toxxulia_Forest
P -654, -1088, 0, 255, 255, 255, 2, Teleport
P 840, -730, 0, 255, 255, 255, 2, Warrens
P -200, -800, 0, 255, 255, 255, 2, Succor_Point
