L 836, 0, 0, -933, 0, 0, 140, 140, 140
L  0,2281, 0, 0, -263, 0, 140, 140, 140
L 100, 2281, 0, 100, -263, 0, 220, 220, 220
L 200, 2281, 0, 200, -263, 0, 220, 220, 220
L 300, 2281, 0, 300, -263, 0, 220, 220, 220
L 400, 2281, 0, 400, -263, 0, 220, 220, 220
L 500, 2281, 0, 500, -263, 0, 220, 220, 220
L 600, 2281, 0, 600, -263, 0, 220, 220, 220
L 700, 2281, 0, 700, -263, 0, 220, 220, 220
L 800, 2281, 0, 800, -263, 0, 220, 220, 220
L -100, 2281, 0, -100, -263, 0, 220, 220, 220
L -200, 2281, 0, -200, -263, 0, 220, 220, 220
L -300, 2281, 0, -300, -263, 0, 220, 220, 220
L -400, 2281, 0, -400, -263, 0, 220, 220, 220
L -500, 2281, 0, -500, -263, 0, 220, 220, 220
L -600, 2281, 0, -600, -263, 0, 220, 220, 220
L -700, 2281, 0, -700, -263, 0, 220, 220, 220
L -800, 2281, 0, -800, -263, 0, 220, 220, 220
L -900, 2281, 0, -900, -263, 0, 220, 220, 220
L 836, 100, 0, -933, 100, 0, 220, 220, 220
L 836, 200, 0, -933, 200, 0, 220, 220, 220
L 836, 300, 0, -933, 300, 0, 220, 220, 220
L 836, 400, 0, -933, 400, 0, 220, 220, 220
L 836, 500, 0, -933, 500, 0, 220, 220, 220
L 836, 600, 0, -933, 600, 0, 220, 220, 220
L 836, 700, 0, -933, 700, 0, 220, 220, 220
L 836, 800, 0, -933, 800, 0, 220, 220, 220
L 836, 900, 0, -933, 900, 0, 220, 220, 220
L 836, 1000, 0, -933, 1000, 0, 220, 220, 220
L 836, 1100, 0, -933, 1100, 0, 220, 220, 220
L 836, 1200, 0, -933, 1200, 0, 220, 220, 220
L 836, 1300, 0, -933, 1300, 0, 220, 220, 220
L 836, 1400, 0, -933, 1400, 0, 220, 220, 220
L 836, 1500, 0, -933, 1500, 0, 220, 220, 220
L 836, 1600, 0, -933, 1600, 0, 220, 220, 220
L 836, 1700, 0, -933, 1700, 0, 220, 220, 220
L 836, 1800, 0, -933, 1800, 0, 220, 220, 220
L 836, 1900, 0, -933, 1900, 0, 220, 220, 220
L 836, 2000, 0, -933, 2000, 0, 220, 220, 220
L 836, 2100, 0, -933, 2100, 0, 220, 220, 220
L 836, 2200, 0, -933, 2200, 0, 220, 220, 220
L 836, -100, 0, -933, -100, 0, 220, 220, 220
L 836, -200, 0, -933, -200, 0, 220, 220, 220
P 846, 5, 0, 0, 0, 0, 3, 0
P 5,2291, 0, 0, 0, 0, 3, 0
P 105,2291, 0, 0, 0, 0, 3, 100
P 205,2291, 0, 0, 0, 0, 3, 200
P 305,2291, 0, 0, 0, 0, 3, 300
P 405,2291, 0, 0, 0, 0, 3, 400
P 505,2291, 0, 0, 0, 0, 3, 500
P 605,2291, 0, 0, 0, 0, 3, 600
P 705,2291, 0, 0, 0, 0, 3, 700
P 805,2291, 0, 0, 0, 0, 3, 800
P -95,2291, 0, 0, 0, 0, 3, -100
P -195,2291, 0, 0, 0, 0, 3, -200
P -295,2291, 0, 0, 0, 0, 3, -300
P -395,2291, 0, 0, 0, 0, 3, -400
P -495,2291, 0, 0, 0, 0, 3, -500
P -595,2291, 0, 0, 0, 0, 3, -600
P -695,2291, 0, 0, 0, 0, 3, -700
P -795,2291, 0, 0, 0, 0, 3, -800
P -895,2291, 0, 0, 0, 0, 3, -900
P 846, 105, 0, 0, 0, 0, 3, 100
P 846, 205, 0, 0, 0, 0, 3, 200
P 846, 305, 0, 0, 0, 0, 3, 300
P 846, 405, 0, 0, 0, 0, 3, 400
P 846, 505, 0, 0, 0, 0, 3, 500
P 846, 605, 0, 0, 0, 0, 3, 600
P 846, 705, 0, 0, 0, 0, 3, 700
P 846, 805, 0, 0, 0, 0, 3, 800
P 846, 905, 0, 0, 0, 0, 3, 900
P 846, 1005, 0, 0, 0, 0, 3, 1000
P 846, 1105, 0, 0, 0, 0, 3, 1100
P 846, 1205, 0, 0, 0, 0, 3, 1200
P 846, 1305, 0, 0, 0, 0, 3, 1300
P 846, 1405, 0, 0, 0, 0, 3, 1400
P 846, 1505, 0, 0, 0, 0, 3, 1500
P 846, 1605, 0, 0, 0, 0, 3, 1600
P 846, 1705, 0, 0, 0, 0, 3, 1700
P 846, 1805, 0, 0, 0, 0, 3, 1800
P 846, 1905, 0, 0, 0, 0, 3, 1900
P 846, 2005, 0, 0, 0, 0, 3, 2000
P 846, 2105, 0, 0, 0, 0, 3, 2100
P 846, 2205, 0, 0, 0, 0, 3, 2200
P 846, -95, 0, 0, 0, 0, 3, -100
P 846, -195, 0, 0, 0, 0, 3, -200
