L 2463, 0, 0, -1199, 0, 0, 140, 140, 140
L  0,349, 0, 0, -5211, 0, 140, 140, 140
L 500, 349, 0, 500, -5211, 0, 220, 220, 220
L 1000, 349, 0, 1000, -5211, 0, 220, 220, 220
L 1500, 349, 0, 1500, -5211, 0, 220, 220, 220
L 2000, 349, 0, 2000, -5211, 0, 220, 220, 220
L -500, 349, 0, -500, -5211, 0, 220, 220, 220
L -1000, 349, 0, -1000, -5211, 0, 220, 220, 220
L 2463, -500, 0, -1199, -500, 0, 220, 220, 220
L 2463, -1000, 0, -1199, -1000, 0, 220, 220, 220
L 2463, -1500, 0, -1199, -1500, 0, 220, 220, 220
L 2463, -2000, 0, -1199, -2000, 0, 220, 220, 220
L 2463, -2500, 0, -1199, -2500, 0, 220, 220, 220
L 2463, -3000, 0, -1199, -3000, 0, 220, 220, 220
L 2463, -3500, 0, -1199, -3500, 0, 220, 220, 220
L 2463, -4000, 0, -1199, -4000, 0, 220, 220, 220
L 2463, -4500, 0, -1199, -4500, 0, 220, 220, 220
L 2463, -5000, 0, -1199, -5000, 0, 220, 220, 220
P 2473, 5, 0, 0, 0, 0, 3, 0
P 5,359, 0, 0, 0, 0, 3, 0
P 505,359, 0, 0, 0, 0, 3, 500
P 1005,359, 0, 0, 0, 0, 3, 1000
P 1505,359, 0, 0, 0, 0, 3, 1500
P 2005,359, 0, 0, 0, 0, 3, 2000
P -495,359, 0, 0, 0, 0, 3, -500
P -995,359, 0, 0, 0, 0, 3, -1000
P 2473, -495, 0, 0, 0, 0, 3, -500
P 2473, -995, 0, 0, 0, 0, 3, -1000
P 2473, -1495, 0, 0, 0, 0, 3, -1500
P 2473, -1995, 0, 0, 0, 0, 3, -2000
P 2473, -2495, 0, 0, 0, 0, 3, -2500
P 2473, -2995, 0, 0, 0, 0, 3, -3000
P 2473, -3495, 0, 0, 0, 0, 3, -3500
P 2473, -3995, 0, 0, 0, 0, 3, -4000
P 2473, -4495, 0, 0, 0, 0, 3, -4500
P 2473, -4995, 0, 0, 0, 0, 3, -5000
