21	142	Kallaill	Mar 15, 2002	3	3
21	141	Daisiee	Mar 15, 2002	3	4
21	139	Vegar	Mar 15, 2002	3	2
2	9	Vinilaa	Mar 14, 2002	0	1
2	10	Waright	Mar 14, 2002	0	0
35	285	Sazar	Mar 15, 2002	6	11
36	122	Fehren	Mar 15, 2002	5	10
36	121	Vanuiil	Mar 15, 2002	5	9
4	283	Widespreadd	Mar 15, 2002	4	8
4	284	Sazar	Mar 15, 2002	4	7
4	24	Nesuril	Mar 15, 2002	4	6
21	145	Syana	Mar 15, 2002	3	5
4	286	Zorgon	Mar 15, 2002	4	12
1	6	Eisai	Mar 16, 2002	7	13
1	6	Lexoon	Mar 16, 2002	7	14
25	175	Buazag	Mar 16, 2002	10	15
25	179	Syana	Mar 16, 2002	10	16
7	43	Zaphoe	Mar 16, 2002	8	17
7	38	Kurbi	Mar 16, 2002	8	18
27	201	Amberlie	Mar 16, 2002	9	19
27	222	Songs	Mar 16, 2002	9	20
27	220	Aaen	Mar 16, 2002	9	21
22	149	Kaedaase	Mar 16, 2002	13	22
22	151	Daisiee	Mar 16, 2002	13	23
26	187	Eisai	Mar 16, 2002	12	24
26	196	Thunderclap	Mar 16, 2002	12	25
23	153	Elkay	Mar 16, 2002	18	26
23	157	Zaphoe	Mar 16, 2002	18	27
23	159	Scrith	Mar 16, 2002	18	28
20	135	Aularas	Mar 16, 2002	17	29
20	134	Andriana	Mar 16, 2002	17	30
20	129	Rolist	Mar 16, 2002	17	31
6	33	Songs	Mar 16, 2002	14	32
6	37	Kurbi	Mar 16, 2002	14	33
47	274	Cardinal	Mar 16, 2002	15	34
47	274	Kaedaase	Mar 16, 2002	15	35
37	182	Tiva	Mar 16, 2002	16	36
12	81	Forty	Mar 16, 2002	19	37
12	81	Zappo	Mar 16, 2002	19	38
12	76	Teros	Mar 16, 2002	19	39
40	204	Aaen	Mar 17, 2002	20	40
3	17	Elkay	Mar 17, 2002	21	41
3	18	Exxile	Mar 17, 2002	21	42
3	19	Zyklan	Mar 17, 2002	21	43
3	22	Stompetta	Mar 17, 2002	21	44
2	14	Rolist	Mar 17, 2002	22	45
28	77		Mar 16, 2002	11	46
28	89	Zarxen	Mar 16, 2002	11	47
9	54	Lexoon	Mar 19, 2002	26	48
39	186	Stitz	Mar 19, 2002	27	49
39	186	Buazag	Mar 19, 2002	27	50
39	186	Fehren	Mar 19, 2002	27	51
39	188	Vashtee	Mar 19, 2002	27	52
28	77	Cardinal	Mar 16, 2002	11	53
35	128	Tiva	Mar 20, 2002	30	54
35	133	Cardinal	Mar 20, 2002	30	55
45	248	Zyklan	Mar 20, 2002	31	56
2	9	Cardinal	Mar 20, 2002	32	57
21	139	Eisai	Mar 21, 2002	36	58
21	139	Lexoon	Mar 21, 2002	36	59
21	138	Elidroth	Mar 21, 2002	36	60
21	141	Syana	Mar 21, 2002	36	61
21	145	Sazar	Mar 21, 2002	36	62
1	3	Kanf	Mar 21, 2002	37	63
1	2	Sylvia	Mar 21, 2002	37	64
12	78	Scrith	Mar 21, 2002	40	65
12	76	Parak	Mar 21, 2002	40	66
12	76	Vashtee	Mar 21, 2002	40	67
18	108	Phaera	Mar 22, 2002	41	68
18	101	Parak	Mar 22, 2002	41	69
18	100	Andriana	Mar 22, 2002	41	70
12	72	Lepra	Mar 22, 2002	42	71
12	76	Turtull	Mar 22, 2002	42	72
1	7	Zaphoe	Mar 22, 2002	43	73
1	6	Waright	Mar 22, 2002	43	74
25	180	Songs	Mar 22, 2002	44	75
25	180	Zaphoe	Mar 22, 2002	44	76
7	40	Stitz	Mar 22, 2002	45	77
7	42	Widespreadd	Mar 22, 2002	45	78
27	222	Lilcix	Mar 22, 2002	46	79
26	196	Rolist	Mar 22, 2002	47	80
26	187	Fehren	Mar 22, 2002	47	81
22	152	Forty	Mar 22, 2002	48	82
22	152	Daisiee	Mar 22, 2002	48	83
28	80	Kaedaase	Mar 22, 2002	49	84
28	89	Lexoon	Mar 22, 2002	49	85
28	77	Stitz	Mar 22, 2002	49	86
6	36	Syana	Mar 23, 2002	50	87
47	274	Poppabup	Mar 23, 2002	51	88
47	272	Kurbi	Mar 23, 2002	51	89
37	185	Scrith	Mar 23, 2002	52	90
20	134	Obudan	Mar 23, 2002	53	91
20	127	Vidmer	Mar 23, 2002	53	92
20	130	Elidroth	Mar 23, 2002	53	93
23	154	Buazag	Mar 23, 2002	54	94
23	157	Trevarus	Mar 23, 2002	54	95
23	157	Edric	Mar 23, 2002	54	96
9	55	Aaen	Mar 24, 2002	56	97
4	284	Seraphina	Mar 25, 2002	59	98
4	283	Kanf	Mar 25, 2002	59	99
4	286	Daisiee	Mar 25, 2002	59	100
19	115	Kurbi	Mar 26, 2002	60	101
9	53	Lilcix	Mar 27, 2002	62	102
39	188	Gazel	Mar 27, 2002	63	103
39	195	Songs	Mar 27, 2002	63	104
39	195	Zaphoe	Mar 27, 2002	63	105
3	19	Rika	Mar 27, 2002	65	106
3	19	Gazel	Mar 27, 2002	65	107
3	17	Stompetta	Mar 27, 2002	65	108
3	20	Stitz	Mar 27, 2002	65	109
45	247	Zarwin	Mar 28, 2002	66	110
39	186	Scrith	Apr 02, 2002	68	114
9	53	Vestax	Apr 02, 2002	71	112
9	53	Aaen	Apr 01, 2002	69	113
39	188	Trazz	Apr 02, 2002	68	115
3	17	Cardinal	Apr 02, 2002	72	116
3	17	Elidroth	Apr 02, 2002	72	117
3	18	Waright	Apr 02, 2002	72	118
4	24	Arcius	Apr 03, 2002	74	119
4	286	Grimthorn	Apr 03, 2002	74	120
39	189	Duvessa	Apr 05, 2002	76	121
3	20	Elkay	Apr 05, 2002	78	122
3	22	Kaedaase	Apr 05, 2002	78	123
3	22	Aedail	Apr 05, 2002	78	124
3	21	Amberel	Apr 05, 2002	78	125
3	21	Andaas	Apr 06, 2002	80	126
3	21	Nuuk	Apr 06, 2002	80	127
3	17	Stitz	Apr 06, 2002	80	128
5	26	Exxile	Apr 06, 2002	81	129
5	28	Rhedd	Apr 06, 2002	81	130
5	31	Zorgon	Apr 06, 2002	81	131
45	277	Arcius	Apr 04, 2002	82	132
36	111	Zorgon	Apr 04, 2002	83	133
9	54	Zaphoe	Apr 05, 2002	85	134
21	139	Kaedaase	Apr 07, 2002	86	135
21	142	Obudan	Apr 07, 2002	86	136
21	145	Daisiee	Apr 07, 2002	86	137
21	141	Zarwin	Apr 07, 2002	86	138
41	215	Rika	Apr 07, 2002	91	139
41	215	Mitsy	Apr 07, 2002	91	140
41	208	Zarxen	Apr 07, 2002	91	141
41	212	Exxile	Apr 07, 2002	91	142
8	52	Phaera	Apr 04, 2002	92	145
4	290	Storme	Apr 03, 2002	74	144
8	49	Qaediin	Apr 04, 2002	92	146
4	283	Exxile	Apr 08, 2002	93	147
4	286	Lonskils	Apr 08, 2002	93	148
4	290	Aparatus	Apr 08, 2002	93	149
40	204	Trevarus	Apr 08, 2002	94	150
12	81	Vanuiil	Apr 09, 2002	95	151
12	83	Xuen	Apr 09, 2002	95	152
1	6	Elidroth	Apr 09, 2002	96	153
1	8	Rot!	Apr 09, 2002	96	154
25	172	Elidroth	Apr 09, 2002	97	155
25	181	Kenthia	Apr 09, 2002	97	156
7	39	Qaediin	Apr 09, 2002	98	157
7	42	Andriana	Apr 09, 2002	98	158
25	175	Greldon	Apr 09, 2002	97	159
28	77	Zaphoe	Apr 09, 2002	99	160
28	89	Grimthorn	Apr 09, 2002	99	161
26	187	Samuel	Apr 09, 2002	100	162
26	194	Siff	Apr 09, 2002	100	163
26	199	Rot!	Apr 09, 2002	100	164
3	17	Xuen	Apr 10, 2002	102	165
3	18	Tarissa	Apr 10, 2002	102	166
3	19	Parak	Apr 10, 2002	102	167
4	24	Loralana	Apr 10, 2002	103	168
4	290	Rinna	Apr 10, 2002	103	169
4	286	Atreid	Apr 10, 2002	103	170
40	205	Kurbi	Apr 10, 2002	104	171
13	91	Scrith	Apr 11, 2002	105	173
41	292	Kurbi	Apr 14, 2002	107	174
41	211	Cardinal	Apr 14, 2002	107	175
41	215	Trazz	Apr 14, 2002	107	176
41	213	Scrith	Apr 14, 2002	107	177
3	17	Drakky	Apr 16, 2002	111	178
3	21	Dharrk	Apr 16, 2002	111	179
3	21	Sylvia	Apr 16, 2002	111	180
45	249	Stompetta	Apr 16, 2002	112	181
45	277	Daisiee	Apr 16, 2002	112	182
21	138	Zaphoe	Apr 18, 2002	115	183
21	145	Jynere	Apr 18, 2002	115	184
21	143	Lexoon	Apr 18, 2002	115	185
4	23	Semele	Apr 19, 2002	117	186
4	284	Zappo	Apr 19, 2002	117	187
4	283	Eisai	Apr 19, 2002	117	188
40	204	Scrith	Apr 19, 2002	118	189
36	122	Storme	Apr 20, 2002	123	190
35	128	Mopatpat	Apr 20, 2002	124	191
35	291	Rot!	Apr 20, 2002	124	192
3	19	Trazz	Apr 22, 2002	127	193
3	19	Kurbi	Apr 22, 2002	127	194
3	20	Siff	Apr 22, 2002	127	195
3	18	Fehren	Apr 22, 2002	127	196
4	286	Fehrenn	Apr 26, 2002	130	197
4	283	Rot!	Apr 26, 2002	130	198
4	286	Rot!	Apr 26, 2002	130	199
13	90	Klerik	Apr 24, 2002	133	200
44	278	Qaediin	Apr 24, 2002	134	201
44	301	Thunderclap	Apr 24, 2002	134	202
54	306	Nexten	Apr 27, 2002	131	203
54	305	Lilcix	Apr 27, 2002	131	204
2	288	Phaera	Mar 20, 2002	32	205
2	293	Vinilaa	Mar 17, 2002	22	206
45	287	Elidroth	Marr 20, 2002	31	207
36	122	Qaediin	Apr 24, 2002	137	208
39	188	Eisai	Apr 29, 2002	140	209
39	186	Xuen	Apr 29, 2002	140	210
3	18	Eisai	Apr 29, 2002	142	211
3	20	Xuen	Apr 29, 2002	142	212
16	310	Andriana	Apr 23, 2002	129	213
16	311	Stompetta	Apr 23, 2002	129	214
45	251	Aparatus	Apr 28, 2002	132	215
45	246	Vidmer	Apr 28, 2002	132	216
14	317	Rolist	Apr 27, 2002	136	217
14	315	Rot!	Apr 27, 2002	136	218
14	315	Poppabup	Mar 18, 2002	25	219
13	297	Tiva	Jun 05, 2002	209	365
13	396	Vidmer	Jun 05, 2002	209	366
44	397	Shaidi	Jun 05, 2002	210	367
21	143	Lilcix	May 03, 2002	144	224
21	145	Rolist	May 03, 2002	144	225
21	141	Burnem	May 03, 2002	144	226
4	24	Rinna	May 04, 2002	145	227
4	284	Grimthorn	May 04, 2002	145	228
4	284	Zorgon	May 04, 2002	145	229
4	326	Lepra	May 04, 2002	145	230
3	22	Xuen	May 05, 2002	149	232
3	22	Stitz	May 05, 2002	149	233
3	19	Mitsy	May 05, 2002	149	234
16	329	Obudan	May 06, 2002	150	235
16	329	Trevlen	May 06, 2002	150	236
45	251	Rinna	May 06, 2002	151	237
21	138	Cardinal	May 03, 2002	144	238
66	467	Torrid	Oct 14, 2002	511	983
3	21	Forty	May 09, 2002	158	240
45	251	Daisiee	Apr 04, 2002	82	241
13	337	Grimthorn	May 10, 2002	160	242
13	90	Sendain	May 10, 2002	160	243
44	338	Obudan	May 10, 2002	161	244
2	10	Lilcix	May 10, 2002	163	245
4	24	Qaediin	May 11, 2002	164	246
4	326	Kallaill	May 11, 2002	164	247
4	283	Veruca	May 11, 2002	164	248
4	290	Vidmer	May 11, 2002	164	249
55	336	Aedail	May 09, 2002	157	250
55	335	Dharrk	May 09, 2002	157	251
55	320	Drakky	May 09, 2002	157	252
55	323	Tarissa	May 10, 2002	162	253
55	335	Stompetta	May 10, 2002	162	254
55	385	Parak	May 10, 2002	162	255
2	339	Zappo	May 10, 2002	163	256
2	339	Siff	May 10, 2002	163	257
40	202	Eisai	May 12, 2002	165	258
57	345	Nuuk	May 13, 2002	166	259
57	344	Kallaill	May 13, 2002	166	260
2	332	Zyklan	May 14, 2002	167	261
57	345	Exxile	May 16, 2002	168	265
2	293	Vidmer	May 14, 2002	167	263
2	331	Rolist	May 14, 2002	167	264
57	346	Sazar	May 16, 2002	168	266
54	349	Waright	May 17, 2002	169	267
54	347	Cardinal	May 17, 2002	169	268
54	348	Eisai	May 17, 2002	169	269
19	119	Burnem	May 17, 2002	170	270
19	115	Turtull	May 17, 2002	170	271
45	351	Turtull	May 18, 2002	171	272
45	352	Vanuiil	May 18, 2002	171	273
45	252	Qaediin	May 18, 2002	171	274
21	138	Waright	May 19, 2002	172	275
21	138	Stitz	May 19, 2002	172	276
21	145	Zarwin	May 19, 2002	172	277
21	142	Nexten	May 19, 2002	172	278
21	144	Shaidi	May 19, 2002	172	279
57	345	Arcius	May 20, 2002	173	280
57	344	Vestax	May 20, 2002	173	281
44	300	Teutebod	May 09, 2002	156	282
44	301	Radab	May 09, 2002	156	283
44	353	Kaedaase	May 08, 2002	153	284
44	403	Trazz	May 08, 2002	153	285
4	23	Sylvia	May 20, 2002	174	286
4	326	Aularas	May 20, 2002	174	287
4	286	Kurbi	May 20, 2002	174	288
4	24	Daisiee	May 20, 2002	174	289
55	386	Lola	Jun 05, 2002	211	370
44	353	Slippy	Jun 05, 2002	210	368
55	336	Kaedaase	Jun 05, 2002	211	369
58	358	Drakky	May 23, 2002	176	293
58	358	Elidroth	May 23, 2002	176	294
3	20	Zaphoe	May 09, 2002	158	295
19	115	Parak	May 25, 2002	177	296
19	114	Strahd	May 25, 2002	177	297
19	113	Lonskils	May 25, 2002	177	298
54	359	Nuuk	May 25, 2002	178	299
54	303	Vidmer	May 25, 2002	178	300
54	349	Lilcix	May 25, 2002	178	301
5	27	Selenajra	May 26, 2002	179	302
5	25	Aedail	May 26, 2002	179	303
5	29	Jynere	May 26, 2002	179	304
45	333	Lola	May 26, 2002	181	305
45	251	Zorgon	May 26, 2002	181	306
45	246	Khael	May 26, 2002	181	307
2	361	Scrith	May 26, 2002	182	308
2	360	Forty	May 26, 2002	182	309
57	343	Zarwin	May 26, 2002	183	312
57	344	Vegar	May 26, 2002	183	311
21	142	Poppabup	May 28, 2002	191	313
21	142	Psidan	May 28, 2002	191	314
21	144	Trazz	May 28, 2002	191	315
21	145	Vestax	May 28, 2002	191	316
41	362	Selenajra	May 27, 2002	190	317
41	213	Strahd	May 27, 2002	190	318
41	213	Rot!	May 27, 2002	190	319
41	213	Stomp	May 27, 2002	190	320
58	363	Psidan	May 28, 2002	192	321
4	24	Zarwin	May 28, 2002	193	322
4	24	Aparatus	May 28, 2002	193	323
4	290	Sazar	May 28, 2002	193	324
40	364	Zarwin	May 28, 2002	194	325
40	206	Lonskils	May 28, 2002	194	326
3	22	Elidroth	May 29, 2002	195	327
3	22	Cardinal	May 29, 2002	195	328
3	18	Lilcix	May 29, 2002	195	329
4	283	Zoott	Jun 13, 2002	236	414
1	2	Psidan	May 30, 2002	196	331
1	2	Sachiiel	May 30, 2002	196	332
1	1	Sylvia	May 30, 2002	196	333
25	172	Lilcix	May 30, 2002	197	334
25	177	Kurbi	May 30, 2002	197	335
7	39	Lonskils	May 30, 2002	198	336
7	41	Parak	May 30, 2002	198	337
57	345	Zyklan	Jun 01, 2002	199	338
57	345	Nesuril	Jun 01, 2002	199	339
10	406	Zyklan	Jun 02, 2002	200	412
10	408	Mopatpat	May 26, 2002	180	413
58	378	Grimthorn	Jun 02, 2002	201	343
58	376	Katianara	Jun 02, 2002	201	344
57	343	Lonskils	Jun 12, 2002	233	409
54	347	Forty	Jun 02, 2002	202	346
54	348	Zappo	Jun 02, 2002	202	347
54	306	Lepra	Jun 02, 2002	202	348
2	294	Mopatpat	Jun 03, 2002	203	349
2	361	Khael	Jun 03, 2002	203	350
2	339	Teutebod	Jun 03, 2002	203	351
5	26	Vestax	Jun 03, 2002	204	352
5	26	Kallaill	Jun 03, 2002	204	353
5	25	Xuen	Jun 03, 2002	204	354
45	287	Parak	Jun 03, 2002	205	355
45	351	Mitsy	Jun 03, 2002	205	356
45	379	Vidmer	Jun 03, 2002	205	357
3	21	Vegar	Jun 03, 2002	206	358
3	18	Selenajra	Jun 03, 2002	206	359
3	18	Mopatpat	Jun 03, 2002	206	360
66	472	Angelie	Oct 14, 2002	511	982
57	345	Burnem	Jun 04, 2002	207	362
57	342	Andaas	Jun 04, 2002	207	363
21	145	Zorgon	Jun 05, 2002	208	364
55	398	Arcius	Jun 05, 2002	211	371
57	342	Teutebod	Jun 06, 2002	212	372
57	345	Lexoon	Jun 06, 2002	212	373
58	363	Andaas	Jun 06, 2002	213	374
13	90	Rolist	Jun 06, 2002	216	375
13	396	Khael	Jun 06, 2002	216	376
44	397	Mitsy	Jun 06, 2002	217	377
44	300	Inizen	Jun 06, 2002	217	386
55	399	Elidroth	Jun 06, 2002	218	379
55	335	Xuen	Jun 06, 2002	218	380
55	324	Vanuiil	Jun 06, 2002	218	381
57	345	Trazz	Jun 08, 2002	219	382
57	342	Lepra	Jun 08, 2002	219	383
58	358	Stompetta	Jun 08, 2002	220	384
58	376	Rinna	Jun 08, 2002	220	385
36	111	Lorpse	Jun 08, 2002	222	387
36	401	Eomer	Jun 08, 2002	222	388
13	402	Elidroth	Jun 08, 2002	223	389
44	403	Kurbi	Jun 08, 2002	224	390
44	403	Vidmer	Jun 08, 2002	224	391
44	397	Rot!	Jun 08, 2002	224	396
55	386	Dharrk	Jun 08, 2002	225	393
55	330	Waright	Jun 08, 2002	225	394
55	322	Zappo	Jun 08, 2002	225	395
4	284	Rolist	Jun 09, 2002	226	397
4	283	Mopatpat	Jun 09, 2002	226	398
4	286	Rot!	Jun 09, 2002	226	399
57	346	Forty	Jun 09, 2002	227	400
57	343	Katianara	Jun 09, 2002	227	401
45	351	Kurbi	Jun 10, 2002	229	402
45	252	Lorpse	Jun 10, 2002	229	403
45	404	Arcius	Jun 10, 2002	229	404
55	336	Tarissa	Jun 12, 2002	232	405
55	320	Stompetta	Jun 12, 2002	232	406
55	405	Nuuk	Jun 12, 2002	232	407
44	245	Bram	Jun 12, 2002	231	408
57	346	Qaediin	Jun 12, 2002	233	410
10	383	Cardinal	Jun 02, 2002	200	411
40	206	Mintin	Jun 13, 2002	237	415
58	376	Syana	Jun 14, 2002	238	416
13	297	Cruunch	Jun 12, 2002	239	417
13	396	Oobah	Jun 12, 2002	239	418
13	402	Oobah	Jun 12, 2002	239	419
54	304	Forty	Jun 14, 2002	240	420
54	305	Tiva	Jun 14, 2002	240	421
54	349	Rot!	Jun 14, 2002	240	422
45	333	Vidmer	Jun 15, 2002	241	423
45	379	Vinilaa	Jun 15, 2002	241	424
45	334	Nesuril	Jun 15, 2002	241	425
16	412	Burnem	Jun 15, 2002	242	426
16	281	Kaedaase	Jun 15, 2002	242	427
16	281	Scrith	Jun 15, 2002	242	428
2	293	Lexoon	Jun 15, 2002	243	429
2	13	Thunderclap	Jun 15, 2002	243	430
2	339	Rolist	Jun 15, 2002	243	431
3	20	Cruunch	Jun 18, 2002	246	432
58	358	Cardinal	Jun 18, 2002	247	433
13	413	Sendain	Jun 19, 2002	248	434
13	414	Cruunch	Jun 19, 2002	248	435
44	300	Psidan	Jun 19, 2002	249	436
44	397	Rot!	Jun 19, 2002	249	437
55	385	Kurbi	Jun 19, 2002	250	438
55	335	Kaedaase	Jun 19, 2002	250	439
55	415	Trazz	Jun 19, 2002	250	440
45	287	Eisai	Jun 19, 2002	251	441
45	251	Mintin	Jun 19, 2002	251	442
45	250	Scrith	Jun 19, 2002	251	443
36	121	Poppabup	Jun 19, 2002	252	444
57	342	Vanuiil	Jun 20, 2002	253	445
57	343	Inizen	Jun 20, 2002	253	446
60	550	Zyklan	Jun 20, 2002	254	447
60	548	Dharrk	Jun 20, 2002	254	448
60	550	Lola	Jun 20, 2002	254	449
16	418	Vegar	Jun 21, 2002	255	450
16	417	Elidroth	Jun 21, 2002	255	451
16	419	Cruunch	Jun 21, 2002	255	452
13	295	Zaphoe	Jun 22, 2002	256	453
13	402	Zoott	Jun 22, 2002	256	454
13	337	Lonskils	Jun 22, 2002	256	455
44	300	Syana	Jun 22, 2002	257	456
44	403	Zaphoe	Jun 22, 2002	257	457
55	399	Xuen	Jun 22, 2002	258	458
55	330	Selenajra	Jun 22, 2002	258	459
55	322	Vestax	Jun 22, 2002	258	460
13	337	Klerik	Jun 23, 2002	259	461
13	402	Vidmer	Jun 23, 2002	259	462
44	353	Lilcix	Jun 23, 2002	260	463
44	397	Rot!	Jun 23, 2002	260	464
55	323	Eisai	Jun 23, 2002	261	465
55	330	Vidmer	Jun 23, 2002	261	466
55	335	Andriana	Jun 23, 2002	261	467
57	346	Vegar	Jun 23, 2002	262	468
57	345	Rinna	Jun 23, 2002	262	469
60	545	Burnem	Jun 23, 2002	263	470
60	545	Storme	Jun 23, 2002	263	471
60	544	Cardinal	Jun 23, 2002	263	472
4	23	Rolist	Jun 25, 2002	264	473
4	326	Vestax	Jun 25, 2002	264	474
4	290	Lonskils	Jun 25, 2002	264	475
4	355	Elidroth	Jun 25, 2002	264	476
45	334	Mintin	Jun 26, 2002	265	477
45	250	Aaen	Jun 26, 2002	265	478
45	420	Kurbi	Jun 26, 2002	265	479
16	417	Zaphoe	Jun 26, 2002	266	480
16	422	Poppabup	Jun 26, 2002	266	481
16	421	Kaedaase	Jun 26, 2002	266	482
2	332	Dharrk	Jun 26, 2002	267	483
2	14	Psidan	Jun 26, 2002	267	484
2	16	Zoott	Jun 26, 2002	267	485
60	550	Parak	Jul 03, 2002	276	494
54	304	Mintin	Jun 29, 2002	268	487
54	305	Zaphoe	Jun 29, 2002	268	488
54	306	Qutte	Jun 29, 2002	268	489
57	344	Grimthorn	Jul 01, 2002	290	510
55	405	Katianara	Jun 30, 2002	270	491
55	336	Mopatpat	Jun 30, 2002	270	492
55	399	Kaedaase	Jun 30, 2002	270	493
60	548	Eisai	Jul 03, 2002	276	495
60	549	Kurbi	Jul 03, 2002	276	496
62	425	Mitsy	Jul 05, 2002	279	497
13	413	Klerik	Jul 08, 2002	286	498
13	413	Bram	Jul 08, 2002	286	499
13	295	Nwinn	Jul 08, 2002	286	500
44	300	Katianara	Jul 08, 2002	287	501
44	245	Lestax	Jul 08, 2002	287	502
55	320	Cardinal	Jul 08, 2002	288	503
55	336	Eisai	Jul 08, 2002	288	504
55	324	Sylvia	Jul 08, 2002	288	505
2	9	Selenajra	Jul 08, 2002	289	506
2	360	Khael	Jul 08, 2002	289	507
2	294	Lyubm	Jul 08, 2002	289	508
13	337	Idyian	Jun 30, 2002	269	509
57	343	Loralana	Jul 01, 2002	290	511
45	249	Elidroth	Jul 09, 2002	291	512
45	251	Qaediin	Jul 09, 2002	291	513
45	404	Thunderclap	Jul 09, 2002	291	514
16	418	Aaen	Jul 09, 2002	292	515
16	439	Psidan	Jul 09, 2002	292	516
16	440	Nexten	Jul 09, 2002	292	517
62	425	Aedail	Jul 10, 2002	293	518
3	17	Lyubm	Jul 14, 2002	298	519
3	21	Teutebod	Jul 14, 2002	298	520
3	22	Cruunch	Jul 14, 2002	298	521
3	18	Tiva	Jul 14, 2002	298	522
13	413		Jul 15, 2002	299	523
13	295	Chexmixx	Jul 15, 2002	299	524
13	396	Nwinn	Jul 15, 2002	299	525
44	403	Cruunch	Jul 15, 2002	302	526
44	353	Zaphoe	Jul 15, 2002	302	527
55	399	Eisai	Jul 15, 2002	303	528
55	324	Karendra	Jul 15, 2002	303	529
55	441	Shyft	Jul 15, 2002	303	530
16	310	Stitz	Jul 23, 2002	320	531
16	329	Aularas	Jul 23, 2002	320	532
16	419	Poppabup	Jul 23, 2002	320	533
13	90	Amberel	Jul 23, 2002	321	534
13	414	Shaidi	Jul 23, 2002	321	535
13	402	Cardinal	Jul 23, 2002	321	536
44	353	Shaidi	Jul 23, 2002	322	537
44	245	Shinare	Jul 23, 2002	322	538
44	278	Nesuril	Jul 23, 2002	322	539
55	405	Nesuril	Jul 23, 2002	323	540
55	321	Andriana	Jul 23, 2002	323	541
55	330	Khael	Jul 23, 2002	323	542
44	403	Lyubm	Jul 24, 2002	324	543
44	300	Caydon	Jul 24, 2002	324	544
55	415	Parak	Jul 24, 2002	325	545
55	324	Lonskils	Jul 24, 2002	325	546
55	395	Zarwin	Jul 24, 2002	325	547
13	465	Nexten	Jul 26, 2002	326	548
44	297	Nwinn	Jul 26, 2002	327	549
44	403	Strahd	Jul 26, 2002	327	550
55	399	Lyubm	Jul 26, 2002	328	551
55	324	Amberel	Jul 26, 2002	328	552
55	330	Cruunch	Jul 26, 2002	328	553
13	297	Zaphoe	Jul 24, 2002	329	554
13	337	Shinare	Jul 24, 2002	329	555
63	429	Teutebod	Jul 12, 2002	295	560
63	435	Stitz	Jul 06, 2002	280	557
63	436	Waright	Jul 06, 2002	280	559
63	435	Xuen	Jul 12, 2002	295	561
63	432	Rika	Jul 18, 2002	309	562
63	431	Lyubm	Jul 18, 2002	309	563
63	435	Elidroth	Jul 25, 2002	331	564
63	434	Lorpse	Jul 25, 2002	331	565
63	426	Bolien	Jul 25, 2002	331	566
63	436	Dharrk	Jul 25, 2002	331	567
65	456	Stitz	Jul 06, 2002	281	568
65	458	Khael	Jul 06, 2002	281	569
65	460	Kallaill	Jul 13, 2002	297	570
65	455	Poppabup	Jul 13, 2002	297	571
65	464	Lonskils	Jul 18, 2002	311	572
65	459	Cardinal	Jul 18, 2002	311	573
67	447	Waright	Jul 07, 2002	285	574
67	444	Katianara	Jul 07, 2002	285	575
67	447	Rika	Jul 16, 2002	305	576
67	450	Lonskils	Jul 16, 2002	305	577
67	454	Aedail	Jul 19, 2002	314	578
67	448	Grimthorn	Jul 19, 2002	314	579
66	469	Dharrk	Jul 06, 2002	282	580
66	467	Jynere	Jul 06, 2002	282	581
66	476	Rolist	Jul 16, 2002	306	582
66	467	Zappo	Jul 16, 2002	306	583
66	471	Waright	Jul 19, 2002	313	584
66	473	Grimthorn	Jul 19, 2002	313	585
69	482	Zyklan	Jul 20, 2002	315	586
69	479	Sendain	Jul 20, 2002	315	587
63	435	Lyubm	Jul 27, 2002	333	588
63	427	Poppabup	Jul 27, 2002	333	589
65	455	Shinare	Jul 27, 2002	334	590
65	459	Eisai	Jul 27, 2002	334	591
66	477	Aaen	Jul 28, 2002	336	592
66	474	Shaidi	Jul 28, 2002	336	593
69	482	Rika	Jul 29, 2002	338	594
69	481	Karendra	Jul 29, 2002	338	595
55	335	Strahd	Jul 30, 2002	340	596
55	398	Inizen	Jul 30, 2002	340	597
55	415	Shaidi	Jul 30, 2002	340	598
13	413	Nexten	Jul 31, 2002	341	599
13	396	Strahd	Jul 31, 2002	341	600
44	90	Zappo	Jul 31, 2002	342	601
44	338	Storme	Jul 31, 2002	342	602
44	353	Vidmer	Jul 31, 2002	342	603
55	405	Burnem	Jul 31, 2002	343	604
55	320	Elidroth	Jul 31, 2002	343	605
55	395	Zappo	Jul 31, 2002	343	606
45	352	Nuuk	Jul 31, 2002	344	607
45	404	Mancer	Jul 31, 2002	344	608
45	277	Ktul	Jul 31, 2002	344	609
2	361	Dharrk	Aug 03, 2002	351	624
13	402	Cruunch	Aug 01, 2002	346	611
44	90	Shinare	Aug 01, 2002	347	612
44	245	Klerik	Aug 01, 2002	347	613
44	403	Eisai	Aug 01, 2002	347	614
55	441	Tarissa	Aug 01, 2002	348	615
55	336	Tilea	Aug 01, 2002	348	616
55	320	Xuen	Aug 01, 2002	348	617
16	329	Karendra	Aug 01, 2002	349	618
16	279	Bolien	Aug 01, 2002	349	619
16	419	Lyubm	Aug 01, 2002	349	620
45	334	Sazar	Aug 02, 2002	350	621
45	334	Zorgon	Aug 02, 2002	350	622
45	246	Strahd	Aug 02, 2002	350	623
2	331	Sazar	Aug 03, 2002	351	625
57	342	Zorgon	Aug 05, 2002	352	626
57	346	Rolist	Aug 05, 2002	352	627
62	490	Zyklan	Aug 06, 2002	353	628
63	433	Bolien	Aug 06, 2002	355	629
63	431	Vinilaa	Aug 06, 2002	355	630
67	445	Lyubm	Aug 07, 2002	356	631
66	469	Kaedaase	Aug 07, 2002	357	634
67	448	Rolist	Aug 07, 2002	356	633
66	467	Sendain	Aug 07, 2002	357	635
69	481	Lola	Aug 08, 2002	359	636
69	491	Strahd	Aug 08, 2002	359	637
13	337	Geranon	Aug 12, 2002	363	638
13	337	Vettle	Aug 12, 2002	363	639
13	295	Weazle	Aug 12, 2002	363	640
55	335	Slippy	Aug 12, 2002	366	641
55	324	Forty	Aug 12, 2002	366	642
55	386	Khael	Aug 12, 2002	366	643
44	353	Weazle	Aug 12, 2002	365	644
44	353	Bolien	Aug 12, 2002	365	645
57	345	Abyena	Aug 12, 2002	367	646
57	344	Karendra	Aug 12, 2002	367	647
45	248	Shaidi	Aug 13, 2002	368	648
45	420	Bolien	Aug 13, 2002	368	649
45	420	Kaedaase	Aug 13, 2002	368	650
63	431	Andaas	Aug 14, 2002	369	651
63	433	Andriana	Aug 14, 2002	369	652
66	477	Zoott	Aug 15, 2002	370	653
66	472	Zappo	Aug 15, 2002	370	654
67	445	Cardinal	Aug 15, 2002	371	655
67	453	Klerik	Aug 15, 2002	371	656
69	491	Elidroth	Aug 16, 2002	372	657
69	483	Waright	Aug 16, 2002	372	658
65	456	Bolien	Aug 16, 2002	373	659
65	458	Scrith	Aug 16, 2002	373	660
63	428	Shaidi	Aug 17, 2002	374	661
63	434	Katianara	Aug 17, 2002	374	662
66	474	Cardinal	Aug 17, 2002	375	663
66	476	Klerik	Aug 17, 2002	375	664
69	482	Tarissa	Aug 17, 2002	376	665
69	485	Strahd	Aug 17, 2002	376	666
70	493	Lonskils	Aug 18, 2002	378	667
70	492	Scrith	Aug 18, 2002	378	668
71	494	Lola	Aug 19, 2002	379	669
71	495	Psidan	Aug 19, 2002	379	670
71	496	Storme	Aug 19, 2002	379	671
72	497	Andaas	Aug 19, 2002	380	672
72	498	Cardinal	Aug 19, 2002	380	673
72	499	Vanuiil	Aug 19, 2002	380	674
72	500	Arcius	Aug 19, 2002	380	675
44	338	Grimthorn	Aug 19, 2002	381	676
55	321	Slippy	Aug 19, 2002	382	677
55	322	Kallaill	Aug 19, 2002	382	678
55	441	Lexoon	Aug 19, 2002	382	679
57	346	Elidroth	Aug 20, 2002	383	680
57	345	Dharrk	Aug 20, 2002	383	681
54	501	Lista	Aug 21, 2002	384	682
54	359	Mintin	Aug 21, 2002	384	683
54	359	Rinna	Aug 21, 2002	384	684
63	428	Thunderclap	Aug 21, 2002	385	685
63	426	Zaphoe	Aug 21, 2002	385	686
66	475	Katianara	Aug 21, 2002	386	687
66	474	Scrith	Aug 21, 2002	386	688
67	450	Aularas	Aug 22, 2002	387	689
67	452	Aaen	Aug 22, 2002	387	690
69	486	Aedail	Aug 22, 2002	388	691
69	487	Vidmer	Aug 22, 2002	388	692
65	478	Zyklan	Aug 23, 2002	389	693
65	457	Scrith	Aug 23, 2002	389	694
70	507	Kallaill	Aug 24, 2002	391	695
70	492	Strahd	Aug 24, 2002	391	834
71	511	Vidmer	Aug 24, 2002	392	697
71	510	Maegwin	Aug 24, 2002	392	698
71	509	Sendain	Aug 24, 2002	392	699
72	502	Teutebod	Aug 24, 2002	393	700
72	497	Qaediin	Aug 24, 2002	393	701
72	512	Abyena	Aug 24, 2002	393	702
72	498	Elidroth	Aug 24, 2002	393	703
73	513	Vegar	Aug 25, 2002	394	704
73	514	Aularas	Aug 25, 2002	394	734
3	17	Nwinn	Aug 25, 2002	395	706
3	18	Bolien	Aug 25, 2002	395	707
3	21	Sazar	Aug 25, 2002	395	708
13	337	Ktul	Aug 26, 2002	396	709
13	465	Grohtem	Aug 26, 2002	396	710
44	300	Poppabup	Aug 26, 2002	397	711
55	386	Scrith	Aug 26, 2002	398	712
55	398	Mancer	Aug 26, 2002	398	713
55	324	Daisiee	Aug 26, 2002	398	714
75	515	Khael	Aug 26, 2002	401	715
63	437	Aaen	Aug 28, 2002	402	716
63	436	Grimthorn	Aug 28, 2002	402	717
66	473	Strahd	Aug 28, 2002	403	718
66	472	Klerik	Aug 28, 2002	403	719
67	444	Fizbain	Aug 28, 2002	404	720
67	454	Lyubm	Aug 28, 2002	404	721
65	460	Arcius	Aug 29, 2002	405	722
65	463	Katianara	Aug 29, 2002	405	723
69	482	Waright	Aug 29, 2002	406	724
69	487	Kaedaase	Aug 29, 2002	406	725
70	516	Burnem	Aug 30, 2002	407	726
70	517	Katianara	Aug 30, 2002	407	727
71	518	Shaidi	Aug 31, 2002	408	728
71	496	Aaen	Aug 31, 2002	408	729
71	519	Thunderclap	Aug 31, 2002	408	730
72	505	Lyubm	Aug 31, 2002	409	731
72	500	Katianara	Aug 31, 2002	409	732
72	520	Zappo	Aug 31, 2002	409	733
19	115	Llain	Aug 31, 2002	410	735
19	117	Tiva	Aug 31, 2002	410	736
54	303	Rika	Aug 31, 2002	411	737
54	359	Daisiee	Aug 31, 2002	411	738
54	348	Sazar	Aug 31, 2002	411	739
72	497	Zarwin	Aug 31, 2002	409	740
2	361	Strahd	Sep 01, 2002	412	741
2	15	Burnem	Sep 01, 2002	412	742
2	293	Rot!	Sep 01, 2002	412	743
16	96	Lonskils	Aug 31, 2002	413	744
16	439	Nexten	Aug 31, 2002	413	745
16	521	Rot!	Aug 31, 2002	413	746
13	396	Guntak	Sep 01, 2002	414	747
44	299	Fehren	Sep 01, 2002	415	748
44	300	Grohtem	Sep 01, 2002	415	749
44	403	Guntak	Sep 01, 2002	415	757
55	395	Vanuiil	Sep 01, 2002	416	751
55	399	Bolien	Sep 01, 2002	416	752
55	324	Lexi	Sep 01, 2002	416	753
63	433	Scrith	Sep 02, 2002	417	754
63	437	Scrith	Sep 02, 2002	417	755
69	487	Guntak	Sep 02, 2002	419	756
69	480	Zarwin	Sep 02, 2002	419	758
66	477	Fizbain	Sep 02, 2002	418	759
66	467	Sylvia	Sep 02, 2002	418	760
70	517	Caydon	Sep 03, 2002	420	761
70	493	Ktul	Sep 03, 2002	420	762
72	497	Lola	Sep 03, 2002	422	763
72	523	Thunderclap	Sep 03, 2002	422	764
63	432	Nwinn	Sep 04, 2002	423	770
72	522	Vegar	Sep 03, 2002	422	766
71	519	Mancer	Sep 03, 2002	421	767
71	524	Zaphoe	Sep 03, 2002	421	768
72	503	Cardinal	Sep 03, 2002	422	769
63	431	Rika	Sep 04, 2002	423	771
67	445	Elidroth	Sep 05, 2002	424	772
67	450	Mancer	Sep 05, 2002	424	773
67	444	Burnem	Sep 05, 2002	424	774
63	432	Cruunch	Sep 05, 2002	425	775
63	429	Qaediin	Sep 05, 2002	425	776
67	449	Andaas	Sep 06, 2002	426	777
67	448	Mintin	Sep 06, 2002	426	778
67	448	Fizbain	Sep 06, 2002	426	779
66	473	Sazar	Oct 14, 2002	511	984
63	428	Guntak	Sep 06, 2002	427	781
63	434	Rinna	Sep 06, 2002	427	782
67	444	Caydon	Sep 06, 2002	428	783
67	444	Grimthorn	Sep 06, 2002	428	784
67	449	Rolist	Sep 06, 2002	428	785
66	473	Aularas	Sep 07, 2002	429	786
66	467	Lonskils	Sep 07, 2002	429	787
66	470	Sazar	Sep 07, 2002	429	788
44	526	Llain	Sep 08, 2002	431	792
13	295	Daradur	Sep 08, 2002	430	791
13	402	Siff	Sep 08, 2002	430	790
13	414	Llain	Sep 08, 2002	430	789
55	385	Trevlen	Sep 08, 2002	432	793
55	386	Vidmer	Sep 08, 2002	432	794
55	395	Sazar	Sep 08, 2002	432	795
69	480	Arcius	Sep 07, 2002	433	796
69	484	Eisai	Sep 07, 2002	433	797
69	527	Waright	Sep 07, 2002	433	798
63	431	Llain	Sep 10, 2002	434	799
63	433	Cruunch	Sep 10, 2002	434	800
67	449	Kallaill	Sep 10, 2002	435	801
67	450	Vettle	Sep 10, 2002	435	802
67	453	Thunderclap	Sep 10, 2002	435	803
61	528	Kaedaase	Sep 10, 2002	438	804
66	470	Andaas	Sep 11, 2002	439	805
66	467	Mintin	Sep 11, 2002	439	806
66	469	Rika	Sep 11, 2002	439	807
61	529	Katianara	Sep 11, 2002	440	808
69	486	Tarissa	Sep 11, 2002	441	809
69	482	Zyklan	Sep 11, 2002	441	810
69	527	Selenajra	Sep 11, 2002	441	811
70	530	Rika	Sep 12, 2002	442	812
70	531	Shaidi	Sep 12, 2002	442	813
70	532	Nuuk	Sep 12, 2002	442	814
71	509	Lexi	Sep 12, 2002	443	815
71	533	Karendra	Sep 12, 2002	443	816
71	534	Qaediin	Sep 12, 2002	443	817
72	497	Aularas	Sep 13, 2002	444	818
72	520	Kallaill	Sep 13, 2002	444	819
72	523	Daisiee	Sep 13, 2002	444	820
72	498	Cruunch	Sep 13, 2002	444	821
76	535	Abyena	Sep 13, 2002	445	822
76	536	Vanuiil	Sep 13, 2002	445	823
76	537	Kaedaase	Sep 13, 2002	445	824
73	540	Zappo	Sep 14, 2002	446	825
73	538	Lonskils	Sep 14, 2002	446	826
73	539	Burnem	Sep 14, 2002	446	827
73	541	Grimthorn	Sep 14, 2002	447	828
73	541	Sazar	Sep 14, 2002	447	829
73	542	Grohtem	Sep 14, 2002	447	830
65	455	Vettle	Sep 14, 2002	448	831
65	459	Veruca	Sep 14, 2002	448	832
65	460	Ktul	Sep 14, 2002	448	833
13	396	Siff	Sep 15, 2002	449	835
13	396	Zaphoe	Sep 15, 2002	449	836
13	91	Thuggo	Sep 15, 2002	449	837
44	245	Trevlen	Sep 15, 2002	450	838
44	297	Daradur	Sep 15, 2002	450	839
44	403	Widespreadd	Sep 15, 2002	450	840
55	336	Maegwin	Sep 15, 2002	452	841
55	323	Veruca	Sep 15, 2002	452	842
55	324	Nuuk	Sep 15, 2002	452	843
62	574	Burnem	Sep 16, 2002	453	844
62	490	Widespreadd	Sep 16, 2002	453	845
62	578	Lyubm	Sep 17, 2002	454	846
62	585	Scrith	Sep 17, 2002	454	847
13	413	Wintin	Sep 17, 2002	455	848
13	413	Roux	Sep 17, 2002	455	849
44	299	Waright	Sep 17, 2002	456	850
44	526	Tiva	Sep 17, 2002	456	851
55	386	Aaen	Sep 17, 2002	457	852
55	336	Widespreadd	Sep 17, 2002	457	853
55	322	Rolist	Sep 17, 2002	457	854
44	353	Maegwin	Sep 17, 2002	456	855
57	346	Nuuk	Sep 17, 2002	458	856
57	343	Daisiee	Sep 17, 2002	458	857
67	449	Teutebod	Sep 19, 2002	459	858
67	448	Thunderclap	Sep 19, 2002	459	859
67	453	Nodd	Sep 19, 2002	459	860
66	473	Arcius	Sep 20, 2002	460	861
66	475	Lonskils	Sep 20, 2002	460	862
66	474	Nwinn	Sep 20, 2002	460	863
63	434	Fizbain	Sep 19, 2002	462	864
63	433	Kaedaase	Sep 19, 2002	462	865
69	486	Stompetta	Sep 20, 2002	463	866
69	480	Abyena	Sep 20, 2002	463	867
69	586	Mintin	Sep 20, 2002	463	868
70	531	Fehren	Sep 21, 2002	464	869
70	562	Grimthorn	Sep 21, 2002	464	870
70	532	Zarwin	Sep 21, 2002	464	871
71	494	Zappo	Sep 21, 2002	465	872
71	519	Mintin	Sep 21, 2002	465	873
71	509	Lonskils	Sep 21, 2002	465	874
72	522	Rolist	Sep 21, 2002	466	875
72	503	Shaidi	Sep 21, 2002	466	876
72	512	Nuuk	Sep 21, 2002	466	877
72	497	Waright	Sep 21, 2002	466	878
78	587	Tarissa	Sep 24, 2002	469	879
78	590	Teutebod	Sep 24, 2002	469	880
78	588	Qaediin	Sep 24, 2002	469	881
78	589	Aedail	Sep 24, 2002	469	882
16	280	Widespreadd	Sep 25, 2002	470	883
16	418	Klerik	Sep 25, 2002	470	884
16	311	Nwinn	Sep 25, 2002	470	885
55	398	Ktul	Sep 25, 2002	471	886
55	399	Maegwin	Sep 25, 2002	471	887
55	322	Sendain	Sep 25, 2002	471	888
63	432	Eisai	Sep 26, 2002	472	889
63	431	Shaidi	Sep 26, 2002	472	890
67	454	Lola	Sep 26, 2002	473	891
67	444	Lonskils	Sep 26, 2002	473	892
63	434	Burnem	Sep 27, 2002	478	902
13	414	Soladm	Sep 26, 2002	474	894
44	403	Tiva	Sep 26, 2002	475	895
55	322	Fizbain	Sep 26, 2002	476	896
55	415	Rika	Sep 26, 2002	476	897
55	336	Veruca	Sep 26, 2002	476	898
57	345	Lexi	Sep 25, 2002	477	899
57	346	Grimthorn	Sep 25, 2002	477	900
67	591	Nuuk	Sep 26, 2002	473	901
63	428	Qaediin	Sep 27, 2002	478	903
67	445	Lola	Sep 28, 2002	479	904
67	453	Andaas	Sep 28, 2002	479	905
67	444	Nuuk	Sep 28, 2002	479	906
65	460	Forty	Sep 28, 2002	480	907
65	463	Teutebod	Sep 28, 2002	480	908
61	457	Aedail	Sep 29, 2002	481	909
61	592	Daisiee	Sep 29, 2002	482	910
66	469	Andaas	Sep 29, 2002	483	911
66	475	Grohtem	Sep 29, 2002	483	912
66	467	Zarwin	Sep 29, 2002	483	913
69	593	Arcius	Sep 29, 2002	484	914
69	482	Tarissa	Sep 29, 2002	484	915
69	483	Rika	Sep 29, 2002	484	916
78	589	Lyubm	Oct 01, 2002	485	917
78	594	Stompetta	Oct 01, 2002	485	918
78	588	Vanuiil	Oct 01, 2002	485	919
78	595	Aedail	Oct 01, 2002	485	920
57	344	Vettle	Oct 02, 2002	486	921
57	343	Poppabup	Oct 02, 2002	486	922
3	21	Zorgon	Oct 03, 2002	487	923
3	22	Daradur	Oct 03, 2002	487	924
3	22	Zaphoe	Oct 03, 2002	487	925
13	90	Bram	Oct 04, 2002	488	926
13	465	Yendii	Oct 04, 2002	488	927
44	297	Rot!	Oct 04, 2002	489	928
44	300	Kenthia	Oct 04, 2002	489	929
44	403	Llain	Oct 04, 2002	489	930
55	322	Forty	Oct 04, 2002	490	931
55	441	Eisai	Oct 04, 2002	490	932
55	320	Lyubm	Oct 04, 2002	490	933
28	79	Karendra	Oct 04, 2002	491	934
28	88	Poosaecat	Oct 04, 2002	491	935
63	432	Vidmer	Oct 05, 2002	493	936
63	429	Grohtem	Oct 05, 2002	493	937
67	454	Vidmer	Oct 05, 2002	494	938
67	448	Poppabup	Oct 05, 2002	494	939
67	444	Ktul	Oct 05, 2002	494	940
66	477	Nuuk	Oct 05, 2002	495	941
66	466	Teutebod	Oct 05, 2002	495	942
66	466	Torrid	Oct 05, 2002	495	943
69	483	Veruca	Oct 06, 2002	496	944
69	491	Grimthorn	Oct 06, 2002	496	945
69	480	Katianara	Oct 06, 2002	496	946
76	596	Rika	Oct 06, 2002	497	947
76	581	Lyubm	Oct 06, 2002	497	948
76	535	Andaas	Oct 06, 2002	497	949
71	496	Trevlen	Oct 06, 2002	498	950
71	519	Aalenu	Oct 06, 2002	498	951
71	494	Cruunch	Oct 06, 2002	498	952
72	497	Aedail	Oct 07, 2002	499	953
72	523	Qaediin	Oct 07, 2002	499	954
72	520	Forty	Oct 07, 2002	499	955
72	504	Kaedaase	Oct 07, 2002	499	956
73	539	Grohtem	Oct 07, 2002	500	957
73	570	Kaedaase	Oct 07, 2002	500	958
73	570	Widespreadd	Oct 07, 2002	500	959
73	559	Veruca	Oct 07, 2002	501	960
73	541	Aularas	Oct 07, 2002	501	961
73	597	Abyena	Oct 07, 2002	501	962
60	545	Nuuk	Oct 08, 2002	502	963
60	550	Llain	Oct 08, 2002	502	964
60	553	Vidmer	Oct 08, 2002	502	965
9	54	Lestax	Oct 10, 2002	503	966
65	460	Gemmi	Oct 13, 2002	505	967
65	438	Caydon	Oct 13, 2002	505	968
65	455	Angelie	Oct 13, 2002	505	969
13	414	Mopatpat	Oct 11, 2002	510	970
13	396	Mopatpat	Oct 11, 2002	510	971
44	338	Nexten	Oct 12, 2002	509	972
44	338	Sendain	Oct 12, 2002	509	973
44	298	Cruunch	Oct 12, 2002	509	974
55	335	Shaidi	Oct 12, 2002	508	975
55	335	Daradur	Oct 12, 2002	508	976
63	434	Aalenu	Oct 12, 2002	507	977
63	433	Rot!	Oct 12, 2002	507	978
67	444	Rinna	Oct 12, 2002	506	979
67	445	Fehren	Oct 12, 2002	506	980
67	448	Trevlen	Oct 12, 2002	506	981
69	491	Stitz	Oct 14, 2002	512	985
69	486	Elidroth	Oct 14, 2002	512	986
69	484	Lola	Oct 14, 2002	512	987
70	562	Aularas	Oct 15, 2002	513	988
70	493	Llain	Oct 15, 2002	513	989
70	562	Vestax	Oct 15, 2002	513	990
71	598	Andriana	Oct 15, 2002	514	991
71	599	Llain	Oct 15, 2002	514	992
71	494	Lyubm	Oct 15, 2002	514	993
72	504	Stompetta	Oct 15, 2002	515	994
72	512	Caydon	Oct 15, 2002	515	995
72	499	Sazar	Oct 15, 2002	515	996
72	497	Rika	Oct 15, 2002	515	997
3	20	Daradur	Oct 10, 2002	518	998
3	22	Nwinn	Oct 10, 2002	518	999
16	329	Vestax	Oct 10, 2002	521	1000
16	329	Grimthorn	Oct 10, 2002	521	1001
16	440	Aularas	Oct 10, 2002	521	1002
13	337	Valbawski	Oct 16, 2002	522	1003
44	300	Yendii	Oct 16, 2002	523	1004
44	245	Kenthia	Oct 16, 2002	523	1005
55	415	Llain	Oct 16, 2002	524	1006
55	335	Cruunch	Oct 16, 2002	524	1007
55	398	Nesuril	Oct 16, 2002	524	1008
78	589	Zappo	Oct 16, 2002	525	1009
78	590	Rolist	Oct 16, 2002	525	1010
78	601	Abyena	Oct 16, 2002	525	1011
78	600	Sendain	Oct 16, 2002	525	1012
57	345	Gemmi	Oct 16, 2002	526	1013
60	602	Zarwin	Oct 17, 2002	527	1014
60	554	Zappo	Oct 17, 2002	527	1015
60	550	Maegwin	Oct 17, 2002	527	1016
63	428	Grimthorn	Oct 18, 2002	528	1017
63	427	Yendii	Oct 18, 2002	528	1018
67	448	Grohtem	Oct 18, 2002	529	1019
67	445	Phaera	Oct 18, 2002	529	1020
67	445	Teutebod	Oct 18, 2002	529	1021
66	469	Zyklan	Oct 19, 2002	530	1022
66	473	Andriana	Oct 19, 2002	530	1023
66	466	Vanuiil	Oct 19, 2002	530	1024
69	480	Gemmi	Oct 19, 2002	531	1025
69	483	Shaidi	Oct 19, 2002	531	1026
69	593	Ktul	Oct 19, 2002	531	1027
70	530	Cardinal	Oct 19, 2002	532	1028
70	531	Rika	Oct 19, 2002	532	1029
70	507	Forty	Oct 19, 2002	532	1030
71	518	Veruca	Oct 19, 2002	533	1031
71	598	Aedail	Oct 19, 2002	533	1032
71	496	Zappo	Oct 19, 2002	533	1033
72	603	Nesuril	Oct 19, 2002	534	1034
72	497	Vidmer	Oct 19, 2002	534	1035
72	560	Zyklan	Oct 19, 2002	534	1038
72	522	Karendra	Oct 19, 2002	534	1037
73	514	Kaedaase	Oct 19, 2002	535	1039
73	571	Tarissa	Oct 19, 2002	535	1040
73	571	Lola	Oct 19, 2002	535	1041
73	604	Bolien	Oct 20, 2002	536	1042
73	542	Zarwin	Oct 20, 2002	536	1043
73	542	Zappo	Oct 20, 2002	536	1044
78	606	Cruunch	Oct 20, 2002	537	1045
78	588	Arcius	Oct 20, 2002	537	1046
78	605	Zappo	Oct 20, 2002	537	1047
78	589	Forty	Oct 20, 2002	537	1048
55	398	Qaediin	Oct 21, 2002	538	1049
55	386	Phaera	Oct 21, 2002	538	1050
55	441	Siff	Oct 21, 2002	538	1051
79	607	Mintin	Oct 28, 2002	539	1052
79	607	Phantasym	Oct 28, 2002	539	1053
79	608	Nodd	Oct 28, 2002	539	1054
80	610	Kaedaase	Oct 29, 2002	540	1055
80	609	Vikki	Oct 29, 2002	540	1056
79	612	Wups	Oct 31, 2002	541	1057
79	607	Yendii	Oct 31, 2002	541	1058
81	614	Lonskils	Nov 01, 2002	542	1059
81	613	Stitz	Nov 01, 2002	542	1060
82	617	Rolist	Nov 03, 2002	543	1061
82	615	Widespreadd	Nov 03, 2002	543	1062
82	616	Khael	Nov 03, 2002	543	1063
60	547	Aedail	Nov 03, 2002	544	1064
60	554	Teutebod	Nov 03, 2002	544	1065
60	545	Nesuril	Nov 03, 2002	544	1066
57	342	Rinna	Nov 03, 2002	545	1067
57	345	Mintin	Nov 03, 2002	545	1068
79	612	Aradil	Nov 04, 2002	546	1069
79	618	Bolien	Nov 04, 2002	546	1070
80	619	Llain	Nov 04, 2002	547	1071
80	609	Aradil	Nov 04, 2002	547	1072
80	620	Scrith	Nov 07, 2002	548	1073
60	550	Andriana	Nov 09, 2002	551	1074
60	551	Zarwin	Nov 09, 2002	551	1075
60	602	Thunderclap	Nov 09, 2002	551	1076
78	594	Stitz	Nov 09, 2002	552	1077
78	621	Yendii	Nov 09, 2002	552	1078
78	622	Vanuiil	Nov 09, 2002	552	1079
78	589	Grimthorn	Nov 09, 2002	552	1080
57	346	Nexten	Nov 09, 2002	553	1081
57	345	Rolist	Nov 09, 2002	553	1082
83	624	Phantasym	Nov 15, 2002	554	1083
83	623	Thuggo	Nov 15, 2002	554	1084
63	428	Widespreadd	Nov 16, 2002	555	1085
63	429	Gemmi	Nov 16, 2002	555	1086
67	450	Myztlee	Nov 16, 2002	556	1087
67	450	Trevlen	Nov 16, 2002	556	1088
67	445	Cruunch	Nov 16, 2002	556	1089
66	467	Rolist	Nov 16, 2002	557	1090
66	475	Nodd	Nov 16, 2002	557	1091
66	466	Angelie	Nov 16, 2002	557	1092
69	491	Forty	Nov 16, 2002	558	1093
69	480	Thunderclap	Nov 16, 2002	558	1094
69	586	Sazar	Nov 16, 2002	558	1095
76	583	Fehren	Nov 16, 2002	559	1096
76	580	Caydon	Nov 16, 2002	559	1097
76	582	Cardinal	Nov 16, 2002	559	1098
71	625	Klerik	Nov 16, 2002	560	1099
71	519	Abyena	Nov 16, 2002	560	1100
71	524	Veruca	Nov 16, 2002	560	1101
72	505	Stompetta	Nov 16, 2002	561	1102
72	499	Obudan	Nov 16, 2002	561	1103
72	497	Thunderclap	Nov 16, 2002	561	1104
72	603	Torrid	Nov 16, 2002	561	1105
60	544	Thuggo	Nov 17, 2002	562	1106
60	550	Coral	Nov 17, 2002	562	1107
60	552	Zappo	Nov 17, 2002	562	1108
85	1004	Aradil	Nov 28, 2002	567	1109
85	1001	Bram	Nov 28, 2002	567	1110
88	1009	Rika	Nov 28, 2002	568	1111
85	1002	Elidroth	Dec 01, 2002	570	1112
85	1004	Aaen	Dec 01, 2002	570	1113
86	1005	Shaidi	Dec 01, 2002	571	1114
86	1008	Stompetta	Dec 01, 2002	571	1115
80	1013	Coral	Nov 12, 2002	579	1116
92	1014	Nuuk	Nov 12, 2002	578	1117
92	1015	Grimthorn	Nov 12, 2002	578	1118
82	617	Bram	Nov 13, 2002	581	1119
82	1016	Rinna	Nov 13, 2002	581	1120
82	616	Zaphoe	Nov 13, 2002	581	1121
86	1005	Coral	Nov 15, 2002	582	1122
86	1008	Clavicus	Nov 15, 2002	582	1123
85	1002	Cruunch	Nov 14, 2002	583	1124
85	1004	Lola	Nov 14, 2002	583	1125
