L 486, 58, 20, 483, 54, 20, 180, 180, 0
L 483, 54, 20, 482, 52, 20, 180, 180, 0
L 482, 52, 20, 475, 44, 24, 180, 180, 0
L 475, 44, 24, 474, 42, 24, 180, 180, 0
L 474, 42, 24, 473, 41, 25, 180, 180, 0
L 473, 41, 25, 472, 40, 25, 180, 180, 0
L 472, 40, 25, 467, 36, 30, 180, 180, 0
L 467, 36, 30, 466, 35, 31, 180, 180, 0
L 466, 35, 31, 464, 33, 32, 180, 180, 0
L 464, 33, 32, 463, 32, 32, 180, 180, 0
L 463, 32, 32, 462, 30, 32, 180, 180, 0
L 462, 30, 32, 462, 29, 32, 180, 180, 0
L 462, 29, 32, 461, 27, 32, 180, 180, 0
L 461, 27, 32, 461, 19, 32, 180, 180, 0
L 461, 19, 32, 462, 17, 31, 180, 180, 0
L 462, 17, 31, 463, 15, 31, 180, 180, 0
L 463, 15, 31, 466, 10, 30, 180, 180, 0
L 466, 10, 30, 473, 3, 29, 180, 180, 0
L 473, 3, 29, 480, -4, 27, 180, 180, 0
L 480, -4, 27, 485, -9, 26, 180, 180, 0
L 485, -9, 26, 492, -14, 25, 180, 180, 0
L 492, -14, 25, 494, -16, 24, 180, 180, 0
L 494, -16, 24, 497, -18, 24, 180, 180, 0
L 497, -18, 24, 504, -21, 23, 180, 180, 0
L 504, -21, 23, 506, -22, 22, 180, 180, 0
L 506, -22, 22, 510, -23, 22, 180, 180, 0
L 510, -23, 22, 521, -22, 20, 180, 180, 0
L 521, -22, 20, 525, -20, 20, 180, 180, 0
L 525, -20, 20, 526, -19, 19, 180, 180, 0
L 526, -19, 19, 527, -17, 19, 180, 180, 0
L 527, -17, 19, 529, -15, 17, 180, 180, 0
L 529, -15, 17, 533, -13, 17, 180, 180, 0
L 533, -13, 17, 534, -12, 17, 180, 180, 0
L 534, -12, 17, 537, -8, 19, 180, 180, 0
L 537, -8, 19, 543, 0, 19, 180, 180, 0
L 543, 0, 19, 546, 2, 19, 180, 180, 0
L 546, 2, 19, 556, 10, 17, 180, 180, 0
L 556, 10, 17, 557, 11, 17, 180, 180, 0
L 557, 11, 17, 557, 13, 18, 180, 180, 0
L 557, 13, 18, 558, 27, 20, 180, 180, 0
L 558, 27, 20, 558, 36, 23, 180, 180, 0
L 558, 36, 23, 558, 47, 28, 180, 180, 0
L 558, 47, 28, 553, 58, 29, 180, 180, 0
L 553, 58, 29, 552, 60, 29, 180, 180, 0
L 552, 60, 29, 550, 63, 28, 180, 180, 0
L 550, 63, 28, 548, 65, 28, 180, 180, 0
L 548, 65, 28, 541, 73, 26, 180, 180, 0
L 486, 217, 18, 490, 214, 18, 180, 180, 0
L 490, 214, 18, 491, 213, 19, 180, 180, 0
L 491, 213, 19, 492, 212, 19, 180, 180, 0
L 492, 212, 19, 494, 211, 20, 180, 180, 0
L 494, 211, 20, 495, 210, 20, 180, 180, 0
L 495, 210, 20, 496, 209, 21, 180, 180, 0
L 496, 209, 21, 498, 208, 22, 180, 180, 0
L 498, 208, 22, 501, 205, 26, 180, 180, 0
L 501, 205, 26, 503, 204, 27, 180, 180, 0
L 503, 204, 27, 504, 203, 29, 180, 180, 0
L 504, 203, 29, 506, 201, 30, 180, 180, 0
L 506, 201, 30, 507, 201, 30, 180, 180, 0
L 507, 201, 30, 513, 198, 27, 180, 180, 0
L 513, 198, 27, 514, 197, 25, 180, 180, 0
L 514, 197, 25, 512, 188, 20, 180, 180, 0
L 512, 188, 20, 513, 186, 19, 180, 180, 0
L 513, 186, 19, 514, 182, 17, 180, 180, 0
L 514, 182, 17, 513, 178, 14, 180, 180, 0
L 513, 178, 14, 513, 177, 13, 180, 180, 0
L 513, 177, 13, 512, 171, 14, 180, 180, 0
L 512, 171, 14, 511, 170, 14, 180, 180, 0
L 511, 170, 14, 510, 164, 14, 180, 180, 0
L 510, 164, 14, 509, 158, 21, 180, 180, 0
L 509, 158, 21, 509, 153, 25, 180, 180, 0
L 509, 153, 25, 512, 142, 24, 180, 180, 0
L 512, 142, 24, 511, 140, 24, 180, 180, 0
L 511, 140, 24, 509, 138, 24, 180, 180, 0
L 509, 138, 24, 507, 137, 24, 180, 180, 0
L 507, 137, 24, 506, 136, 24, 180, 180, 0
L 506, 136, 24, 494, 131, 24, 180, 180, 0
L 494, 131, 24, 491, 130, 24, 180, 180, 0
L 491, 130, 24, 487, 126, 24, 180, 180, 0
L 487, 126, 24, 487, 125, 24, 180, 180, 0
L 487, 125, 24, 486, 124, 24, 180, 180, 0
L 486, 124, 24, 483, 115, 24, 180, 180, 0
L 483, 115, 24, 482, 111, 23, 180, 180, 0
L 482, 111, 23, 482, 107, 24, 180, 180, 0
L 482, 107, 24, 484, 106, 24, 180, 180, 0
L 484, 106, 24, 492, 101, 26, 180, 180, 0
L 492, 101, 26, 502, 94, 26, 180, 180, 0
L 502, 94, 26, 503, 93, 27, 180, 180, 0
L 503, 93, 27, 505, 92, 28, 180, 180, 0
L 505, 92, 28, 505, 78, 28, 180, 180, 0
L 505, 78, 28, 504, 76, 28, 180, 180, 0
L 504, 76, 28, 504, 74, 28, 180, 180, 0
L 504, 74, 28, 502, 73, 28, 180, 180, 0
L 502, 73, 28, 501, 72, 28, 180, 180, 0
L 501, 72, 28, 492, 68, 28, 180, 180, 0
L 492, 68, 28, 491, 67, 28, 180, 180, 0
L 491, 67, 28, 486, 61, 29, 180, 180, 0
L 486, 61, 29, 487, 59, 29, 180, 180, 0
L 487, 59, 29, 491, 55, 29, 180, 180, 0
L 492, 54, 29, 494, 54, 28, 180, 180, 0
L 495, 53, 28, 497, 53, 28, 180, 180, 0
L 497, 53, 28, 498, 52, 28, 180, 180, 0
L 525, 52, 28, 526, 52, 28, 180, 180, 0
L 528, 54, 28, 530, 55, 28, 180, 180, 0
L 530, 55, 28, 531, 56, 28, 180, 180, 0
L 532, 57, 28, 533, 59, 28, 180, 180, 0
L 533, 60, 28, 539, 71, 27, 180, 180, 0
L 539, 71, 27, 542, 78, 27, 180, 180, 0
L 542, 78, 27, 541, 80, 27, 180, 180, 0
L 541, 80, 27, 541, 82, 27, 180, 180, 0
L 541, 82, 27, 537, 88, 28, 180, 180, 0
L 537, 88, 28, 537, 90, 29, 180, 180, 0
L 537, 90, 29, 537, 91, 30, 180, 180, 0
L 537, 91, 30, 544, 101, 31, 180, 180, 0
L 544, 101, 31, 548, 107, 31, 180, 180, 0
L 548, 107, 31, 548, 108, 31, 180, 180, 0
L 548, 108, 31, 547, 133, 34, 180, 180, 0
L 547, 133, 34, 547, 139, 33, 180, 180, 0
L 547, 139, 33, 541, 149, 36, 180, 180, 0
L 541, 149, 36, 540, 151, 36, 180, 180, 0
L 540, 151, 36, 536, 151, 25, 180, 180, 0
L 536, 151, 25, 535, 152, 25, 180, 180, 0
L 535, 152, 25, 534, 153, 26, 180, 180, 0
L 534, 153, 26, 534, 154, 26, 180, 180, 0
L 534, 154, 26, 533, 156, 26, 180, 180, 0
L 533, 156, 26, 533, 157, 25, 180, 180, 0
L 533, 157, 25, 532, 160, 24, 180, 180, 0
L 532, 160, 24, 532, 161, 23, 180, 180, 0
L 532, 161, 23, 533, 168, 17, 180, 180, 0
L 533, 168, 17, 533, 169, 17, 180, 180, 0
L 533, 169, 17, 534, 171, 17, 180, 180, 0
L 534, 171, 17, 534, 194, 18, 180, 180, 0
L 534, 194, 18, 535, 195, 18, 180, 180, 0
L 535, 195, 18, 536, 196, 19, 180, 180, 0
L 536, 196, 19, 539, 199, 19, 180, 180, 0
L 539, 199, 19, 540, 199, 19, 180, 180, 0
L 540, 199, 19, 550, 198, 21, 180, 180, 0
L 550, 198, 21, 555, 199, 23, 180, 180, 0
L 555, 199, 23, 556, 199, 23, 180, 180, 0
L 556, 199, 23, 565, 203, 23, 180, 180, 0
L 565, 203, 23, 576, 210, 23, 180, 180, 0
L 576, 210, 23, 583, 215, 22, 180, 180, 0
L 583, 215, 22, 583, 216, 22, 180, 180, 0
L 583, 216, 22, 582, 227, 20, 180, 180, 0
L 582, 227, 20, 582, 229, 20, 180, 180, 0
L 582, 229, 20, 582, 239, 18, 180, 180, 0
L 582, 239, 18, 583, 244, 17, 180, 180, 0
L 583, 244, 17, 584, 254, 17, 180, 180, 0
L 584, 254, 17, 583, 262, 21, 180, 180, 0
L 583, 262, 21, 582, 263, 21, 180, 180, 0
L 582, 263, 21, 580, 265, 22, 180, 180, 0
L 580, 265, 22, 565, 277, 21, 180, 180, 0
L 565, 277, 21, 555, 283, 20, 180, 180, 0
L 555, 283, 20, 553, 284, 20, 180, 180, 0
L 553, 284, 20, 551, 286, 20, 180, 180, 0
L 551, 286, 20, 550, 287, 21, 180, 180, 0
L 550, 287, 21, 544, 295, 28, 180, 180, 0
L 544, 295, 28, 543, 296, 30, 180, 180, 0
L 543, 296, 30, 542, 298, 31, 180, 180, 0
L 542, 298, 31, 540, 299, 31, 180, 180, 0
L 540, 299, 31, 539, 300, 32, 180, 180, 0
L 539, 300, 32, 537, 301, 32, 180, 180, 0
L 537, 301, 32, 535, 301, 32, 180, 180, 0
L 535, 301, 32, 533, 301, 33, 180, 180, 0
L 533, 301, 33, 531, 301, 33, 180, 180, 0
L 531, 301, 33, 530, 300, 33, 180, 180, 0
L 530, 300, 33, 523, 296, 32, 180, 180, 0
L 523, 296, 32, 511, 285, 29, 180, 180, 0
L 511, 285, 29, 498, 270, 25, 180, 180, 0
L 498, 270, 25, 490, 262, 23, 180, 180, 0
L 490, 262, 23, 489, 261, 23, 180, 180, 0
L 489, 261, 23, 484, 257, 21, 180, 180, 0
L 484, 257, 21, 482, 257, 21, 180, 180, 0
L 482, 257, 21, 475, 252, 20, 180, 180, 0
L 475, 252, 20, 472, 252, 20, 180, 180, 0
L 472, 252, 20, 470, 252, 19, 180, 180, 0
L 470, 252, 19, 468, 253, 19, 180, 180, 0
L 468, 253, 19, 466, 255, 19, 180, 180, 0
L 466, 255, 19, 465, 256, 20, 180, 180, 0
L 465, 256, 20, 456, 261, 19, 180, 180, 0
L 456, 261, 19, 455, 262, 19, 180, 180, 0
L 455, 262, 19, 441, 278, 11, 180, 180, 0
L 441, 278, 11, 439, 278, 10, 180, 180, 0
L 439, 278, 10, 438, 278, 10, 180, 180, 0
L 438, 278, 10, 431, 278, 8, 180, 180, 0
L 431, 278, 8, 429, 276, 11, 180, 180, 0
L 429, 276, 11, 428, 276, 13, 180, 180, 0
L 428, 276, 13, 426, 275, 15, 180, 180, 0
L 426, 275, 15, 422, 268, 14, 180, 180, 0
L 422, 268, 14, 421, 266, 14, 180, 180, 0
L 421, 266, 14, 421, 265, 14, 180, 180, 0
L 421, 265, 14, 416, 254, 10, 180, 180, 0
L 416, 254, 10, 415, 253, 10, 180, 180, 0
L 415, 253, 10, 415, 252, 9, 180, 180, 0
L 415, 252, 9, 414, 250, 10, 180, 180, 0
L 414, 250, 10, 413, 249, 10, 180, 180, 0
L 413, 249, 10, 411, 248, 12, 180, 180, 0
L 411, 248, 12, 410, 247, 14, 180, 180, 0
L 410, 247, 14, 408, 247, 14, 180, 180, 0
L 408, 247, 14, 404, 250, 14, 180, 180, 0
L 404, 250, 14, 402, 250, 15, 180, 180, 0
L 402, 250, 15, 400, 250, 15, 180, 180, 0
L 400, 250, 15, 389, 250, 14, 180, 180, 0
L 290, 61, 9, 310, 49, 13, 180, 180, 0
L 310, 49, 13, 312, 48, 14, 180, 180, 0
L 312, 48, 14, 313, 47, 15, 180, 180, 0
L 313, 47, 15, 315, 47, 16, 180, 180, 0
L 315, 47, 16, 316, 46, 16, 180, 180, 0
L 316, 46, 16, 318, 46, 17, 180, 180, 0
L 318, 46, 17, 320, 46, 17, 180, 180, 0
L 320, 46, 17, 322, 47, 17, 180, 180, 0
L 322, 47, 17, 323, 48, 17, 180, 180, 0
L 323, 48, 17, 325, 49, 17, 180, 180, 0
L 325, 49, 17, 326, 50, 17, 180, 180, 0
L 326, 50, 17, 334, 57, 18, 180, 180, 0
L 334, 57, 18, 347, 70, 18, 180, 180, 0
L 347, 70, 18, 353, 78, 18, 180, 180, 0
L 353, 78, 18, 355, 80, 18, 180, 180, 0
L 355, 80, 18, 355, 81, 18, 180, 180, 0
L 355, 81, 18, 356, 83, 17, 180, 180, 0
L 356, 83, 17, 356, 84, 17, 180, 180, 0
L 356, 84, 17, 356, 95, 13, 180, 180, 0
L 356, 95, 13, 355, 101, 11, 180, 180, 0
L 355, 101, 11, 353, 112, 6, 180, 180, 0
L 353, 112, 6, 350, 124, 2, 180, 180, 0
L 350, 124, 2, 350, 125, 1, 180, 180, 0
L 350, 125, 1, 349, 128, 2, 180, 180, 0
L 349, 128, 2, 348, 130, 2, 180, 180, 0
L 348, 130, 2, 348, 131, 4, 180, 180, 0
L 348, 131, 4, 347, 132, 5, 180, 180, 0
L 347, 132, 5, 345, 133, 6, 180, 180, 0
L 345, 133, 6, 341, 137, 10, 180, 180, 0
L 341, 137, 10, 340, 138, 10, 180, 180, 0
L 340, 138, 10, 338, 141, 10, 180, 180, 0
L 338, 141, 10, 336, 147, 10, 180, 180, 0
L 336, 147, 10, 336, 149, 11, 180, 180, 0
L 336, 149, 11, 336, 150, 11, 180, 180, 0
L 336, 150, 11, 335, 155, 11, 180, 180, 0
L 335, 155, 11, 333, 163, 11, 180, 180, 0
L 333, 163, 11, 333, 167, 11, 180, 180, 0
L 333, 167, 11, 334, 169, 11, 180, 180, 0
L 334, 169, 11, 335, 170, 11, 180, 180, 0
L 335, 170, 11, 336, 173, 11, 180, 180, 0
L 336, 173, 11, 339, 187, 11, 180, 180, 0
L 339, 187, 11, 339, 190, 13, 180, 180, 0
L 339, 190, 13, 340, 192, 13, 180, 180, 0
L 340, 192, 13, 342, 193, 14, 180, 180, 0
L 342, 193, 14, 343, 194, 14, 180, 180, 0
L 343, 194, 14, 351, 206, 16, 180, 180, 0
L 351, 206, 16, 352, 208, 16, 180, 180, 0
L 352, 208, 16, 353, 211, 16, 180, 180, 0
L 353, 211, 16, 358, 221, 18, 180, 180, 0
L 358, 221, 18, 361, 228, 18, 180, 180, 0
L 361, 228, 18, 363, 231, 17, 180, 180, 0
L 363, 231, 17, 365, 232, 16, 180, 180, 0
L 365, 232, 16, 368, 235, 16, 180, 180, 0
L 368, 235, 16, 369, 234, 16, 180, 180, 0
L 369, 234, 16, 376, 228, 14, 180, 180, 0
L 376, 228, 14, 380, 229, 14, 180, 180, 0
L 380, 229, 14, 382, 230, 14, 180, 180, 0
L 382, 230, 14, 383, 230, 13, 180, 180, 0
L 383, 230, 13, 389, 228, 12, 180, 180, 0
L 389, 228, 12, 406, 225, 10, 180, 180, 0
L 406, 225, 10, 406, 226, 10, 180, 180, 0
L 406, 226, 10, 407, 228, 10, 180, 180, 0
L 407, 228, 10, 409, 228, 13, 180, 180, 0
L 409, 228, 13, 411, 228, 13, 180, 180, 0
L 411, 228, 13, 413, 227, 13, 180, 180, 0
L 413, 227, 13, 414, 226, 13, 180, 180, 0
L 414, 226, 13, 422, 221, 11, 180, 180, 0
L 422, 221, 11, 431, 214, 19, 180, 180, 0
L 431, 214, 19, 433, 213, 20, 180, 180, 0
L 433, 213, 20, 435, 213, 21, 180, 180, 0
L 435, 213, 21, 444, 213, 23, 180, 180, 0
L 444, 213, 23, 446, 212, 24, 180, 180, 0
L 446, 212, 24, 447, 212, 24, 180, 180, 0
L 447, 212, 24, 449, 212, 25, 180, 180, 0
L 449, 212, 25, 451, 212, 25, 180, 180, 0
L 451, 212, 25, 457, 213, 24, 180, 180, 0
L 457, 213, 24, 467, 218, 24, 180, 180, 0
L 467, 218, 24, 472, 221, 23, 180, 180, 0
L 472, 221, 23, 474, 222, 23, 180, 180, 0
L 474, 222, 23, 475, 222, 22, 180, 180, 0
L 475, 222, 22, 479, 222, 22, 180, 180, 0
L 479, 222, 22, 489, 221, 20, 180, 180, 0
L 489, 221, 20, 493, 212, 18, 180, 180, 0
L 269, 134, 12, 288, 139, 8, 180, 180, 0
L 288, 139, 8, 290, 139, 8, 180, 180, 0
L 290, 139, 8, 300, 144, 9, 180, 180, 0
L 300, 144, 9, 301, 145, 10, 180, 180, 0
L 301, 145, 10, 305, 147, 12, 180, 180, 0
L 305, 147, 12, 308, 149, 14, 180, 180, 0
L 308, 149, 14, 308, 150, 15, 180, 180, 0
L 308, 150, 15, 313, 156, 16, 180, 180, 0
L 313, 156, 16, 314, 164, 12, 180, 180, 0
L 314, 164, 12, 313, 167, 11, 180, 180, 0
L 313, 167, 11, 313, 168, 10, 180, 180, 0
L 313, 168, 10, 314, 183, 8, 180, 180, 0
L 314, 183, 8, 315, 184, 11, 180, 180, 0
L 315, 184, 11, 316, 185, 12, 180, 180, 0
L 316, 185, 12, 318, 190, 12, 180, 180, 0
L 318, 190, 12, 317, 191, 13, 180, 180, 0
L 317, 191, 13, 312, 195, 16, 180, 180, 0
L 312, 195, 16, 305, 201, 16, 180, 180, 0
L 305, 201, 16, 304, 203, 16, 180, 180, 0
L 304, 203, 16, 301, 207, 17, 180, 180, 0
L 301, 207, 17, 293, 215, 17, 180, 180, 0
L 293, 215, 17, 283, 225, 18, 180, 180, 0
L 283, 225, 18, 280, 228, 18, 180, 180, 0
L 280, 228, 18, 274, 235, 18, 180, 180, 0
L 274, 235, 18, 268, 242, 20, 180, 180, 0
L 268, 242, 20, 266, 244, 22, 180, 180, 0
L 266, 244, 22, 264, 248, 24, 180, 180, 0
L 264, 248, 24, 264, 249, 25, 180, 180, 0
L 264, 249, 25, 263, 251, 26, 180, 180, 0
L 263, 251, 26, 263, 252, 26, 180, 180, 0
L 263, 252, 26, 263, 255, 28, 180, 180, 0
L 263, 255, 28, 267, 260, 27, 180, 180, 0
L 267, 260, 27, 274, 267, 27, 180, 180, 0
L 274, 267, 27, 276, 270, 26, 180, 180, 0
L 276, 270, 26, 283, 281, 25, 180, 180, 0
L 283, 281, 25, 286, 285, 25, 180, 180, 0
L 286, 285, 25, 287, 286, 25, 180, 180, 0
L 287, 286, 25, 293, 294, 24, 180, 180, 0
L 293, 294, 24, 299, 300, 24, 180, 180, 0
L 299, 300, 24, 303, 299, 23, 180, 180, 0
L 303, 299, 23, 313, 297, 22, 180, 180, 0
L 313, 297, 22, 315, 297, 22, 180, 180, 0
L 315, 297, 22, 324, 297, 20, 180, 180, 0
L 324, 297, 20, 331, 297, 19, 180, 180, 0
L 331, 297, 19, 337, 298, 18, 180, 180, 0
L 337, 298, 18, 338, 298, 18, 180, 180, 0
L 338, 298, 18, 348, 297, 17, 180, 180, 0
L 348, 297, 17, 351, 297, 17, 180, 180, 0
L 351, 297, 17, 353, 296, 17, 180, 180, 0
L 353, 296, 17, 353, 295, 17, 180, 180, 0
L 353, 295, 17, 354, 293, 17, 180, 180, 0
L 354, 293, 17, 358, 284, 19, 180, 180, 0
L 358, 284, 19, 360, 280, 19, 180, 180, 0
L 360, 280, 19, 362, 277, 19, 180, 180, 0
L 362, 277, 19, 362, 275, 18, 180, 180, 0
L 362, 275, 18, 366, 264, 17, 180, 180, 0
L 366, 264, 17, 367, 261, 17, 180, 180, 0
L 367, 261, 17, 368, 258, 18, 180, 180, 0
L 368, 258, 18, 369, 257, 18, 180, 180, 0
L 369, 257, 18, 369, 255, 19, 180, 180, 0
L 369, 255, 19, 376, 252, 25, 180, 180, 0
L 376, 252, 25, 376, 251, 25, 180, 180, 0
L 376, 251, 25, 374, 247, 21, 180, 180, 0
L 374, 247, 21, 375, 245, 19, 180, 180, 0
L 375, 245, 19, 377, 245, 17, 180, 180, 0
L 377, 245, 17, 383, 244, 13, 180, 180, 0
L 383, 244, 13, 384, 245, 11, 180, 180, 0
L 384, 245, 11, 393, 250, 9, 180, 180, 0
L 393, 250, 9, 397, 249, 9, 180, 180, 0
L 310, 56, 9, 296, 65, 4, 180, 180, 0
L 296, 65, 4, 267, 82, 6, 180, 180, 0
L 267, 82, 6, 264, 84, 7, 180, 180, 0
L 264, 84, 7, 263, 85, 8, 180, 180, 0
L 263, 85, 8, 257, 86, 10, 180, 180, 0
L 257, 86, 10, 256, 87, 10, 180, 180, 0
L 256, 87, 10, 244, 96, 9, 180, 180, 0
L 244, 96, 9, 239, 98, 9, 180, 180, 0
L 239, 98, 9, 221, 88, 6, 180, 180, 0
L 221, 88, 6, 220, 87, 6, 180, 180, 0
L 220, 87, 6, 218, 86, 7, 180, 180, 0
L 218, 86, 7, 217, 86, 8, 180, 180, 0
L 217, 86, 8, 215, 86, 8, 180, 180, 0
L 215, 86, 8, 214, 85, 9, 180, 180, 0
L 214, 85, 9, 212, 85, 9, 180, 180, 0
L 212, 85, 9, 206, 85, 7, 180, 180, 0
L 206, 85, 7, 200, 85, 6, 180, 180, 0
L 200, 85, 6, 198, 86, 6, 180, 180, 0
L 198, 86, 6, 190, 88, 7, 180, 180, 0
L 190, 88, 7, 189, 89, 8, 180, 180, 0
L 189, 89, 8, 182, 92, 9, 180, 180, 0
L 182, 92, 9, 181, 92, 9, 180, 180, 0
L 181, 92, 9, 180, 91, 9, 180, 180, 0
L 180, 91, 9, 179, 89, 8, 180, 180, 0
L 179, 89, 8, 171, 81, 5, 180, 180, 0
L 171, 81, 5, 170, 78, 4, 180, 180, 0
L 170, 78, 4, 169, 77, 4, 180, 180, 0
L 169, 77, 4, 167, 73, 2, 180, 180, 0
L 167, 73, 2, 165, 70, 2, 180, 180, 0
L 165, 70, 2, 164, 69, 3, 180, 180, 0
L 164, 69, 3, 163, 67, 4, 180, 180, 0
L 163, 67, 4, 163, 65, 5, 180, 180, 0
L 163, 65, 5, 162, 60, 5, 180, 180, 0
L 162, 60, 5, 161, 56, 6, 180, 180, 0
L 161, 56, 6, 161, 53, 6, 180, 180, 0
L 161, 53, 6, 162, 46, 5, 180, 180, 0
L 162, 46, 5, 162, 41, 5, 180, 180, 0
L 162, 41, 5, 163, 39, 5, 180, 180, 0
L 163, 39, 5, 164, 38, 4, 180, 180, 0
L 164, 38, 4, 172, 26, 3, 180, 180, 0
L 172, 26, 3, 173, 24, 3, 180, 180, 0
L 173, 24, 3, 173, 23, 3, 180, 180, 0
L 173, 23, 3, 174, 22, 3, 180, 180, 0
L 174, 22, 3, 176, 21, 6, 180, 180, 0
L 176, 21, 6, 178, 21, 8, 180, 180, 0
L 178, 21, 8, 180, 21, 9, 180, 180, 0
L 180, 21, 9, 181, 20, 9, 180, 180, 0
L 181, 20, 9, 185, 18, 10, 180, 180, 0
L 185, 18, 10, 187, 16, 10, 180, 180, 0
L 187, 16, 10, 187, -16, 8, 180, 180, 0
L 187, -16, 8, 186, -17, 10, 180, 180, 0
L 186, -17, 10, 185, -18, 10, 180, 180, 0
L 185, -18, 10, 174, -24, 11, 180, 180, 0
L 174, -24, 11, 168, -26, 16, 180, 180, 0
L 168, -26, 16, 166, -26, 17, 180, 180, 0
L 166, -26, 17, 165, -26, 17, 180, 180, 0
L 165, -26, 17, 156, -27, 18, 180, 180, 0
L 156, -27, 18, 151, -27, 18, 180, 180, 0
L 151, -27, 18, 142, -25, 17, 180, 180, 0
L 142, -25, 17, 140, -24, 17, 180, 180, 0
L 140, -24, 17, 139, -23, 17, 180, 180, 0
L 139, -23, 17, 129, -17, 16, 180, 180, 0
L 129, -17, 16, 127, -16, 16, 180, 180, 0
L 127, -16, 16, 126, -17, 16, 180, 180, 0
L 126, -17, 16, 116, -22, 14, 180, 180, 0
L 116, -22, 14, 111, -25, 14, 180, 180, 0
L 111, -25, 14, 110, -26, 15, 180, 180, 0
L 110, -26, 15, 105, -27, 19, 180, 180, 0
L 105, -27, 19, 103, -27, 19, 180, 180, 0
L 103, -27, 19, 98, -27, 20, 180, 180, 0
L 98, -27, 20, 91, -27, 20, 180, 180, 0
L 91, -27, 20, 90, -27, 19, 180, 180, 0
L 90, -27, 19, 87, -26, 18, 180, 180, 0
L 87, -26, 18, 78, -23, 14, 180, 180, 0
L 78, -23, 14, 75, -21, 12, 180, 180, 0
L 75, -21, 12, 75, -19, 9, 180, 180, 0
L 75, -19, 9, 74, -18, 7, 180, 180, 0
L 74, -18, 7, 74, -16, 8, 180, 180, 0
L 74, -16, 8, 74, -4, 4, 180, 180, 0
L 74, -4, 4, 75, -2, 3, 180, 180, 0
L 75, -2, 3, 75, 1, 2, 180, 180, 0
L 75, 1, 2, 75, 3, 2, 180, 180, 0
L 75, 3, 2, 75, 20, 3, 180, 180, 0
L 75, 20, 3, 75, 27, 3, 180, 180, 0
L 75, 27, 3, 78, 33, 4, 180, 180, 0
L 78, 33, 4, 82, 39, 5, 180, 180, 0
L 82, 39, 5, 83, 41, 6, 180, 180, 0
L 83, 41, 6, 83, 42, 6, 180, 180, 0
L 83, 42, 6, 84, 46, 6, 180, 180, 0
L 84, 46, 6, 84, 48, 6, 180, 180, 0
L 84, 48, 6, 85, 49, 5, 180, 180, 0
L 85, 49, 5, 85, 51, 5, 180, 180, 0
L 85, 51, 5, 85, 53, 4, 180, 180, 0
L 85, 53, 4, 84, 60, 3, 180, 180, 0
L 84, 60, 3, 83, 61, 2, 180, 180, 0
L 83, 61, 2, 81, 62, 1, 180, 180, 0
L 81, 62, 1, 81, 65, 1, 180, 180, 0
L 81, 65, 1, 80, 66, 1, 180, 180, 0
L 80, 66, 1, 78, 69, 1, 180, 180, 0
L 78, 69, 1, 74, 79, -2, 180, 180, 0
L 74, 79, -2, 74, 84, -3, 180, 180, 0
L 74, 84, -3, 73, 87, -2, 180, 180, 0
L 73, 87, -2, 71, 89, -2, 180, 180, 0
L 71, 89, -2, 70, 89, 1, 180, 180, 0 
L 70, 89, 0, 58, 90, 9, 180, 180, 0
L 58, 90, 9, 54, 92, 10, 180, 180, 0
L 54, 92, 10, 52, 91, 10, 180, 180, 0
L 52, 91, 10, 51, 90, 10, 180, 180, 0
L 51, 90, 10, 47, 88, 10, 180, 180, 0
L 47, 88, 10, 46, 88, 10, 180, 180, 0
L 46, 88, 10, 35, 83, 10, 180, 180, 0
L 35, 83, 10, 32, 82, 12, 180, 180, 0
L 32, 82, 12, 31, 82, 12, 180, 180, 0
L 31, 82, 12, 27, 81, 14, 180, 180, 0
L 27, 81, 14, 14, 81, 14, 180, 180, 0
L 14, 81, 14, 5, 82, 13, 180, 180, 0
L 5, 82, 13, 4, 83, 12, 180, 180, 0
L 4, 83, 12, -5, 88, 11, 180, 180, 0
L -5, 88, 11, -9, 91, 11, 180, 180, 0
L -9, 91, 11, -11, 92, 10, 180, 180, 0
L -11, 92, 10, -13, 91, 10, 180, 180, 0
L -13, 91, 10, -18, 82, 8, 180, 180, 0
L -18, 82, 8, -24, 73, 6, 180, 180, 0
L -24, 73, 6, -26, 70, 5, 180, 180, 0
L -26, 70, 5, -27, 68, 5, 180, 180, 0
L -27, 68, 5, -28, 67, 5, 180, 180, 0
L -28, 67, 5, -29, 65, 6, 180, 180, 0
L -29, 65, 6, -29, 64, 6, 180, 180, 0
L -29, 64, 6, -29, 63, 5, 180, 180, 0
L -29, 63, 5, -30, 61, 5, 180, 180, 0
L -30, 61, 5, -30, 57, 6, 180, 180, 0
L -30, 57, 6, -31, 56, 6, 180, 180, 0
L -31, 56, 6, -31, 51, 6, 180, 180, 0
L -31, 51, 6, -25, 45, 6, 180, 180, 0
L -25, 45, 6, -25, 39, 6, 180, 180, 0
L -25, 39, 6, -23, 34, 5, 180, 180, 0
L -23, 34, 5, -22, 32, 5, 180, 180, 0
L -22, 32, 5, -21, 31, 5, 180, 180, 0
L -21, 31, 5, -21, 29, 5, 180, 180, 0
L -21, 29, 5, -20, 27, 4, 180, 180, 0
L -20, 27, 4, -19, 25, 4, 180, 180, 0
L -19, 25, 4, -19, 24, 4, 180, 180, 0
L -19, 24, 4, -18, 22, 4, 180, 180, 0
L -18, 22, 4, -17, 22, 5, 180, 180, 0
L -17, 22, 5, -15, 21, 6, 180, 180, 0
L -15, 21, 6, -6, 15, 6, 180, 180, 0
L -6, 15, 6, -6, -15, 6, 180, 180, 0
L -6, -15, 6, -7, -16, 8, 180, 180, 0
L -7, -16, 8, -7, -18, 10, 180, 180, 0
L -7, -18, 10, -9, -19, 10, 180, 180, 0
L -9, -19, 10, -10, -20, 10, 180, 180, 0
L -10, -20, 10, -18, -24, 12, 180, 180, 0
L -18, -24, 12, -23, -26, 16, 180, 180, 0
L -23, -26, 16, -25, -26, 17, 180, 180, 0
L -25, -26, 17, -27, -26, 17, 180, 180, 0
L -27, -26, 17, -37, -27, 18, 180, 180, 0
L -37, -27, 18, -39, -26, 18, 180, 180, 0
L -39, -26, 18, -45, -26, 16, 180, 180, 0
L -45, -26, 16, -48, -25, 16, 180, 180, 0
L -48, -25, 16, -50, -25, 16, 180, 180, 0
L -50, -25, 16, -63, -16, 15, 180, 180, 0
L -63, -16, 15, -65, -16, 14, 180, 180, 0
L -65, -16, 14, -66, -17, 14, 180, 180, 0
L -66, -17, 14, -68, -19, 13, 180, 180, 0
L -68, -19, 13, -78, -34, 11, 180, 180, 0
L -78, -34, 11, -83, -44, 10, 180, 180, 0
L -83, -44, 10, -84, -50, 9, 180, 180, 0
L -84, -50, 9, -85, -52, 9, 180, 180, 0
L -85, -52, 9, -84, -55, 7, 180, 180, 0
L -84, -55, 7, -82, -61, 6, 180, 180, 0
L -82, -61, 6, -81, -62, 5, 180, 180, 0
L -81, -62, 5, -79, -63, 5, 180, 180, 0
L -79, -63, 5, -79, -65, 6, 180, 180, 0
L -79, -65, 6, -78, -67, 5, 180, 180, 0
L -78, -67, 5, -75, -75, 4, 180, 180, 0
L -75, -75, 4, -75, -77, 4, 180, 180, 0
L -75, -77, 4, -73, -83, 4, 180, 180, 0
L -73, -83, 4, -72, -84, 4, 180, 180, 0
L -72, -84, 4, -70, -85, 5, 180, 180, 0
L -70, -85, 5, -67, -87, 5, 180, 180, 0
L -67, -87, 5, -65, -89, 5, 180, 180, 0
L -65, -89, 5, -63, -90, 5, 180, 180, 0
L -63, -90, 5, -62, -90, 6, 180, 180, 0
L -62, -90, 6, -60, -91, 6, 180, 180, 0
L -60, -91, 6, -59, -93, 6, 180, 180, 0
L -59, -93, 6, -59, -94, 6, 180, 180, 0
L -59, -94, 6, -59, -123, 10, 180, 180, 0
L -59, -123, 10, -61, -124, 11, 180, 180, 0
L -61, -124, 11, -72, -131, 13, 180, 180, 0
L -72, -131, 13, -74, -132, 15, 180, 180, 0
L -74, -132, 15, -76, -132, 17, 180, 180, 0
L -76, -132, 17, -77, -133, 18, 180, 180, 0
L -77, -133, 18, -79, -133, 18, 180, 180, 0
L -79, -133, 18, -80, -133, 19, 180, 180, 0
L -80, -133, 19, -90, -133, 19, 180, 180, 0
L -90, -133, 19, -103, -132, 17, 180, 180, 0
L -103, -132, 17, -105, -131, 17, 180, 180, 0
L -105, -131, 17, -106, -130, 17, 180, 180, 0
L -106, -130, 17, -108, -129, 17, 180, 180, 0
L -108, -129, 17, -116, -123, 15, 180, 180, 0
L -116, -123, 15, -117, -122, 15, 180, 180, 0
L -117, -122, 15, -119, -122, 14, 180, 180, 0
L -119, -122, 14, -126, -120, 11, 180, 180, 0
L -126, -120, 11, -127, -121, 11, 180, 180, 0
L -127, -121, 11, -142, -128, 9, 180, 180, 0
L -142, -128, 9, -149, -130, 12, 180, 180, 0
L -149, -130, 12, -151, -130, 13, 180, 180, 0
L -151, -130, 13, -154, -131, 13, 180, 180, 0
L -154, -131, 13, -156, -130, 12, 180, 180, 0
L -156, -130, 12, -170, -124, 7, 180, 180, 0
L -170, -124, 7, -172, -123, 6, 180, 180, 0
L -172, -123, 6, -172, -122, 4, 180, 180, 0
L -172, -122, 4, -172, -120, 3, 180, 180, 0
L -172, -120, 3, -172, -117, 3, 180, 180, 0
L -172, -117, 3, -170, -108, -1, 180, 180, 0
L -170, -108, -1, -170, -81, -1, 180, 180, 0
L -170, -81, -1, -169, -79, -1, 180, 180, 0
L -169, -79, -1, -169, -78, -1, 180, 180, 0
L -169, -78, -1, -165, -73, 1, 180, 180, 0 
L -165, -73, 0, -164, -71, 1, 180, 180, 0 
L -164, -71, 0, -163, -69, 2, 180, 180, 0
L -163, -69, 2, -163, -67, 3, 180, 180, 0
L -163, -67, 3, -162, -60, 6, 180, 180, 0
L -162, -60, 6, -162, -59, 6, 180, 180, 0
L -162, -59, 6, -161, -56, 6, 180, 180, 0
L -161, -56, 6, -161, -54, 6, 180, 180, 0
L -161, -54, 6, -162, -50, 6, 180, 180, 0
L -162, -50, 6, -162, -48, 6, 180, 180, 0
L -162, -48, 6, -163, -47, 6, 180, 180, 0
L -163, -47, 6, -167, -44, 5, 180, 180, 0
L -167, -44, 5, -167, -42, 6, 180, 180, 0
L -167, -42, 6, -167, -40, 6, 180, 180, 0
L -167, -40, 6, -171, -30, 5, 180, 180, 0
L -171, -30, 5, -172, -28, 5, 180, 180, 0
L -172, -28, 5, -172, -26, 5, 180, 180, 0
L -172, -26, 5, -173, -25, 4, 180, 180, 0
L -173, -25, 4, -173, -23, 4, 180, 180, 0
L -173, -23, 4, -175, -22, 5, 180, 180, 0
L -175, -22, 5, -176, -22, 7, 180, 180, 0
L -176, -22, 7, -182, -20, 9, 180, 180, 0
L -182, -20, 9, -188, -16, 10, 180, 180, 0
L -188, -16, 10, -191, -15, 9, 180, 180, 0
L -191, -15, 9, -192, -14, 10, 180, 180, 0
L -192, -14, 10, -194, -15, 10, 180, 180, 0
L -194, -15, 10, -203, -18, 9, 180, 180, 0
L -203, -18, 9, -213, -21, 9, 180, 180, 0
L -197, 16, 8, -195, 16, 9, 180, 180, 0
L -195, 16, 9, -194, 15, 10, 180, 180, 0
L -194, 15, 10, -193, 14, 10, 180, 180, 0
L -193, 14, 10, -192, 14, 10, 180, 180, 0
L -192, 14, 10, -190, 15, 9, 180, 180, 0
L -190, 15, 9, -185, 15, 9, 180, 180, 0
L -185, 15, 9, -184, 16, 9, 180, 180, 0
L -184, 16, 9, -175, 20, 7, 180, 180, 0
L -175, 20, 7, -166, 24, 12, 180, 180, 0
L -166, 24, 12, -165, 24, 13, 180, 180, 0
L -165, 24, 13, -163, 24, 13, 180, 180, 0
L -163, 24, 13, -161, 25, 14, 180, 180, 0
L -161, 25, 14, -152, 24, 12, 180, 180, 0
L -152, 24, 12, -148, 24, 11, 180, 180, 0
L -148, 24, 11, -147, 24, 11, 180, 180, 0
L -147, 24, 11, -145, 23, 10, 180, 180, 0
L -145, 23, 10, -144, 23, 10, 180, 180, 0
L -144, 23, 10, -142, 22, 9, 180, 180, 0
L -142, 22, 9, -141, 21, 9, 180, 180, 0
L -141, 21, 9, -139, 20, 8, 180, 180, 0
L -139, 20, 8, -138, 19, 8, 180, 180, 0
L -138, 19, 8, -138, 17, 7, 180, 180, 0
L -138, 17, 7, -139, 8, 2, 180, 180, 0
L -139, 8, 2, -139, 6, 2, 180, 180, 0
L -139, 6, 2, -140, -2, -1, 180, 180, 0
L -140, -2, -1, -140, -4, -1, 180, 180, 0
L -140, -4, -1, -139, -21, -1, 180, 180, 0
L -139, -21, -1, -139, -23, -1, 180, 180, 0
L -139, -23, -1, -140, -25, -1, 180, 180, 0
L -140, -25, -1, -146, -37, 2, 180, 180, 0
L -146, -37, 2, -146, -38, 5, 180, 180, 0
L -146, -38, 5, -146, -40, 6, 180, 180, 0
L -146, -40, 6, -147, -42, 6, 180, 180, 0
L -147, -42, 6, -147, -43, 7, 180, 180, 0
L -147, -43, 7, -149, -51, 7, 180, 180, 0
L -149, -51, 7, -148, -56, 7, 180, 180, 0
L -148, -56, 7, -148, -57, 7, 180, 180, 0
L -148, -57, 7, -147, -59, 6, 180, 180, 0
L -147, -59, 6, -145, -60, 6, 180, 180, 0
L -145, -60, 6, -143, -62, 6, 180, 180, 0
L -143, -62, 6, -143, -66, 6, 180, 180, 0
L -143, -66, 6, -138, -79, 4, 180, 180, 0
L -138, -79, 4, -137, -81, 3, 180, 180, 0
L -137, -81, 3, -137, -83, 3, 180, 180, 0
L -137, -83, 3, -136, -84, 3, 180, 180, 0
L -136, -84, 3, -134, -85, 5, 180, 180, 0
L -134, -85, 5, -133, -85, 6, 180, 180, 0
L -133, -85, 6, -128, -86, 9, 180, 180, 0
L -128, -86, 9, -126, -87, 9, 180, 180, 0
L -126, -87, 9, -119, -91, 10, 180, 180, 0
L -119, -91, 10, -116, -91, 10, 180, 180, 0
L -116, -91, 10, -109, -82, 9, 180, 180, 0
L -109, -82, 9, -108, -80, 8, 180, 180, 0
L -108, -80, 8, -108, -79, 8, 180, 180, 0
L -108, -79, 8, -107, -77, 7, 180, 180, 0
L -107, -77, 7, -101, -68, 6, 180, 180, 0
L -101, -68, 6, -100, -67, 6, 180, 180, 0
L -100, -67, 6, -99, -65, 6, 180, 180, 0
L -99, -65, 6, -99, -64, 6, 180, 180, 0
L -99, -64, 6, -99, -62, 5, 180, 180, 0
L -99, -62, 5, -98, -61, 5, 180, 180, 0
L -98, -61, 5, -98, -59, 6, 180, 180, 0
L -98, -59, 6, -97, -54, 6, 180, 180, 0
L -97, -54, 6, -97, -50, 5, 180, 180, 0
L -97, -50, 5, -102, -44, 4, 180, 180, 0
L -102, -44, 4, -102, -42, 4, 180, 180, 0
L -102, -42, 4, -103, -41, 4, 180, 180, 0
L -103, -41, 4, -104, -39, 4, 180, 180, 0
L -104, -39, 4, -108, -25, 2, 180, 180, 0
L -108, -25, 2, -109, -22, 1, 180, 180, 0
L -109, -22, 1, -110, -21, 1, 180, 180, 0
L -110, -21, 1, -111, -19, 2, 180, 180, 0
L -111, -19, 2, -114, -17, 1, 180, 180, 0
L -114, -17, 1, -116, -15, 1, 180, 180, 0
L -116, -15, 1, -117, -13, 1, 180, 180, 0 
L -117, -13, 0, -117, 3, 2, 180, 180, 0
L -117, 3, 2, -118, 11, 2, 180, 180, 0
L -118, 11, 2, -117, 20, 10, 180, 180, 0
L -117, 20, 10, -116, 21, 11, 180, 180, 0
L -116, 21, 11, -113, 23, 12, 180, 180, 0
L -113, 23, 12, -112, 24, 12, 180, 180, 0
L -112, 24, 12, -109, 25, 13, 180, 180, 0
L -109, 25, 13, -107, 25, 14, 180, 180, 0
L -107, 25, 14, -102, 26, 17, 180, 180, 0
L -102, 26, 17, -101, 26, 17, 180, 180, 0
L -101, 26, 17, -91, 25, 18, 180, 180, 0
L -91, 25, 18, -69, 20, 18, 180, 180, 0
L -69, 20, 18, -65, 17, 18, 180, 180, 0
L -65, 17, 18, -63, 17, 18, 180, 180, 0
L -63, 17, 18, -58, 22, 18, 180, 180, 0
L -58, 22, 18, -56, 26, 17, 180, 180, 0
L -56, 26, 17, -56, 27, 16, 180, 180, 0
L -56, 27, 16, -53, 31, 15, 180, 180, 0
L -53, 31, 15, -47, 42, 12, 180, 180, 0
L -47, 42, 12, -45, 44, 12, 180, 180, 0
L -45, 44, 12, -45, 46, 11, 180, 180, 0
L -45, 46, 11, -43, 54, 8, 180, 180, 0
L -43, 54, 8, -44, 57, 7, 180, 180, 0
L -44, 57, 7, -44, 60, 6, 180, 180, 0
L -44, 60, 6, -45, 62, 5, 180, 180, 0
L -45, 62, 5, -47, 64, 5, 180, 180, 0
L -47, 64, 5, -49, 65, 5, 180, 180, 0
L -49, 65, 5, -50, 67, 6, 180, 180, 0
L -50, 67, 6, -50, 68, 6, 180, 180, 0
L -50, 68, 6, -54, 79, 4, 180, 180, 0
L -54, 79, 4, -55, 82, 4, 180, 180, 0
L -55, 82, 4, -56, 83, 4, 180, 180, 0
L -56, 83, 4, -57, 84, 6, 180, 180, 0
L -57, 84, 6, -58, 84, 7, 180, 180, 0
L -58, 84, 7, -60, 84, 8, 180, 180, 0
L -60, 84, 8, -62, 85, 9, 180, 180, 0
L -62, 85, 9, -69, 89, 10, 180, 180, 0
L -69, 89, 10, -73, 92, 10, 180, 180, 0
L -73, 92, 10, -80, 93, 9, 180, 180, 0
L -80, 93, 9, -80, 91, 9, 180, 180, 0
L -80, 91, 9, -80, 85, 8, 180, 180, 0
L -80, 85, 8, -82, 82, 8, 180, 180, 0
L -82, 82, 8, -94, 64, 5, 180, 180, 0
L -94, 64, 5, -96, 63, 4, 180, 180, 0
L -96, 63, 4, -97, 63, 4, 180, 180, 0
L -97, 63, 4, -103, 64, 4, 180, 180, 0
L -103, 64, 4, -112, 65, 2, 180, 180, 0
L -112, 65, 2, -113, 66, 3, 180, 180, 0
L -113, 66, 3, -114, 68, 3, 180, 180, 0
L -114, 68, 3, -114, 70, 2, 180, 180, 0
L -114, 70, 2, -115, 71, 3, 180, 180, 0
L -115, 71, 3, -118, 80, 1, 180, 180, 0
L -118, 80, 1, -119, 84, 1, 180, 180, 0
L -119, 84, 1, -120, 86, 1, 180, 180, 0
L -120, 86, 1, -120, 86, 1, 180, 180, 0 
L -120, 86, 0, -123, 89, 1, 180, 180, 0
L -123, 89, 1, -126, 93, 1, 180, 180, 0
L -126, 93, 1, -127, 115, 1, 180, 180, 0 
L -127, 115, 0, -127, 117, 1, 180, 180, 0 
L -127, 117, 0, -127, 126, 9, 180, 180, 0
L -127, 126, 9, -126, 127, 10, 180, 180, 0
L -126, 127, 10, -124, 128, 10, 180, 180, 0
L -124, 128, 10, -123, 129, 10, 180, 180, 0
L -123, 129, 10, -122, 129, 10, 180, 180, 0
L -122, 129, 10, -120, 130, 12, 180, 180, 0
L -120, 130, 12, -118, 131, 13, 180, 180, 0
L -118, 131, 13, -112, 132, 16, 180, 180, 0
L -112, 132, 16, -110, 132, 17, 180, 180, 0
L -110, 132, 17, -101, 133, 17, 180, 180, 0
L -101, 133, 17, -99, 133, 17, 180, 180, 0
L -99, 133, 17, -97, 132, 17, 180, 180, 0
L -97, 132, 17, -93, 132, 16, 180, 180, 0
L -93, 132, 16, -88, 130, 14, 180, 180, 0
L -88, 130, 14, -80, 125, 12, 180, 180, 0
L -80, 125, 12, -74, 121, 10, 180, 180, 0
L -74, 121, 10, -73, 121, 10, 180, 180, 0
L -73, 121, 10, -63, 126, 10, 180, 180, 0
L -63, 126, 10, -58, 129, 10, 180, 180, 0
L -58, 129, 10, -57, 129, 11, 180, 180, 0
L -57, 129, 11, -51, 130, 13, 180, 180, 0
L -51, 130, 13, -47, 131, 14, 180, 180, 0
L -47, 131, 14, -46, 131, 15, 180, 180, 0
L -46, 131, 15, -34, 132, 14, 180, 180, 0
L -34, 132, 14, -26, 131, 12, 180, 180, 0
L -26, 131, 12, -21, 127, 10, 180, 180, 0
L -21, 127, 10, -17, 124, 8, 180, 180, 0
L -17, 124, 8, -15, 123, 8, 180, 180, 0
L -15, 123, 8, -12, 121, 9, 180, 180, 0
L -12, 121, 9, -10, 121, 10, 180, 180, 0
L -10, 121, 10, -9, 121, 11, 180, 180, 0
L -9, 121, 11, -7, 122, 11, 180, 180, 0
L -7, 122, 11, -5, 126, 11, 180, 180, 0
L -5, 126, 11, 0, 134, 11, 180, 180, 0
L 0, 134, 11, 2, 138, 11, 180, 180, 0
L 2, 138, 11, 3, 139, 11, 180, 180, 0
L 3, 139, 11, 4, 141, 11, 180, 180, 0
L 4, 141, 11, 9, 151, 10, 180, 180, 0
L 9, 151, 10, 9, 153, 10, 180, 180, 0
L 9, 153, 10, 10, 157, 10, 180, 180, 0
L 10, 157, 10, 10, 161, 9, 180, 180, 0
L 10, 161, 9, 9, 163, 9, 180, 180, 0
L 9, 163, 9, 7, 164, 8, 180, 180, 0
L 7, 164, 8, 6, 165, 8, 180, 180, 0
L 6, 165, 8, 5, 167, 7, 180, 180, 0
L 5, 167, 7, 5, 168, 6, 180, 180, 0
L 5, 168, 6, 5, 171, 6, 180, 180, 0
L 5, 171, 6, 4, 175, 6, 180, 180, 0
L 4, 175, 6, 3, 178, 6, 180, 180, 0
L 3, 178, 6, 2, 179, 6, 180, 180, 0
L 2, 179, 6, 0, 186, 6, 180, 180, 0
L 0, 186, 6, -1, 188, 6, 180, 180, 0
L -1, 188, 6, -2, 189, 6, 180, 180, 0
L -2, 189, 6, -4, 189, 8, 180, 180, 0
L -4, 189, 8, -7, 191, 9, 180, 180, 0
L -7, 191, 9, -8, 191, 9, 180, 180, 0
L -8, 191, 9, -11, 192, 10, 180, 180, 0
L -11, 192, 10, -13, 193, 11, 180, 180, 0
L -13, 193, 11, -14, 194, 10, 180, 180, 0
L -14, 194, 10, -20, 197, 10, 180, 180, 0
L -20, 197, 10, -21, 197, 10, 180, 180, 0
L -21, 197, 10, -23, 196, 10, 180, 180, 0
L -23, 196, 10, -24, 195, 10, 180, 180, 0
L -24, 195, 10, -24, 193, 10, 180, 180, 0
L -24, 193, 10, -25, 192, 9, 180, 180, 0
L -25, 192, 9, -26, 190, 9, 180, 180, 0
L -26, 190, 9, -28, 188, 9, 180, 180, 0
L -28, 188, 9, -30, 185, 9, 180, 180, 0
L -30, 185, 9, -35, 176, 9, 180, 180, 0
L -35, 176, 9, -38, 170, 9, 180, 180, 0
L -38, 170, 9, -40, 170, 9, 180, 180, 0
L -40, 170, 9, -52, 171, 6, 180, 180, 0
L -52, 171, 6, -55, 170, 6, 180, 180, 0
L -55, 170, 6, -59, 170, 6, 180, 180, 0
L -59, 170, 6, -59, 172, 6, 180, 180, 0
L -59, 172, 6, -60, 173, 6, 180, 180, 0
L -60, 173, 6, -64, 186, 6, 180, 180, 0
L -64, 186, 6, -65, 187, 6, 180, 180, 0
L -65, 187, 6, -73, 199, 5, 180, 180, 0
L -73, 199, 5, -73, 200, 5, 180, 180, 0
L -73, 200, 5, -73, 206, 6, 180, 180, 0
L -73, 206, 6, -73, 208, 5, 180, 180, 0
L -73, 208, 5, -74, 223, 5, 180, 180, 0
L -74, 223, 5, -74, 232, 10, 180, 180, 0
L -74, 232, 10, -72, 233, 10, 180, 180, 0
L -72, 233, 10, -71, 234, 11, 180, 180, 0
L -71, 234, 11, -69, 235, 11, 180, 180, 0
L -69, 235, 11, -68, 235, 11, 180, 180, 0
L -68, 235, 11, -66, 236, 12, 180, 180, 0
L -66, 236, 12, -65, 236, 12, 180, 180, 0
L -65, 236, 12, -58, 238, 16, 180, 180, 0
L -58, 238, 16, -57, 238, 17, 180, 180, 0
L -57, 238, 17, -47, 238, 17, 180, 180, 0
L -47, 238, 17, -44, 238, 18, 180, 180, 0
L -44, 238, 18, -29, 233, 15, 180, 180, 0
L -29, 233, 15, -21, 228, 15, 180, 180, 0
L -21, 228, 15, -19, 228, 15, 180, 180, 0
L -19, 228, 15, -17, 229, 14, 180, 180, 0
L -17, 229, 14, -3, 236, 12, 180, 180, 0
L -3, 236, 12, -2, 236, 12, 180, 180, 0
L -2, 236, 12, -1, 237, 13, 180, 180, 0
L -1, 237, 13, 0, 237, 13, 180, 180, 0
L 0, 237, 13, 7, 238, 17, 180, 180, 0
L 7, 238, 17, 14, 238, 18, 180, 180, 0
L 14, 238, 18, 30, 232, 14, 180, 180, 0
L 30, 232, 14, 33, 231, 14, 180, 180, 0
L 33, 231, 14, 36, 231, 13, 180, 180, 0
L 36, 231, 13, 38, 231, 13, 180, 180, 0
L 38, 231, 13, 43, 228, 13, 180, 180, 0
L 43, 228, 13, 45, 228, 13, 180, 180, 0
L 45, 228, 13, 48, 228, 12, 180, 180, 0
L 48, 228, 12, 48, 229, 12, 180, 180, 0
L 48, 229, 12, 48, 231, 11, 180, 180, 0
L 48, 231, 11, 60, 249, 7, 180, 180, 0
L 60, 249, 7, 63, 254, 8, 180, 180, 0
L 63, 254, 8, 64, 258, 8, 180, 180, 0
L 64, 258, 8, 65, 259, 7, 180, 180, 0
L 65, 259, 7, 83, 259, 7, 180, 180, 0
L 83, 259, 7, 83, 257, 7, 180, 180, 0
L 83, 257, 7, 83, 253, 6, 180, 180, 0
L 83, 253, 6, 84, 249, 6, 180, 180, 0
L 84, 249, 6, 86, 245, 6, 180, 180, 0
L 86, 245, 6, 88, 238, 6, 180, 180, 0
L 88, 238, 6, 89, 237, 6, 180, 180, 0
L 89, 237, 6, 90, 235, 6, 180, 180, 0
L 90, 235, 6, 92, 234, 7, 180, 180, 0
L 92, 234, 7, 94, 234, 8, 180, 180, 0
L 94, 234, 8, 95, 234, 9, 180, 180, 0
L 95, 234, 9, 96, 233, 9, 180, 180, 0
L 96, 233, 9, 104, 229, 10, 180, 180, 0
L 104, 229, 10, 107, 227, 11, 180, 180, 0
L 107, 227, 11, 112, 227, 11, 180, 180, 0
L 112, 227, 11, 114, 228, 11, 180, 180, 0
L 114, 228, 11, 117, 232, 11, 180, 180, 0
L 117, 232, 11, 118, 240, 10, 180, 180, 0
L 118, 240, 10, 126, 254, 10, 180, 180, 0
L 126, 254, 10, 128, 254, 9, 180, 180, 0
L 128, 254, 9, 129, 254, 8, 180, 180, 0
L 129, 254, 8, 142, 253, 6, 180, 180, 0
L 142, 253, 6, 147, 253, 6, 180, 180, 0
L 147, 253, 6, 148, 251, 6, 180, 180, 0
L 148, 251, 6, 151, 242, 5, 180, 180, 0
L 151, 242, 5, 153, 237, 5, 180, 180, 0
L 153, 237, 5, 154, 236, 5, 180, 180, 0
L 154, 236, 5, 154, 235, 5, 180, 180, 0
L 154, 235, 5, 156, 234, 7, 180, 180, 0
L 156, 234, 7, 167, 229, 10, 180, 180, 0
L 167, 229, 10, 171, 227, 10, 180, 180, 0
L 171, 227, 10, 173, 227, 10, 180, 180, 0
L 173, 227, 10, 184, 232, 10, 180, 180, 0
L 184, 232, 10, 193, 235, 11, 180, 180, 0
L 193, 235, 11, 194, 236, 12, 180, 180, 0
L 194, 236, 12, 196, 236, 13, 180, 180, 0
L 196, 236, 13, 197, 237, 13, 180, 180, 0
L 197, 237, 13, 199, 237, 14, 180, 180, 0
L 199, 237, 14, 203, 236, 14, 180, 180, 0
L 203, 236, 14, 206, 235, 14, 180, 180, 0
L 206, 235, 14, 215, 232, 13, 180, 180, 0
L 215, 232, 13, 222, 229, 13, 180, 180, 0
L 222, 229, 13, 224, 227, 13, 180, 180, 0
L 224, 227, 13, 224, 225, 12, 180, 180, 0
L 224, 225, 12, 224, 210, 10, 180, 180, 0
L 224, 210, 10, 224, 209, 9, 180, 180, 0
L 224, 209, 9, 225, 206, 9, 180, 180, 0
L 225, 206, 9, 225, 201, 9, 180, 180, 0
L 225, 201, 9, 226, 186, 9, 180, 180, 0
L 226, 186, 9, 221, 176, 9, 180, 180, 0
L 221, 176, 9, 217, 169, 9, 180, 180, 0
L 217, 169, 9, 217, 167, 9, 180, 180, 0
L 217, 167, 9, 215, 159, 9, 180, 180, 0
L 215, 159, 9, 217, 150, 7, 180, 180, 0
L 217, 150, 7, 218, 147, 7, 180, 180, 0
L 218, 147, 7, 219, 145, 7, 180, 180, 0
L 219, 145, 7, 220, 144, 6, 180, 180, 0
L 220, 144, 6, 223, 141, 5, 180, 180, 0
L 223, 141, 5, 225, 137, 4, 180, 180, 0
L 225, 137, 4, 227, 131, 3, 180, 180, 0
L 227, 131, 3, 227, 129, 3, 180, 180, 0
L 227, 129, 3, 228, 128, 3, 180, 180, 0
L 228, 128, 3, 229, 127, 5, 180, 180, 0
L 229, 127, 5, 230, 127, 6, 180, 180, 0
L 230, 127, 6, 235, 126, 9, 180, 180, 0
L 235, 126, 9, 246, 121, 10, 180, 180, 0
L 246, 121, 10, 248, 120, 10, 180, 180, 0
L 248, 120, 10, 261, 129, 10, 180, 180, 0
L 261, 129, 10, 262, 130, 10, 180, 180, 0
L 262, 130, 10, 264, 131, 10, 180, 180, 0
L 264, 131, 10, 275, 137, 14, 180, 180, 0
L 138, 79, 4, 137, 82, 4, 180, 180, 0
L 137, 82, 4, 136, 84, 4, 180, 180, 0
L 136, 84, 4, 135, 84, 5, 180, 180, 0
L 135, 84, 5, 129, 88, 7, 180, 180, 0
L 129, 88, 7, 129, 100, 7, 180, 180, 0
L 129, 100, 7, 130, 126, 10, 180, 180, 0
L 130, 126, 10, 131, 127, 10, 180, 180, 0
L 131, 127, 10, 166, 129, 10, 180, 180, 0
L 166, 129, 10, 169, 128, 11, 180, 180, 0
L 169, 128, 11, 170, 128, 11, 180, 180, 0
L 170, 128, 11, 181, 122, 12, 180, 180, 0
L 181, 122, 12, 183, 121, 12, 180, 180, 0
L 183, 121, 12, 184, 122, 12, 180, 180, 0
L 184, 122, 12, 193, 136, 11, 180, 180, 0
L 193, 136, 11, 195, 138, 11, 180, 180, 0
L 195, 138, 11, 196, 141, 11, 180, 180, 0
L 196, 141, 11, 201, 150, 10, 180, 180, 0
L 201, 150, 10, 202, 158, 10, 180, 180, 0
L 202, 158, 10, 203, 160, 9, 180, 180, 0
L 203, 160, 9, 202, 161, 9, 180, 180, 0
L 202, 161, 9, 197, 168, 8, 180, 180, 0
L 197, 168, 8, 197, 171, 8, 180, 180, 0
L 197, 171, 8, 192, 186, 6, 180, 180, 0
L 192, 186, 6, 191, 188, 6, 180, 180, 0
L 191, 188, 6, 189, 189, 6, 180, 180, 0
L 189, 189, 6, 188, 190, 6, 180, 180, 0
L 188, 190, 6, 179, 196, 6, 180, 180, 0
L 179, 196, 6, 177, 197, 6, 180, 180, 0
L 177, 197, 6, 175, 198, 7, 180, 180, 0
L 175, 198, 7, 174, 199, 7, 180, 180, 0
L 174, 199, 7, 173, 199, 7, 180, 180, 0
L 173, 199, 7, 172, 199, 8, 180, 180, 0
L 172, 199, 8, 167, 200, 8, 180, 180, 0
L 167, 200, 8, 160, 200, 7, 180, 180, 0
L 160, 200, 7, 159, 200, 7, 180, 180, 0
L 159, 200, 7, 158, 199, 7, 180, 180, 0
L 158, 199, 7, 152, 191, 8, 180, 180, 0
L 152, 191, 8, 151, 190, 10, 180, 180, 0
L 151, 190, 10, 150, 189, 11, 180, 180, 0
L 150, 189, 11, 148, 188, 13, 180, 180, 0
L 148, 188, 13, 147, 187, 14, 180, 180, 0
L 147, 187, 14, 145, 187, 15, 180, 180, 0
L 145, 187, 15, 144, 187, 15, 180, 180, 0
L 144, 187, 15, 139, 186, 16, 180, 180, 0
L 139, 186, 16, 137, 186, 16, 180, 180, 0
L 137, 186, 16, 129, 185, 16, 180, 180, 0
L 129, 185, 16, 127, 185, 16, 180, 180, 0
L 127, 185, 16, 127, 189, 12, 180, 180, 0
L 127, 189, 12, 126, 192, 11, 180, 180, 0
L 126, 192, 11, 125, 196, 9, 180, 180, 0
L 125, 196, 9, 124, 198, 8, 180, 180, 0
L 124, 198, 8, 122, 200, 8, 180, 180, 0
L 122, 200, 8, 120, 201, 8, 180, 180, 0
L 120, 201, 8, 112, 204, 10, 180, 180, 0
L 112, 204, 10, 107, 204, 10, 180, 180, 0
L 107, 204, 10, 105, 203, 10, 180, 180, 0
L 105, 203, 10, 103, 203, 10, 180, 180, 0
L 103, 203, 10, 101, 202, 10, 180, 180, 0
L 101, 202, 10, 95, 200, 9, 180, 180, 0
L 95, 200, 9, 93, 199, 9, 180, 180, 0
L 93, 199, 9, 92, 197, 8, 180, 180, 0
L 92, 197, 8, 90, 195, 8, 180, 180, 0
L 90, 195, 8, 83, 188, 12, 180, 180, 0
L 83, 188, 12, 81, 187, 14, 180, 180, 0
L 81, 187, 14, 80, 187, 15, 180, 180, 0
L 80, 187, 15, 78, 187, 15, 180, 180, 0
L 78, 187, 15, 59, 188, 14, 180, 180, 0
L 59, 188, 14, 57, 188, 14, 180, 180, 0
L 57, 188, 14, 45, 196, 14, 180, 180, 0
L 45, 196, 14, 44, 196, 14, 180, 180, 0
L 44, 196, 14, 42, 195, 14, 180, 180, 0
L 42, 195, 14, 36, 186, 13, 180, 180, 0
L 36, 186, 13, 32, 181, 13, 180, 180, 0
L 32, 181, 13, 32, 179, 13, 180, 180, 0
L 32, 179, 13, 25, 166, 13, 180, 180, 0
L 25, 166, 13, 24, 161, 13, 180, 180, 0
L 24, 161, 13, 25, 152, 12, 180, 180, 0
L 25, 152, 12, 25, 150, 11, 180, 180, 0
L 25, 150, 11, 26, 149, 9, 180, 180, 0
L 26, 149, 9, 30, 145, 9, 180, 180, 0
L 30, 145, 9, 34, 134, 8, 180, 180, 0
L 34, 134, 8, 34, 132, 7, 180, 180, 0
L 34, 132, 7, 36, 130, 7, 180, 180, 0
L 36, 130, 7, 37, 129, 8, 180, 180, 0
L 37, 129, 8, 39, 129, 8, 180, 180, 0
L 39, 129, 8, 41, 127, 9, 180, 180, 0
L 41, 127, 9, 53, 121, 10, 180, 180, 0
L 53, 121, 10, 57, 120, 10, 180, 180, 0
L 57, 120, 10, 64, 121, 9, 180, 180, 0
L 64, 121, 9, 66, 122, 9, 180, 180, 0
L 66, 122, 9, 67, 122, 9, 180, 180, 0
L 67, 122, 9, 87, 129, 12, 180, 180, 0
L 87, 129, 12, 88, 130, 12, 180, 180, 0
L 88, 130, 12, 90, 130, 12, 180, 180, 0
L 90, 130, 12, 93, 131, 12, 180, 180, 0
L 93, 131, 12, 98, 130, 12, 180, 180, 0
L 98, 130, 12, 104, 129, 11, 180, 180, 0
L 104, 129, 11, 107, 127, 11, 180, 180, 0
L 107, 127, 11, 107, 126, 11, 180, 180, 0
L 107, 126, 11, 107, 112, 8, 180, 180, 0
L 107, 112, 8, 107, 95, 6, 180, 180, 0
L 107, 95, 6, 107, 78, 5, 180, 180, 0
L 107, 78, 5, 100, 68, 5, 180, 180, 0
L 100, 68, 5, 100, 66, 5, 180, 180, 0
L 100, 66, 5, 99, 64, 6, 180, 180, 0
L 99, 64, 6, 98, 56, 6, 180, 180, 0
L 98, 56, 6, 97, 54, 6, 180, 180, 0
L 97, 54, 6, 97, 53, 6, 180, 180, 0
L 97, 53, 6, 98, 51, 6, 180, 180, 0
L 98, 51, 6, 103, 46, 6, 180, 180, 0
L 103, 46, 6, 101, 47, 6, 180, 180, 0
L 101, 47, 6, 102, 45, 6, 180, 180, 0
L 102, 45, 6, 103, 44, 6, 180, 180, 0
L 103, 44, 6, 103, 40, 6, 180, 180, 0
L 103, 40, 6, 108, 28, 5, 180, 180, 0
L 108, 28, 5, 109, 24, 4, 180, 180, 0
L 109, 24, 4, 110, 23, 4, 180, 180, 0
L 110, 23, 4, 111, 22, 6, 180, 180, 0
L 111, 22, 6, 113, 22, 7, 180, 180, 0
L 113, 22, 7, 115, 21, 8, 180, 180, 0
L 115, 21, 8, 116, 21, 9, 180, 180, 0
L 116, 21, 9, 118, 20, 9, 180, 180, 0
L 118, 20, 9, 123, 17, 10, 180, 180, 0
L 123, 17, 10, 127, 14, 10, 180, 180, 0
L 127, 14, 10, 129, 14, 10, 180, 180, 0
L 129, 14, 10, 131, 16, 10, 180, 180, 0
L 131, 16, 10, 133, 19, 10, 180, 180, 0
L 133, 19, 10, 138, 27, 9, 180, 180, 0
L 138, 27, 9, 143, 35, 9, 180, 180, 0
L 143, 35, 9, 147, 44, 10, 180, 180, 0
L 147, 44, 10, 147, 45, 10, 180, 180, 0
L 147, 45, 10, 148, 48, 10, 180, 180, 0
L 148, 48, 10, 148, 50, 9, 180, 180, 0
L 148, 50, 9, 148, 55, 9, 180, 180, 0
L 148, 55, 9, 144, 63, 8, 180, 180, 0
L 144, 63, 8, 143, 64, 8, 180, 180, 0
L 143, 64, 8, 143, 66, 7, 180, 180, 0
L 143, 66, 7, 138, 80, 6, 180, 180, 0
L 138, 80, 6, 137, 82, 6, 180, 180, 0
L 137, 82, 6, 135, 83, 6, 180, 180, 0
L 135, 83, 6, 134, 85, 6, 180, 180, 0
L 134, 85, 6, 129, 90, 5, 180, 180, 0
L 129, 90, 5, 129, 99, 5, 180, 180, 0
L -221, -25, 13, -231, -25, 14, 180, 180, 0
L -231, -25, 14, -233, -25, 14, 180, 180, 0
L -233, -25, 14, -239, -25, 12, 180, 180, 0
L -239, -25, 12, -241, -24, 12, 180, 180, 0
L -241, -24, 12, -245, -20, 8, 180, 180, 0
L -245, -20, 8, -247, -19, 8, 180, 180, 0
L -247, -19, 8, -250, -17, 8, 180, 180, 0
L -250, -17, 8, -255, -15, 9, 180, 180, 0
L -255, -15, 9, -257, -15, 10, 180, 180, 0
L -257, -15, 10, -258, -15, 10, 180, 180, 0
L -258, -15, 10, -259, -16, 9, 180, 180, 0
L -259, -16, 9, -265, -22, 1, 180, 180, 0
L -265, -22, 1, -266, -23, 1, 180, 180, 0
L -266, -23, 1, -267, -25, 1, 180, 180, 0
L -267, -25, 1, -268, -26, 1, 180, 180, 0
L -268, -26, 1, -269, -27, 1, 180, 180, 0 
L -269, -27, 0, -270, -28, -2, 180, 180, 0
L -270, -28, -2, -273, -33, -2, 180, 180, 0
L -273, -33, -2, -274, -35, -1, 180, 180, 0
L -274, -35, -1, -275, -38, 2, 180, 180, 0
L -275, -38, 2, -275, -41, 5, 180, 180, 0
L -275, -41, 5, -276, -47, 6, 180, 180, 0
L -276, -47, 6, -276, -49, 6, 180, 180, 0
L -276, -49, 6, -277, -51, 6, 180, 180, 0
L -277, -51, 6, -277, -53, 5, 180, 180, 0
L -277, -53, 5, -277, -54, 1, 180, 180, 0
L -277, -54, 1, -276, -56, -4, 180, 180, 0
L -276, -56, -4, -275, -57, -4, 180, 180, 0
L -275, -57, -4, -275, -59, -4, 180, 180, 0
L -275, -59, -4, -274, -66, -4, 180, 180, 0
L -274, -66, -4, -273, -67, -4, 180, 180, 0
L -273, -67, -4, -269, -72, -4, 180, 180, 0
L -269, -72, -4, -269, -73, -4, 180, 180, 0
L -269, -73, -4, -268, -75, -4, 180, 180, 0
L -268, -75, -4, -268, -76, -3, 180, 180, 0
L -268, -76, -3, -267, -78, -3, 180, 180, 0
L -267, -78, -3, -266, -81, -3, 180, 180, 0
L -266, -81, -3, -268, -80, -3, 180, 180, 0
L -268, -80, -3, -266, -81, 2, 180, 180, 0
L -266, -81, 2, -265, -83, 2, 180, 180, 0
L -265, -83, 2, -265, -84, 1, 180, 180, 0
L -265, -84, 1, -264, -86, -1, 180, 180, 0
L -264, -86, -1, -264, -88, -2, 180, 180, 0
L -264, -88, -2, -263, -89, -3, 180, 180, 0
L -263, -89, -3, -262, -90, -2, 180, 180, 0
L -262, -90, -2, -258, -94, -2, 180, 180, 0
L -258, -94, -2, -257, -112, -1, 180, 180, 0
L -257, -112, -1, -257, -117, 1, 180, 180, 0 
L -257, -117, 0, -257, -119, 1, 180, 180, 0
L -257, -119, 1, -256, -120, 4, 180, 180, 0
L -256, -120, 4, -257, -122, 5, 180, 180, 0
L -257, -122, 5, -258, -122, 5, 180, 180, 0
L -258, -122, 5, -267, -130, 12, 180, 180, 0
L -267, -130, 12, -270, -131, 15, 180, 180, 0
L -270, -131, 15, -271, -132, 17, 180, 180, 0
L -271, -132, 17, -274, -132, 17, 180, 180, 0
L -274, -132, 17, -294, -129, 6, 180, 180, 0
L -294, -129, 6, -296, -128, 7, 180, 180, 0
L -296, -128, 7, -304, -123, 8, 180, 180, 0
L -304, -123, 8, -309, -120, 9, 180, 180, 0
L -309, -120, 9, -311, -121, 10, 180, 180, 0
L -311, -121, 10, -322, -126, 10, 180, 180, 0
L -322, -126, 10, -324, -127, 9, 180, 180, 0
L -324, -127, 9, -331, -130, 12, 180, 180, 0
L -331, -130, 12, -342, -131, 14, 180, 180, 0
L -342, -131, 14, -352, -131, 11, 180, 180, 0
L -352, -131, 11, -354, -130, 11, 180, 180, 0
L -354, -130, 11, -357, -130, 8, 180, 180, 0
L -357, -130, 8, -359, -129, 7, 180, 180, 0
L -359, -129, 7, -371, -121, 9, 180, 180, 0
L -371, -121, 9, -372, -120, 7, 180, 180, 0
L -372, -120, 7, -373, -119, 8, 180, 180, 0
L -373, -119, 8, -375, -119, 8, 180, 180, 0
L -375, -119, 8, -384, -117, 2, 180, 180, 0
L -384, -117, 2, -399, -115, -1, 180, 180, 0
L -399, -115, -1, -404, -113, -2, 180, 180, 0
L -404, -113, -2, -427, -119, 1, 180, 180, 0 
L -427, -119, 0, -428, -121, 1, 180, 180, 0 
L -428, -121, 0, -429, -122, 1, 180, 180, 0 
L -429, -122, 0, -430, -128, 3, 180, 180, 0
L -430, -128, 3, -430, -131, 5, 180, 180, 0
L -430, -131, 5, -430, -133, 6, 180, 180, 0
L -430, -133, 6, -431, -135, 6, 180, 180, 0
L -431, -135, 6, -432, -136, 6, 180, 180, 0
L -432, -136, 6, -434, -140, 4, 180, 180, 0
L -434, -140, 4, -436, -142, 4, 180, 180, 0
L -436, -142, 4, -443, -153, 5, 180, 180, 0
L -443, -153, 5, -443, -155, 5, 180, 180, 0
L -443, -155, 5, -442, -157, 4, 180, 180, 0
L -442, -157, 4, -442, -159, 3, 180, 180, 0
L -442, -159, 3, -441, -161, 2, 180, 180, 0
L -441, -161, 2, -441, -166, -3, 180, 180, 0
L -441, -166, -3, -440, -168, -7, 180, 180, 0
L -440, -168, -7, -431, -167, -7, 180, 180, 0
L -431, -167, -7, -429, -168, -7, 180, 180, 0
L -429, -168, -7, -428, -169, -7, 180, 180, 0
L -428, -169, -7, -422, -173, -6, 180, 180, 0
L -422, -173, -6, -420, -173, -5, 180, 180, 0
L -420, -173, -5, -415, -176, -5, 180, 180, 0
L -415, -176, -5, -416, -178, -6, 180, 180, 0
L -416, -178, -6, -416, -179, -8, 180, 180, 0
L -416, -179, -8, -416, -181, -8, 180, 180, 0
L -416, -181, -8, -417, -185, -9, 180, 180, 0
L -417, -185, -9, -421, -193, -9, 180, 180, 0
L -421, -193, -9, -423, -195, -9, 180, 180, 0
L -423, -195, -9, -425, -195, -9, 180, 180, 0
L -425, -195, -9, -434, -198, -8, 180, 180, 0
L -434, -198, -8, -438, -199, -8, 180, 180, 0
L -438, -199, -8, -439, -200, -8, 180, 180, 0
L -439, -200, -8, -440, -202, -5, 180, 180, 0
L -440, -202, -5, -440, -214, 5, 180, 180, 0
L -440, -214, 5, -441, -215, 5, 180, 180, 0
L -441, -215, 5, -442, -217, 4, 180, 180, 0
L -442, -217, 4, -442, -219, 5, 180, 180, 0
L -442, -219, 5, -442, -220, 5, 180, 180, 0
L -442, -220, 5, -441, -221, 4, 180, 180, 0
L -441, -221, 4, -435, -232, 4, 180, 180, 0
L -435, -232, 4, -433, -235, 4, 180, 180, 0
L -433, -235, 4, -426, -247, 9, 180, 180, 0
L -426, -247, 9, -424, -251, 10, 180, 180, 0
L -424, -251, 10, -424, -253, 9, 180, 180, 0
L -424, -253, 9, -423, -254, 9, 180, 180, 0
L -423, -254, 9, -423, -256, 9, 180, 180, 0
L -423, -256, 9, -422, -257, 8, 180, 180, 0
L -422, -257, 8, -419, -263, 8, 180, 180, 0
L -419, -263, 8, -419, -264, 8, 180, 180, 0
L -419, -264, 8, -420, -272, 3, 180, 180, 0
L -420, -272, 3, -420, -280, 1, 180, 180, 0
L -420, -280, 1, -420, -282, 1, 180, 180, 0
L -420, -282, 1, -421, -288, -1, 180, 180, 0
L -421, -288, -1, -421, -290, -1, 180, 180, 0
L -421, -290, -1, -420, -301, -2, 180, 180, 0
L -420, -301, -2, -420, -303, -2, 180, 180, 0
L -420, -303, -2, -421, -308, -1, 180, 180, 0
L -421, -308, -1, -421, -310, -1, 180, 180, 0
L -421, -310, -1, -423, -310, -1, 180, 180, 0
L -423, -310, -1, -427, -311, 1, 180, 180, 0 
L -427, -311, 0, -428, -313, 1, 180, 180, 0 
L -428, -313, 0, -429, -314, 1, 180, 180, 0 
L -429, -314, 0, -430, -322, 5, 180, 180, 0
L -430, -322, 5, -430, -324, 6, 180, 180, 0
L -430, -324, 6, -431, -326, 6, 180, 180, 0
L -431, -326, 6, -432, -327, 5, 180, 180, 0
L -432, -327, 5, -436, -334, 3, 180, 180, 0
L -436, -334, 3, -436, -335, 2, 180, 180, 0
L -436, -335, 2, -438, -338, -1, 180, 180, 0
L -438, -338, -1, -438, -340, -1, 180, 180, 0
L -438, -340, -1, -438, -347, 1, 180, 180, 0 
L -438, -347, 0, -438, -348, -1, 180, 180, 0
L -438, -348, -1, -441, -355, -6, 180, 180, 0
L -441, -355, -6, -428, -377, -9, 180, 180, 0
L -428, -377, -9, -428, -379, -9, 180, 180, 0
L -428, -379, -9, -420, -398, -11, 180, 180, 0
L -420, -398, -11, -420, -401, -12, 180, 180, 0
L -420, -401, -12, -419, -405, -12, 180, 180, 0
L -419, -405, -12, -419, -417, -12, 180, 180, 0
L -419, -417, -12, -421, -427, -11, 180, 180, 0
L -421, -427, -11, -423, -432, -10, 180, 180, 0
L -423, -432, -10, -428, -446, -8, 180, 180, 0
L -428, -446, -8, -430, -453, -7, 180, 180, 0
L -430, -453, -7, -432, -458, -7, 180, 180, 0
L -432, -458, -7, -434, -469, -5, 180, 180, 0
L -434, -469, -5, -434, -479, -5, 180, 180, 0
L -434, -479, -5, -430, -483, -6, 180, 180, 0
L -430, -483, -6, -425, -485, -6, 180, 180, 0
L -425, -485, -6, -413, -486, -6, 180, 180, 0
L -413, -486, -6, -410, -486, -6, 180, 180, 0
L -410, -486, -6, -400, -485, -5, 180, 180, 0
L -400, -485, -5, -397, -485, -5, 180, 180, 0
L -397, -485, -5, -393, -486, -5, 180, 180, 0
L -393, -486, -5, -388, -487, -5, 180, 180, 0
L -388, -487, -5, -381, -489, -5, 180, 180, 0
L -381, -489, -5, -374, -493, -5, 180, 180, 0
L -374, -493, -5, -372, -494, -6, 180, 180, 0
L -372, -494, -6, -357, -506, -6, 180, 180, 0
L -357, -506, -6, -343, -521, -6, 180, 180, 0
L -343, -521, -6, -335, -536, -7, 180, 180, 0
L -335, -536, -7, -332, -541, -6, 180, 180, 0
L -332, -541, -6, -332, -545, -2, 180, 180, 0
L -332, -545, -2, -330, -550, -2, 180, 180, 0
L -330, -550, -2, -330, -552, -2, 180, 180, 0
L -330, -552, -2, -330, -556, -3, 180, 180, 0
L -330, -556, -3, -329, -557, -5, 180, 180, 0
L -329, -557, -5, -330, -566, -7, 180, 180, 0
L -330, -566, -7, -330, -593, -8, 180, 180, 0
L -330, -593, -8, -332, -598, -8, 180, 180, 0
L -332, -598, -8, -330, -615, -8, 180, 180, 0
L -330, -615, -8, -331, -635, -8, 180, 180, 0
L -331, -635, -8, -343, -685, -8, 180, 180, 0
L -343, -685, -8, -345, -686, -8, 180, 180, 0
L -345, -686, -8, -364, -690, -7, 180, 180, 0
L -364, -690, -7, -374, -696, -7, 180, 180, 0
L -374, -696, -7, -376, -697, -6, 180, 180, 0
L -376, -697, -6, -396, -690, -6, 180, 180, 0
L -396, -690, -6, -410, -678, -6, 180, 180, 0
L -410, -678, -6, -459, -665, -7, 180, 180, 0
L -459, -665, -7, -502, -665, -7, 180, 180, 0
L -502, -665, -7, -523, -670, -5, 180, 180, 0
L -523, -670, -5, -525, -669, -5, 180, 180, 0
L -525, -669, -5, -528, -668, -6, 180, 180, 0
L -528, -668, -6, -529, -667, -6, 180, 180, 0
L -529, -667, -6, -531, -667, -6, 180, 180, 0
L -531, -667, -6, -548, -664, -6, 180, 180, 0
L -548, -664, -6, -551, -661, -6, 180, 180, 0
L -551, -661, -6, -564, -640, -3, 180, 180, 0
L -564, -640, -3, -565, -639, -4, 180, 180, 0
L -565, -639, -4, -566, -638, -4, 180, 180, 0
L -566, -638, -4, -568, -636, -3, 180, 180, 0
L -568, -636, -3, -569, -636, -3, 180, 180, 0
L -569, -636, -3, -571, -637, -2, 180, 180, 0
L -571, -637, -2, -573, -636, -3, 180, 180, 0
L -573, -636, -3, -581, -633, -7, 180, 180, 0
L -581, -633, -7, -588, -634, -7, 180, 180, 0
L -588, -634, -7, -589, -635, -7, 180, 180, 0
L -589, -635, -7, -599, -637, -7, 180, 180, 0
L -599, -637, -7, -600, -636, -8, 180, 180, 0
L -600, -636, -8, -602, -635, -8, 180, 180, 0
L -602, -635, -8, -603, -634, -7, 180, 180, 0
L -603, -634, -7, -603, -632, -7, 180, 180, 0
L -603, -632, -7, -604, -631, -7, 180, 180, 0
L -604, -631, -7, -610, -626, -7, 180, 180, 0
L -610, -626, -7, -629, -614, -6, 180, 180, 0
L -629, -614, -6, -629, -612, -6, 180, 180, 0
L -629, -612, -6, -628, -605, -6, 180, 180, 0
L -628, -605, -6, -627, -602, -6, 180, 180, 0
L -627, -602, -6, -623, -587, -3, 180, 180, 0
L -623, -587, -3, -622, -586, -3, 180, 180, 0
L -622, -586, -3, -609, -570, -5, 180, 180, 0
L -609, -570, -5, -604, -559, -6, 180, 180, 0
L -604, -559, -6, -603, -558, -6, 180, 180, 0
L -603, -558, -6, -596, -552, -7, 180, 180, 0
L -596, -552, -7, -558, -519, -5, 180, 180, 0
L -558, -519, -5, -533, -503, -5, 180, 180, 0
L -533, -503, -5, -532, -503, -5, 180, 180, 0
L -532, -503, -5, -530, -502, -5, 180, 180, 0
L -530, -502, -5, -529, -501, -5, 180, 180, 0
L -529, -501, -5, -508, -487, -5, 180, 180, 0
L -508, -487, -5, -504, -485, -5, 180, 180, 0
L -504, -485, -5, -501, -484, -5, 180, 180, 0
L -501, -484, -5, -500, -483, -5, 180, 180, 0
L -500, -483, -5, -498, -483, -5, 180, 180, 0
L -498, -483, -5, -479, -489, -5, 180, 180, 0
L -479, -489, -5, -478, -488, -5, 180, 180, 0
L -478, -488, -5, -466, -482, -5, 180, 180, 0
L -466, -482, -5, -465, -481, -5, 180, 180, 0
L -465, -481, -5, -466, -473, -5, 180, 180, 0
L -466, -473, -5, -468, -464, -6, 180, 180, 0
L -468, -464, -6, -470, -451, -7, 180, 180, 0
L -470, -451, -7, -469, -436, -8, 180, 180, 0
L -469, -436, -8, -466, -410, -10, 180, 180, 0
L -466, -410, -10, -467, -405, -10, 180, 180, 0
L -467, -405, -10, -470, -391, -9, 180, 180, 0
L -470, -391, -9, -469, -357, -6, 180, 180, 0
L -469, -357, -6, -468, -350, -6, 180, 180, 0
L -468, -350, -6, -467, -349, -5, 180, 180, 0
L -467, -349, -5, -466, -347, -4, 180, 180, 0
L -466, -347, -4, -466, -345, -2, 180, 180, 0
L -466, -345, -2, -466, -344, -2, 180, 180, 0
L -466, -344, -2, -467, -342, -3, 180, 180, 0
L -467, -342, -3, -468, -341, -3, 180, 180, 0
L -468, -341, -3, -469, -340, -2, 180, 180, 0
L -469, -340, -2, -471, -337, -1, 180, 180, 0
L -471, -337, -1, -474, -331, -1, 180, 180, 0
L -474, -331, -1, -476, -329, 1, 180, 180, 0 
L -476, -329, 0, -477, -328, -1, 180, 180, 0
L -477, -328, -1, -478, -326, -1, 180, 180, 0
L -478, -326, -1, -479, -325, -1, 180, 180, 0
L -479, -325, -1, -490, -318, 3, 180, 180, 0
L -490, -318, 3, -492, -317, 3, 180, 180, 0
L -492, -317, 3, -501, -308, 3, 180, 180, 0
L -501, -308, 3, -506, -302, 3, 180, 180, 0
L -506, -302, 3, -507, -299, 2, 180, 180, 0
L -507, -299, 2, -509, -297, 1, 180, 180, 0
L -509, -297, 1, -510, -294, 3, 180, 180, 0
L -510, -294, 3, -511, -293, 4, 180, 180, 0
L -511, -293, 4, -511, -291, 5, 180, 180, 0
L -511, -291, 5, -512, -289, 5, 180, 180, 0
L -512, -289, 5, -511, -283, 5, 180, 180, 0
L -511, -283, 5, -511, -281, 4, 180, 180, 0
L -511, -281, 4, -509, -278, 4, 180, 180, 0
L -509, -278, 4, -499, -261, 1, 180, 180, 0
L -499, -261, 1, -488, -245, 1, 180, 180, 0
L -488, -245, 1, -482, -237, 4, 180, 180, 0
L -482, -237, 4, -481, -236, 5, 180, 180, 0
L -481, -236, 5, -481, -235, 5, 180, 180, 0
L -481, -235, 5, -480, -233, 6, 180, 180, 0
L -480, -233, 6, -479, -232, 6, 180, 180, 0
L -479, -232, 6, -477, -229, 5, 180, 180, 0
L -477, -229, 5, -471, -217, 5, 180, 180, 0
L -471, -217, 5, -471, -216, 4, 180, 180, 0
L -471, -216, 4, -470, -213, 3, 180, 180, 0
L -470, -213, 3, -470, -212, 2, 180, 180, 0
L -470, -212, 2, -470, -209, 1, 180, 180, 0 
L -470, -209, 0, -469, -207, -4, 180, 180, 0
L -469, -207, -4, -470, -206, -4, 180, 180, 0
L -470, -206, -4, -471, -204, -4, 180, 180, 0
L -471, -204, -4, -475, -196, 1, 180, 180, 0 
L -475, -196, 0, -476, -195, 1, 180, 180, 0
L -476, -195, 1, -477, -193, 2, 180, 180, 0
L -477, -193, 2, -477, -191, 2, 180, 180, 0
L -477, -191, 2, -477, -187, 3, 180, 180, 0
L -477, -187, 3, -477, -185, 3, 180, 180, 0
L -477, -185, 3, -478, -178, 2, 180, 180, 0
L -478, -178, 2, -478, -177, 1, 180, 180, 0
L -478, -177, 1, -478, -166, 2, 180, 180, 0
L -478, -166, 2, -477, -165, 2, 180, 180, 0
L -477, -165, 2, -472, -155, 4, 180, 180, 0
L -472, -155, 4, -472, -153, 5, 180, 180, 0
L -472, -153, 5, -472, -152, 5, 180, 180, 0
L -472, -152, 5, -473, -151, 4, 180, 180, 0
L -473, -151, 4, -475, -147, 5, 180, 180, 0
L -475, -147, 5, -480, -139, 5, 180, 180, 0
L -480, -139, 5, -481, -138, 6, 180, 180, 0
L -481, -138, 6, -482, -136, 6, 180, 180, 0
L -482, -136, 6, -483, -135, 6, 180, 180, 0
L -483, -135, 6, -484, -134, 5, 180, 180, 0
L -484, -134, 5, -485, -132, 4, 180, 180, 0
L -485, -132, 4, -486, -131, 4, 180, 180, 0
L -486, -131, 4, -488, -128, 4, 180, 180, 0
L -488, -128, 4, -495, -121, 3, 180, 180, 0
L -495, -121, 3, -506, -111, 4, 180, 180, 0
L -506, -111, 4, -507, -110, 4, 180, 180, 0
L -507, -110, 4, -508, -108, 3, 180, 180, 0
L -508, -108, 3, -511, -103, 4, 180, 180, 0
L -511, -103, 4, -513, -100, 6, 180, 180, 0
L -513, -100, 6, -515, -96, 9, 180, 180, 0
L -515, -96, 9, -516, -93, 10, 180, 180, 0
L -516, -93, 10, -516, -92, 11, 180, 180, 0
L -516, -92, 11, -516, -90, 11, 180, 180, 0
L -516, -90, 11, -516, -85, 14, 180, 180, 0
L -516, -85, 14, -514, -81, 14, 180, 180, 0
L -514, -81, 14, -512, -80, 13, 180, 180, 0
L -512, -80, 13, -511, -79, 12, 180, 180, 0
L -511, -79, 12, -509, -78, 11, 180, 180, 0
L -509, -78, 11, -507, -77, 9, 180, 180, 0
L -507, -77, 9, -506, -76, 6, 180, 180, 0
L -506, -76, 6, -503, -72, 4, 180, 180, 0
L -503, -72, 4, -502, -71, 4, 180, 180, 0
L -502, -71, 4, -499, -67, 3, 180, 180, 0
L -499, -67, 3, -498, -66, 2, 180, 180, 0
L -498, -66, 2, -497, -65, 2, 180, 180, 0
L -497, -65, 2, -496, -64, 1, 180, 180, 0
L -496, -64, 1, -495, -62, 1, 180, 180, 0
L -495, -62, 1, -494, -61, 1, 180, 180, 0 
L -494, -61, 0, -493, -60, 1, 180, 180, 0 
L -493, -60, 0, -492, -58, 1, 180, 180, 0 
L -492, -58, 0, -485, -50, 3, 180, 180, 0
L -485, -50, 3, -482, -45, 4, 180, 180, 0
L -482, -45, 4, -481, -44, 5, 180, 180, 0
L -481, -44, 5, -481, -42, 6, 180, 180, 0
L -481, -42, 6, -479, -40, 6, 180, 180, 0
L -479, -40, 6, -478, -38, 5, 180, 180, 0
L -478, -38, 5, -472, -27, 5, 180, 180, 0
L -472, -27, 5, -472, -24, 5, 180, 180, 0
L -472, -24, 5, -478, -12, 5, 180, 180, 0
L -478, -12, 5, -479, -11, 5, 180, 180, 0
L -479, -11, 5, -480, -9, 5, 180, 180, 0
L -480, -9, 5, -480, -7, 5, 180, 180, 0
L -480, -7, 5, -481, 0, 7, 180, 180, 0
L -481, 0, 7, -481, 2, 8, 180, 180, 0
L -481, 2, 8, -481, 18, 5, 180, 180, 0
L -481, 18, 5, -481, 20, 4, 180, 180, 0
L -481, 20, 4, -480, 22, 2, 180, 180, 0
L -480, 22, 2, -479, 23, 2, 180, 180, 0
L -479, 23, 2, -479, 24, 2, 180, 180, 0
L -479, 24, 2, -477, 28, 2, 180, 180, 0
L -477, 28, 2, -475, 28, 2, 180, 180, 0
L -475, 28, 2, -473, 28, 1, 180, 180, 0 
L -473, 28, 0, -471, 28, -1, 180, 180, 0
L -471, 28, -1, -470, 28, -2, 180, 180, 0
L -470, 28, -2, -465, 27, -6, 180, 180, 0
L -465, 27, -6, -463, 26, -6, 180, 180, 0
L -463, 26, -6, -456, 26, -6, 180, 180, 0
L -456, 26, -6, -433, 26, -7, 180, 180, 0
L -433, 26, -7, -431, 26, -6, 180, 180, 0
L -431, 26, -6, -430, 25, -6, 180, 180, 0
L -430, 25, -6, -426, 23, -6, 180, 180, 0
L -426, 23, -6, -425, 22, -6, 180, 180, 0
L -425, 22, -6, -422, 20, -6, 180, 180, 0
L -422, 20, -6, -419, 18, -4, 180, 180, 0
L -419, 18, -4, -418, 17, -4, 180, 180, 0
L -418, 17, -4, -415, 15, -6, 180, 180, 0
L -415, 15, -6, -416, 12, -9, 180, 180, 0
L -416, 12, -9, -417, 10, -9, 180, 180, 0
L -417, 10, -9, -417, 2, -9, 180, 180, 0
L -417, 2, -9, -422, -2, -9, 180, 180, 0
L -422, -2, -9, -423, -3, -9, 180, 180, 0
L -423, -3, -9, -425, -3, -9, 180, 180, 0
L -425, -3, -9, -432, -6, -8, 180, 180, 0
L -432, -6, -8, -438, -7, -8, 180, 180, 0
L -438, -7, -8, -439, -8, -8, 180, 180, 0
L -439, -8, -8, -440, -10, -6, 180, 180, 0
L -440, -10, -6, -442, -13, -6, 180, 180, 0
L -442, -13, -6, -443, -14, -5, 180, 180, 0
L -443, -14, -5, -443, -16, -3, 180, 180, 0
L -443, -16, -3, -444, -23, 1, 180, 180, 0
L -444, -23, 1, -444, -25, 3, 180, 180, 0
L -444, -25, 3, -443, -28, 3, 180, 180, 0
L -443, -28, 3, -443, -30, 2, 180, 180, 0
L -443, -30, 2, -442, -31, 2, 180, 180, 0
L -442, -31, 2, -441, -33, 2, 180, 180, 0
L -441, -33, 2, -431, -46, 5, 180, 180, 0
L -431, -46, 5, -426, -55, 9, 180, 180, 0
L -426, -55, 9, -425, -58, 10, 180, 180, 0
L -425, -58, 10, -424, -60, 10, 180, 180, 0
L -424, -60, 10, -424, -62, 9, 180, 180, 0
L -424, -62, 9, -423, -63, 9, 180, 180, 0
L -423, -63, 9, -418, -74, 7, 180, 180, 0
L -418, -74, 7, -410, -90, 12, 180, 180, 0
L -410, -90, 12, -409, -91, 12, 180, 180, 0
L -409, -91, 12, -407, -92, 12, 180, 180, 0
L -407, -92, 12, -406, -93, -1, 180, 180, 0
L -406, -93, -1, -395, -94, -1, 180, 180, 0
L -395, -94, -1, -385, -93, -1, 180, 180, 0
L -385, -93, -1, -384, -93, -1, 180, 180, 0
L -384, -93, -1, -377, -94, 1, 180, 180, 0 
L -377, -94, 0, -377, -95, 1, 180, 180, 0 
L -377, -95, 0, -376, -97, 1, 180, 180, 0 
L -376, -97, 0, -375, -98, 2, 180, 180, 0
L -375, -98, 2, -373, -98, 2, 180, 180, 0
L -373, -98, 2, -367, -98, -1, 180, 180, 0
L -367, -98, -1, -366, -97, -1, 180, 180, 0
L -366, -97, -1, -358, -76, -3, 180, 180, 0
L -358, -76, -3, -357, -74, -3, 180, 180, 0
L -357, -74, -3, -355, -71, -2, 180, 180, 0
L -355, -71, -2, -354, -70, -1, 180, 180, 0
L -354, -70, -1, -351, -65, -2, 180, 180, 0
L -351, -65, -2, -345, -65, -2, 180, 180, 0
L -345, -65, -2, -338, -66, -3, 180, 180, 0
L -338, -66, -3, -335, -69, -3, 180, 180, 0
L -335, -69, -3, -333, -73, -3, 180, 180, 0
L -333, -73, -3, -332, -74, -3, 180, 180, 0
L -332, -74, -3, -329, -86, -3, 180, 180, 0
L -329, -86, -3, -328, -87, -2, 180, 180, 0
L -328, -87, -2, -327, -88, -2, 180, 180, 0
L -327, -88, -2, -326, -89, 1, 180, 180, 0 
L -326, -89, 0, -321, -90, 3, 180, 180, 0
L -321, -90, 3, -312, -92, 9, 180, 180, 0
L -312, -92, 9, -308, -91, 10, 180, 180, 0
L -308, -91, 10, -307, -90, 10, 180, 180, 0
L -307, -90, 10, -307, -89, 9, 180, 180, 0
L -307, -89, 9, -303, -85, 5, 180, 180, 0
L -303, -85, 5, -303, -84, 5, 180, 180, 0
L -303, -84, 5, -299, -79, 4, 180, 180, 0
L -299, -79, 4, -298, -79, 1, 180, 180, 0 
L -298, -79, 0, -297, -78, 1, 180, 180, 0 
L -297, -78, 0, -296, -76, 1, 180, 180, 0 
L -296, -76, 0, -293, -73, 1, 180, 180, 0 
L -293, -73, 0, -293, -71, 1, 180, 180, 0 
L -293, -71, 0, -292, -70, 2, 180, 180, 0
L -292, -70, 2, -292, -68, 4, 180, 180, 0
L -292, -68, 4, -291, -65, 5, 180, 180, 0
L -291, -65, 5, -291, -64, 5, 180, 180, 0
L -291, -64, 5, -290, -60, 6, 180, 180, 0
L -290, -60, 6, -290, -58, 6, 180, 180, 0
L -290, -58, 6, -289, -56, -4, 180, 180, 0
L -289, -56, -4, -289, -55, -4, 180, 180, 0
L -289, -55, -4, -290, -53, -2, 180, 180, 0
L -290, -53, -2, -290, -52, -2, 180, 180, 0
L -290, -52, -2, -292, -48, -4, 180, 180, 0
L -292, -48, -4, -292, -40, -4, 180, 180, 0
L -292, -40, -4, -293, -39, -4, 180, 180, 0
L -293, -39, -4, -297, -34, -4, 180, 180, 0
L -297, -34, -4, -297, -33, -4, 180, 180, 0
L -297, -33, -4, -298, -29, -3, 180, 180, 0
L -298, -29, -3, -299, -28, -3, 180, 180, 0
L -299, -28, -3, -301, -19, -3, 180, 180, 0
L -301, -19, -3, -302, -18, -3, 180, 180, 0
L -302, -18, -3, -304, -16, -2, 180, 180, 0
L -304, -16, -2, -308, -12, -2, 180, 180, 0
L -308, -12, -2, -308, -10, -2, 180, 180, 0
L -308, -10, -2, -308, 6, -1, 180, 180, 0
L -308, 6, -1, -309, 11, 1, 180, 180, 0 
L -309, 11, 0, -309, 13, 1, 180, 180, 0
L -309, 13, 1, -310, 17, 7, 180, 180, 0
L -310, 17, 7, -310, 20, 10, 180, 180, 0
L -310, 20, 10, -308, 21, 10, 180, 180, 0
L -308, 21, 10, -305, 23, 10, 180, 180, 0
L -305, 23, 10, -304, 24, 11, 180, 180, 0
L -304, 24, 11, -302, 25, 13, 180, 180, 0
L -302, 25, 13, -300, 25, 15, 180, 180, 0
L -300, 25, 15, -299, 26, 16, 180, 180, 0
L -299, 26, 16, -297, 27, 18, 180, 180, 0
L -297, 27, 18, -295, 27, 19, 180, 180, 0
L -295, 27, 19, -294, 27, 19, 180, 180, 0
L -294, 27, 19, -275, 27, 16, 180, 180, 0
L -275, 27, 16, -274, 27, 16, 180, 180, 0
L -274, 27, 16, -272, 26, 16, 180, 180, 0
L -272, 26, 16, -271, 25, 15, 180, 180, 0
L -271, 25, 15, -269, 24, 14, 180, 180, 0
L -269, 24, 14, -268, 23, 13, 180, 180, 0
L -268, 23, 13, -267, 21, 11, 180, 180, 0
L -267, 21, 11, -265, 19, 8, 180, 180, 0
L -265, 19, 8, -264, 18, 8, 180, 180, 0
L -264, 18, 8, -259, 16, 9, 180, 180, 0
L -259, 16, 9, -257, 14, 9, 180, 180, 0
L -257, 14, 9, -255, 14, 9, 180, 180, 0
L -255, 14, 9, -246, 14, 4, 180, 180, 0
L -246, 14, 4, -241, 14, -2, 180, 180, 0
L -241, 14, -2, -240, 15, -2, 180, 180, 0
L -240, 15, -2, -238, 16, -2, 180, 180, 0
L -238, 16, -2, -237, 17, -1, 180, 180, 0
L -237, 17, -1, -235, 19, -1, 180, 180, 0
L -235, 19, -1, -239, 29, -3, 180, 180, 0
L -239, 29, -3, -240, 31, -3, 180, 180, 0
L -240, 31, -3, -239, 33, -2, 180, 180, 0
L -239, 33, -2, -238, 34, -1, 180, 180, 0
L -238, 34, -1, -238, 36, 1, 180, 180, 0
L -238, 36, 1, -237, 41, 5, 180, 180, 0
L -237, 41, 5, -237, 42, 5, 180, 180, 0
L -237, 42, 5, -236, 44, 5, 180, 180, 0
L -236, 44, 5, -236, 47, 6, 180, 180, 0
L -236, 47, 6, -236, 49, 6, 180, 180, 0
L -236, 49, 6, -235, 50, 6, 180, 180, 0
L -235, 50, 6, -235, 54, 4, 180, 180, 0
L -235, 54, 4, -236, 56, 2, 180, 180, 0
L -236, 56, 2, -236, 59, -4, 180, 180, 0
L -236, 59, -4, -235, 61, -4, 180, 180, 0
L -235, 61, -4, -237, 65, -4, 180, 180, 0
L -237, 65, -4, -237, 66, -4, 180, 180, 0
L -237, 66, -4, -238, 68, -4, 180, 180, 0
L -238, 68, -4, -238, 70, -4, 180, 180, 0
L -238, 70, -4, -239, 71, -4, 180, 180, 0
L -239, 71, -4, -243, 74, -4, 180, 180, 0
L -243, 74, -4, -244, 76, -3, 180, 180, 0
L -244, 76, -3, -245, 77, -3, 180, 180, 0
L -245, 77, -3, -245, 79, -3, 180, 180, 0
L -245, 79, -3, -247, 85, -3, 180, 180, 0
L -247, 85, -3, -247, 87, -2, 180, 180, 0
L -247, 87, -2, -249, 88, -2, 180, 180, 0
L -249, 88, -2, -250, 89, 1, 180, 180, 0 
L -250, 89, 0, -251, 89, 2, 180, 180, 0
L -251, 89, 2, -261, 89, 9, 180, 180, 0
L -261, 89, 9, -262, 90, 9, 180, 180, 0
L -262, 90, 9, -263, 91, 8, 180, 180, 0
L -263, 91, 8, -265, 93, 8, 180, 180, 0
L -265, 93, 8, -267, 93, 8, 180, 180, 0
L -267, 93, 8, -277, 95, 2, 180, 180, 0
L -277, 95, 2, -296, 99, -2, 180, 180, 0
L -296, 99, -2, -301, 99, -2, 180, 180, 0
L -301, 99, -2, -304, 97, -1, 180, 180, 0
L -304, 97, -1, -319, 93, 1, 180, 180, 0 
L -319, 93, 0, -320, 91, 1, 180, 180, 0 
L -320, 91, 0, -321, 90, 1, 180, 180, 0 
L -321, 90, 0, -327, 80, -2, 180, 180, 0
L -327, 80, -2, -328, 78, -3, 180, 180, 0
L -328, 78, -3, -330, 77, -3, 180, 180, 0
L -330, 77, -3, -331, 77, -4, 180, 180, 0
L -331, 77, -4, -333, 78, -6, 180, 180, 0
L -333, 78, -6, -346, 78, -6, 180, 180, 0
L -346, 78, -6, -356, 78, -7, 180, 180, 0
L -356, 78, -7, -365, 78, -5, 180, 180, 0
L -365, 78, -5, -367, 78, -5, 180, 180, 0
L -367, 78, -5, -369, 79, -4, 180, 180, 0
L -369, 79, -4, -371, 79, -3, 180, 180, 0
L -371, 79, -3, -379, 83, 3, 180, 180, 0
L -379, 83, 3, -380, 84, 4, 180, 180, 0
L -380, 84, 4, -388, 92, 3, 180, 180, 0
L -388, 92, 3, -397, 101, 3, 180, 180, 0
L -397, 101, 3, -397, 102, 2, 180, 180, 0
L -397, 102, 2, -398, 104, 2, 180, 180, 0
L -398, 104, 2, -398, 105, 1, 180, 180, 0
L -398, 105, 1, -399, 107, 1, 180, 180, 0 
L -399, 107, 0, -398, 113, -2, 180, 180, 0
L -398, 113, -2, -397, 122, -3, 180, 180, 0
L -397, 122, -3, -395, 130, -1, 180, 180, 0
L -395, 130, -1, -395, 132, -1, 180, 180, 0
L -395, 132, -1, -394, 133, 1, 180, 180, 0 
L -394, 133, 0, -390, 143, 1, 180, 180, 0 
L -390, 143, 0, -389, 145, -1, 180, 180, 0
L -389, 145, -1, -386, 150, -1, 180, 180, 0
L -386, 150, -1, -382, 156, 1, 180, 180, 0
L -382, 156, 1, -373, 167, 4, 180, 180, 0
L -373, 167, 4, -373, 169, 5, 180, 180, 0
L -373, 169, 5, -371, 171, 6, 180, 180, 0
L -371, 171, 6, -366, 180, 5, 180, 180, 0
L -366, 180, 5, -364, 185, 5, 180, 180, 0
L -364, 185, 5, -363, 187, 5, 180, 180, 0
L -363, 187, 5, -364, 199, -7, 180, 180, 0
L -364, 199, -7, -376, 200, -7, 180, 180, 0
L -376, 200, -7, -378, 201, -7, 180, 180, 0
L -378, 201, -7, -379, 201, -7, 180, 180, 0
L -379, 201, -7, -380, 202, -8, 180, 180, 0
L -380, 202, -8, -381, 203, -8, 180, 180, 0
L -381, 203, -8, -383, 204, -7, 180, 180, 0
L -383, 204, -7, -384, 205, -7, 180, 180, 0
L -384, 205, -7, -390, 209, -7, 180, 180, 0
L -390, 209, -7, -390, 211, -8, 180, 180, 0
L -390, 211, -8, -389, 222, -9, 180, 180, 0
L -389, 222, -9, -383, 227, -9, 180, 180, 0
L -383, 227, -9, -381, 227, -9, 180, 180, 0
L -381, 227, -9, -372, 230, -8, 180, 180, 0
L -372, 230, -8, -368, 231, -8, 180, 180, 0
L -368, 231, -8, -366, 233, -6, 180, 180, 0
L -366, 233, -6, -364, 240, -3, 180, 180, 0
L -364, 240, -3, -364, 242, -1, 180, 180, 0
L -364, 242, -1, -364, 254, 4, 180, 180, 0
L -364, 254, 4, -365, 256, 3, 180, 180, 0
L -365, 256, 3, -365, 257, 3, 180, 180, 0
L -365, 257, 3, -367, 263, 1, 180, 180, 0
L -367, 263, 1, -371, 274, 4, 180, 180, 0
L -371, 274, 4, -371, 276, 5, 180, 180, 0
L -371, 276, 5, -372, 277, 6, 180, 180, 0
L -372, 277, 6, -372, 282, 7, 180, 180, 0
L -372, 282, 7, -373, 287, 6, 180, 180, 0
L -373, 287, 6, -374, 292, 6, 180, 180, 0
L -374, 292, 6, -373, 298, 5, 180, 180, 0
L -373, 298, 5, -370, 301, 2, 180, 180, 0
L -370, 301, 2, -369, 303, 2, 180, 180, 0
L -369, 303, 2, -367, 304, 2, 180, 180, 0
L -367, 304, 2, -366, 304, 1, 180, 180, 0
L -366, 304, 1, -360, 303, -4, 180, 180, 0
L -360, 303, -4, -357, 303, -6, 180, 180, 0
L -357, 303, -6, -355, 302, -6, 180, 180, 0
L -355, 302, -6, -346, 302, -4, 180, 180, 0
L -346, 302, -4, -336, 302, -6, 180, 180, 0
L -336, 302, -6, -326, 302, -7, 180, 180, 0
L -326, 302, -7, -324, 302, -7, 180, 180, 0
L -324, 302, -7, -323, 301, -7, 180, 180, 0
L -323, 301, -7, -322, 301, -6, 180, 180, 0
L -322, 301, -6, -320, 300, -6, 180, 180, 0
L -320, 300, -6, -314, 296, -6, 180, 180, 0
L -314, 296, -6, -313, 296, -4, 180, 180, 0
L -313, 296, -4, -311, 295, -2, 180, 180, 0
L -311, 295, -2, -309, 295, 1, 180, 180, 0 
L -309, 295, 0, -308, 295, 1, 180, 180, 0 
L -308, 295, 0, -301, 293, -1, 180, 180, 0
L -301, 293, -1, -299, 293, -9, 180, 180, 0
L -299, 293, -9, -294, 295, -9, 180, 180, 0
L -294, 295, -9, -292, 296, -9, 180, 180, 0
L -292, 296, -9, -288, 295, -9, 180, 180, 0
L -288, 295, -9, -284, 295, -9, 180, 180, 0
L -284, 295, -9, -283, 296, -9, 180, 180, 0
L -283, 296, -9, -277, 301, -9, 180, 180, 0
L -277, 301, -9, -275, 301, -9, 180, 180, 0
L -275, 301, -9, -266, 304, -8, 180, 180, 0
L -266, 304, -8, -265, 305, -8, 180, 180, 0
L -265, 305, -8, -262, 305, -7, 180, 180, 0
L -262, 305, -7, -261, 306, -7, 180, 180, 0
L -261, 306, -7, -260, 308, -5, 180, 180, 0
L -260, 308, -5, -260, 309, -4, 180, 180, 0
L -260, 309, -4, -259, 320, 4, 180, 180, 0
L -259, 320, 4, -259, 322, 5, 180, 180, 0
L -259, 322, 5, -258, 323, 4, 180, 180, 0
L -258, 323, 4, -258, 325, 5, 180, 180, 0
L -258, 325, 5, -259, 326, 5, 180, 180, 0
L -259, 326, 5, -260, 328, 1, 180, 180, 0 
L -260, 328, 0, -261, 329, 1, 180, 180, 0 
L -261, 329, 0, -269, 334, -1, 180, 180, 0
L -269, 334, -1, -277, 340, -2, 180, 180, 0
L -277, 340, -2, -280, 341, -2, 180, 180, 0
L -280, 341, -2, -281, 342, -1, 180, 180, 0
L -281, 342, -1, -282, 342, 1, 180, 180, 0 
L -282, 342, 0, -288, 344, 1, 180, 180, 0 
L -288, 344, 0, -289, 344, 1, 180, 180, 0
L -289, 344, 1, -293, 345, 1, 180, 180, 0
L -293, 345, 1, -295, 345, 1, 180, 180, 0 
L -295, 345, 0, -296, 345, -1, 180, 180, 0
L -296, 345, -1, -298, 344, -4, 180, 180, 0
L -298, 344, -4, -300, 343, -9, 180, 180, 0
L -300, 343, -9, -304, 343, -9, 180, 180, 0
L -304, 343, -9, -308, 342, -9, 180, 180, 0
L -308, 342, -9, -309, 342, -9, 180, 180, 0
L -309, 342, -9, -315, 337, -9, 180, 180, 0
L -315, 337, -9, -317, 337, -9, 180, 180, 0
L -317, 337, -9, -325, 334, -8, 180, 180, 0
L -325, 334, -8, -330, 333, -8, 180, 180, 0
L -330, 333, -8, -332, 332, -8, 180, 180, 0
L -332, 332, -8, -340, 326, -7, 180, 180, 0
L -340, 326, -7, -352, 326, -7, 180, 180, 0
L -352, 326, -7, -354, 326, -6, 180, 180, 0
L -354, 326, -6, -364, 325, -2, 180, 180, 0
L -364, 325, -2, -366, 325, 1, 180, 180, 0 
L -366, 325, 0, -366, 327, 1, 180, 180, 0 
L -366, 327, 0, -367, 329, 1, 180, 180, 0 
L -367, 329, 0, -371, 345, 5, 180, 180, 0
L -371, 345, 5, -372, 346, 6, 180, 180, 0
L -372, 346, 6, -371, 353, 3, 180, 180, 0
L -371, 353, 3, -371, 355, 2, 180, 180, 0
L -371, 355, 2, -370, 357, 2, 180, 180, 0
L -370, 357, 2, -370, 361, 1, 180, 180, 0 
L -370, 361, 0, -369, 362, -1, 180, 180, 0
L -369, 362, -1, -368, 364, -1, 180, 180, 0
L -368, 364, -1, -367, 368, 1, 180, 180, 0
L -367, 368, 1, -367, 370, 2, 180, 180, 0
L -367, 370, 2, -366, 371, 3, 180, 180, 0
L -366, 371, 3, -366, 373, 3, 180, 180, 0
L -366, 373, 3, -364, 376, 4, 180, 180, 0
L -364, 376, 4, -363, 378, 5, 180, 180, 0
L -363, 378, 5, -364, 381, 4, 180, 180, 0
L -364, 381, 4, -367, 385, 5, 180, 180, 0
L -367, 385, 5, -371, 393, 5, 180, 180, 0
L -371, 393, 5, -373, 394, 6, 180, 180, 0
L -373, 394, 6, -374, 396, 6, 180, 180, 0
L -374, 396, 6, -374, 397, 4, 180, 180, 0
L -374, 397, 4, -375, 398, 4, 180, 180, 0
L -375, 398, 4, -376, 400, 4, 180, 180, 0
L -376, 400, 4, -389, 412, 3, 180, 180, 0
L -389, 412, 3, -390, 413, 4, 180, 180, 0
L -390, 413, 4, -391, 414, 4, 180, 180, 0
L -391, 414, 4, -393, 415, 4, 180, 180, 0
L -393, 415, 4, -394, 415, 3, 180, 180, 0
L -394, 415, 3, -396, 416, 3, 180, 180, 0
L -396, 416, 3, -397, 417, 2, 180, 180, 0
L -397, 417, 2, -402, 418, 5, 180, 180, 0
L -402, 418, 5, -403, 420, 6, 180, 180, 0
L -403, 420, 6, -404, 421, 7, 180, 180, 0
L -404, 421, 7, -405, 422, 7, 180, 180, 0
L -405, 422, 7, -410, 427, 6, 180, 180, 0
L -410, 427, 6, -412, 427, 6, 180, 180, 0
L -412, 427, 6, -446, 417, 2, 180, 180, 0
L -446, 417, 2, -460, 417, 1, 180, 180, 0 
L -460, 417, 0, -479, 419, 1, 180, 180, 0 
L -479, 419, 0, -489, 420, 2, 180, 180, 0
L -489, 420, 2, -500, 422, 3, 180, 180, 0
L -500, 422, 3, -531, 425, 7, 180, 180, 0
L -531, 425, 7, -533, 425, 7, 180, 180, 0
L -533, 425, 7, -540, 424, 6, 180, 180, 0
L -540, 424, 6, -543, 409, 6, 180, 180, 0
L -543, 409, 6, -546, 394, 7, 180, 180, 0
L -546, 394, 7, -550, 371, 7, 180, 180, 0
L -550, 371, 7, -551, 369, 7, 180, 180, 0
L -551, 369, 7, -552, 366, 7, 180, 180, 0
L -552, 366, 7, -553, 364, 6, 180, 180, 0
L -553, 364, 6, -555, 363, 6, 180, 180, 0
L -555, 363, 6, -566, 353, 6, 180, 180, 0
L -566, 353, 6, -598, 362, 6, 180, 180, 0
L -598, 362, 6, -632, 395, 4, 180, 180, 0
L -632, 395, 4, -654, 403, 5, 180, 180, 0
L -654, 403, 5, -664, 408, 5, 180, 180, 0
L -664, 408, 5, -665, 409, 10, 180, 180, 0
L -665, 409, 10, -674, 414, 9, 180, 180, 0
L -674, 414, 9, -688, 423, 5, 180, 180, 0
L -688, 423, 5, -689, 425, 5, 180, 180, 0
L -689, 425, 5, -699, 448, 9, 180, 180, 0
L -699, 448, 9, -700, 449, 9, 180, 180, 0
L -700, 449, 9, -701, 451, 9, 180, 180, 0
L -701, 451, 9, -702, 452, 8, 180, 180, 0
L -702, 452, 8, -704, 453, 7, 180, 180, 0
L -704, 453, 7, -706, 453, 5, 180, 180, 0
L -706, 453, 5, -714, 457, 5, 180, 180, 0
L -714, 457, 5, -717, 459, 5, 180, 180, 0
L -717, 459, 5, -718, 460, 7, 180, 180, 0
L -718, 460, 7, -734, 475, 7, 180, 180, 0
L -734, 475, 7, -749, 517, 11, 180, 180, 0
L -749, 517, 11, -764, 546, 14, 180, 180, 0
L -764, 546, 14, -765, 549, 14, 180, 180, 0
L -765, 549, 14, -767, 554, 14, 180, 180, 0
L -767, 554, 14, -767, 555, 14, 180, 180, 0
L -767, 555, 14, -769, 563, 12, 180, 180, 0
L -769, 563, 12, -769, 565, 12, 180, 180, 0
L -769, 565, 12, -770, 583, 7, 180, 180, 0
L -770, 583, 7, -770, 585, 7, 180, 180, 0
L -770, 585, 7, -770, 591, 6, 180, 180, 0
L -770, 591, 6, -771, 593, 6, 180, 180, 0
L -771, 593, 6, -772, 594, 6, 180, 180, 0
L -772, 594, 6, -774, 597, 7, 180, 180, 0
L -774, 597, 7, -781, 611, 7, 180, 180, 0
L -781, 611, 7, -782, 618, 7, 180, 180, 0
L -782, 618, 7, -781, 620, 7, 180, 180, 0
L -781, 620, 7, -782, 627, 7, 180, 180, 0
L -782, 627, 7, -782, 628, 7, 180, 180, 0
L -782, 628, 7, -783, 630, 7, 180, 180, 0
L -783, 630, 7, -791, 638, 7, 180, 180, 0
L -791, 638, 7, -787, 645, 7, 180, 180, 0
L -787, 645, 7, -782, 653, 7, 180, 180, 0
L -782, 653, 7, -781, 654, 7, 180, 180, 0
L -781, 654, 7, -780, 657, 7, 180, 180, 0
L -780, 657, 7, -775, 668, 7, 180, 180, 0
L -775, 668, 7, -774, 671, 7, 180, 180, 0
L -774, 671, 7, -772, 672, 7, 180, 180, 0
L -772, 672, 7, -772, 673, 7, 180, 180, 0
L -772, 673, 7, -771, 674, 7, 180, 180, 0
L -771, 674, 7, -754, 683, 7, 180, 180, 0
L -754, 683, 7, -734, 693, 7, 180, 180, 0
L -734, 693, 7, -731, 694, 7, 180, 180, 0
L -731, 694, 7, -729, 695, 7, 180, 180, 0
L -729, 695, 7, -728, 694, 7, 180, 180, 0
L -728, 694, 7, -717, 692, 7, 180, 180, 0
L -717, 692, 7, -714, 691, 7, 180, 180, 0
L -714, 691, 7, -713, 691, 7, 180, 180, 0
L -713, 691, 7, -691, 693, 7, 180, 180, 0
L -691, 693, 7, -681, 692, 7, 180, 180, 0
L -681, 692, 7, -669, 692, 7, 180, 180, 0
L -669, 692, 7, -641, 692, 12, 180, 180, 0
L -641, 692, 12, -631, 691, 14, 180, 180, 0
L -631, 691, 14, -608, 692, 18, 180, 180, 0
L -608, 692, 18, -606, 692, 18, 180, 180, 0
L -606, 692, 18, -603, 691, 18, 180, 180, 0
L -603, 691, 18, -593, 690, 18, 180, 180, 0
L -593, 690, 18, -591, 689, 18, 180, 180, 0
L -591, 689, 18, -588, 687, 18, 180, 180, 0
L -588, 687, 18, -559, 671, 19, 180, 180, 0
L -559, 671, 19, -557, 669, 18, 180, 180, 0
L -557, 669, 18, -555, 667, 18, 180, 180, 0
L -555, 667, 18, -554, 665, 18, 180, 180, 0
L -554, 665, 18, -549, 635, 18, 180, 180, 0
L -549, 635, 18, -548, 633, 18, 180, 180, 0
L -548, 633, 18, -543, 619, 14, 180, 180, 0
L -543, 619, 14, -543, 616, 14, 180, 180, 0
L -543, 616, 14, -543, 593, 8, 180, 180, 0
L -543, 593, 8, -543, 592, 8, 180, 180, 0
L -543, 592, 8, -542, 590, 8, 180, 180, 0
L -542, 590, 8, -542, 588, 7, 180, 180, 0
L -542, 588, 7, -541, 586, 7, 180, 180, 0
L -541, 586, 7, -540, 581, 7, 180, 180, 0
L -540, 581, 7, -539, 574, 7, 180, 180, 0
L -539, 574, 7, -540, 573, 7, 180, 180, 0
L -540, 573, 7, -541, 558, 7, 180, 180, 0
L -541, 558, 7, -541, 534, 7, 180, 180, 0
L -541, 534, 7, -540, 527, 10, 180, 180, 0
L -540, 527, 10, -540, 526, 12, 180, 180, 0
L -540, 526, 12, -541, 498, 7, 180, 180, 0
L -541, 498, 7, -543, 491, 7, 180, 180, 0
L -543, 491, 7, -543, 469, 7, 180, 180, 0
L -543, 469, 7, -542, 464, 7, 180, 180, 0
L -542, 464, 7, -539, 464, 7, 180, 180, 0
L -539, 464, 7, -518, 468, 6, 180, 180, 0
L -518, 468, 6, -501, 468, 4, 180, 180, 0
L -501, 468, 4, -467, 464, 2, 180, 180, 0
L -467, 464, 2, -459, 466, 2, 180, 180, 0
L -459, 466, 2, -449, 468, 3, 180, 180, 0
L -449, 468, 3, -447, 468, 3, 180, 180, 0
L -447, 468, 3, -404, 468, 7, 180, 180, 0
L -404, 468, 7, -402, 469, 7, 180, 180, 0
L -402, 469, 7, -400, 469, 6, 180, 180, 0
L -400, 469, 6, -398, 470, 5, 180, 180, 0
L -398, 470, 5, -396, 469, 4, 180, 180, 0
L -396, 469, 4, -387, 470, 1, 180, 180, 0
L -387, 470, 1, -384, 473, 1, 180, 180, 0 
L -384, 473, 0, -376, 483, 3, 180, 180, 0
L -376, 483, 3, -371, 490, 5, 180, 180, 0
L -371, 490, 5, -370, 492, 4, 180, 180, 0
L -370, 492, 4, -369, 493, 4, 180, 180, 0
L -369, 493, 4, -367, 494, 3, 180, 180, 0
L -367, 494, 3, -365, 494, 2, 180, 180, 0
L -365, 494, 2, -364, 495, 1, 180, 180, 0 
L -364, 495, 0, -358, 494, -5, 180, 180, 0
L -358, 494, -5, -347, 493, -7, 180, 180, 0
L -347, 493, -7, -341, 493, -7, 180, 180, 0
L -341, 493, -7, -339, 492, -8, 180, 180, 0
L -339, 492, -8, -338, 491, -8, 180, 180, 0
L -338, 491, -8, -336, 490, -8, 180, 180, 0
L -336, 490, -8, -334, 488, -8, 180, 180, 0
L -334, 488, -8, -330, 483, -5, 180, 180, 0
L -330, 483, -5, -329, 481, -3, 180, 180, 0
L -329, 481, -3, -326, 477, -1, 180, 180, 0
L -326, 477, -1, -324, 471, -1, 180, 180, 0
L -324, 471, -1, -320, 462, -2, 180, 180, 0
L -320, 462, -2, -311, 443, 2, 180, 180, 0
L -311, 443, 2, -311, 442, 2, 180, 180, 0
L -311, 442, 2, -310, 440, 2, 180, 180, 0
L -310, 440, 2, -310, 439, 2, 180, 180, 0
L -310, 439, 2, -311, 435, 1, 180, 180, 0 
L -311, 435, 0, -311, 433, -1, 180, 180, 0
L -311, 433, -1, -311, 417, -1, 180, 180, 0
L -311, 417, -1, -312, 415, -1, 180, 180, 0
L -312, 415, -1, -313, 414, -1, 180, 180, 0
L -313, 414, -1, -319, 412, 1, 180, 180, 0 
L -319, 412, 0, -321, 410, 1, 180, 180, 0 
L -321, 410, 0, -325, 400, 1, 180, 180, 0 
L -325, 400, 0, -327, 397, 1, 180, 180, 0 
L -327, 397, 0, -332, 383, 4, 180, 180, 0
L -332, 383, 4, -334, 379, 4, 180, 180, 0
L -334, 379, 4, -335, 378, 5, 180, 180, 0
L -335, 378, 5, -334, 374, 4, 180, 180, 0
L -334, 374, 4, -334, 372, 3, 180, 180, 0
L -334, 372, 3, -333, 368, 1, 180, 180, 0 
L -333, 368, 0, -333, 367, -2, 180, 180, 0
L -333, 367, -2, -333, 364, -7, 180, 180, 0
L -333, 364, -7, -331, 365, -7, 180, 180, 0
L -331, 365, -7, -325, 367, -7, 180, 180, 0
L -325, 367, -7, -324, 366, -6, 180, 180, 0
L -324, 366, -6, -322, 365, -6, 180, 180, 0
L -322, 365, -6, -321, 364, -5, 180, 180, 0
L -321, 364, -5, -319, 364, -5, 180, 180, 0
L -319, 364, -5, -314, 360, -5, 180, 180, 0
L -314, 360, -5, -312, 360, -4, 180, 180, 0
L -312, 360, -4, -310, 359, -1, 180, 180, 0
L -310, 359, -1, -309, 359, -1, 180, 180, 0
L -309, 359, -1, -301, 358, 1, 180, 180, 0 
L -301, 358, 0, -302, 356, -4, 180, 180, 0
L -302, 356, -4, -300, 356, -7, 180, 180, 0
L -300, 356, -7, -299, 356, -9, 180, 180, 0
L -299, 356, -9, -291, 356, -9, 180, 180, 0
L -291, 356, -9, -287, 359, -9, 180, 180, 0
L -287, 359, -9, -285, 359, -9, 180, 180, 0
L -285, 359, -9, -283, 360, -9, 180, 180, 0
L -283, 360, -9, -282, 361, -9, 180, 180, 0
L -282, 361, -9, -276, 365, -9, 180, 180, 0
L -276, 365, -9, -268, 368, -8, 180, 180, 0
L -268, 368, -8, -262, 369, -8, 180, 180, 0
L -262, 369, -8, -261, 370, -8, 180, 180, 0
L -261, 370, -8, -260, 371, -7, 180, 180, 0
L -260, 371, -7, -254, 376, -7, 180, 180, 0
L -254, 376, -7, -239, 376, -7, 180, 180, 0
L -239, 376, -7, -230, 378, -3, 180, 180, 0
L -230, 378, -3, -228, 378, 1, 180, 180, 0 
L -228, 378, 0, -226, 378, 1, 180, 180, 0
L -226, 378, 1, -225, 378, 3, 180, 180, 0
L -225, 378, 3, -223, 377, 5, 180, 180, 0
L -223, 377, 5, -222, 375, 5, 180, 180, 0
L -222, 375, 5, -221, 372, 4, 180, 180, 0
L -221, 372, 4, -219, 359, 7, 180, 180, 0
L -219, 359, 7, -219, 358, 8, 180, 180, 0
L -219, 358, 8, -219, 341, 4, 180, 180, 0
L -219, 341, 4, -220, 339, 3, 180, 180, 0
L -220, 339, 3, -221, 338, 2, 180, 180, 0
L -221, 338, 2, -222, 337, 2, 180, 180, 0
L -222, 337, 2, -224, 333, 2, 180, 180, 0
L -224, 333, 2, -228, 325, 4, 180, 180, 0
L -228, 325, 4, -229, 324, 5, 180, 180, 0
L -229, 324, 5, -228, 322, 5, 180, 180, 0
L -228, 322, 5, -226, 316, 3, 180, 180, 0
L -226, 316, 3, -226, 314, 2, 180, 180, 0
L -226, 314, 2, -225, 311, 1, 180, 180, 0
L -225, 311, 1, -224, 308, 1, 180, 180, 0
L -224, 308, 1, -220, 299, 6, 180, 180, 0
L -220, 299, 6, -219, 296, 7, 180, 180, 0
L -219, 296, 7, -219, 295, 8, 180, 180, 0
L -219, 295, 8, -218, 288, 8, 180, 180, 0
L -218, 288, 8, -218, 286, 8, 180, 180, 0
L -218, 286, 8, -218, 276, 6, 180, 180, 0
L -218, 276, 6, -220, 275, 5, 180, 180, 0
L -220, 275, 5, -221, 274, 4, 180, 180, 0
L -221, 274, 4, -222, 272, 2, 180, 180, 0
L -222, 272, 2, -223, 271, 2, 180, 180, 0
L -223, 271, 2, -225, 270, 2, 180, 180, 0
L -225, 270, 2, -228, 270, -1, 180, 180, 0
L -228, 270, -1, -230, 270, -4, 180, 180, 0
L -230, 270, -4, -232, 271, -5, 180, 180, 0
L -232, 271, -5, -238, 272, -6, 180, 180, 0
L -238, 272, -6, -250, 272, -6, 180, 180, 0
L -250, 272, -6, -266, 272, -7, 180, 180, 0
L -266, 272, -7, -268, 272, -7, 180, 180, 0
L -268, 272, -7, -269, 273, -7, 180, 180, 0
L -269, 273, -7, -271, 274, -7, 180, 180, 0
L -271, 274, -7, -272, 275, -8, 180, 180, 0
L -272, 275, -8, -273, 276, -8, 180, 180, 0
L -273, 276, -8, -277, 278, -7, 180, 180, 0
L -277, 278, -7, -278, 278, -5, 180, 180, 0
L -278, 278, -5, -280, 278, -3, 180, 180, 0
L -280, 278, -3, -290, 280, 1, 180, 180, 0
L -290, 280, 1, -292, 280, 1, 180, 180, 0
L -292, 280, 1, -294, 281, 1, 180, 180, 0 
L -294, 281, 0, -295, 281, 1, 180, 180, 0 
L -295, 281, 0, -297, 281, -2, 180, 180, 0
L -297, 281, -2, -303, 279, -9, 180, 180, 0
L -303, 279, -9, -307, 279, -9, 180, 180, 0
L -307, 279, -9, -309, 278, -9, 180, 180, 0
L -309, 278, -9, -315, 273, -9, 180, 180, 0
L -315, 273, -9, -317, 273, -9, 180, 180, 0
L -317, 273, -9, -326, 270, -8, 180, 180, 0
L -326, 270, -8, -330, 269, -8, 180, 180, 0
L -330, 269, -8, -331, 268, -7, 180, 180, 0
L -331, 268, -7, -332, 266, -6, 180, 180, 0
L -332, 266, -6, -334, 260, -2, 180, 180, 0
L -334, 260, -2, -334, 258, 1, 180, 180, 0 
L -334, 258, 0, -334, 251, 4, 180, 180, 0
L -334, 251, 4, -334, 250, 5, 180, 180, 0
L -334, 250, 5, -334, 247, 4, 180, 180, 0
L -334, 247, 4, -329, 234, 2, 180, 180, 0
L -329, 234, 2, -328, 233, 3, 180, 180, 0
L -328, 233, 3, -327, 230, 4, 180, 180, 0
L -327, 230, 4, -325, 221, 7, 180, 180, 0
L -325, 221, 7, -325, 214, 8, 180, 180, 0
L -325, 214, 8, -324, 213, 7, 180, 180, 0
L -324, 213, 7, -325, 205, 4, 180, 180, 0
L -325, 205, 4, -325, 203, 3, 180, 180, 0
L -325, 203, 3, -326, 202, 3, 180, 180, 0
L -326, 202, 3, -328, 198, 2, 180, 180, 0
L -328, 198, 2, -334, 188, 4, 180, 180, 0
L -334, 188, 4, -335, 186, 5, 180, 180, 0
L -335, 186, 5, -334, 185, 5, 180, 180, 0
L -334, 185, 5, -333, 182, 4, 180, 180, 0
L -333, 182, 4, -325, 170, 4, 180, 180, 0
L -325, 170, 4, -318, 157, 9, 180, 180, 0
L -318, 157, 9, -316, 153, 10, 180, 180, 0
L -316, 153, 10, -316, 152, 10, 180, 180, 0
L -316, 152, 10, -315, 150, 9, 180, 180, 0
L -315, 150, 9, -314, 148, 9, 180, 180, 0
L -314, 148, 9, -314, 146, 8, 180, 180, 0
L -314, 146, 8, -310, 138, 8, 180, 180, 0
L -310, 138, 8, -310, 137, 7, 180, 180, 0
L -310, 137, 7, -309, 136, 7, 180, 180, 0
L -309, 136, 7, -309, 134, 7, 180, 180, 0
L -309, 134, 7, -308, 131, 7, 180, 180, 0
L -308, 131, 7, -308, 130, 8, 180, 180, 0
L -308, 130, 8, -307, 128, 8, 180, 180, 0
L -307, 128, 8, -306, 127, 9, 180, 180, 0
L -306, 127, 9, -306, 126, 9, 180, 180, 0
L -306, 126, 9, -300, 120, 12, 180, 180, 0
L -300, 120, 12, -299, 118, 10, 180, 180, 0
L -299, 118, 10, -298, 117, 8, 180, 180, 0
L -298, 117, 8, -295, 114, -2, 180, 180, 0
L -295, 114, -2, -288, 119, -1, 180, 180, 0
L -288, 119, -1, -277, 119, -1, 180, 180, 0
L -277, 119, -1, -269, 119, 1, 180, 180, 0 
L -269, 119, 0, -269, 117, 1, 180, 180, 0 
L -269, 117, 0, -268, 116, 1, 180, 180, 0 
L -268, 116, 0, -267, 115, 1, 180, 180, 0
L -267, 115, 1, -265, 114, 2, 180, 180, 0
L -265, 114, 2, -259, 124, 9, 180, 180, 0
L -259, 124, 9, -257, 125, 10, 180, 180, 0
L -257, 125, 10, -255, 125, 10, 180, 180, 0
L -255, 125, 10, -250, 125, 7, 180, 180, 0
L -250, 125, 7, -246, 125, 5, 180, 180, 0
L -246, 125, 5, -241, 125, 6, 180, 180, 0
L -241, 125, 6, -240, 125, 7, 180, 180, 0
L -240, 125, 7, -231, 128, 9, 180, 180, 0
L -231, 128, 9, -229, 129, 9, 180, 180, 0
L -229, 129, 9, -226, 129, 9, 180, 180, 0
L -226, 129, 9, -224, 129, 8, 180, 180, 0
L -224, 129, 8, -214, 127, 7, 180, 180, 0
L -214, 127, 7, -213, 126, 7, 180, 180, 0
L -213, 126, 7, -203, 120, 9, 180, 180, 0
L -203, 120, 9, -201, 121, 10, 180, 180, 0
L -201, 121, 10, -200, 121, 10, 180, 180, 0
L -200, 121, 10, -199, 122, 9, 180, 180, 0
L -199, 122, 9, -196, 124, 4, 180, 180, 0
L -196, 124, 4, -196, 126, 4, 180, 180, 0
L -196, 126, 4, -193, 129, 4, 180, 180, 0
L -193, 129, 4, -186, 141, 2, 180, 180, 0
L -186, 141, 2, -185, 142, 2, 180, 180, 0
L -185, 142, 2, -184, 143, 3, 180, 180, 0
L -184, 143, 3, -184, 145, 5, 180, 180, 0
L -184, 145, 5, -183, 147, 5, 180, 180, 0
L -183, 147, 5, -183, 148, 5, 180, 180, 0
L -183, 148, 5, -182, 153, 6, 180, 180, 0
L -182, 153, 6, -182, 155, 6, 180, 180, 0
L -182, 155, 6, -181, 157, 5, 180, 180, 0
L -181, 157, 5, -182, 159, -4, 180, 180, 0
L -182, 159, -4, -183, 161, -4, 180, 180, 0
L -183, 161, -4, -184, 162, -4, 180, 180, 0
L -184, 162, -4, -183, 164, -4, 180, 180, 0
L -183, 164, -4, -184, 171, -4, 180, 180, 0
L -184, 171, -4, -184, 173, -4, 180, 180, 0
L -184, 173, -4, -189, 178, -4, 180, 180, 0
L -189, 178, -4, -189, 180, -4, 180, 180, 0
L -189, 180, -4, -190, 183, -3, 180, 180, 0
L -190, 183, -3, -191, 184, -3, 180, 180, 0
L -191, 184, -3, -193, 193, -3, 180, 180, 0
L -193, 193, -3, -195, 195, -3, 180, 180, 0
L -195, 195, -3, -200, 200, -1, 180, 180, 0
L -200, 200, -1, -200, 202, -1, 180, 180, 0
L -200, 202, -1, -200, 209, -2, 180, 180, 0
L -200, 209, -2, -200, 216, -2, 180, 180, 0
L -200, 216, -2, -201, 222, 1, 180, 180, 0 
L -201, 222, 0, -201, 225, 1, 180, 180, 0
L -201, 225, 1, -202, 226, 3, 180, 180, 0
L -202, 226, 3, -202, 232, 10, 180, 180, 0
L -202, 232, 10, -200, 233, 10, 180, 180, 0
L -200, 233, 10, -197, 234, 10, 180, 180, 0
L -197, 234, 10, -195, 236, 12, 180, 180, 0
L -195, 236, 12, -190, 238, 16, 180, 180, 0
L -190, 238, 16, -188, 237, 15, 180, 180, 0
L -188, 237, 15, -161, 233, 7, 180, 180, 0
L -161, 233, 7, -160, 232, 7, 180, 180, 0
L -160, 232, 7, -149, 226, 9, 180, 180, 0
L -149, 226, 9, -147, 226, 9, 180, 180, 0
L -147, 226, 9, -146, 227, 7, 180, 180, 0
L -146, 227, 7, -145, 228, 7, 180, 180, 0
L -145, 228, 7, -143, 230, 6, 180, 180, 0
L -143, 230, 6, -141, 234, 5, 180, 180, 0
L -141, 234, 5, -135, 242, 3, 180, 180, 0
L -135, 242, 3, -133, 243, 1, 180, 180, 0
L -133, 243, 1, -132, 245, 1, 180, 180, 0
L -132, 245, 1, -131, 246, 1, 180, 180, 0
L -131, 246, 1, -130, 248, 1, 180, 180, 0
L -130, 248, 1, -130, 249, 2, 180, 180, 0
L -130, 249, 2, -130, 250, 4, 180, 180, 0
L -130, 250, 4, -129, 253, 5, 180, 180, 0
L -129, 253, 5, -129, 254, 5, 180, 180, 0
L -129, 254, 5, -128, 258, 6, 180, 180, 0
L -128, 258, 6, -128, 261, 6, 180, 180, 0
L -128, 261, 6, -127, 263, -4, 180, 180, 0
L -127, 263, -4, -128, 264, -4, 180, 180, 0
L -128, 264, -4, -129, 267, -4, 180, 180, 0
L -129, 267, -4, -129, 270, -4, 180, 180, 0
L -129, 270, -4, -130, 278, -4, 180, 180, 0
L -130, 278, -4, -135, 285, -4, 180, 180, 0
L -135, 285, -4, -135, 286, -4, 180, 180, 0
L -135, 286, -4, -136, 288, -3, 180, 180, 0
L -136, 288, -3, -137, 290, -3, 180, 180, 0
L -137, 290, -3, -139, 298, -3, 180, 180, 0
L -139, 298, -3, -140, 300, -3, 180, 180, 0
L -140, 300, -3, -146, 307, -2, 180, 180, 0
L -146, 307, -2, -146, 309, -2, 180, 180, 0
L -146, 309, -2, -146, 324, -1, 180, 180, 0
L -146, 324, -1, -147, 325, -1, 180, 180, 0
L -147, 325, -1, -146, 334, 5, 180, 180, 0
L -146, 334, 5, -146, 336, 7, 180, 180, 0
L -146, 336, 7, -145, 338, 8, 180, 180, 0
L -145, 338, 8, -143, 339, 9, 180, 180, 0
L -143, 339, 9, -142, 340, 10, 180, 180, 0
L -142, 340, 10, -141, 341, 10, 180, 180, 0
L -141, 341, 10, -139, 342, 12, 180, 180, 0
L -139, 342, 12, -138, 342, 13, 180, 180, 0
L -138, 342, 13, -127, 343, 14, 180, 180, 0
L -127, 343, 14, -115, 343, 12, 180, 180, 0
L -115, 343, 12, -113, 343, 11, 180, 180, 0
L -113, 343, 11, -109, 341, 9, 180, 180, 0
L -109, 341, 9, -108, 340, 7, 180, 180, 0
L -108, 340, 7, -106, 338, 7, 180, 180, 0
L -106, 338, 7, -105, 337, 6, 180, 180, 0
L -105, 337, 6, -104, 335, 6, 180, 180, 0
L -104, 335, 6, -104, 333, 4, 180, 180, 0
L -104, 333, 4, -104, 331, 3, 180, 180, 0
L -104, 331, 3, -105, 329, 1, 180, 180, 0
L -105, 329, 1, -105, 328, -2, 180, 180, 0
L -105, 328, -2, -106, 317, -1, 180, 180, 0
L -106, 317, -1, -106, 294, -2, 180, 180, 0
L -106, 294, -2, -107, 292, -1, 180, 180, 0
L -107, 292, -1, -107, 291, -1, 180, 180, 0
L -107, 291, -1, -108, 289, -1, 180, 180, 0
L -108, 289, -1, -109, 288, -2, 180, 180, 0
L -109, 288, -2, -111, 287, -3, 180, 180, 0
L -111, 287, -3, -111, 285, -3, 180, 180, 0
L -111, 285, -3, -112, 284, -2, 180, 180, 0
L -112, 284, -2, -113, 280, 1, 180, 180, 0
L -113, 280, 1, -114, 279, 2, 180, 180, 0
L -114, 279, 2, -114, 272, 5, 180, 180, 0
L -114, 272, 5, -116, 270, 2, 180, 180, 0
L -116, 270, 2, -115, 269, -4, 180, 180, 0
L -115, 269, -4, -114, 264, -4, 180, 180, 0
L -114, 264, -4, -113, 263, -4, 180, 180, 0
L -113, 263, -4, -112, 261, -4, 180, 180, 0
L -112, 261, -4, -112, 253, -3, 180, 180, 0
L -112, 253, -3, -111, 251, -4, 180, 180, 0
L -111, 251, -4, -110, 250, -4, 180, 180, 0
L -110, 250, -4, -107, 246, -4, 180, 180, 0
L -107, 246, -4, -107, 244, -4, 180, 180, 0
L -107, 244, -4, -106, 242, -3, 180, 180, 0
L -106, 242, -3, -103, 233, -3, 180, 180, 0
L -103, 233, -3, -105, 234, -3, 180, 180, 0
L -105, 234, -3, -105, 233, -2, 180, 180, 0
L -105, 233, -2, -106, 231, -1, 180, 180, 0
L -106, 231, -1, -107, 229, -1, 180, 180, 0
L -107, 229, -1, -107, 228, -1, 180, 180, 0
L -107, 228, -1, -106, 226, -1, 180, 180, 0
L -106, 226, -1, -104, 226, -1, 180, 180, 0
L -104, 226, -1, -103, 225, -1, 180, 180, 0
L -103, 225, -1, -102, 225, -2, 180, 180, 0
L -102, 225, -2, -100, 225, -3, 180, 180, 0
L -100, 225, -3, -96, 226, -1, 180, 180, 0
L -96, 226, -1, -96, 224, -1, 180, 180, 0
L -96, 224, -1, -95, 204, -1, 180, 180, 0
L -95, 204, -1, -95, 200, 1, 180, 180, 0
L -95, 200, 1, -94, 198, 3, 180, 180, 0
L -94, 198, 3, -95, 192, 10, 180, 180, 0
L -95, 192, 10, -96, 192, 10, 180, 180, 0
L -96, 192, 10, -115, 188, 13, 180, 180, 0
L -115, 188, 13, -116, 188, 13, 180, 180, 0
L -116, 188, 13, -124, 188, 10, 180, 180, 0
L -124, 188, 10, -125, 189, 9, 180, 180, 0
L -125, 189, 9, -127, 190, 8, 180, 180, 0
L -127, 190, 8, -128, 191, 6, 180, 180, 0
L -128, 191, 6, -137, 197, 2, 180, 180, 0
L -137, 197, 2, -139, 197, 2, 180, 180, 0
L -139, 197, 2, -141, 198, 3, 180, 180, 0
L -141, 198, 3, -142, 198, 4, 180, 180, 0
L -142, 198, 4, -148, 199, 8, 180, 180, 0
L -148, 199, 8, -148, 198, 9, 180, 180, 0
L -148, 198, 9, -150, 197, 9, 180, 180, 0
L -150, 197, 9, -151, 196, 9, 180, 180, 0
L -151, 196, 9, -152, 194, 8, 180, 180, 0
L -152, 194, 8, -155, 191, 5, 180, 180, 0
L -155, 191, 5, -156, 189, 5, 180, 180, 0
L -156, 189, 5, -157, 188, 3, 180, 180, 0
L -157, 188, 3, -158, 187, 3, 180, 180, 0
L -158, 187, 3, -164, 179, 2, 180, 180, 0
L -164, 179, 2, -165, 178, 1, 180, 180, 0 
L -165, 178, 0, -166, 176, 1, 180, 180, 0
L -166, 176, 1, -166, 175, 2, 180, 180, 0
L -166, 175, 2, -167, 173, 5, 180, 180, 0
L -167, 173, 5, -167, 169, 5, 180, 180, 0
L -167, 169, 5, -168, 165, 6, 180, 180, 0
L -168, 165, 6, -168, 163, 6, 180, 180, 0
L -168, 163, 6, -169, 161, -4, 180, 180, 0
L -169, 161, -4, -168, 158, -4, 180, 180, 0
L -168, 158, -4, -167, 156, -4, 180, 180, 0
L -167, 156, -4, -166, 155, -4, 180, 180, 0
L -166, 155, -4, -166, 146, -4, 180, 180, 0
L -166, 146, -4, -165, 145, -4, 180, 180, 0
L -165, 145, -4, -161, 140, -4, 180, 180, 0
L -161, 140, -4, -161, 139, -4, 180, 180, 0
L -161, 139, -4, -160, 138, -4, 180, 180, 0
L -160, 138, -4, -160, 136, -3, 180, 180, 0
L -160, 136, -3, -159, 135, -3, 180, 180, 0
L -159, 135, -3, -159, 134, -3, 180, 180, 0
L -159, 134, -3, -157, 125, -3, 180, 180, 0
L -157, 125, -3, -156, 124, -3, 180, 180, 0
L -156, 124, -3, -155, 123, -1, 180, 180, 0
L -155, 123, -1, -150, 119, -1, 180, 180, 0
L -150, 119, -1, -149, 99, -1, 180, 180, 0
L -149, 99, -1, -149, 95, 1, 180, 180, 0 
L -149, 95, 0, -149, 93, 1, 180, 180, 0
L -149, 93, 1, -148, 90, 6, 180, 180, 0
L -148, 90, 6, -148, 87, 10, 180, 180, 0
L -148, 87, 10, -149, 86, 10, 180, 180, 0
L -149, 86, 10, -151, 85, 10, 180, 180, 0
L -151, 85, 10, -154, 83, 10, 180, 180, 0
L -154, 83, 10, -155, 83, 11, 180, 180, 0
L -155, 83, 11, -163, 81, 15, 180, 180, 0
L -163, 81, 15, -165, 80, 16, 180, 180, 0
L -165, 80, 16, -166, 80, 16, 180, 180, 0
L -166, 80, 16, -176, 81, 15, 180, 180, 0
L -176, 81, 15, -187, 83, 7, 180, 180, 0
L -187, 83, 7, -188, 84, 7, 180, 180, 0
L -188, 84, 7, -201, 92, 9, 180, 180, 0
L -201, 92, 9, -203, 92, 9, 180, 180, 0
L -203, 92, 9, -205, 90, 7, 180, 180, 0
L -205, 90, 7, -206, 89, 7, 180, 180, 0
L -206, 89, 7, -207, 87, 6, 180, 180, 0
L -207, 87, 6, -209, 85, 4, 180, 180, 0
L -209, 85, 4, -216, 75, 2, 180, 180, 0
L -216, 75, 2, -218, 74, 1, 180, 180, 0
L -218, 74, 1, -219, 71, 1, 180, 180, 0
L -219, 71, 1, -220, 69, 2, 180, 180, 0
L -220, 69, 2, -220, 68, 3, 180, 180, 0
L -220, 68, 3, -221, 66, 5, 180, 180, 0
L -221, 66, 5, -221, 64, 5, 180, 180, 0
L -221, 64, 5, -222, 60, 6, 180, 180, 0
L -222, 60, 6, -223, 59, 4, 180, 180, 0
L -223, 59, 4, -224, 57, -1, 180, 180, 0
L -224, 57, -1, -223, 56, -4, 180, 180, 0
L -223, 56, -4, -222, 52, -4, 180, 180, 0
L -222, 52, -4, -221, 49, -4, 180, 180, 0
L -221, 49, -4, -221, 47, -4, 180, 180, 0
L -221, 47, -4, -220, 40, -4, 180, 180, 0
L -220, 40, -4, -219, 39, -4, 180, 180, 0
L -219, 39, -4, -215, 34, -4, 180, 180, 0
L -215, 34, -4, -215, 33, -4, 180, 180, 0
L -215, 33, -4, -214, 32, -4, 180, 180, 0
L -214, 32, -4, -214, 30, -3, 180, 180, 0
L -214, 30, -3, -213, 28, -3, 180, 180, 0
L -213, 28, -3, -211, 20, -3, 180, 180, 0
L -211, 20, -3, -210, 19, -2, 180, 180, 0
L -210, 19, -2, -209, 17, -2, 180, 180, 0
L -209, 17, -2, -208, 17, 1, 180, 180, 0 
L -208, 17, 0, -198, 16, 8, 180, 180, 0
L -198, 16, 8, -196, 16, 9, 180, 180, 0
L -196, 16, 9, -195, 16, 9, 180, 180, 0
L -195, 16, 9, -194, 15, 9, 180, 180, 0
L -194, 15, 9, -192, 14, 10, 180, 180, 0
L -192, 14, 10, -190, 15, 10, 180, 180, 0
L -190, 15, 10, -189, 16, 10, 180, 180, 0
L -189, 16, 10, -186, 17, 10, 180, 180, 0
L 580, -710, 1, 580, -710, 2, 1, 2, 4
L -800, 730, 1, -800, 730, 2, 1, 2, 4
P -522, 453, 6, 200, 0, 0, 2, Trap
P 20, 142, -4, 200, 0, 0, 2, Trap
P -99, -64, 6, 200, 0, 0, 2, Trap
P 0, -200, 1, 0, 255, 0, 3, mmcb_-_The_Dreary_Grotto
