L -526, 4, -2419, -526, 4, -241, 0, 0, 153
L -526, 4, -241, -531, -7, -241, 0, 0, 153
L -531, -7, -241, -550, -15, -241, 0, 0, 153
L -550, -15, -241, -565, -8, -241, 0, 0, 153
L -565, -8, -241, -573, 11, -241, 0, 0, 153
L -573, 11, -241, -563, 28, -241, 0, 0, 153
L -563, 28, -241, -545, 34, -241, 0, 0, 153
L -545, 34, -241, -526, 20, -242, 0, 0, 153
L -526, 20, -242, -495, 18, -246, 0, 0, 153
L -492, 2, -2466, -492, 2, -246, 0, 0, 153
L -492, 2, -246, -527, 4, -241, 0, 0, 153
L -617, 83, -2556, -617, 83, -255, 153, 153, 153
L -617, 83, -255, -617, 246, -255, 153, 153, 153
L -617, 246, -255, -310, 246, -255, 153, 153, 153
L -310, 246, -255, -310, 259, -255, 153, 153, 153
L -310, 259, -255, -291, 259, -252, 153, 153, 153
L -291, 259, -252, -291, 251, -252, 153, 153, 153
L -291, 251, -252, -274, 251, -254, 153, 153, 153
L -274, 251, -254, -274, 296, -254, 153, 153, 153
L -274, 296, -254, -291, 296, -253, 153, 153, 153
L -291, 296, -253, -291, 286, -252, 153, 153, 153
L -291, 286, -252, -317, 286, -255, 153, 153, 153
L -317, 286, -255, -317, 301, -255, 153, 153, 153
L -317, 301, -255, -712, 301, -255, 153, 153, 153
L -712, 301, -255, -712, 571, -255, 153, 153, 153
L -712, 571, -255, -293, 571, -253, 153, 153, 153
L -293, 571, -253, -292, 521, -254, 153, 153, 153
L -292, 521, -254, -274, 521, -254, 153, 153, 153
L -274, 521, -254, -274, 587, -255, 153, 153, 153
L -251, 589, -2556, -251, 589, -255, 153, 153, 153
L -251, 589, -255, -251, 522, -255, 153, 153, 153
L -251, 522, -255, -228, 522, -255, 153, 153, 153
L -228, 522, -255, -228, 573, -255, 153, 153, 153
L -228, 573, -255, 309, 573, -255, 153, 153, 153
L 309, 573, -255, 308, 299, -255, 153, 153, 153
L 308, 299, -255, -206, 298, -255, 153, 153, 153
L -206, 298, -255, -206, 286, -255, 153, 153, 153
L -206, 286, -255, -232, 286, -252, 153, 153, 153
L -232, 286, -252, -232, 296, -253, 153, 153, 153
L -232, 296, -253, -248, 296, -253, 153, 153, 153
L -248, 296, -253, -248, 250, -253, 153, 153, 153
L -248, 250, -253, -231, 250, -252, 153, 153, 153
L -231, 250, -252, -231, 259, -253, 153, 153, 153
L -231, 259, -253, -213, 259, -255, 153, 153, 153
L -213, 259, -255, -213, 246, -255, 153, 153, 153
L -213, 246, -255, 15, 246, -255, 153, 153, 153
L 15, 246, -255, 15, 259, -255, 153, 153, 153
L 15, 259, -255, 64, 259, -255, 153, 153, 153
L 64, 259, -255, 65, 221, -255, 153, 153, 153
L 65, 221, -255, 172, 221, -222, 153, 153, 153
L 171, 213, -2226, 171, 213, -222, 153, 153, 153
L 171, 213, -222, 10, 213, -255, 153, 153, 153
L 10, 213, -255, 11, 167, -253, 153, 153, 153
L 11, 167, -253, 130, 167, -253, 153, 153, 153
L 130, 167, -253, 130, 16, -253, 153, 153, 153
L 130, 16, -253, 195, 17, -253, 153, 153, 153
L 195, 17, -253, 195, 167, -253, 153, 153, 153
L 195, 167, -253, 299, 167, -253, 153, 153, 153
L 299, 167, -253, 299, -148, -253, 153, 153, 153
L 299, -148, -253, 195, -148, -253, 153, 153, 153
L 195, -148, -253, 195, 2, -253, 153, 153, 153
L 195, 2, -253, 130, 2, -253, 153, 153, 153
L 130, 2, -253, 130, -148, -253, 153, 153, 153
L 130, -148, -253, 10, -148, -254, 153, 153, 153
L 10, -148, -254, 10, -193, -255, 153, 153, 153
L 10, -193, -255, 172, -193, -222, 153, 153, 153
L 172, -203, -2226, 172, -203, -222, 153, 153, 153
L 172, -203, -222, 65, -203, -255, 153, 153, 153
L 65, -203, -255, 65, -240, -255, 153, 153, 153
L 65, -240, -255, 15, -240, -255, 153, 153, 153
L 15, -240, -255, 15, -227, -255, 153, 153, 153
L 15, -227, -255, -213, -227, -255, 153, 153, 153
L -213, -227, -255, -213, -240, -255, 153, 153, 153
L -213, -240, -255, -227, -240, -255, 153, 153, 153
L -227, -240, -255, -227, -230, -255, 153, 153, 153
L -227, -230, -255, -249, -230, -253, 153, 153, 153
L -249, -230, -253, -249, -276, -253, 153, 153, 153
L -249, -276, -253, -227, -276, -255, 153, 153, 153
L -227, -276, -255, -227, -267, -255, 153, 153, 153
L -227, -267, -255, -206, -267, -255, 153, 153, 153
L -206, -267, -255, -206, -280, -255, 153, 153, 153
L -206, -280, -255, 23, -279, -251, 153, 153, 153
L 23, -279, -251, 23, -466, -255, 153, 153, 153
L 23, -466, -255, 161, -467, -255, 153, 153, 153
L 161, -467, -255, 161, -571, -255, 153, 153, 153
L 161, -571, -255, -115, -572, -255, 153, 153, 153
L -115, -572, -255, -115, -374, -255, 153, 153, 153
L -115, -374, -255, -168, -374, -255, 153, 153, 153
L -168, -374, -255, -168, -571, -255, 153, 153, 153
L -168, -571, -255, -355, -571, -255, 153, 153, 153
L -355, -571, -255, -355, -374, -255, 153, 153, 153
L -355, -374, -255, -408, -374, -255, 153, 153, 153
L -408, -374, -255, -408, -571, -258, 153, 153, 153
L -408, -571, -258, -717, -571, -258, 153, 153, 153
L -717, -571, -258, -717, -465, -258, 153, 153, 153
L -717, -465, -258, -547, -465, -258, 153, 153, 153
L -547, -465, -258, -547, -279, -258, 153, 153, 153
L -547, -279, -258, -319, -279, -258, 153, 153, 153
L -319, -279, -258, -319, -265, -258, 153, 153, 153
L -319, -265, -258, -296, -265, -258, 153, 153, 153
L -296, -265, -258, -296, -276, -258, 153, 153, 153
L -296, -276, -258, -276, -276, -255, 153, 153, 153
L -276, -276, -255, -276, -230, -255, 153, 153, 153
L -276, -230, -255, -296, -230, -258, 153, 153, 153
L -296, -230, -258, -296, -242, -258, 153, 153, 153
L -296, -242, -258, -312, -242, -258, 153, 153, 153
L -312, -242, -258, -312, -228, -258, 153, 153, 153
L -312, -228, -258, -618, -228, -258, 153, 153, 153
L -618, -228, -258, -618, 82, -258, 153, 153, 153
L -618, -62, -2581, -618, -62, -258, 153, 153, 153
L -618, -62, -258, -476, -62, -258, 153, 153, 153
L -476, -62, -258, -476, 3, -258, 153, 153, 153
L -476, 3, -258, -483, 3, -255, 153, 153, 153
L -483, 18, -2554, -483, 18, -255, 153, 153, 153
L -483, 18, -255, -476, 18, -258, 153, 153, 153
L -476, 18, -258, -476, 81, -258, 153, 153, 153
L -476, 81, -258, -618, 81, -258, 153, 153, 153
L -203, 36, -2581, -203, 36, -258, 102, 102, 102
L -203, -47, -258, -317, -47, -258, 102, 102, 102
L -317, -47, -258, -317, 66, -258, 102, 102, 102
L -317, 66, -258, -203, 66, -258, 102, 102, 102
L -203, 66, -258, -203, -47, -258, 102, 102, 102
L -279, 98, -2581, -279, 98, -258, 102, 102, 102
L -279, 98, -258, -302, 102, -257, 102, 102, 102
L -302, 102, -257, -327, 91, -257, 102, 102, 102
L -327, 91, -257, -343, 76, -257, 102, 102, 102
L -343, 76, -257, -354, 50, -257, 102, 102, 102
L -354, 50, -257, -350, 27, -258, 102, 102, 102
L -350, 27, -258, -374, 27, -258, 102, 102, 102
L -374, 27, -258, -367, 50, -257, 102, 102, 102
L -367, 50, -257, -354, 86, -257, 102, 102, 102
L -354, 86, -257, -338, 101, -257, 102, 102, 102
L -338, 101, -257, -302, 115, -257, 102, 102, 102
L -302, 115, -257, -280, 121, -256, 102, 102, 102
L -280, 121, -256, -279, 98, -258, 102, 102, 102
L -219, 102, -2572, -219, 102, -257, 102, 102, 102
L -219, 102, -257, -194, 91, -257, 102, 102, 102
L -194, 91, -257, -178, 77, -257, 102, 102, 102
L -178, 77, -257, -167, 50, -257, 102, 102, 102
L -167, 50, -257, -171, 27, -258, 102, 102, 102
L -171, 27, -258, -147, 27, -258, 102, 102, 102
L -147, 27, -258, -148, 51, -258, 102, 102, 102
L -148, 51, -258, -154, 50, -257, 102, 102, 102
L -154, 50, -257, -167, 86, -257, 102, 102, 102
L -167, 86, -257, -183, 101, -257, 102, 102, 102
L -183, 101, -257, -219, 115, -257, 102, 102, 102
L -219, 115, -257, -219, 121, -257, 102, 102, 102
L -219, 121, -257, -242, 121, -256, 102, 102, 102
L -242, 121, -256, -242, 99, -256, 102, 102, 102
L -242, 99, -256, -220, 99, -256, 102, 102, 102
L -220, 99, -256, -219, 102, -257, 102, 102, 102
L -8, 27, -2581, 14, 27, -254, 102, 102, 102
L 14, 27, -254, 14, 32, -254, 102, 102, 102
L 14, 32, -254, 32, 33, -256, 102, 102, 102
L 32, 33, -256, 32, -22, -256, 102, 102, 102
L 32, -22, -256, 14, -22, -256, 102, 102, 102
L 14, -22, -256, 14, -8, -254, 102, 102, 102
L 14, -8, -254, -71, -8, -258, 102, 102, 102
L -71, -8, -258, -71, -3, -258, 102, 102, 102
L -71, -3, -258, 21, -3, -225, 102, 102, 102
L -5, 27, -2581, -71, 27, -258, 102, 102, 102
L -71, 27, -258, -71, 23, -258, 102, 102, 102
L -71, 23, -258, 22, 23, -225, 102, 102, 102
L 22, 23, -2251, 21, 206, -225, 102, 102, 102
L 21, 206, -225, 172, 207, -225, 102, 102, 102
L 172, 207, -225, 172, 214, -225, 102, 102, 102
L 171, 222, -2251, 172, 227, -225, 102, 102, 102
L 172, 227, -225, 76, 227, -225, 102, 102, 102
L 76, 227, -225, 76, 261, -225, 102, 102, 102
L 76, 261, -225, 188, 261, -225, 102, 102, 102
L 188, 261, -225, 188, 190, -225, 102, 102, 102
L 188, 190, -225, 128, 190, -225, 102, 102, 102
L 128, 190, -225, 128, 169, -225, 102, 102, 102
L 128, 169, -225, 267, 169, -225, 102, 102, 102
L 267, 169, -225, 267, 30, -225, 102, 102, 102
L 267, 30, -225, 221, 30, -225, 102, 102, 102
L 221, 30, -225, 221, -11, -225, 102, 102, 102
L 221, -11, -225, 267, -11, -225, 102, 102, 102
L 267, -11, -225, 267, -150, -225, 102, 102, 102
L 267, -150, -225, 128, -151, -225, 102, 102, 102
L 128, -151, -225, 128, -171, -225, 102, 102, 102
L 128, -171, -225, 188, -171, -225, 102, 102, 102
L 188, -171, -225, 188, -242, -225, 102, 102, 102
L 188, -242, -225, 137, -242, -225, 102, 102, 102
L 137, -242, -225, 138, -247, -225, 102, 102, 102
L 138, -247, -225, 242, -246, -194, 102, 102, 102
L 242, -246, -194, 242, -241, -194, 102, 102, 102
L 242, -241, -194, 192, -241, -194, 102, 102, 102
L 192, -241, -194, 192, -167, -194, 102, 102, 102
L 192, -167, -194, 138, -167, -194, 102, 102, 102
L 138, -167, -194, 138, 186, -194, 102, 102, 102
L 138, 186, -194, 192, 186, -194, 102, 102, 102
L 192, 186, -194, 192, 261, -194, 102, 102, 102
L 192, 261, -194, 283, 261, -194, 102, 102, 102
L 283, 261, -194, 283, 172, -194, 102, 102, 102
L 283, 172, -194, 154, 172, -194, 102, 102, 102
L 154, 172, -194, 154, 25, -194, 102, 102, 102
L 154, 25, -194, 162, 25, -194, 102, 102, 102
L 162, 25, -194, 162, 14, -194, 102, 102, 102
L 162, 14, -194, 166, 14, -194, 102, 102, 102
L 166, 14, -194, 167, 87, -194, 102, 102, 102
L 167, 87, -194, 203, 87, -194, 102, 102, 102
L 203, 87, -194, 203, 93, -194, 102, 102, 102
L 203, 93, -194, 167, 93, -194, 102, 102, 102
L 167, 93, -194, 167, 159, -194, 102, 102, 102
L 167, 159, -194, 256, 159, -194, 102, 102, 102
L 256, 159, -194, 256, 93, -194, 102, 102, 102
L 256, 93, -194, 221, 93, -194, 102, 102, 102
L 221, 93, -194, 221, 87, -194, 102, 102, 102
L 221, 87, -194, 256, 87, -194, 102, 102, 102
L 256, 87, -194, 256, -68, -194, 102, 102, 102
L 256, -68, -194, 221, -68, -194, 102, 102, 102
L 221, -68, -194, 221, -74, -194, 102, 102, 102
L 221, -74, -194, 256, -74, -194, 102, 102, 102
L 256, -74, -194, 256, -140, -194, 102, 102, 102
L 256, -140, -194, 167, -140, -194, 102, 102, 102
L 167, -140, -194, 167, -74, -194, 102, 102, 102
L 167, -74, -194, 203, -74, -194, 102, 102, 102
L 203, -74, -194, 203, -68, -194, 102, 102, 102
L 203, -68, -194, 167, -68, -194, 102, 102, 102
L 167, -68, -194, 167, 0, -194, 102, 102, 102
L 167, 0, -194, 162, 0, -194, 102, 102, 102
L 162, 0, -194, 162, -6, -194, 102, 102, 102
L 162, -6, -194, 153, -7, -194, 102, 102, 102
L 153, -7, -194, 153, -153, -194, 102, 102, 102
L 153, -153, -194, 282, -152, -194, 102, 102, 102
L 282, -152, -194, 283, -242, -194, 102, 102, 102
L 283, -242, -194, 255, -242, -194, 102, 102, 102
L 255, -242, -194, 255, -260, -194, 102, 102, 102
L 255, -260, -194, 126, -260, -225, 102, 102, 102
L 126, -260, -225, 126, -247, -225, 102, 102, 102
L 126, -247, -225, 132, -247, -225, 102, 102, 102
L 132, -247, -225, 133, -242, -225, 102, 102, 102
L 133, -242, -225, 76, -242, -225, 102, 102, 102
L 76, -242, -225, 76, -208, -225, 102, 102, 102
L 76, -208, -225, 170, -208, -225, 102, 102, 102
L 170, -208, -225, 170, -204, -225, 102, 102, 102
L 170, -190, -2251, 170, -207, -225, 102, 102, 102
L 170, -207, -225, 170, -187, -225, 102, 102, 102
L 170, -187, -225, 21, -187, -225, 102, 102, 102
L 21, -187, -225, 21, -4, -225, 102, 102, 102
L 316, -279, -2581, 75, -279, -258, 102, 102, 102
L 75, -279, -258, 75, -428, -258, 102, 102, 102
L 75, -428, -258, 316, -428, -258, 102, 102, 102
L 316, -428, -258, 317, -279, -258, 102, 102, 102
L -599, -428, -2580, -599, -428, -258, 102, 102, 102
L -599, -428, -258, -599, -279, -258, 102, 102, 102
L -599, -279, -258, -717, -279, -258, 102, 102, 102
L -717, -279, -258, -717, -428, -258, 102, 102, 102
L -717, -428, -258, -599, -428, -258, 102, 102, 102
L 316, -465, -2581, 316, -576, -258, 102, 102, 102
L 316, -576, -258, 200, -576, -258, 102, 102, 102
L 200, -576, -258, 200, -465, -258, 102, 102, 102
L 200, -465, -258, 316, -465, -258, 102, 102, 102
L -274, 586, -2581, -274, 586, -258, 0, 153, 0
L -274, 586, -258, -289, 586, -258, 0, 153, 0
L -289, 586, -258, -293, 591, -258, 0, 153, 0
L -293, 591, -258, -289, 604, -258, 0, 153, 0
L -289, 604, -258, -294, 615, -258, 0, 153, 0
L -294, 615, -258, -292, 642, -257, 0, 153, 0
L -292, 642, -257, -272, 661, -258, 0, 153, 0
L -272, 661, -258, -261, 664, -258, 0, 153, 0
L -261, 664, -258, -226, 661, -257, 0, 153, 0
L -226, 661, -257, -214, 650, -258, 0, 153, 0
L -214, 650, -258, -181, 672, -257, 0, 153, 0
L -181, 672, -257, -165, 686, -258, 0, 153, 0
L -165, 686, -258, -154, 714, -258, 0, 153, 0
L -154, 714, -258, -165, 741, -258, 0, 153, 0
L -165, 741, -258, -162, 758, -257, 0, 153, 0
L -162, 758, -257, -146, 775, -257, 0, 153, 0
L -146, 775, -257, -129, 780, -257, 0, 153, 0
L -129, 780, -257, -117, 776, -258, 0, 153, 0
L -117, 776, -258, -104, 780, -258, 0, 153, 0
L -104, 780, -258, -87, 762, -258, 0, 153, 0
L -87, 762, -258, -83, 749, -256, 0, 153, 0
L -83, 749, -256, -93, 730, -258, 0, 153, 0
L -93, 730, -258, -92, 717, -258, 0, 153, 0
L -92, 717, -258, -89, 701, -258, 0, 153, 0
L -89, 701, -258, -80, 690, -258, 0, 153, 0
L -80, 690, -258, -55, 680, -257, 0, 153, 0
L -55, 680, -257, -46, 688, -258, 0, 153, 0
L -46, 688, -258, -21, 691, -258, 0, 153, 0
L -21, 691, -258, -6, 684, -258, 0, 153, 0
L -6, 684, -258, 5, 694, -258, 0, 153, 0
L 5, 694, -258, 9, 708, -258, 0, 153, 0
L 9, 708, -258, 6, 719, -258, 0, 153, 0
L 6, 719, -258, 16, 751, -258, 0, 153, 0
L 16, 751, -258, 13, 762, -257, 0, 153, 0
L 13, 762, -257, 23, 793, -256, 0, 153, 0
L 23, 793, -256, 3, 820, -258, 0, 153, 0
L 3, 820, -258, -7, 849, -258, 0, 153, 0
L -7, 849, -258, -18, 860, -258, 0, 153, 0
L -18, 860, -258, -30, 864, -258, 0, 153, 0
L -30, 864, -258, -48, 871, -258, 0, 153, 0
L -48, 871, -258, -74, 860, -258, 0, 153, 0
L -74, 860, -258, -89, 864, -258, 0, 153, 0
L -89, 864, -258, -108, 881, -258, 0, 153, 0
L -108, 881, -258, -111, 894, -258, 0, 153, 0
L -111, 894, -258, -107, 907, -258, 0, 153, 0
L -107, 907, -258, -111, 920, -258, 0, 153, 0
L -111, 920, -258, -92, 937, -258, 0, 153, 0
L -92, 937, -258, -78, 941, -258, 0, 153, 0
L -78, 941, -258, -61, 932, -257, 0, 153, 0
L -61, 932, -257, -33, 935, -258, 0, 153, 0
L -33, 935, -258, -22, 946, -258, 0, 153, 0
L -22, 946, -258, -17, 960, -258, 0, 153, 0
L -17, 960, -258, -21, 970, -258, 0, 153, 0
L -21, 970, -258, -18, 1001, -258, 0, 153, 0
L -18, 1001, -258, -1, 1018, -258, 0, 153, 0
L -1, 1018, -258, 12, 1022, -258, 0, 153, 0
L 12, 1022, -258, 26, 1021, -258, 0, 153, 0
L 26, 1021, -258, 44, 1019, -258, 0, 153, 0
L 44, 1019, -258, 58, 1010, -258, 0, 153, 0
L 58, 1010, -258, 83, 1021, -258, 0, 153, 0
L 83, 1021, -258, 92, 1031, -258, 0, 153, 0
L 92, 1031, -258, 96, 1046, -258, 0, 153, 0
L 96, 1046, -258, 91, 1062, -258, 0, 153, 0
L 91, 1062, -258, 82, 1071, -258, 0, 153, 0
L 82, 1071, -258, 69, 1063, -258, 0, 153, 0
L 69, 1063, -258, 42, 1068, -258, 0, 153, 0
L 42, 1068, -258, 26, 1083, -258, 0, 153, 0
L 26, 1083, -258, 20, 1104, -258, 0, 153, 0
L 20, 1104, -258, 23, 1120, -258, 0, 153, 0
L 23, 1120, -258, 12, 1132, -258, 0, 153, 0
L 12, 1132, -258, -15, 1135, -257, 0, 153, 0
L -15, 1135, -257, -44, 1133, -258, 0, 153, 0
L -44, 1133, -258, -56, 1118, -258, 0, 153, 0
L -56, 1118, -258, -65, 1094, -258, 0, 153, 0
L -65, 1094, -258, -55, 1066, -258, 0, 153, 0
L -55, 1066, -258, -59, 1048, -258, 0, 153, 0
L -59, 1048, -258, -76, 1031, -258, 0, 153, 0
L -76, 1031, -258, -88, 1027, -258, 0, 153, 0
L -88, 1027, -258, -101, 1031, -258, 0, 153, 0
L -101, 1031, -258, -115, 1028, -258, 0, 153, 0
L -115, 1028, -258, -132, 1044, -258, 0, 153, 0
L -132, 1044, -258, -135, 1061, -258, 0, 153, 0
L -135, 1061, -258, -127, 1079, -258, 0, 153, 0
L -127, 1079, -258, -130, 1104, -258, 0, 153, 0
L -130, 1104, -258, -126, 1119, -258, 0, 153, 0
L -126, 1119, -258, -130, 1133, -258, 0, 153, 0
L -130, 1133, -258, -126, 1145, -258, 0, 153, 0
L -126, 1145, -258, -119, 1151, -258, 0, 153, 0
L -119, 1151, -258, -109, 1163, -258, 0, 153, 0
L -109, 1163, -258, -93, 1169, -258, 0, 153, 0
L -93, 1169, -258, -91, 1170, -258, 0, 153, 0
L -91, 1170, -258, -78, 1174, -258, 0, 153, 0
L -78, 1174, -258, -65, 1170, -257, 0, 153, 0
L -65, 1170, -257, -37, 1173, -258, 0, 153, 0
L -37, 1173, -258, -27, 1181, -257, 0, 153, 0
L -27, 1181, -257, 0, 1171, -258, 0, 153, 0
L 0, 1171, -258, 14, 1174, -258, 0, 153, 0
L 14, 1174, -258, 46, 1161, -258, 0, 153, 0
L 46, 1161, -258, 62, 1144, -258, 0, 153, 0
L 62, 1144, -258, 67, 1134, -257, 0, 153, 0
L 67, 1134, -257, 62, 1118, -258, 0, 153, 0
L 62, 1118, -258, 68, 1105, -257, 0, 153, 0
L 68, 1105, -257, 80, 1095, -257, 0, 153, 0
L 80, 1095, -257, 91, 1102, -257, 0, 153, 0
L 91, 1102, -257, 104, 1103, -258, 0, 153, 0
L 104, 1103, -258, 126, 1105, -258, 0, 153, 0
L 126, 1105, -258, 140, 1099, -258, 0, 153, 0
L 140, 1099, -258, 154, 1087, -258, 0, 153, 0
L 154, 1087, -258, 156, 1066, -258, 0, 153, 0
L 156, 1066, -258, 158, 1058, -258, 0, 153, 0
L 158, 1058, -258, 155, 1046, -258, 0, 153, 0
L 155, 1046, -258, 161, 1028, -258, 0, 153, 0
L 161, 1028, -258, 170, 1018, -258, 0, 153, 0
L 170, 1018, -258, 183, 1014, -258, 0, 153, 0
L 183, 1014, -258, 194, 1009, -258, 0, 153, 0
L 194, 1009, -258, 199, 1015, -258, 0, 153, 0
L 199, 1015, -258, 207, 1019, -258, 0, 153, 0
L 207, 1019, -258, 217, 1020, -258, 0, 153, 0
L 217, 1020, -258, 228, 1022, -258, 0, 153, 0
L 228, 1022, -258, 234, 1024, -258, 0, 153, 0
L 234, 1024, -258, 240, 1029, -258, 0, 153, 0
L 240, 1029, -258, 256, 1025, -258, 0, 153, 0
L 256, 1025, -258, 266, 1019, -258, 0, 153, 0
L 266, 1019, -258, 279, 1006, -258, 0, 153, 0
L 279, 1006, -258, 291, 995, -258, 0, 153, 0
L 291, 995, -258, 298, 987, -258, 0, 153, 0
L 298, 987, -258, 311, 982, -258, 0, 153, 0
L 311, 982, -258, 321, 977, -258, 0, 153, 0
L 321, 977, -258, 324, 974, -258, 0, 153, 0
L 324, 974, -258, 329, 977, -257, 0, 153, 0
L 329, 977, -257, 351, 986, -258, 0, 153, 0
L 351, 986, -258, 366, 982, -258, 0, 153, 0
L 366, 982, -258, 376, 974, -258, 0, 153, 0
L 376, 974, -258, 382, 967, -258, 0, 153, 0
L 382, 967, -258, 391, 955, -258, 0, 153, 0
L 391, 955, -258, 393, 949, -257, 0, 153, 0
L 393, 949, -257, 393, 950, -258, 0, 153, 0
L 392, 951, -2581, 405, 951, -258, 0, 153, 0
L 405, 951, -258, 413, 965, -258, 0, 153, 0
L 413, 965, -258, 421, 969, -258, 0, 153, 0
L 421, 969, -258, 433, 972, -258, 0, 153, 0
L 433, 972, -258, 442, 969, -258, 0, 153, 0
L 442, 969, -258, 445, 965, -258, 0, 153, 0
L 445, 965, -258, 447, 958, -258, 0, 153, 0
L 447, 958, -258, 444, 944, -258, 0, 153, 0
L 444, 944, -258, 444, 945, -258, 0, 153, 0
L 429, 928, -2581, 429, 928, -258, 0, 153, 0
L 429, 928, -258, 419, 923, -258, 0, 153, 0
L 419, 923, -258, 409, 935, -258, 0, 153, 0
L 409, 935, -258, 406, 939, -258, 0, 153, 0
L 406, 939, -258, 406, 938, -257, 0, 153, 0
L 406, 938, -257, 393, 939, -258, 0, 153, 0
L 393, 939, -258, 388, 925, -258, 0, 153, 0
L 388, 925, -258, 375, 914, -258, 0, 153, 0
L 375, 914, -258, 373, 910, -258, 0, 153, 0
L 373, 910, -258, 362, 907, -258, 0, 153, 0
L 362, 907, -258, 356, 905, -258, 0, 153, 0
L 356, 905, -258, 336, 914, -258, 0, 153, 0
L 336, 914, -258, 323, 915, -258, 0, 153, 0
L 323, 915, -258, 312, 911, -258, 0, 153, 0
L 312, 911, -258, 299, 903, -257, 0, 153, 0
L 299, 903, -257, 280, 909, -258, 0, 153, 0
L 280, 909, -258, 266, 924, -258, 0, 153, 0
L 266, 924, -258, 262, 949, -258, 0, 153, 0
L 262, 949, -258, 262, 959, -257, 0, 153, 0
L 262, 959, -257, 260, 974, -256, 0, 153, 0
L 260, 974, -256, 253, 983, -256, 0, 153, 0
L 253, 983, -256, 230, 986, -258, 0, 153, 0
L 230, 986, -258, 223, 985, -258, 0, 153, 0
L 223, 985, -258, 213, 980, -258, 0, 153, 0
L 213, 980, -258, 207, 971, -258, 0, 153, 0
L 207, 971, -258, 208, 962, -258, 0, 153, 0
L 208, 962, -258, 216, 946, -258, 0, 153, 0
L 216, 946, -258, 217, 934, -257, 0, 153, 0
L 217, 934, -257, 214, 925, -258, 0, 153, 0
L 214, 925, -258, 205, 920, -258, 0, 153, 0
L 205, 920, -258, 195, 909, -258, 0, 153, 0
L 195, 909, -258, 181, 907, -258, 0, 153, 0
L 181, 907, -258, 168, 910, -258, 0, 153, 0
L 168, 910, -258, 155, 906, -258, 0, 153, 0
L 155, 906, -258, 143, 922, -258, 0, 153, 0
L 143, 922, -258, 137, 935, -258, 0, 153, 0
L 137, 935, -258, 136, 945, -258, 0, 153, 0
L 136, 945, -258, 144, 957, -254, 0, 153, 0
L 144, 957, -254, 146, 969, -258, 0, 153, 0
L 146, 969, -258, 144, 976, -258, 0, 153, 0
L 144, 976, -258, 135, 990, -258, 0, 153, 0
L 135, 990, -258, 127, 998, -258, 0, 153, 0
L 127, 998, -258, 124, 997, -258, 0, 153, 0
L 124, 997, -258, 104, 993, -258, 0, 153, 0
L 104, 993, -258, 82, 983, -258, 0, 153, 0
L 82, 983, -258, 66, 980, -258, 0, 153, 0
L 66, 980, -258, 54, 985, -258, 0, 153, 0
L 54, 985, -258, 50, 986, -258, 0, 153, 0
L 50, 986, -258, 46, 981, -258, 0, 153, 0
L 46, 981, -258, 40, 974, -258, 0, 153, 0
L 40, 974, -258, 38, 963, -258, 0, 153, 0
L 38, 963, -258, 28, 954, -258, 0, 153, 0
L 28, 954, -258, 29, 944, -258, 0, 153, 0
L 29, 944, -258, 27, 932, -258, 0, 153, 0
L 27, 932, -258, 17, 914, -258, 0, 153, 0
L 17, 914, -258, 13, 904, -258, 0, 153, 0
L 13, 904, -258, 14, 899, -258, 0, 153, 0
L 14, 899, -258, 25, 882, -258, 0, 153, 0
L 25, 882, -258, 28, 868, -258, 0, 153, 0
L 28, 868, -258, 34, 857, -258, 0, 153, 0
L 34, 857, -258, 46, 844, -256, 0, 153, 0
L 46, 844, -256, 50, 835, -258, 0, 153, 0
L 50, 835, -258, 53, 822, -257, 0, 153, 0
L 53, 822, -257, 55, 808, -258, 0, 153, 0
L 55, 808, -258, 61, 788, -258, 0, 153, 0
L 61, 788, -258, 76, 780, -258, 0, 153, 0
L 76, 780, -258, 100, 771, -258, 0, 153, 0
L 100, 771, -258, 112, 769, -258, 0, 153, 0
L 112, 769, -258, 126, 773, -258, 0, 153, 0
L 126, 773, -258, 143, 776, -258, 0, 153, 0
L 143, 776, -258, 152, 771, -257, 0, 153, 0
L 152, 771, -257, 158, 752, -258, 0, 153, 0
L 158, 752, -258, 160, 742, -258, 0, 153, 0
L 160, 742, -258, 156, 730, -258, 0, 153, 0
L 156, 730, -258, 160, 721, -258, 0, 153, 0
L 160, 721, -258, 134, 703, -258, 0, 153, 0
L 134, 703, -258, 110, 712, -258, 0, 153, 0
L 110, 712, -258, 89, 712, -258, 0, 153, 0
L 89, 712, -258, 75, 704, -258, 0, 153, 0
L 75, 704, -258, 66, 686, -258, 0, 153, 0
L 66, 686, -258, 69, 669, -258, 0, 153, 0
L 69, 669, -258, 55, 658, -258, 0, 153, 0
L 55, 658, -258, 38, 652, -258, 0, 153, 0
L 38, 652, -258, 23, 652, -258, 0, 153, 0
L 23, 652, -258, 12, 655, -258, 0, 153, 0
L 12, 655, -258, -5, 659, -258, 0, 153, 0
L -5, 659, -258, -18, 654, -255, 0, 153, 0
L -18, 654, -255, -32, 647, -258, 0, 153, 0
L -32, 647, -258, -48, 647, -257, 0, 153, 0
L -48, 647, -257, -63, 642, -258, 0, 153, 0
L -63, 642, -258, -70, 632, -258, 0, 153, 0
L -70, 632, -258, -82, 631, -254, 0, 153, 0
L -82, 631, -254, -95, 627, -256, 0, 153, 0
L -95, 627, -256, -99, 626, -256, 0, 153, 0
L -99, 626, -256, -114, 638, -258, 0, 153, 0
L -114, 638, -258, -133, 634, -256, 0, 153, 0
L -133, 634, -256, -168, 633, -257, 0, 153, 0
L -168, 633, -257, -177, 628, -258, 0, 153, 0
L -177, 628, -258, -190, 621, -254, 0, 153, 0
L -190, 621, -254, -204, 621, -258, 0, 153, 0
L -204, 621, -258, -217, 627, -258, 0, 153, 0
L -217, 627, -258, -229, 626, -258, 0, 153, 0
L -229, 626, -258, -232, 609, -258, 0, 153, 0
L -232, 609, -258, -230, 591, -258, 0, 153, 0
L -230, 591, -258, -234, 586, -258, 0, 153, 0
L -234, 586, -258, -250, 585, -258, 0, 153, 0
L 518, 881, -2581, 521, 889, -258, 0, 153, 0
L 521, 889, -258, 512, 901, -255, 0, 153, 0
L 512, 901, -255, 498, 898, -253, 0, 153, 0
L 498, 898, -253, 484, 892, -258, 0, 153, 0
L 484, 892, -258, 471, 896, -253, 0, 153, 0
L 471, 896, -253, 465, 899, -253, 0, 153, 0
L 465, 899, -253, 457, 906, -254, 0, 153, 0
L 457, 906, -254, 457, 919, -257, 0, 153, 0
L 457, 919, -257, 452, 933, -254, 0, 153, 0
L 452, 933, -254, 449, 935, -254, 0, 153, 0
L 449, 935, -254, 447, 944, -253, 0, 153, 0
L 447, 944, -253, 447, 945, -253, 0, 153, 0
L 447, 945, -253, 448, 950, -253, 0, 153, 0
L 428, 929, -2581, 437, 921, -258, 0, 153, 0
L 437, 921, -258, 437, 907, -257, 0, 153, 0
L 437, 907, -257, 439, 899, -254, 0, 153, 0
L 439, 899, -254, 440, 891, -254, 0, 153, 0
L 440, 891, -254, 449, 879, -258, 0, 153, 0
L 449, 879, -258, 453, 875, -258, 0, 153, 0
L 453, 875, -258, 462, 875, -257, 0, 153, 0
L 462, 875, -257, 470, 878, -256, 0, 153, 0
L 470, 878, -256, 479, 875, -256, 0, 153, 0
L 479, 875, -256, 489, 873, -256, 0, 153, 0
L 489, 873, -256, 497, 870, -258, 0, 153, 0
L 26, 42, 18, 1, 42, 1, 153, 153, 153
L 1, 42, 1, 1, 7, 1, 153, 153, 153
L 1, 7, 1, -34, 8, 1, 153, 153, 153
L -34, 8, 1, -34, 81, -6, 153, 153, 153
L -34, 81, -6, -91, 81, -6, 153, 153, 153
L -91, 81, -6, -91, 61, -6, 153, 153, 153
L -91, 61, -6, -154, 61, -6, 153, 153, 153
L -154, 61, -6, -154, 20, -6, 153, 153, 153
L -154, 20, -6, -160, 19, -6, 153, 153, 153
L -160, 19, -6, -287, 19, -6, 153, 153, 153
L -287, 19, -6, -287, 52, -6, 153, 153, 153
L -287, 52, -6, -320, 52, -6, 153, 153, 153
L -320, 52, -6, -320, 19, -6, 153, 153, 153
L -320, 19, -6, -402, 19, -6, 153, 153, 153
L -402, 19, -6, -402, 201, -6, 153, 153, 153
L -402, 201, -6, -386, 201, -6, 153, 153, 153
L -386, 201, -6, -387, 200, -6, 153, 153, 153
L -387, 200, -6, -387, 179, -6, 153, 153, 153
L -387, 179, -6, -341, 179, -6, 153, 153, 153
L -341, 179, -6, -341, 205, -6, 153, 153, 153
L -341, 205, -6, -337, 206, -6, 153, 153, 153
L -337, 206, -6, -337, 201, -6, 153, 153, 153
L -337, 201, -6, -331, 201, -6, 153, 153, 153
L -331, 201, -6, -331, 101, -6, 153, 153, 153
L -331, 101, -6, -278, 101, -6, 153, 153, 153
L -278, 101, -6, -278, 56, -6, 153, 153, 153
L -278, 56, -6, -246, 56, -6, 153, 153, 153
L -246, 56, -6, -244, 50, -6, 153, 153, 153
L -244, 50, -6, -227, 51, -6, 153, 153, 153
L -227, 51, -6, -227, 120, 9, 153, 153, 153
L -227, 120, 9, -226, 128, 9, 153, 153, 153
L -226, 128, 9, -161, 128, 9, 153, 153, 153
L -161, 128, 9, -161, 306, 9, 153, 153, 153
L -161, 306, 9, -309, 306, 9, 153, 153, 153
L -309, 306, 9, -309, 128, 9, 153, 153, 153
L -309, 128, 9, -244, 128, 9, 153, 153, 153
L -244, 128, 9, -243, 120, 9, 153, 153, 153
L -243, 120, 9, -243, 73, -6, 153, 153, 153
L -243, 73, -6, -246, 72, -6, 153, 153, 153
L -246, 72, -6, -263, 73, -6, 153, 153, 153
L -263, 73, -6, -262, 117, -6, 153, 153, 153
L -262, 117, -6, -316, 117, -6, 153, 153, 153
L -316, 117, -6, -316, 217, -6, 153, 153, 153
L -316, 217, -6, -337, 217, -6, 153, 153, 153
L -337, 217, -6, -337, 214, -6, 153, 153, 153
L -337, 214, -6, -341, 213, -6, 153, 153, 153
L -341, 213, -6, -341, 239, -6, 153, 153, 153
L -341, 239, -6, -387, 239, -6, 153, 153, 153
L -387, 239, -6, -387, 218, -6, 153, 153, 153
L -387, 218, -6, -395, 217, -6, 153, 153, 153
L -395, 217, -6, -418, 217, -6, 153, 153, 153
L -418, 217, -6, -418, 197, -6, 153, 153, 153
L -418, 197, -6, -477, 197, -6, 153, 153, 153
L -477, 197, -6, -476, 249, -6, 153, 153, 153
L -476, 249, -6, -540, 249, -6, 153, 153, 153
L -540, 249, -6, -540, 311, -4, 153, 153, 153
L -540, 311, -4, -491, 311, -4, 153, 153, 153
L -491, 311, -4, -491, 451, 3, 153, 153, 153
L -491, 451, 3, -604, 451, 3, 153, 153, 153
L -604, 451, 3, -604, 308, -4, 153, 153, 153
L -604, 308, -4, -556, 308, -4, 153, 153, 153
L -556, 308, -4, -556, 249, -6, 153, 153, 153
L -556, 249, -6, -619, 249, -6, 153, 153, 153
L -619, 249, -6, -619, 201, -6, 153, 153, 153
L -619, 201, -6, -627, 200, -6, 153, 153, 153
L -627, 200, -6, -677, 200, -6, 153, 153, 153
L -677, 200, -6, -677, 219, -6, 153, 153, 153
L -677, 219, -6, -708, 219, -6, 153, 153, 153
L -708, 219, -6, -708, 240, -6, 153, 153, 153
L -708, 240, -6, -754, 240, -6, 153, 153, 153
L -754, 240, -6, -754, 180, -6, 153, 153, 153
L -754, 180, -6, -708, 180, -6, 153, 153, 153
L -708, 180, -6, -708, 201, -6, 153, 153, 153
L -708, 201, -6, -693, 201, -6, 153, 153, 153
L -693, 201, -6, -693, 1, -6, 153, 153, 153
L -693, 1, -6, -649, 1, -6, 153, 153, 153
L -649, 1, -6, -649, -92, -6, 153, 153, 153
L -649, -92, -6, -444, -92, -6, 153, 153, 153
L -444, -92, -6, -444, 111, -6, 153, 153, 153
L -444, 111, -6, -650, 111, -6, 153, 153, 153
L -650, 111, -6, -650, 18, -6, 153, 153, 153
L -650, 18, -6, -680, 18, -6, 153, 153, 153
L -680, 18, -6, -680, 186, -6, 153, 153, 153
L -680, 186, -6, -618, 186, -6, 153, 153, 153
L -618, 186, -6, -618, 135, -6, 153, 153, 153
L -618, 135, -6, -476, 135, -6, 153, 153, 153
L -476, 135, -6, -476, 182, -6, 153, 153, 153
L -476, 182, -6, -418, 182, -6, 153, 153, 153
L -418, 182, -6, -418, -140, -6, 153, 153, 153
L -418, -140, -6, -434, -140, -6, 153, 153, 153
L -434, -140, -6, -434, -118, -6, 153, 153, 153
L -434, -118, -6, -479, -118, -6, 153, 153, 153
L -479, -118, -6, -479, -178, -6, 153, 153, 153
L -479, -178, -6, -433, -178, -6, 153, 153, 153
L -433, -178, -6, -433, -157, -6, 153, 153, 153
L -433, -157, -6, -425, -156, -6, 153, 153, 153
L -425, -156, -6, -402, -156, -6, 153, 153, 153
L -402, -156, -6, -402, 3, -6, 153, 153, 153
L -402, 3, -6, -318, 3, -6, 153, 153, 153
L -318, 3, -6, -318, -29, -6, 153, 153, 153
L -318, -29, -6, -287, -29, -6, 153, 153, 153
L -287, -29, -6, -287, 3, -6, 153, 153, 153
L -287, 3, -6, -154, 2, -6, 153, 153, 153
L -154, 2, -6, -154, -38, -6, 153, 153, 153
L -154, -38, -6, -119, -38, -6, 153, 153, 153
L -119, -38, -6, -119, -42, -6, 153, 153, 153
L -119, -42, -6, -139, -42, 0, 153, 153, 153
L -139, -53, -5, -139, -53, 0, 153, 153, 153
L -139, -53, 0, -119, -53, -6, 153, 153, 153
L -119, -53, -6, -119, -57, -6, 153, 153, 153
L -119, -57, -6, -178, -57, -6, 153, 153, 153
L -178, -57, -6, -174, -61, -6, 153, 153, 153
L -174, -61, -6, -245, -61, -6, 153, 153, 153
L -245, -61, -6, -245, -120, -6, 153, 153, 153
L -245, -120, -6, -339, -120, -6, 153, 153, 153
L -339, -120, -6, -339, -325, -6, 153, 153, 153
L -339, -325, -6, -135, -325, -6, 153, 153, 153
L -135, -325, -6, -135, -119, -6, 153, 153, 153
L -135, -119, -6, -228, -119, -6, 153, 153, 153
L -228, -119, -6, -228, -78, -6, 153, 153, 153
L -228, -78, -6, -174, -78, -6, 153, 153, 153
L -174, -78, -6, -174, -82, -6, 153, 153, 153
L -174, -82, -6, -34, -82, -6, 153, 153, 153
L -34, -82, -6, -34, -9, 1, 153, 153, 153
L -34, -9, 1, 17, -8, 1, 153, 153, 153
L 17, -8, 1, 17, 26, 1, 153, 153, 153
L 27, 26, 18, 27, 26, 1, 153, 153, 153
L 27, 26, 1, 18, 26, 1, 153, 153, 153
L -569, 10, 82, -569, 10, 8, 0, 0, 153
L -569, 10, 8, -569, 14, 8, 0, 0, 153
L -569, 14, 8, -563, 26, 8, 0, 0, 153
L -563, 26, 8, -549, 32, 8, 0, 0, 153
L -549, 32, 8, -533, 26, 8, 0, 0, 153
L -533, 26, 8, -525, 10, 8, 0, 0, 153
L -525, 10, 8, -535, -8, 8, 0, 0, 153
L -535, -8, 8, -552, -13, 8, 0, 0, 153
L -552, -13, 8, -565, -4, 8, 0, 0, 153
L -565, -4, 8, -568, 3, 9, 0, 0, 153
L -233, -200, 76, -220, -206, 7, 0, 0, 153
L -220, -206, 7, -214, -224, 7, 0, 0, 153
L -214, -224, 7, -224, -239, 7, 0, 0, 153
L -224, -239, 7, -240, -244, 7, 0, 0, 153
L -240, -244, 7, -255, -235, 7, 0, 0, 153
L -255, -235, 7, -260, -218, 7, 0, 0, 153
L -260, -218, 7, -250, -203, 7, 0, 0, 153
L -250, -203, 7, -238, -198, 7, 0, 0, 153
L -137, -42, -11, -137, -42, -1, 0, 255, 255
L -137, -42, -1, -159, -42, 1, 0, 255, 255
L -159, -42, 1, -159, 65, 9, 0, 255, 255
L -159, 65, 9, -95, 65, 9, 0, 255, 255
L -95, 65, 9, -95, 106, 9, 0, 255, 255
L -95, 106, 9, 81, 106, 9, 0, 255, 255
L 81, 106, 9, 81, 84, 9, 0, 255, 255
L 81, 84, 9, 126, 84, 9, 0, 255, 255
L 126, 84, 9, 126, 144, 9, 0, 255, 255
L 126, 144, 9, 80, 144, 9, 0, 255, 255
L 80, 144, 9, 80, 123, 9, 0, 255, 255
L 80, 123, 9, 17, 123, 9, 0, 255, 255
L 17, 123, 9, 18, 138, 9, 0, 255, 255
L 18, 138, 9, 67, 138, 9, 0, 255, 255
L 67, 138, 9, 67, 281, 9, 0, 255, 255
L 67, 281, 9, 19, 281, 9, 0, 255, 255
L 19, 281, 9, 19, 355, 9, 0, 255, 255
L 19, 355, 9, 112, 355, 9, 0, 255, 255
L 112, 355, 9, 112, 561, 9, 0, 255, 255
L 112, 561, 9, -91, 561, 9, 0, 255, 255
L -91, 561, 9, -91, 355, 9, 0, 255, 255
L -91, 355, 9, 1, 355, 9, 0, 255, 255
L 1, 355, 9, 1, 281, 9, 0, 255, 255
L 1, 281, 9, -46, 281, 9, 0, 255, 255
L -46, 281, 9, -46, 138, 9, 0, 255, 255
L -46, 138, 9, 0, 138, 9, 0, 255, 255
L 0, 138, 9, 0, 122, 9, 0, 255, 255
L 0, 122, 9, -112, 122, 9, 0, 255, 255
L -112, 122, 9, -112, 80, 9, 0, 255, 255
L -112, 80, 9, -173, 80, 9, 0, 255, 255
L -173, 80, 9, -173, -53, 1, 0, 255, 255
L -173, -53, 1, -136, -53, -1, 0, 255, 255
L 7, 435, 235, 7, 435, 23, 0, 0, 153
L 7, 435, 23, -6, 443, 23, 0, 0, 153
L -6, 443, 23, -13, 458, 23, 0, 0, 153
L -13, 458, 23, -3, 474, 23, 0, 0, 153
L -3, 474, 23, 13, 476, 23, 0, 0, 153
L 13, 476, 23, 26, 473, 23, 0, 0, 153
L 26, 473, 23, 33, 453, 23, 0, 0, 153
L 33, 453, 23, 24, 439, 23, 0, 0, 153
L 24, 439, 23, 6, 436, 23, 0, 0, 153
L 33, 453, 1525, 33, 453, 152, 0, 0, 153
L 33, 453, 152, 23, 439, 152, 0, 0, 153
L 23, 439, 152, 12, 435, 152, 0, 0, 153
L 12, 435, 152, -5, 441, 152, 0, 0, 153
L -5, 441, 152, -11, 461, 152, 0, 0, 153
L -11, 461, 152, -2, 475, 152, 0, 0, 153
L -2, 475, 152, 6, 479, 152, 0, 0, 153
L 6, 479, 152, 24, 474, 152, 0, 0, 153
L 24, 474, 152, 33, 456, 152, 0, 0, 153
L 33, 456, 152, 25, 440, 152, 0, 0, 153
L -91, 353, 1388, -91, 353, 138, 0, 255, 255
L -91, 353, 138, 112, 353, 138, 0, 255, 255
L 112, 353, 138, 112, 559, 138, 0, 255, 255
L 112, 559, 138, 19, 559, 138, 0, 255, 255
L 19, 559, 138, 19, 622, 138, 0, 255, 255
L 19, 622, 138, 115, 622, 138, 0, 255, 255
L 115, 622, 138, 115, 600, 138, 0, 255, 255
L 115, 600, 138, 160, 600, 138, 0, 255, 255
L 160, 600, 138, 160, 660, 138, 0, 255, 255
L 160, 660, 138, 115, 660, 138, 0, 255, 255
L 115, 660, 138, 115, 639, 138, 0, 255, 255
L 115, 639, 138, -122, 639, 138, 0, 255, 255
L -122, 639, 138, -122, 671, 138, 0, 255, 255
L -122, 671, 138, -153, 671, 138, 0, 255, 255
L -153, 671, 138, -153, 638, 138, 0, 255, 255
L -153, 638, 138, -227, 638, 138, 0, 255, 255
L -227, 638, 138, -226, 665, 138, 0, 255, 255
L -226, 665, 138, -205, 665, 138, 0, 255, 255
L -205, 665, 138, -205, 710, 138, 0, 255, 255
L -205, 710, 138, -265, 710, 138, 0, 255, 255
L -265, 710, 138, -265, 665, 138, 0, 255, 255
L -265, 665, 138, -244, 665, 138, 0, 255, 255
L -244, 665, 138, -244, 559, 138, 0, 255, 255
L -244, 559, 138, -337, 559, 138, 0, 255, 255
L -337, 559, 138, -337, 353, 138, 0, 255, 255
L -337, 353, 138, -244, 353, 138, 0, 255, 255
L -244, 353, 138, -244, 285, 138, 0, 255, 255
L -244, 285, 138, -357, 285, 138, 0, 255, 255
L -357, 285, 138, -357, 462, 138, 0, 255, 255
L -357, 462, 138, -442, 462, 138, 0, 255, 255
L -442, 462, 138, -442, 495, 138, 0, 255, 255
L -442, 495, 138, -533, 495, 138, 0, 255, 255
L -533, 495, 138, -533, 462, 138, 0, 255, 255
L -533, 462, 138, -561, 463, 138, 0, 255, 255
L -561, 463, 138, -561, 484, 138, 0, 255, 255
L -561, 484, 138, -607, 484, 138, 0, 255, 255
L -607, 484, 138, -607, 425, 138, 0, 255, 255
L -607, 425, 138, -561, 425, 138, 0, 255, 255
L -561, 425, 138, -561, 446, 138, 0, 255, 255
L -561, 446, 138, -533, 446, 138, 0, 255, 255
L -533, 446, 138, -533, 414, 138, 0, 255, 255
L -533, 414, 138, -495, 414, 138, 0, 255, 255
L -495, 414, 138, -496, 382, 138, 0, 255, 255
L -496, 382, 138, -517, 382, 138, 0, 255, 255
L -517, 382, 138, -517, 336, 138, 0, 255, 255
L -517, 336, 138, -497, 336, 138, 0, 255, 255
L -497, 336, 138, -495, 332, 138, 0, 255, 255
L -495, 332, 138, -495, 287, 138, 0, 255, 255
L -495, 287, 138, -543, 288, 138, 0, 255, 255
L -543, 288, 138, -543, 336, 138, 0, 255, 255
L -543, 336, 138, -685, 336, 146, 0, 255, 255
L -685, 336, 146, -685, 222, 146, 0, 255, 255
L -685, 222, 146, -543, 222, 138, 0, 255, 255
L -543, 222, 138, -543, 270, 138, 0, 255, 255
L -543, 270, 138, -480, 271, 138, 0, 255, 255
L -480, 271, 138, -480, 336, 138, 0, 255, 255
L -480, 336, 138, -458, 336, 138, 0, 255, 255
L -458, 336, 138, -458, 382, 138, 0, 255, 255
L -458, 382, 138, -479, 382, 138, 0, 255, 255
L -479, 382, 138, -479, 414, 138, 0, 255, 255
L -479, 414, 138, -442, 414, 138, 0, 255, 255
L -442, 414, 138, -442, 446, 138, 0, 255, 255
L -442, 446, 138, -373, 446, 138, 0, 255, 255
L -373, 446, 138, -373, 269, 138, 0, 255, 255
L -373, 269, 138, -227, 269, 138, 0, 255, 255
L -227, 269, 138, -227, 353, 138, 0, 255, 255
L -227, 353, 138, -133, 353, 138, 0, 255, 255
L -133, 353, 138, -133, 559, 138, 0, 255, 255
L -133, 559, 138, -226, 559, 138, 0, 255, 255
L -226, 559, 138, -226, 622, 138, 0, 255, 255
L -226, 622, 138, -152, 622, 138, 0, 255, 255
L -152, 622, 138, -152, 589, 138, 0, 255, 255
L -152, 589, 138, -122, 589, 138, 0, 255, 255
L -122, 589, 138, -122, 622, 138, 0, 255, 255
L -122, 622, 138, 2, 622, 138, 0, 255, 255
L 2, 622, 138, 2, 558, 138, 0, 255, 255
L 2, 558, 138, -91, 560, 138, 0, 255, 255
L -91, 560, 138, -91, 353, 138, 0, 255, 255
L -135, -119, 1308, -135, -119, 130, 0, 255, 255
L -135, -119, 130, -135, -325, 130, 0, 255, 255
L -135, -325, 130, -339, -325, 130, 0, 255, 255
L -339, -325, 130, -339, -119, 130, 0, 255, 255
L -339, -119, 130, -246, -119, 130, 0, 255, 255
L -246, -119, 130, -247, -56, 130, 0, 255, 255
L -247, -56, 130, -349, -56, 130, 0, 255, 255
L -349, -56, 130, -349, -89, 130, 0, 255, 255
L -349, -89, 130, -379, -89, 130, 0, 255, 255
L -379, -89, 130, -379, -56, 130, 0, 255, 255
L -379, -56, 130, -404, -56, 130, 0, 255, 255
L -404, -56, 130, -404, -100, 130, 0, 255, 255
L -404, -100, 130, -382, -100, 130, 0, 255, 255
L -382, -100, 130, -382, -145, 130, 0, 255, 255
L -382, -145, 130, -442, -145, 130, 0, 255, 255
L -442, -145, 130, -442, -99, 130, 0, 255, 255
L -442, -99, 130, -421, -99, 130, 0, 255, 255
L -421, -99, 130, -421, 2, 130, 0, 255, 255
L -421, 2, 130, -442, 2, 130, 0, 255, 255
L -442, 2, 130, -442, 48, 130, 0, 255, 255
L -442, 48, 130, -382, 48, 130, 0, 255, 255
L -382, 48, 130, -382, 2, 130, 0, 255, 255
L -382, 2, 130, -403, 2, 130, 0, 255, 255
L -403, 2, 130, -403, -40, 130, 0, 255, 255
L -403, -40, 130, -380, -40, 130, 0, 255, 255
L -380, -40, 130, -380, -7, 130, 0, 255, 255
L -380, -7, 130, -372, -7, 130, 0, 255, 255
L -372, -7, 130, -372, 61, 130, 0, 255, 255
L -372, 61, 130, -460, 61, 130, 0, 255, 255
L -460, 61, 130, -460, -7, 130, 0, 255, 255
L -460, -7, 130, -427, -7, 130, 0, 255, 255
L -427, -7, 130, -427, -86, 130, 0, 255, 255
L -427, -86, 130, -460, -86, 130, 0, 255, 255
L -460, -86, 130, -460, -213, 130, 0, 255, 255
L -460, -213, 130, -423, -212, 130, 0, 255, 255
L -423, -212, 130, -423, -191, 130, 0, 255, 255
L -423, -191, 130, -378, -191, 130, 0, 255, 255
L -378, -191, 130, -378, -251, 130, 0, 255, 255
L -378, -251, 130, -423, -251, 130, 0, 255, 255
L -423, -251, 130, -423, -230, 130, 0, 255, 255
L -423, -230, 130, -531, -230, 130, 0, 255, 255
L -531, -230, 130, -531, -323, 130, 0, 255, 255
L -531, -323, 130, -737, -323, 130, 0, 255, 255
L -737, -323, 130, -737, -119, 130, 0, 255, 255
L -737, -119, 130, -531, -119, 130, 0, 255, 255
L -531, -119, 130, -531, -212, 130, 0, 255, 255
L -531, -212, 130, -476, -212, 130, 0, 255, 255
L -476, -212, 130, -475, -88, 130, 0, 255, 255
L -475, -88, 130, -509, -88, 130, 0, 255, 255
L -509, -88, 130, -509, -7, 130, 0, 255, 255
L -509, -7, 130, -475, -7, 130, 0, 255, 255
L -475, -7, 130, -476, 77, 130, 0, 255, 255
L -476, 77, 130, -372, 77, 130, 0, 255, 255
L -372, 77, 130, -373, 104, 130, 0, 255, 255
L -373, 104, 130, -394, 104, 130, 0, 255, 255
L -394, 104, 130, -394, 149, 130, 0, 255, 255
L -394, 149, 130, -335, 149, 130, 0, 255, 255
L -335, 149, 130, -335, 104, 130, 0, 255, 255
L -335, 104, 130, -356, 104, 130, 0, 255, 255
L -356, 104, 130, -356, -7, 130, 0, 255, 255
L -356, -7, 130, -349, -7, 130, 0, 255, 255
L -349, -7, 130, -349, -40, 130, 0, 255, 255
L -349, -40, 130, -138, -40, 130, 0, 255, 255
L -138, -40, 130, -138, -7, 130, 0, 255, 255
L -138, -7, 130, -107, -7, 130, 0, 255, 255
L -107, -7, 130, -107, -40, 130, 0, 255, 255
L -107, -40, 130, -83, -40, 130, 0, 255, 255
L -83, -40, 130, -84, 2, 130, 0, 255, 255
L -84, 2, 130, -105, 2, 130, 0, 255, 255
L -105, 2, 130, -105, 48, 130, 0, 255, 255
L -105, 48, 130, -86, 48, 130, 0, 255, 255
L -86, 48, 130, -84, 55, 130, 0, 255, 255
L -84, 55, 130, -85, 86, 130, 0, 255, 255
L -85, 86, 130, -178, 86, 130, 0, 255, 255
L -178, 86, 130, -178, 292, 130, 0, 255, 255
L -178, 292, 130, 25, 292, 130, 0, 255, 255
L 25, 292, 130, 25, 86, 130, 0, 255, 255
L 25, 86, 130, -67, 86, 130, 0, 255, 255
L -67, 86, 130, -67, 48, 130, 0, 255, 255
L -67, 48, 130, -45, 48, 130, 0, 255, 255
L -45, 48, 130, -45, 2, 130, 0, 255, 255
L -45, 2, 130, -66, 2, 130, 0, 255, 255
L -66, 2, 130, -66, -99, 130, 0, 255, 255
L -66, -99, 130, -45, -99, 130, 0, 255, 255
L -45, -99, 130, -45, -145, 130, 0, 255, 255
L -45, -145, 130, -105, -145, 130, 0, 255, 255
L -105, -145, 130, -105, -99, 130, 0, 255, 255
L -105, -99, 130, -84, -99, 130, 0, 255, 255
L -84, -99, 130, -84, -56, 130, 0, 255, 255
L -84, -56, 130, -107, -56, 130, 0, 255, 255
L -107, -56, 130, -107, -89, 130, 0, 255, 255
L -107, -89, 130, -138, -89, 130, 0, 255, 255
L -138, -89, 130, -138, -56, 130, 0, 255, 255
L -138, -56, 130, -229, -56, 130, 0, 255, 255
L -229, -56, 130, -228, -119, 130, 0, 255, 255
L -228, -119, 130, -135, -119, 130, 0, 255, 255
L -531, -119, 2568, -531, -119, 256, 0, 153, 153
L -531, -119, 256, -737, -119, 256, 0, 153, 153
L -737, -119, 256, -737, -323, 256, 0, 153, 153
L -737, -323, 256, -531, -323, 256, 0, 153, 153
L -531, -323, 256, -531, -230, 256, 0, 153, 153
L -531, -230, 256, -408, -230, 256, 0, 153, 153
L -408, -230, 256, -409, -247, 256, 0, 153, 153
L -409, -247, 256, -430, -247, 256, 0, 153, 153
L -430, -247, 256, -430, -293, 256, 0, 153, 153
L -430, -293, 256, -370, -293, 256, 0, 153, 153
L -370, -293, 256, -370, -247, 256, 0, 153, 153
L -370, -247, 256, -391, -247, 256, 0, 153, 153
L -391, -247, 256, -392, -213, 256, 0, 153, 153
L -392, -213, 256, -413, -213, 256, 0, 153, 153
L -413, -213, 256, -412, -140, 256, 0, 153, 153
L -412, -140, 256, -363, -140, 256, 0, 153, 153
L -363, -140, 256, -363, 2, 256, 0, 153, 153
L -363, 2, 256, -411, 2, 256, 0, 153, 153
L -411, 2, 256, -411, 45, 256, 0, 153, 153
L -411, 45, 256, -363, 45, 256, 0, 153, 153
L -363, 45, 256, -363, 188, 264, 0, 153, 153
L -363, 188, 264, -477, 188, 264, 0, 153, 153
L -477, 188, 264, -477, 45, 256, 0, 153, 153
L -477, 45, 256, -429, 45, 256, 0, 153, 153
L -429, 45, 256, -429, 2, 256, 0, 153, 153
L -429, 2, 256, -477, 2, 256, 0, 153, 153
L -477, 2, 256, -477, -140, 256, 0, 153, 153
L -477, -140, 256, -430, -140, 256, 0, 153, 153
L -430, -140, 256, -430, -213, 256, 0, 153, 153
L -430, -213, 256, -531, -212, 256, 0, 153, 153
L -531, -212, 256, -531, -119, 256, 0, 153, 153
L 25, 86, 2493, 25, 86, 249, 0, 153, 153
L 25, 86, 249, 25, 292, 249, 0, 153, 153
L 25, 292, 249, -178, 292, 249, 0, 153, 153
L -178, 292, 249, -178, 86, 249, 0, 153, 153
L -178, 86, 249, -85, 86, 249, 0, 153, 153
L -85, 86, 249, -85, 9, 249, 0, 153, 153
L -85, 9, 249, -126, 10, 249, 0, 153, 153
L -126, 10, 249, -126, 27, 249, 0, 153, 153
L -126, 27, 249, -142, 27, 249, 0, 153, 153
L -142, 27, 249, -142, 48, 249, 0, 153, 153
L -142, 48, 249, -273, 48, 249, 0, 153, 153
L -273, 48, 249, -273, 27, 249, 0, 153, 153
L -273, 27, 249, -289, 27, 249, 0, 153, 153
L -289, 27, 249, -289, 10, 249, 0, 153, 153
L -289, 10, 249, -348, 9, 249, 0, 153, 153
L -348, 9, 249, -348, -80, 249, 0, 153, 153
L -348, -80, 249, -289, -81, 249, 0, 153, 153
L -289, -81, 249, -289, -102, 249, 0, 153, 153
L -289, -102, 249, -265, -102, 249, 0, 153, 153
L -265, -102, 249, -265, -160, 249, 0, 153, 153
L -265, -160, 249, -283, -160, 249, 0, 153, 153
L -283, -160, 249, -352, -230, 249, 0, 153, 153
L -352, -230, 249, -352, -283, 249, 0, 153, 153
L -352, -283, 249, -283, -353, 249, 0, 153, 153
L -283, -353, 249, -229, -353, 249, 0, 153, 153
L -229, -353, 249, -160, -283, 249, 0, 153, 153
L -160, -283, 249, -160, -230, 249, 0, 153, 153
L -160, -230, 249, -229, -160, 249, 0, 153, 153
L -229, -160, 249, -247, -160, 249, 0, 153, 153
L -247, -160, 249, -247, -102, 249, 0, 153, 153
L -247, -102, 249, -223, -102, 249, 0, 153, 153
L -223, -102, 249, -223, -42, 249, 0, 153, 153
L -223, -42, 249, -289, -42, 249, 0, 153, 153
L -289, -42, 249, -289, -63, 249, 0, 153, 153
L -289, -63, 249, -332, -62, 249, 0, 153, 153
L -332, -62, 249, -332, -6, 249, 0, 153, 153
L -332, -6, 249, -289, -7, 249, 0, 153, 153
L -289, -7, 249, -289, -33, 249, 0, 153, 153
L -289, -33, 249, -126, -33, 249, 0, 153, 153
L -126, -33, 249, -126, -7, 249, 0, 153, 153
L -126, -7, 249, -84, -7, 249, 0, 153, 153
L -84, -7, 249, -85, -63, 249, 0, 153, 153
L -85, -63, 249, -134, -62, 249, 0, 153, 153
L -134, -62, 249, -133, -224, 249, 0, 153, 153
L -133, -224, 249, -82, -226, 249, 0, 153, 153
L -82, -226, 249, -85, -281, 249, 0, 153, 153
L -85, -281, 249, -123, -281, 249, 0, 153, 153
L -123, -281, 249, -192, -351, 249, 0, 153, 153
L -192, -351, 249, -192, -444, 249, 0, 153, 153
L -192, -444, 249, -123, -514, 249, 0, 153, 153
L -123, -514, 249, -29, -514, 249, 0, 153, 153
L -29, -514, 249, 39, -444, 249, 0, 153, 153
L 39, -444, 249, 39, -351, 249, 0, 153, 153
L 39, -351, 249, -29, -281, 249, 0, 153, 153
L -29, -281, 249, -67, -281, 249, 0, 153, 153
L -67, -281, 249, -67, -224, 249, 0, 153, 153
L -67, -224, 249, -19, -224, 249, 0, 153, 153
L -19, -224, 249, -19, -63, 249, 0, 153, 153
L -19, -63, 249, -67, -63, 249, 0, 153, 153
L -67, -63, 249, -67, 86, 249, 0, 153, 153
L -67, 86, 249, 25, 86, 249, 0, 153, 153
L -229, 306, 98, -224, 306, 9, 102, 102, 102
L -224, 306, 9, -224, 351, 9, 102, 102, 102
L -224, 351, 9, -133, 351, 9, 102, 102, 102
L -133, 351, 9, -133, 557, 9, 102, 102, 102
L -133, 557, 9, -337, 557, 9, 102, 102, 102
L -337, 557, 9, -337, 351, 9, 102, 102, 102
L -337, 351, 9, -244, 351, 9, 102, 102, 102
L -244, 351, 9, -244, 306, 9, 102, 102, 102
L -337, 559, 2678, -337, 559, 267, 0, 153, 153
L -337, 559, 267, -337, 351, 267, 0, 153, 153
L -337, 351, 267, -133, 351, 267, 0, 153, 153
L -133, 351, 267, -133, 559, 267, 0, 153, 153
L -133, 559, 267, -226, 559, 267, 0, 153, 153
L -226, 559, 267, -226, 682, 267, 0, 153, 153
L -226, 682, 267, -39, 682, 267, 0, 153, 153
L -39, 682, 267, -39, 1079, 267, 0, 153, 153
L -39, 1079, 267, -431, 1079, 267, 0, 153, 153
L -431, 1079, 267, -431, 682, 267, 0, 153, 153
L -431, 682, 267, -244, 682, 267, 0, 153, 153
L -244, 682, 267, -244, 559, 267, 0, 153, 153
L -244, 559, 267, -337, 559, 267, 0, 153, 153
L -612, 369, 4018, -612, 369, 401, 153, 0, 153
L -612, 369, 401, -612, 279, 401, 153, 0, 153
L -612, 279, 401, -702, 279, 401, 153, 0, 153
L -702, 279, 401, -702, 315, 401, 153, 0, 153
L -702, 315, 401, -750, 315, 401, 153, 0, 153
L -750, 315, 401, -750, 220, 401, 153, 0, 153
L -750, 220, 401, -811, 220, 401, 153, 0, 153
L -811, 220, 401, -810, 172, 401, 153, 0, 153
L -810, 172, 401, -773, 173, 401, 153, 0, 153
L -773, 173, 401, -773, 82, 401, 153, 0, 153
L -773, 82, 401, -864, 82, 401, 153, 0, 153
L -864, 82, 401, -864, 173, 401, 153, 0, 153
L -864, 173, 401, -827, 173, 401, 153, 0, 153
L -827, 173, 401, -826, 220, 401, 153, 0, 153
L -826, 220, 401, -929, 220, 401, 153, 0, 153
L -929, 220, 401, -928, 173, 401, 153, 0, 153
L -928, 173, 401, -891, 173, 401, 153, 0, 153
L -891, 173, 401, -891, 82, 401, 153, 0, 153
L -891, 82, 401, -982, 82, 401, 153, 0, 153
L -982, 82, 401, -982, 173, 401, 153, 0, 153
L -982, 173, 401, -945, 173, 401, 153, 0, 153
L -945, 173, 401, -945, 220, 401, 153, 0, 153
L -945, 220, 401, -1029, 220, 410, 153, 0, 153
L -1029, 220, 410, -1029, 428, 410, 153, 0, 153
L -1029, 428, 410, -944, 428, 401, 153, 0, 153
L -944, 428, 401, -946, 475, 401, 153, 0, 153
L -946, 475, 401, -982, 475, 401, 153, 0, 153
L -982, 475, 401, -982, 566, 401, 153, 0, 153
L -982, 566, 401, -891, 566, 401, 153, 0, 153
L -891, 566, 401, -891, 475, 401, 153, 0, 153
L -891, 475, 401, -928, 475, 401, 153, 0, 153
L -928, 475, 401, -928, 428, 401, 153, 0, 153
L -928, 428, 401, -826, 429, 401, 153, 0, 153
L -826, 429, 401, -827, 475, 401, 153, 0, 153
L -827, 475, 401, -864, 475, 401, 153, 0, 153
L -864, 475, 401, -864, 566, 401, 153, 0, 153
L -864, 566, 401, -773, 566, 401, 153, 0, 153
L -773, 566, 401, -773, 475, 401, 153, 0, 153
L -773, 475, 401, -810, 475, 401, 153, 0, 153
L -810, 475, 401, -810, 428, 401, 153, 0, 153
L -810, 428, 401, -750, 428, 401, 153, 0, 153
L -750, 428, 401, -750, 331, 401, 153, 0, 153
L -750, 331, 401, -702, 333, 401, 153, 0, 153
L -702, 333, 401, -702, 369, 401, 153, 0, 153
L -702, 369, 401, -612, 369, 401, 153, 0, 153
L -164, -149, -42, -164, -149, -4, 102, 102, 102
L -164, -149, -4, -164, -294, -4, 102, 102, 102
L -164, -294, -4, -308, -294, -4, 102, 102, 102
L -308, -294, -4, -308, -148, -4, 102, 102, 102
L -308, -148, -4, -245, -149, -4, 102, 102, 102
L -245, -149, -4, -247, -167, 4, 102, 102, 102
L -247, -167, 4, -271, -167, 4, 102, 102, 102
L -271, -167, 4, -271, -186, 5, 102, 102, 102
L -271, -186, 5, -291, -187, 4, 102, 102, 102
L -291, -187, 4, -291, -255, 4, 102, 102, 102
L -291, -255, 4, -272, -255, 4, 102, 102, 102
L -272, -255, 4, -271, -276, 4, 102, 102, 102
L -271, -276, 4, -199, -278, 4, 102, 102, 102
L -199, -278, 4, -202, -255, 5, 102, 102, 102
L -202, -255, 5, -183, -255, 4, 102, 102, 102
L -183, -255, 4, -183, -187, 4, 102, 102, 102
L -183, -187, 4, -203, -186, 4, 102, 102, 102
L -203, -186, 4, -203, -167, 4, 102, 102, 102
L -203, -167, 4, -229, -166, 4, 102, 102, 102
L -229, -166, 4, -227, -148, -4, 102, 102, 102
L -227, -148, -4, -164, -149, -4, 102, 102, 102
L -228, -148, 1327, -228, -148, 132, 0, 153, 153
L -228, -148, 132, -166, -148, 132, 0, 153, 153
L -166, -148, 132, -166, -294, 132, 0, 153, 153
L -166, -294, 132, -309, -294, 132, 0, 153, 153
L -309, -294, 132, -309, -148, 132, 0, 153, 153
L -309, -148, 132, -246, -148, 132, 0, 153, 153
L -226, 507, 2787, -226, 507, 278, 0, 153, 153
L -226, 507, 278, -201, 507, 278, 0, 153, 153
L -201, 507, 278, -201, 488, 279, 0, 153, 153
L -201, 488, 279, -181, 487, 278, 0, 153, 153
L -181, 487, 278, -181, 422, 278, 0, 153, 153
L -181, 422, 278, -201, 418, 279, 0, 153, 153
L -201, 418, 279, -201, 399, 278, 0, 153, 153
L -201, 399, 278, -269, 399, 278, 0, 153, 153
L -269, 399, 278, -270, 419, 279, 0, 153, 153
L -270, 419, 279, -289, 419, 278, 0, 153, 153
L -289, 419, 278, -289, 487, 278, 0, 153, 153
L -289, 487, 278, -270, 487, 278, 0, 153, 153
L -270, 487, 278, -269, 507, 278, 0, 153, 153
L -269, 507, 278, -246, 507, 278, 0, 153, 153
L -232, 475, 2837, -232, 475, 283, 0, 0, 255
L -232, 475, 283, -221, 473, 283, 0, 0, 255
L -221, 473, 283, -208, 452, 283, 0, 0, 255
L -208, 452, 283, -217, 438, 283, 0, 0, 255
L -217, 438, 283, -235, 427, 283, 0, 0, 255
L -235, 427, 283, -251, 434, 283, 0, 0, 255
L -251, 434, 283, -260, 454, 283, 0, 0, 255
L -260, 454, 283, -251, 472, 283, 0, 0, 255
L -251, 472, 283, -234, 475, 283, 0, 0, 255
L -226, 508, 2776, -226, 508, 277, 0, 153, 153
L -226, 508, 277, -225, 525, 268, 0, 153, 153
L -225, 525, 268, -163, 525, 267, 0, 153, 153
L -163, 525, 267, -163, 381, 269, 0, 153, 153
L -163, 381, 269, -306, 381, 268, 0, 153, 153
L -306, 381, 268, -307, 524, 268, 0, 153, 153
L -307, 524, 268, -244, 524, 268, 0, 153, 153
L -244, 524, 268, -244, 508, 277, 0, 153, 153
L -229, -148, 1327, -229, -148, 132, 0, 153, 153
L -229, -148, 132, -229, -167, 141, 0, 153, 153
L -229, -167, 141, -203, -167, 141, 0, 153, 153
L -203, -167, 141, -203, -187, 141, 0, 153, 153
L -203, -187, 141, -183, -187, 141, 0, 153, 153
L -183, -187, 141, -183, -255, 141, 0, 153, 153
L -183, -255, 141, -203, -255, 142, 0, 153, 153
L -203, -255, 142, -203, -275, 141, 0, 153, 153
L -203, -275, 141, -271, -275, 141, 0, 153, 153
L -271, -275, 141, -271, -255, 141, 0, 153, 153
L -271, -255, 141, -291, -255, 141, 0, 153, 153
L -291, -255, 141, -291, -187, 141, 0, 153, 153
L -291, -187, 141, -272, -187, 142, 0, 153, 153
L -272, -187, 142, -271, -186, 141, 0, 153, 153
L -271, -186, 141, -271, -167, 141, 0, 153, 153
L -271, -167, 141, -246, -167, 141, 0, 153, 153
L -246, -167, 141, -246, -148, 132, 0, 153, 153
L -52, 191, 1464, -52, 191, 146, 0, 0, 255
L -52, 191, 146, -59, 172, 146, 0, 0, 255
L -59, 172, 146, -78, 161, 146, 0, 0, 255
L -78, 161, 146, -93, 171, 146, 0, 0, 255
L -93, 171, 146, -100, 190, 146, 0, 0, 255
L -100, 190, 146, -91, 206, 146, 0, 0, 255
L -91, 206, 146, -76, 213, 146, 0, 0, 255
L -76, 213, 146, -59, 205, 146, 0, 0, 255
L -59, 205, 146, -52, 192, 146, 0, 0, 255
L -100, 185, 2658, -100, 185, 265, 0, 0, 255
L -100, 185, 265, -93, 204, 265, 0, 0, 255
L -93, 204, 265, -76, 212, 265, 0, 0, 255
L -76, 212, 265, -60, 206, 265, 0, 0, 255
L -60, 206, 265, -52, 191, 265, 0, 0, 255
L -52, 191, 265, -61, 171, 265, 0, 0, 255
L -61, 171, 265, -78, 164, 265, 0, 0, 255
L -78, 164, 265, -91, 168, 265, 0, 0, 255
L -91, 168, 265, -100, 186, 265, 0, 0, 255
L 20, 529, 1388, 20, 529, 138, 0, 255, 255
L 20, 529, 138, 82, 529, 138, 0, 255, 255
L 82, 529, 138, 82, 385, 138, 0, 255, 255
L 82, 385, 138, -60, 385, 138, 0, 255, 255
L -60, 385, 138, -60, 529, 138, 0, 255, 255
L -60, 529, 138, 1, 529, 138, 0, 255, 255
L 1, 529, 138, 1, 512, 147, 0, 255, 255
L 1, 512, 147, -24, 512, 148, 0, 255, 255
L -24, 512, 148, -24, 492, 149, 0, 255, 255
L -24, 492, 149, -44, 492, 148, 0, 255, 255
L -44, 492, 148, -44, 422, 148, 0, 255, 255
L -44, 422, 148, -24, 422, 148, 0, 255, 255
L -24, 422, 148, -24, 402, 148, 0, 255, 255
L -24, 402, 148, 45, 402, 148, 0, 255, 255
L 45, 402, 148, 45, 422, 148, 0, 255, 255
L 45, 422, 148, 65, 422, 148, 0, 255, 255
L 65, 422, 148, 65, 492, 148, 0, 255, 255
L 65, 492, 148, 45, 492, 149, 0, 255, 255
L 45, 492, 149, 45, 512, 148, 0, 255, 255
L 45, 512, 148, 19, 512, 147, 0, 255, 255
L 19, 512, 147, 19, 529, 138, 0, 255, 255
L 19, 386, 98, 19, 386, 9, 0, 255, 255
L 19, 386, 9, 19, 402, 18, 0, 255, 255
L 19, 402, 18, 45, 402, 19, 0, 255, 255
L 45, 402, 19, 45, 422, 19, 0, 255, 255
L 45, 422, 19, 65, 422, 19, 0, 255, 255
L 65, 422, 19, 65, 492, 19, 0, 255, 255
L 65, 492, 19, 44, 492, 18, 0, 255, 255
L 44, 492, 18, 44, 512, 18, 0, 255, 255
L 44, 512, 18, -24, 512, 19, 0, 255, 255
L -24, 512, 19, -24, 492, 19, 0, 255, 255
L -24, 492, 19, -44, 492, 19, 0, 255, 255
L -44, 492, 19, -44, 422, 19, 0, 255, 255
L -44, 422, 19, -23, 422, 18, 0, 255, 255
L -23, 422, 18, -23, 402, 18, 0, 255, 255
L -23, 402, 18, 2, 402, 18, 0, 255, 255
L 2, 402, 18, 2, 386, 9, 0, 255, 255
L -226, 525, 1388, -226, 508, 147, 0, 255, 255
L -226, 508, 147, -200, 508, 148, 0, 255, 255
L -200, 508, 148, -200, 488, 149, 0, 255, 255
L -200, 488, 149, -180, 488, 148, 0, 255, 255
L -180, 488, 148, -180, 418, 148, 0, 255, 255
L -180, 418, 148, -200, 418, 149, 0, 255, 255
L -200, 418, 149, -200, 398, 148, 0, 255, 255
L -200, 398, 148, -226, 398, 147, 0, 255, 255
L -226, 398, 147, -226, 381, 138, 0, 255, 255
L -244, 381, 1388, -244, 381, 138, 0, 255, 255
L -244, 381, 138, -244, 398, 147, 0, 255, 255
L -244, 398, 147, -270, 398, 148, 0, 255, 255
L -270, 398, 148, -270, 418, 149, 0, 255, 255
L -270, 418, 149, -290, 418, 148, 0, 255, 255
L -290, 418, 148, -290, 488, 148, 0, 255, 255
L -290, 488, 148, -270, 488, 149, 0, 255, 255
L -270, 488, 149, -270, 508, 148, 0, 255, 255
L -270, 508, 148, -244, 508, 147, 0, 255, 255
L -244, 508, 147, -244, 524, 138, 0, 255, 255
L -238, -193, 1464, -238, -193, 146, 0, 0, 255
L -238, -193, 146, -224, -202, 146, 0, 0, 255
L -224, -202, 146, -212, -218, 146, 0, 0, 255
L -212, -218, 146, -219, -236, 146, 0, 0, 255
L -219, -236, 146, -233, -245, 146, 0, 0, 255
L -233, -245, 146, -251, -240, 146, 0, 0, 255
L -251, -240, 146, -261, -224, 146, 0, 0, 255
L -261, -224, 146, -255, -206, 146, 0, 0, 255
L -255, -206, 146, -237, -193, 146, 0, 0, 255
L -610, -223, 2724, -610, -223, 272, 0, 0, 255
L -610, -223, 272, -615, -237, 272, 0, 0, 255
L -615, -237, 272, -633, -246, 272, 0, 0, 255
L -633, -246, 272, -651, -238, 272, 0, 0, 255
L -651, -238, 272, -657, -223, 272, 0, 0, 255
L -657, -223, 272, -650, -204, 272, 0, 0, 255
L -650, -204, 272, -637, -197, 272, 0, 0, 255
L -637, -197, 272, -620, -201, 272, 0, 0, 255
L -620, -201, 272, -608, -219, 272, 0, 0, 255
L -560, -231, 2587, -560, -231, 258, 0, 153, 153
L -560, -231, 258, -560, -293, 258, 0, 153, 153
L -560, -293, 258, -706, -293, 258, 0, 153, 153
L -706, -293, 258, -706, -149, 258, 0, 153, 153
L -706, -149, 258, -560, -149, 258, 0, 153, 153
L -560, -149, 258, -560, -212, 258, 0, 153, 153
L -561, -229, 2587, -561, -229, 258, 0, 153, 153
L -561, -229, 258, -579, -229, 267, 0, 153, 153
L -579, -229, 267, -579, -255, 267, 0, 153, 153
L -579, -255, 267, -599, -255, 267, 0, 153, 153
L -599, -255, 267, -599, -275, 267, 0, 153, 153
L -599, -275, 267, -667, -275, 267, 0, 153, 153
L -667, -275, 267, -667, -255, 267, 0, 153, 153
L -667, -255, 267, -687, -255, 267, 0, 153, 153
L -687, -255, 267, -687, -187, 267, 0, 153, 153
L -687, -187, 267, -667, -187, 268, 0, 153, 153
L -667, -187, 268, -667, -167, 267, 0, 153, 153
L -667, -167, 267, -599, -167, 267, 0, 153, 153
L -599, -167, 267, -599, -187, 267, 0, 153, 153
L -599, -187, 267, -579, -187, 267, 0, 153, 153
L -579, -187, 267, -579, -212, 267, 0, 153, 153
L -579, -212, 267, -560, -212, 258, 0, 153, 153
L -399, -105, 2587, -399, -105, 258, 0, 153, 153
L -399, -105, 258, -382, -105, 258, 0, 153, 153
L -382, -105, 258, -382, -126, 258, 0, 153, 153
L -382, -126, 258, -400, -126, 258, 0, 153, 153
L -400, -126, 258, -400, -106, 258, 0, 153, 153
L -400, -78, 2587, -400, -78, 258, 0, 153, 153
L -400, -78, 258, -400, -60, 258, 0, 153, 153
L -400, -60, 258, -380, -60, 258, 0, 153, 153
L -380, -60, 258, -380, -79, 258, 0, 153, 153
L -380, -79, 258, -399, -79, 258, 0, 153, 153
L -476, 104, 2587, -476, 104, 258, 0, 153, 153
L -476, 104, 258, -431, 104, 258, 0, 153, 153
L -431, 104, 258, -431, 79, 258, 0, 153, 153
L -431, 79, 258, -409, 79, 258, 0, 153, 153
L -409, 79, 258, -409, 104, 258, 0, 153, 153
L -409, 104, 258, -364, 104, 258, 0, 153, 153
L -440, 95, 2587, -440, 95, 258, 0, 153, 153
L -440, 95, 258, -440, 77, 258, 0, 153, 153
L -440, 77, 258, -456, 77, 258, 0, 153, 153
L -456, 77, 258, -456, 96, 258, 0, 153, 153
L -456, 96, 258, -440, 96, 258, 0, 153, 153
L -399, 79, 2587, -399, 79, 258, 0, 153, 153
L -399, 79, 258, -399, 96, 258, 0, 153, 153
L -399, 96, 258, -383, 96, 258, 0, 153, 153
L -383, 96, 258, -383, 79, 258, 0, 153, 153
L -383, 79, 258, -400, 79, 258, 0, 153, 153
L -319, 545, -2562, -319, 545, -256, 153, 153, 153
L -319, 545, -256, -664, 545, -256, 153, 153, 153
L -664, 545, -256, -664, 407, -256, 153, 153, 153
L -664, 407, -256, -578, 406, -256, 153, 153, 153
L -578, 406, -256, -578, 371, -256, 153, 153, 153
L -578, 371, -256, -538, 371, -256, 153, 153, 153
L -538, 371, -256, -538, 406, -256, 153, 153, 153
L -538, 406, -256, -444, 406, -256, 153, 153, 153
L -444, 406, -256, -444, 371, -256, 153, 153, 153
L -444, 371, -256, -404, 371, -256, 153, 153, 153
L -404, 371, -256, -404, 406, -256, 153, 153, 153
L -404, 406, -256, -319, 406, -256, 153, 153, 153
L -319, 406, -256, -319, 545, -256, 153, 153, 153
L -621, 19, -42, -621, 19, -4, 153, 153, 153
L -621, 19, -4, -621, 80, -4, 153, 153, 153
L -621, 80, -4, -475, 80, -4, 153, 153, 153
L -475, 80, -4, -475, -63, -4, 153, 153, 153
L -475, -63, -4, -620, -63, -4, 153, 153, 153
L -620, -63, -4, -620, 1, -4, 153, 153, 153
L -620, 1, -4, -602, 1, 4, 153, 153, 153
L -602, 1, 4, -602, -24, 4, 153, 153, 153
L -602, -24, 4, -582, -24, 4, 153, 153, 153
L -582, -24, 4, -582, -44, 4, 153, 153, 153
L -582, -44, 4, -514, -44, 4, 153, 153, 153
L -514, -44, 4, -514, -24, 4, 153, 153, 153
L -514, -24, 4, -494, -24, 4, 153, 153, 153
L -494, -24, 4, -494, 43, 4, 153, 153, 153
L -494, 43, 4, -515, 43, 5, 153, 153, 153
L -515, 43, 5, -515, 62, 5, 153, 153, 153
L -515, 62, 5, -581, 62, 5, 153, 153, 153
L -581, 62, 5, -581, 44, 5, 153, 153, 153
L -581, 44, 5, -602, 44, 5, 153, 153, 153
L -602, 44, 5, -602, 18, 5, 153, 153, 153
L -602, 18, 5, -621, 18, -3, 153, 153, 153
L -204, 545, -2562, -204, 545, -256, 153, 153, 153
L -204, 545, -256, -204, 407, -256, 153, 153, 153
L -204, 407, -256, -117, 407, -256, 153, 153, 153
L -117, 407, -256, -117, 371, -256, 153, 153, 153
L -117, 371, -256, -80, 371, -256, 153, 153, 153
L -80, 371, -256, -80, 408, -256, 153, 153, 153
L -80, 408, -256, 75, 407, -256, 153, 153, 153
L 75, 407, -256, 75, 371, -256, 153, 153, 153
L 75, 371, -256, 112, 371, -256, 153, 153, 153
L 112, 371, -256, 113, 406, -256, 153, 153, 153
L 113, 406, -256, 199, 406, -256, 153, 153, 153
L 199, 406, -256, 199, 545, -256, 153, 153, 153
L 199, 545, -256, -205, 544, -256, 153, 153, 153
L -242, -79, -2559, -242, -79, -255, 153, 153, 153
L -242, -79, -255, -220, -79, -256, 153, 153, 153
L -220, -79, -256, -218, -83, -256, 153, 153, 153
L -218, -83, -256, -194, -73, -256, 153, 153, 153
L -194, -73, -256, -195, -69, -256, 153, 153, 153
L -195, -69, -256, -179, -54, -256, 153, 153, 153
L -179, -54, -256, -178, -55, -256, 153, 153, 153
L -178, -55, -256, -168, -32, -256, 153, 153, 153
L -168, -32, -256, -171, -31, -256, 153, 153, 153
L -171, -31, -256, -171, -9, -256, 153, 153, 153
L -171, -9, -256, -147, -9, -256, 153, 153, 153
L -147, -9, -256, -147, -30, -256, 153, 153, 153
L -147, -30, -256, -153, -32, -256, 153, 153, 153
L -153, -32, -256, -166, -67, -256, 153, 153, 153
L -166, -67, -256, -164, -71, -256, 153, 153, 153
L -164, -71, -256, -180, -85, -256, 153, 153, 153
L -180, -85, -256, -183, -84, -256, 153, 153, 153
L -183, -84, -256, -218, -98, -256, 153, 153, 153
L -218, -98, -256, -218, -102, -256, 153, 153, 153
L -218, -102, -256, -241, -103, -256, 153, 153, 153
L -241, -103, -256, -242, -79, -255, 153, 153, 153
L -278, -81, -2562, -278, -81, -256, 153, 153, 153
L -278, -81, -256, -278, -101, -256, 153, 153, 153
L -278, -101, -256, -300, -103, -256, 153, 153, 153
L -300, -103, -256, -303, -98, -256, 153, 153, 153
L -303, -98, -256, -338, -84, -256, 153, 153, 153
L -338, -84, -256, -340, -86, -256, 153, 153, 153
L -340, -86, -256, -357, -71, -256, 153, 153, 153
L -357, -71, -256, -355, -67, -256, 153, 153, 153
L -355, -67, -256, -368, -32, -256, 153, 153, 153
L -368, -32, -256, -373, -32, -256, 153, 153, 153
L -373, -32, -256, -374, -10, -256, 153, 153, 153
L -374, -10, -256, -350, -10, -256, 153, 153, 153
L -350, -10, -256, -350, -31, -256, 153, 153, 153
L -350, -31, -256, -353, -32, -256, 153, 153, 153
L -353, -32, -256, -343, -55, -256, 153, 153, 153
L -343, -55, -256, -340, -54, -256, 153, 153, 153
L -340, -54, -256, -325, -69, -256, 153, 153, 153
L -325, -69, -256, -327, -73, -256, 153, 153, 153
L -327, -73, -256, -303, -83, -256, 153, 153, 153
L -303, -83, -256, -302, -80, -255, 153, 153, 153
L -302, -80, -255, -279, -79, -255, 153, 153, 153
L -377, -280, -2562, -377, -280, -256, 153, 153, 153
L -377, -280, -256, -377, -336, -256, 153, 153, 153
L -377, -336, -256, -416, -336, -256, 153, 153, 153
L -416, -336, -256, -416, -325, -255, 153, 153, 153
L -416, -325, -255, -389, -325, -255, 153, 153, 153
L -389, -325, -255, -389, -289, -255, 153, 153, 153
L -389, -289, -255, -454, -289, -255, 153, 153, 153
L -454, -289, -255, -454, -325, -255, 153, 153, 153
L -454, -325, -255, -427, -325, -255, 153, 153, 153
L -427, -325, -255, -427, -336, -256, 153, 153, 153
L -427, -336, -256, -465, -336, -256, 153, 153, 153
L -465, -336, -256, -465, -279, -256, 153, 153, 153
L -488, -280, -2562, -488, -280, -256, 153, 153, 153
L -488, -280, -256, -488, -315, -256, 153, 153, 153
L -488, -315, -256, -500, -315, -255, 153, 153, 153
L -500, -315, -255, -500, -289, -255, 153, 153, 153
L -500, -289, -255, -536, -289, -255, 153, 153, 153
L -536, -289, -255, -536, -355, -255, 153, 153, 153
L -536, -355, -255, -500, -355, -255, 153, 153, 153
L -500, -355, -255, -500, -329, -255, 153, 153, 153
L -500, -329, -255, -488, -329, -256, 153, 153, 153
L -488, -329, -256, -488, -365, -256, 153, 153, 153
L -488, -365, -256, -547, -365, -256, 153, 153, 153
L -146, -280, -2561, -146, -280, -256, 153, 153, 153
L -146, -280, -256, -146, -335, -256, 153, 153, 153
L -146, -335, -256, -106, -335, -255, 153, 153, 153
L -106, -335, -255, -106, -325, -255, 153, 153, 153
L -106, -325, -255, -134, -325, -255, 153, 153, 153
L -134, -325, -255, -134, -289, -255, 153, 153, 153
L -134, -289, -255, -69, -289, -255, 153, 153, 153
L -69, -289, -255, -69, -325, -255, 153, 153, 153
L -69, -325, -255, -95, -325, -255, 153, 153, 153
L -95, -325, -255, -95, -337, -256, 153, 153, 153
L -95, -337, -256, -59, -337, -256, 153, 153, 153
L -59, -337, -256, -59, -278, -256, 153, 153, 153
L -35, -280, -2561, -35, -280, -256, 153, 153, 153
L -35, -280, -256, -35, -315, -256, 153, 153, 153
L -35, -315, -256, -23, -315, -255, 153, 153, 153
L -23, -315, -255, -23, -289, -255, 153, 153, 153
L -23, -289, -255, 12, -289, -255, 153, 153, 153
L 12, -289, -255, 12, -355, -255, 153, 153, 153
L 12, -355, -255, -23, -355, -253, 153, 153, 153
L -23, -355, -253, -23, -328, -255, 153, 153, 153
L -23, -328, -255, -35, -328, -256, 153, 153, 153
L -35, -328, -256, -35, -365, -256, 153, 153, 153
L -35, -365, -256, 23, -365, -256, 153, 153, 153
L 23, -376, -2562, 23, -376, -256, 153, 153, 153
L 23, -376, -256, -33, -376, -256, 153, 153, 153
L -33, -376, -256, -33, -416, -255, 153, 153, 153
L -33, -416, -255, -23, -416, -255, 153, 153, 153
L -23, -416, -255, -23, -388, -255, 153, 153, 153
L -23, -388, -255, 12, -388, -255, 153, 153, 153
L 12, -388, -255, 12, -453, -255, 153, 153, 153
L 12, -453, -255, -23, -453, -255, 153, 153, 153
L -23, -453, -255, -23, -426, -255, 153, 153, 153
L -23, -426, -255, -33, -426, -255, 153, 153, 153
L -33, -426, -255, -33, -465, -256, 153, 153, 153
L -33, -465, -256, 22, -465, -256, 153, 153, 153
L -113, -376, -2562, -113, -376, -256, 153, 153, 153
L -113, -376, -256, -58, -376, -256, 153, 153, 153
L -58, -376, -256, -58, -413, -255, 153, 153, 153
L -58, -413, -255, -69, -413, -255, 153, 153, 153
L -69, -413, -255, -69, -388, -255, 153, 153, 153
L -69, -388, -255, -104, -388, -255, 153, 153, 153
L -104, -388, -255, -104, -453, -255, 153, 153, 153
L -104, -453, -255, -69, -453, -255, 153, 153, 153
L -69, -453, -255, -69, -427, -255, 153, 153, 153
L -69, -427, -255, -57, -427, -256, 153, 153, 153
L -57, -427, -256, -57, -464, -256, 153, 153, 153
L -57, -464, -256, -115, -464, -256, 153, 153, 153
L -115, -475, -2562, -115, -475, -256, 153, 153, 153
L -115, -475, -256, -57, -475, -256, 153, 153, 153
L -57, -475, -256, -57, -512, -256, 153, 153, 153
L -57, -512, -256, -69, -512, -255, 153, 153, 153
L -69, -512, -255, -69, -486, -255, 153, 153, 153
L -69, -486, -255, -104, -486, -255, 153, 153, 153
L -104, -486, -255, -104, -552, -255, 153, 153, 153
L -104, -552, -255, -69, -552, -255, 153, 153, 153
L -69, -552, -255, -69, -526, -255, 153, 153, 153
L -69, -526, -255, -57, -526, -256, 153, 153, 153
L -57, -526, -256, -57, -563, -256, 153, 153, 153
L -57, -563, -256, -115, -563, -256, 153, 153, 153
L -251, 899, 2816, -251, 899, 281, 0, 153, 153
L -251, 899, 281, -236, 904, 281, 0, 153, 153
L -236, 904, 281, -216, 896, 281, 0, 153, 153
L -216, 896, 281, -210, 881, 281, 0, 153, 153
L -210, 881, 281, -219, 864, 281, 0, 153, 153
L -219, 864, 281, -235, 856, 281, 0, 153, 153
L -235, 856, 281, -254, 867, 281, 0, 153, 153
L -254, 867, 281, -260, 879, 281, 0, 153, 153
L -260, 879, 281, -252, 897, 281, 0, 153, 153
L -256, 881, 2816, -256, 881, 281, 0, 153, 153
L -256, 881, 281, -214, 880, 281, 0, 153, 153
L -245, 826, 2768, -245, 826, 276, 0, 153, 153
L -245, 826, 276, -270, 826, 277, 0, 153, 153
L -270, 826, 277, -270, 845, 278, 0, 153, 153
L -270, 845, 278, -290, 846, 277, 0, 153, 153
L -290, 846, 277, -290, 915, 277, 0, 153, 153
L -290, 915, 277, -270, 916, 277, 0, 153, 153
L -270, 916, 277, -270, 935, 277, 0, 153, 153
L -270, 935, 277, -200, 935, 277, 0, 153, 153
L -200, 935, 277, -200, 916, 278, 0, 153, 153
L -200, 916, 278, -180, 915, 277, 0, 153, 153
L -180, 915, 277, -180, 846, 277, 0, 153, 153
L -180, 846, 277, -197, 845, 277, 0, 153, 153
L -197, 845, 277, -200, 826, 277, 0, 153, 153
L -200, 826, 277, -225, 826, 276, 0, 153, 153
L -561, -292, 1308, -561, -292, 130, 0, 255, 255
L -561, -292, 130, -561, -230, 130, 0, 255, 255
L -561, -230, 130, -578, -230, 139, 0, 255, 255
L -578, -230, 139, -578, -256, 140, 0, 255, 255
L -578, -256, 140, -598, -256, 141, 0, 255, 255
L -598, -256, 141, -598, -276, 140, 0, 255, 255
L -598, -276, 140, -668, -276, 140, 0, 255, 255
L -668, -276, 140, -668, -257, 141, 0, 255, 255
L -668, -257, 141, -689, -257, 140, 0, 255, 255
L -689, -257, 140, -689, -184, 140, 0, 255, 255
L -689, -184, 140, -668, -184, 140, 0, 255, 255
L -668, -184, 140, -668, -166, 140, 0, 255, 255
L -668, -166, 140, -598, -166, 140, 0, 255, 255
L -598, -166, 140, -598, -185, 140, 0, 255, 255
L -598, -185, 140, -577, -185, 140, 0, 255, 255
L -577, -185, 140, -577, -212, 139, 0, 255, 255
L -577, -212, 139, -562, -212, 130, 0, 255, 255
L -607, -222, 1455, -607, -222, 145, 0, 0, 255
L -607, -222, 145, -617, -237, 145, 0, 0, 255
L -617, -237, 145, -635, -246, 145, 0, 0, 255
L -635, -246, 145, -651, -236, 145, 0, 0, 255
L -651, -236, 145, -657, -221, 145, 0, 0, 255
L -657, -221, 145, -648, -202, 145, 0, 0, 255
L -648, -202, 145, -634, -197, 145, 0, 0, 255
L -634, -197, 145, -616, -206, 145, 0, 0, 255
L -616, -206, 145, -608, -222, 145, 0, 0, 255
L -86, 133, 2583, -86, 133, 258, 0, 153, 153
L -86, 133, 258, -111, 133, 259, 0, 153, 153
L -111, 133, 259, -111, 153, 259, 0, 153, 153
L -111, 153, 259, -131, 153, 259, 0, 153, 153
L -131, 153, 259, -131, 223, 259, 0, 153, 153
L -131, 223, 259, -112, 223, 259, 0, 153, 153
L -112, 223, 259, -112, 244, 259, 0, 153, 153
L -112, 244, 259, -40, 244, 259, 0, 153, 153
L -40, 244, 259, -40, 223, 259, 0, 153, 153
L -40, 223, 259, -21, 223, 259, 0, 153, 153
L -21, 223, 259, -21, 153, 259, 0, 153, 153
L -21, 153, 259, -40, 153, 259, 0, 153, 153
L -40, 153, 259, -40, 133, 259, 0, 153, 153
L -40, 133, 259, -66, 133, 258, 0, 153, 153
L -236, 477, 236, -236, 477, 23, 0, 0, 255
L -236, 477, 23, -218, 468, 23, 0, 0, 255
L -218, 468, 23, -211, 452, 23, 0, 0, 255
L -211, 452, 23, -218, 436, 23, 0, 0, 255
L -218, 436, 23, -236, 429, 23, 0, 0, 255
L -236, 429, 23, -255, 444, 23, 0, 0, 255
L -255, 444, 23, -258, 454, 23, 0, 0, 255
L -258, 454, 23, -250, 471, 23, 0, 0, 255
L -250, 471, 23, -235, 477, 23, 0, 0, 255
L -236, 478, 1525, -236, 478, 152, 0, 0, 255
L -236, 478, 152, -219, 471, 152, 0, 0, 255
L -219, 471, 152, -212, 453, 152, 0, 0, 255
L -212, 453, 152, -218, 438, 152, 0, 0, 255
L -218, 438, 152, -234, 429, 152, 0, 0, 255
L -234, 429, 152, -251, 438, 152, 0, 0, 255
L -251, 438, 152, -259, 453, 152, 0, 0, 255
L -259, 453, 152, -250, 472, 152, 0, 0, 255
L -250, 472, 152, -236, 479, 152, 0, 0, 255
L -226, 381, 98, -226, 381, 9, 153, 153, 153
L -226, 381, 9, -226, 398, 18, 153, 153, 153
L -226, 398, 18, -200, 398, 19, 153, 153, 153
L -200, 398, 19, -200, 417, 19, 153, 153, 153
L -200, 417, 19, -179, 417, 19, 153, 153, 153
L -179, 417, 19, -179, 489, 19, 153, 153, 153
L -179, 489, 19, -200, 489, 19, 153, 153, 153
L -200, 489, 19, -200, 508, 19, 153, 153, 153
L -200, 508, 19, -270, 508, 19, 153, 153, 153
L -270, 508, 19, -270, 489, 19, 153, 153, 153
L -270, 489, 19, -290, 489, 19, 153, 153, 153
L -290, 489, 19, -290, 418, 19, 153, 153, 153
L -290, 418, 19, -270, 418, 20, 153, 153, 153
L -270, 418, 20, -270, 398, 19, 153, 153, 153
L -270, 398, 19, -244, 398, 18, 153, 153, 153
L -244, 398, 18, -244, 381, 9, 153, 153, 153
L -458, -125, 2568, -459, -125, 256, 0, 153, 153
L -459, -125, 256, -459, -106, 256, 0, 153, 153
L -459, -106, 256, -441, -106, 256, 0, 153, 153
L -441, -106, 256, -441, -125, 256, 0, 153, 153
L -441, -125, 256, -459, -125, 256, 0, 153, 153
L -459, -79, 2568, -459, -79, 256, 0, 153, 153
L -459, -79, 256, -459, -59, 256, 0, 153, 153
L -459, -59, 256, -441, -59, 256, 0, 153, 153
L -441, -59, 256, -441, -78, 256, 0, 153, 153
L -441, -78, 256, -459, -78, 256, 0, 153, 153
L -460, -31, 2568, -460, -31, 256, 0, 153, 153
L -460, -31, 256, -460, -14, 256, 0, 153, 153
L -460, -14, 256, -440, -14, 256, 0, 153, 153
L -440, -14, 256, -440, -31, 256, 0, 153, 153
L -440, -31, 256, -460, -31, 256, 0, 153, 153
L -399, -32, 2568, -399, -32, 256, 0, 153, 153
L -399, -32, 256, -399, -13, 256, 0, 153, 153
L -399, -13, 256, -381, -13, 256, 0, 153, 153
L -381, -13, 256, -381, -32, 256, 0, 153, 153
L -381, -32, 256, -399, -32, 256, 0, 153, 153
L -262, 48, 2493, -262, 48, 249, 0, 153, 153
L -262, 48, 249, -262, 31, 249, 0, 153, 153
L -262, 31, 249, -243, 31, 249, 0, 153, 153
L -243, 31, 249, -243, 48, 249, 0, 153, 153
L -243, 48, 249, -232, 48, 249, 0, 153, 153
L -232, 48, 249, -232, 31, 249, 0, 153, 153
L -232, 31, 249, -213, 31, 249, 0, 153, 153
L -213, 31, 249, -213, 48, 249, 0, 153, 153
L -213, 48, 249, -202, 48, 249, 0, 153, 153
L -202, 48, 249, -202, 31, 249, 0, 153, 153
L -202, 31, 249, -183, 31, 249, 0, 153, 153
L -183, 31, 249, -183, 48, 249, 0, 153, 153
L -183, 48, 249, -172, 48, 249, 0, 153, 153
L -172, 48, 249, -172, 31, 249, 0, 153, 153
L -172, 31, 249, -153, 31, 249, 0, 153, 153
L -153, 31, 249, -153, 48, 249, 0, 153, 153
L -273, 34, 2493, -273, 34, 249, 153, 0, 0
L -273, 34, 249, -262, 34, 249, 153, 0, 0
L -243, 34, 2493, -243, 34, 249, 153, 0, 0
L -243, 34, 249, -232, 34, 249, 153, 0, 0
L -213, 34, 2493, -213, 34, 249, 153, 0, 0
L -213, 34, 249, -202, 34, 249, 153, 0, 0
L -183, 34, 2493, -183, 34, 249, 153, 0, 0
L -183, 34, 249, -172, 34, 249, 153, 0, 0
L -153, 34, 2493, -153, 34, 249, 153, 0, 0
L -153, 34, 249, -142, 34, 249, 153, 0, 0
L -1010, 428, 4028, -1010, 428, 402, 153, 0, 153
L -1010, 428, 402, -1010, 385, 402, 153, 0, 153
L -1010, 385, 402, -1009, 380, 402, 153, 0, 153
L -1009, 380, 402, -1008, 376, 402, 153, 0, 153
L -1008, 376, 402, -1006, 370, 402, 153, 0, 153
L -1006, 370, 402, -999, 362, 402, 153, 0, 153
L -999, 362, 402, -992, 359, 402, 153, 0, 153
L -992, 359, 402, -985, 358, 402, 153, 0, 153
L -985, 358, 402, -977, 358, 402, 153, 0, 153
L -977, 358, 402, -960, 359, 402, 153, 0, 153
L -960, 359, 402, -960, 291, 403, 153, 0, 153
L -960, 291, 403, -980, 290, 402, 153, 0, 153
L -980, 290, 402, -990, 289, 402, 153, 0, 153
L -990, 289, 402, -994, 288, 402, 153, 0, 153
L -994, 288, 402, -999, 286, 402, 153, 0, 153
L -999, 286, 402, -1002, 282, 402, 153, 0, 153
L -1002, 282, 402, -1006, 278, 402, 153, 0, 153
L -1006, 278, 402, -1008, 273, 402, 153, 0, 153
L -1008, 273, 402, -1009, 268, 402, 153, 0, 153
L -1009, 268, 402, -1010, 261, 402, 153, 0, 153
L -1010, 261, 402, -1010, 220, 402, 153, 0, 153
P 16, 45, 0, 255, 255, 0, 2, The_Grey
P 500, 900, 0, 255, 255, 0, 2, The_Deep
