L 4427, 0, 0, -4219, 0, 0, 140, 140, 140
L  0,6150, 0, 0, -5136, 0, 140, 140, 140
L 1000, 6150, 0, 1000, -5136, 0, 220, 220, 220
L 2000, 6150, 0, 2000, -5136, 0, 220, 220, 220
L 3000, 6150, 0, 3000, -5136, 0, 220, 220, 220
L 4000, 6150, 0, 4000, -5136, 0, 220, 220, 220
L -1000, 6150, 0, -1000, -5136, 0, 220, 220, 220
L -2000, 6150, 0, -2000, -5136, 0, 220, 220, 220
L -3000, 6150, 0, -3000, -5136, 0, 220, 220, 220
L -4000, 6150, 0, -4000, -5136, 0, 220, 220, 220
L 4427, 1000, 0, -4219, 1000, 0, 220, 220, 220
L 4427, 2000, 0, -4219, 2000, 0, 220, 220, 220
L 4427, 3000, 0, -4219, 3000, 0, 220, 220, 220
L 4427, 4000, 0, -4219, 4000, 0, 220, 220, 220
L 4427, 5000, 0, -4219, 5000, 0, 220, 220, 220
L 4427, 6000, 0, -4219, 6000, 0, 220, 220, 220
L 4427, -1000, 0, -4219, -1000, 0, 220, 220, 220
L 4427, -2000, 0, -4219, -2000, 0, 220, 220, 220
L 4427, -3000, 0, -4219, -3000, 0, 220, 220, 220
L 4427, -4000, 0, -4219, -4000, 0, 220, 220, 220
L 4427, -5000, 0, -4219, -5000, 0, 220, 220, 220
P 4437, 5, 0, 0, 0, 0, 3, 0
P 5,6160, 0, 0, 0, 0, 3, 0
P 1005,6160, 0, 0, 0, 0, 3, 1000
P 2005,6160, 0, 0, 0, 0, 3, 2000
P 3005,6160, 0, 0, 0, 0, 3, 3000
P 4005,6160, 0, 0, 0, 0, 3, 4000
P -995,6160, 0, 0, 0, 0, 3, -1000
P -1995,6160, 0, 0, 0, 0, 3, -2000
P -2995,6160, 0, 0, 0, 0, 3, -3000
P -3995,6160, 0, 0, 0, 0, 3, -4000
P 4437, 1005, 0, 0, 0, 0, 3, 1000
P 4437, 2005, 0, 0, 0, 0, 3, 2000
P 4437, 3005, 0, 0, 0, 0, 3, 3000
P 4437, 4005, 0, 0, 0, 0, 3, 4000
P 4437, 5005, 0, 0, 0, 0, 3, 5000
P 4437, 6005, 0, 0, 0, 0, 3, 6000
P 4437, -995, 0, 0, 0, 0, 3, -1000
P 4437, -1995, 0, 0, 0, 0, 3, -2000
P 4437, -2995, 0, 0, 0, 0, 3, -3000
P 4437, -3995, 0, 0, 0, 0, 3, -4000
P 4437, -4995, 0, 0, 0, 0, 3, -5000
