L -605, -139, -2, -610, -139, -2, 0, 0, 0
L -610, -139, -2, -612, -138, -2, 0, 0, 0
L -612, -138, -2, -613, -137, -2, 0, 0, 0
L -613, -137, -2, -617, -135, -2, 0, 0, 0
L -617, -135, -2, -626, -133, -4, 0, 0, 0
L -626, -133, -4, -633, -131, -4, 0, 0, 0
L -633, -131, -4, -632, -125, -5, 0, 0, 0
L -632, -125, -5, -632, -123, -3, 0, 0, 0
L -632, -123, -3, -630, -122, -3, 0, 0, 0
L -630, -122, -3, -630, -120, -3, 0, 0, 0
L -630, -120, -3, -630, -114, 0, 0, 0, 0
L -630, -114, 0, -630, -112, 0, 0, 0, 0
L -630, -112, 0, -630, -108, -2, 0, 0, 0
L -630, -108, -2, -631, -107, -2, 0, 0, 0
L -631, -107, -2, -633, -102, -5, 0, 0, 0
L -633, -102, -5, -633, -100, -6, 0, 0, 0
L -633, -100, -6, -633, -94, -2, 0, 0, 0
L -633, -94, -2, -631, -94, -2, 0, 0, 0
L -631, -94, -2, -624, -95, -2, 0, 0, 0
L -624, -95, -2, -622, -96, -2, 0, 0, 0
L -622, -96, -2, -621, -96, -2, 0, 0, 0
L -621, -96, -2, -615, -99, -2, 0, 0, 0
L -615, -99, -2, -613, -99, -2, 0, 0, 0
L -613, -99, -2, -603, -101, -2, 0, 0, 0
L -342, -94, -7, -349, -94, -8, 0, 0, 0
L -349, -94, -8, -351, -95, -8, 0, 0, 0
L -351, -95, -8, -351, -94, -8, 0, 0, 0
L -351, -94, -8, -351, -103, -8, 0, 0, 0
L -351, -103, -8, -353, -104, -8, 0, 0, 0
L -353, -104, -8, -353, -122, -8, 0, 0, 0
L -353, -122, -8, -351, -126, -8, 0, 0, 0
L -351, -126, -8, -351, -131, -8, 0, 0, 0
L -351, -131, -8, -349, -132, -8, 0, 0, 0
L -349, -132, -8, -346, -132, -8, 0, 0, 0
L -346, -132, -8, -337, -132, -7, 0, 0, 0
L -337, -132, -7, -321, -132, -8, 0, 0, 0
L -321, -132, -8, -321, -150, -8, 0, 0, 0
L -321, -150, -8, -414, -150, -8, 0, 0, 0
L -414, -150, -8, -433, -131, -8, 0, 0, 0
L -433, -131, -8, -433, -121, -8, 0, 0, 0
L -433, -121, -8, -432, -119, -8, 0, 0, 0
L -432, -119, -8, -432, -105, -8, 0, 0, 0
L -432, -105, -8, -433, -103, -8, 0, 0, 0
L -433, -103, -8, -433, -95, -8, 0, 0, 0
L -433, -95, -8, -414, -76, -8, 0, 0, 0
L -414, -76, -8, -386, -76, -8, 0, 0, 0
L -386, -76, -8, -385, -78, -8, 0, 0, 0
L -385, -78, -8, -384, -78, -8, 0, 0, 0
L -384, -78, -8, -382, -79, -8, 0, 0, 0
L -382, -79, -8, -361, -79, -8, 0, 0, 0
L -361, -79, -8, -359, -78, -8, 0, 0, 0
L -359, -78, -8, -358, -77, -8, 0, 0, 0
L -358, -77, -8, -356, -77, -8, 0, 0, 0
L -356, -77, -8, -355, -76, -8, 0, 0, 0
L -355, -76, -8, -319, -76, -8, 0, 0, 0
L -432, -111, -8, -443, -111, -8, 0, 0, 0
L -443, -111, -8, -444, -109, -8, 0, 0, 0
L -444, -109, -8, -444, -62, -8, 0, 0, 0
L -444, -62, -8, -446, -61, -8, 0, 0, 0
L -446, -61, -8, -450, -60, -8, 0, 0, 0
L -450, -60, -8, -458, -60, -8, 0, 0, 0
L -458, -60, -8, -461, -59, -8, 0, 0, 0
L -461, -59, -8, -462, -58, -8, 0, 0, 0
L -462, -58, -8, -466, -56, -7, 0, 0, 0
L -466, -56, -7, -472, -51, -1, 0, 0, 0
L -472, -51, -1, -474, -50, -1, 0, 0, 0
L -474, -50, -1, -475, -50, -1, 0, 0, 0
L -475, -50, -1, -477, -49, -1, 0, 0, 0
L -477, -49, -1, -480, -49, -2, 0, 0, 0
L -480, -49, -2, -481, -50, -2, 0, 0, 0
L -481, -50, -2, -485, -52, -3, 0, 0, 0
L -485, -52, -3, -487, -53, -4, 0, 0, 0
L -487, -53, -4, -488, -54, -5, 0, 0, 0
L -488, -54, -5, -491, -56, -8, 0, 0, 0
L -491, -56, -8, -494, -56, -8, 0, 0, 0
L -494, -56, -8, -513, -54, -8, 0, 0, 0
L -513, -54, -8, -523, -49, -8, 0, 0, 0
L -523, -49, -8, -525, -49, -7, 0, 0, 0
L -525, -49, -7, -527, -49, -5, 0, 0, 0
L -527, -49, -5, -531, -49, -2, 0, 0, 0
L -531, -49, -2, -533, -50, -2, 0, 0, 0
L -533, -50, -2, -534, -51, -2, 0, 0, 0
L -534, -51, -2, -536, -52, -3, 0, 0, 0
L -536, -52, -3, -537, -53, -4, 0, 0, 0
L -537, -53, -4, -538, -55, -5, 0, 0, 0
L -538, -55, -5, -539, -58, -7, 0, 0, 0
L -539, -58, -7, -540, -59, -8, 0, 0, 0
L -540, -59, -8, -545, -62, -8, 0, 0, 0
L -545, -62, -8, -545, -64, -8, 0, 0, 0
L -545, -64, -8, -547, -69, -8, 0, 0, 0
L -547, -69, -8, -548, -70, -8, 0, 0, 0
L -548, -70, -8, -548, -72, -8, 0, 0, 0
L -548, -72, -8, -552, -81, -8, 0, 0, 0
L -552, -81, -8, -552, -92, -8, 0, 0, 0
L -552, -92, -8, -554, -99, -6, 0, 0, 0
L -554, -99, -6, -554, -100, -6, 0, 0, 0
L -554, -100, -6, -555, -103, -6, 0, 0, 0
L -555, -103, -6, -555, -104, -7, 0, 0, 0
L -555, -104, -7, -556, -106, -8, 0, 0, 0
L -556, -106, -8, -561, -109, -8, 0, 0, 0
L -561, -109, -8, -568, -104, -8, 0, 0, 0
L -568, -104, -8, -570, -103, -7, 0, 0, 0
L -570, -103, -7, -571, -102, -7, 0, 0, 0
L -571, -102, -7, -576, -99, -6, 0, 0, 0
L -576, -99, -6, -579, -98, -3, 0, 0, 0
L -579, -98, -3, -581, -97, -2, 0, 0, 0
L -581, -97, -2, -582, -99, -2, 0, 0, 0
L -582, -99, -2, -584, -100, -2, 0, 0, 0
L -584, -100, -2, -591, -104, -7, 0, 0, 0
L -591, -104, -7, -598, -101, -2, 0, 0, 0
L -574, -126, -6, -571, -125, -7, 0, 0, 0
L -571, -125, -7, -571, -123, -7, 0, 0, 0
L -571, -123, -7, -570, -122, -7, 0, 0, 0
L -570, -122, -7, -568, -122, -8, 0, 0, 0
L -568, -122, -8, -555, -122, -8, 0, 0, 0
L -555, -122, -8, -554, -123, -8, 0, 0, 0
L -554, -123, -8, -553, -125, -6, 0, 0, 0
L -553, -125, -6, -549, -134, -7, 0, 0, 0
L -549, -134, -7, -549, -135, -8, 0, 0, 0
L -549, -135, -8, -548, -137, -8, 0, 0, 0
L -548, -137, -8, -547, -143, -8, 0, 0, 0
L -547, -143, -8, -546, -147, -8, 0, 0, 0
L -546, -147, -8, -546, -148, -8, 0, 0, 0
L -546, -148, -8, -545, -163, -8, 0, 0, 0
L -545, -163, -8, -544, -165, -8, 0, 0, 0
L -544, -165, -8, -541, -166, -8, 0, 0, 0
L -541, -166, -8, -540, -167, -8, 0, 0, 0
L -540, -167, -8, -538, -170, -8, 0, 0, 0
L -538, -170, -8, -535, -173, -8, 0, 0, 0
L -535, -173, -8, -534, -174, -6, 0, 0, 0
L -534, -174, -6, -529, -179, 0, 0, 0, 0
L -529, -179, 0, -527, -179, 0, 0, 0, 0
L -527, -179, 0, -526, -180, 0, 0, 0, 0
L -526, -180, 0, -523, -180, 0, 0, 0, 0
L -523, -180, 0, -521, -180, -1, 0, 0, 0
L -521, -180, -1, -520, -180, -2, 0, 0, 0
L -520, -180, -2, -518, -179, -3, 0, 0, 0
L -518, -179, -3, -517, -179, -3, 0, 0, 0
L -517, -179, -3, -505, -173, -8, 0, 0, 0
L -505, -173, -8, -489, -166, -8, 0, 0, 0
L -489, -166, -8, -476, -172, -8, 0, 0, 0
L -476, -172, -8, -473, -172, -8, 0, 0, 0
L -473, -172, -8, -470, -173, -5, 0, 0, 0
L -470, -173, -5, -468, -172, -4, 0, 0, 0
L -468, -172, -4, -467, -171, -4, 0, 0, 0
L -467, -171, -4, -465, -171, -4, 0, 0, 0
L -465, -171, -4, -464, -169, -5, 0, 0, 0
L -464, -169, -5, -463, -168, -6, 0, 0, 0
L -463, -168, -6, -461, -167, -8, 0, 0, 0
L -461, -167, -8, -459, -166, -8, 0, 0, 0
L -459, -166, -8, -444, -162, -8, 0, 0, 0
L -444, -162, -8, -443, -161, -8, 0, 0, 0
L -443, -161, -8, -443, -132, -8, 0, 0, 0
L -443, -132, -8, -444, -130, -7, 0, 0, 0
L -444, -130, -7, -444, -127, -6, 0, 0, 0
L -444, -127, -6, -444, -125, -6, 0, 0, 0
L -444, -125, -6, -445, -121, -7, 0, 0, 0
L -445, -121, -7, -445, -119, -7, 0, 0, 0
L -445, -119, -7, -444, -118, -8, 0, 0, 0
L -444, -118, -8, -443, -116, -8, 0, 0, 0
L -443, -116, -8, -442, -115, -8, 0, 0, 0
L -442, -115, -8, -429, -115, -8, 0, 0, 0
L -308, -81, -8, -308, -78, -8, 0, 0, 0
L -308, -78, -8, -308, -80, -8, 0, 0, 0
L -308, -80, -8, -308, -78, -8, 0, 0, 0
L -308, -78, -8, -309, -75, -7, 0, 0, 0
L -309, -75, -7, -309, -74, -8, 0, 0, 0
L -309, -74, -8, -308, -52, -9, 0, 0, 0
L -308, -52, -9, -307, -50, -11, 0, 0, 0
L -307, -50, -11, -290, -33, -5, 0, 0, 0
L -290, -33, -5, -288, -33, -6, 0, 0, 0
L -288, -33, -6, -247, -33, -12, 0, 0, 0
L -247, -33, -12, -245, -32, -12, 0, 0, 0
L -245, -32, -12, -222, -9, -12, 0, 0, 0
L -222, -9, -12, -218, -9, -12, 0, 0, 0
L -218, -9, -12, -216, -11, -12, 0, 0, 0
L -216, -11, -12, -205, -11, -12, 0, 0, 0
L -205, -11, -12, -199, -11, -10, 0, 0, 0
L -199, -11, -10, -198, -10, -9, 0, 0, 0
L -198, -10, -9, -196, -9, -9, 0, 0, 0
L -196, -9, -9, -195, -11, -8, 0, 0, 0
L -195, -11, -8, -195, -12, -8, 0, 0, 0
L -195, -12, -8, -195, -32, -12, 0, 0, 0
L -309, -94, -8, -309, -120, -9, 0, 0, 0
L -309, -120, -9, -308, -121, -11, 0, 0, 0
L -308, -121, -11, -290, -139, -12, 0, 0, 0
L -290, -139, -12, -247, -139, -12, 0, 0, 0
L -247, -139, -12, -245, -140, -12, 0, 0, 0
L -245, -140, -12, -238, -147, -12, 0, 0, 0
L -238, -147, -12, -222, -163, -8, 0, 0, 0
L -222, -163, -8, -221, -163, -8, 0, 0, 0
L -221, -163, -8, -218, -163, -9, 0, 0, 0
L -218, -163, -9, -218, -162, -10, 0, 0, 0
L -218, -162, -10, -216, -161, -10, 0, 0, 0
L -216, -161, -10, -215, -161, -11, 0, 0, 0
L -215, -161, -11, -212, -161, -12, 0, 0, 0
L -212, -161, -12, -200, -161, -12, 0, 0, 0
L -200, -161, -12, -199, -162, -12, 0, 0, 0
L -199, -162, -12, -197, -162, -12, 0, 0, 0
L -197, -162, -12, -196, -163, -12, 0, 0, 0
L -196, -163, -12, -195, -162, -12, 0, 0, 0
L -195, -162, -12, -196, -111, -11, 0, 0, 0
L -196, -111, -11, -196, -110, -10, 0, 0, 0
L -196, -110, -10, -195, -84, -11, 0, 0, 0
L -195, -84, -11, -195, -83, -12, 0, 0, 0
L -196, -49, -12, -196, -47, -12, 0, 0, 0
L -196, -47, -12, -196, -51, -12, 0, 0, 0
L -196, -51, -12, -195, -51, -12, 0, 0, 0
L -195, -51, -12, -195, -103, -7, 0, 0, 0
L -195, -35, -12, -195, -9, -10, 0, 0, 0
L -309, -88, -8, -319, -88, -8, 0, 0, 0
L -319, -88, -8, -320, -90, -8, 0, 0, 0
L -320, -90, -8, -320, -94, -8, 0, 0, 0
L -320, -94, -8, -345, -94, -8, 0, 0, 0
L -119, -35, 4, -119, -9, 3, 0, 0, 0
L -119, -9, 3, -117, -8, 2, 0, 0, 0
L -117, -8, 2, -108, 1, 3, 0, 0, 0
L -108, 1, 3, -107, 3, 4, 0, 0, 0
L -107, 3, 4, -99, 9, 7, 0, 0, 0
L -99, 9, 7, -98, 10, 6, 0, 0, 0
L -98, 10, 6, -96, 10, 6, 0, 0, 0
L -96, 10, 6, -64, 10, 0, 0, 0, 0
L -64, 10, 0, -62, 10, 1, 0, 0, 0
L -62, 10, 1, -61, 9, 1, 0, 0, 0
L -61, 9, 1, -59, 9, 1, 0, 0, 0
L -59, 9, 1, -61, 9, 1, 0, 0, 0
L -61, 9, 1, -59, 8, 1, 0, 0, 0
L -59, 8, 1, -58, 9, 1, 0, 0, 0
L -58, 9, 1, -44, 10, 3, 0, 0, 0
L -44, 10, 3, -28, 10, 0, 0, 0, 0
L -28, 10, 0, -26, 9, 0, 0, 0, 0
L -26, 9, 0, -25, 8, 0, 0, 0, 0
L -25, 8, 0, -8, 8, 0, 0, 0, 0
L -8, 8, 0, -7, 9, 0, 0, 0, 0
L -7, 9, 0, -5, 10, 0, 0, 0, 0
L -5, -8, 0, -6, -10, 0, 0, 0, 0
L -6, -10, 0, -23, -28, 0, 0, 0, 0
L -23, -28, 0, -23, -30, 0, 0, 0, 0
L -23, -30, 0, -22, -58, 4, 0, 0, 0
L -22, -58, 4, -22, -60, 4, 0, 0, 0
L -22, -60, 4, -19, -61, 4, 0, 0, 0
L -19, -61, 4, -18, -62, 4, 0, 0, 0
L -18, -62, 4, -5, -75, 0, 0, 0, 0
L -5, -75, 0, -5, -120, 0, 0, 0, 0
L -5, -120, 0, -7, -120, 0, 0, 0, 0
L -7, -120, 0, -8, -118, 0, 0, 0, 0
L -8, -118, 0, -21, -118, 0, 0, 0, 0
L -21, -118, 0, -27, -118, 2, 0, 0, 0
L -27, -118, 2, -29, -119, 2, 0, 0, 0
L -29, -119, 2, -32, -120, 3, 0, 0, 0
L -32, -120, 3, -34, -119, 2, 0, 0, 0
L -34, -119, 2, -35, -117, 2, 0, 0, 0
L -35, -117, 2, -56, -96, 0, 0, 0, 0
L -56, -96, 0, -100, -96, 0, 0, 0, 0
L -100, -96, 0, -119, -77, 1, 0, 0, 0
L -119, -77, 1, -119, -75, 2, 0, 0, 0
L -119, -75, 2, -119, -51, 4, 0, 0, 0
L -119, -51, 4, -118, -50, 4, 0, 0, 0
L 5, -8, 0, 5, -57, -3, 0, 0, 0
L 5, -57, -3, 7, -57, -3, 0, 0, 0
L 7, -57, -3, 21, -57, -4, 0, 0, 0
L 21, -57, -4, 64, -57, -4, 0, 0, 0
L 64, -57, -4, 64, -56, -4, 0, 0, 0
L 64, -56, -4, 68, -54, -4, 0, 0, 0
L 68, -54, -4, 69, -55, -4, 0, 0, 0
L 69, -55, -4, 82, -55, -4, 0, 0, 0
L 82, -55, -4, 92, -57, -4, 0, 0, 0
L 92, -57, -4, 100, -57, 0, 0, 0, 0
L 100, -57, 0, 119, -35, -4, 0, 0, 0
L 119, -35, -4, 119, 32, -4, 0, 0, 0
L 119, 32, -4, 118, 33, -4, 0, 0, 0
L 118, 33, -4, 104, 53, -1, 0, 0, 0
L 104, 53, -1, 103, 53, -1, 0, 0, 0
L 103, 53, -1, 73, 53, -4, 0, 0, 0
L 73, 53, -4, 71, 55, -4, 0, 0, 0
L 71, 55, -4, 70, 57, -4, 0, 0, 0
L 70, 57, -4, 70, 58, -4, 0, 0, 0
L 70, 58, -4, 71, 64, -4, 0, 0, 0
L 71, 64, -4, 71, 68, 0, 0, 0, 0
L 71, 68, 0, 70, 69, 0, 0, 0, 0
L 70, 69, 0, 68, 72, 0, 0, 0, 0
L 68, 72, 0, 66, 73, 0, 0, 0, 0
L 66, 73, 0, 64, 73, 0, 0, 0, 0
L 64, 73, 0, 47, 73, -4, 0, 0, 0
L 5, 8, 0, 5, 42, -4, 0, 0, 0
L 5, 42, -4, 7, 43, -4, 0, 0, 0
L 7, 43, -4, 7, 61, -4, 0, 0, 0
L 7, 61, -4, 5, 65, -4, 0, 0, 0
L 5, 65, -4, 5, 67, -3, 0, 0, 0
L 5, 67, -3, 6, 68, -3, 0, 0, 0
L 6, 68, -3, 7, 70, -3, 0, 0, 0
L 7, 70, -3, 8, 71, -3, 0, 0, 0
L 8, 71, -3, 9, 73, -3, 0, 0, 0
L 9, 73, -3, 10, 73, -4, 0, 0, 0
L 10, 73, -4, 30, 73, -4, 0, 0, 0
L 36, 73, -4, 36, 83, -4, 0, 0, 0
L 36, 83, -4, 35, 84, -4, 0, 0, 0
L 35, 84, -4, 32, 84, -4, 0, 0, 0
L 32, 84, -4, 28, 83, -4, 0, 0, 0
L 28, 83, -4, 26, 83, -4, 0, 0, 0
L 26, 83, -4, 6, 83, 1, 0, 0, 0
L 6, 83, 1, 6, 85, 1, 0, 0, 0
L 6, 85, 1, 6, 114, -4, 0, 0, 0
L 6, 114, -4, 7, 115, -4, 0, 0, 0
L 7, 115, -4, 8, 117, -4, 0, 0, 0
L 8, 117, -4, 7, 133, -4, 0, 0, 0
L 7, 133, -4, 6, 136, -4, 0, 0, 0
L 6, 136, -4, 6, 138, -4, 0, 0, 0
L 6, 138, -4, 6, 165, 2, 0, 0, 0
L 6, 165, 2, 7, 165, 2, 0, 0, 0
L 7, 165, 2, 36, 165, -4, 0, 0, 0
L 36, 165, -4, 38, 167, -4, 0, 0, 0
L 38, 167, -4, 39, 172, -4, 0, 0, 0
L 39, 172, -4, 39, 174, -4, 0, 0, 0
L 39, 174, -4, 39, 213, 3, 0, 0, 0
L 39, 213, 3, 40, 213, 3, 0, 0, 0
L 40, 213, 3, 62, 213, -4, 0, 0, 0
L 79, 213, -4, 104, 213, 3, 0, 0, 0
L 104, 213, 3, 104, 212, 2, 0, 0, 0
L 104, 212, 2, 104, 189, -4, 0, 0, 0
L 104, 189, -4, 102, 188, -4, 0, 0, 0
L 102, 188, -4, 102, 168, -4, 0, 0, 0
L 102, 168, -4, 104, 164, -4, 0, 0, 0
L 104, 164, -4, 104, 162, -4, 0, 0, 0
L 104, 162, -4, 104, 131, 2, 0, 0, 0
L 104, 131, 2, 102, 131, 1, 0, 0, 0
L 102, 131, 1, 74, 131, -1, 0, 0, 0
L 74, 131, -1, 72, 130, -1, 0, 0, 0
L 72, 130, -1, 71, 129, -1, 0, 0, 0
L 71, 129, -1, 69, 128, -1, 0, 0, 0
L 69, 128, -1, 69, 126, -1, 0, 0, 0
L 69, 126, -1, 70, 125, -1, 0, 0, 0
L 70, 125, -1, 71, 121, -2, 0, 0, 0
L 71, 121, -2, 71, 120, -3, 0, 0, 0
L 71, 120, -3, 71, 83, 3, 0, 0, 0
L 71, 83, 3, 70, 83, 2, 0, 0, 0
L 70, 83, 2, 46, 83, -4, 0, 0, 0
L 46, 83, -4, 46, 84, -4, 0, 0, 0
L 68, 214, -4, 69, 220, -4, 0, 0, 0
L 69, 220, -4, 69, 222, -4, 0, 0, 0
L 69, 222, -4, 68, 228, -4, 0, 0, 0
L 68, 228, -4, 66, 230, -4, 0, 0, 0
L 66, 230, -4, 52, 223, -4, 0, 0, 0
L 52, 223, -4, 41, 223, -4, 0, 0, 0
L 41, 223, -4, 32, 223, -8, 0, 0, 0
L 32, 223, -8, 29, 223, -8, 0, 0, 0
L 29, 223, -8, 27, 225, -8, 0, 0, 0
L 27, 225, -8, 9, 225, -8, 0, 0, 0
L 9, 225, -8, 3, 223, -8, 0, 0, 0
L 3, 223, -8, -2, 223, -5, 0, 0, 0
L -2, 223, -5, -2, 287, -4, 0, 0, 0
L -2, 287, -4, -1, 289, -4, 0, 0, 0
L -1, 289, -4, 1, 289, -4, 0, 0, 0
L 1, 289, -4, 15, 289, -8, 0, 0, 0
L 15, 289, -8, 17, 290, -8, 0, 0, 0
L 17, 290, -8, 17, 291, -8, 0, 0, 0
L 17, 291, -8, 18, 294, -8, 0, 0, 0
L 18, 294, -8, 19, 298, -8, 0, 0, 0
L 19, 298, -8, 19, 299, -8, 0, 0, 0
L 19, 299, -8, 18, 307, -8, 0, 0, 0
L 18, 307, -8, 18, 312, -7, 0, 0, 0
L 18, 312, -7, 18, 314, -6, 0, 0, 0
L 18, 314, -6, 18, 323, -5, 0, 0, 0
L 18, 323, -5, 19, 324, -5, 0, 0, 0
L 19, 324, -5, 39, 337, -8, 0, 0, 0
L 39, 337, -8, 41, 337, -8, 0, 0, 0
L 41, 337, -8, 52, 337, -6, 0, 0, 0
L 52, 337, -6, 54, 337, -5, 0, 0, 0
L 54, 337, -5, 55, 337, -4, 0, 0, 0
L 55, 337, -4, 65, 337, -7, 0, 0, 0
L 65, 337, -7, 75, 337, -8, 0, 0, 0
L 75, 337, -8, 105, 337, -8, 0, 0, 0
L 105, 337, -8, 107, 336, -8, 0, 0, 0
L 107, 336, -8, 108, 335, -8, 0, 0, 0
L 108, 335, -8, 122, 319, -4, 0, 0, 0
L 122, 319, -4, 123, 317, -4, 0, 0, 0
L 123, 317, -4, 123, 316, -5, 0, 0, 0
L 123, 316, -5, 123, 302, -8, 0, 0, 0
L 123, 302, -8, 121, 300, -8, 0, 0, 0
L 121, 300, -8, 122, 283, -8, 0, 0, 0
L 122, 283, -8, 123, 281, -8, 0, 0, 0
L 123, 281, -8, 123, 264, -8, 0, 0, 0
L 123, 248, -8, 123, 223, -8, 0, 0, 0
L 123, 223, -8, 122, 223, -8, 0, 0, 0
L 122, 223, -8, 111, 224, -4, 0, 0, 0
L 111, 224, -4, 110, 224, -5, 0, 0, 0
L 110, 224, -5, 103, 224, -6, 0, 0, 0
L 103, 224, -6, 102, 223, -5, 0, 0, 0
L 102, 223, -5, 98, 223, -4, 0, 0, 0
L 98, 223, -4, 79, 223, -4, 0, 0, 0
L 79, 223, -4, 76, 224, -4, 0, 0, 0
L 132, 258, -8, 134, 259, -8, 0, 0, 0
L 134, 259, -8, 134, 260, -8, 0, 0, 0
L 134, 260, -8, 135, 262, -8, 0, 0, 0
L 135, 262, -8, 134, 264, -8, 0, 0, 0
L 134, 264, -8, 134, 267, -8, 0, 0, 0
L 134, 267, -8, 134, 286, -4, 0, 0, 0
L 134, 286, -4, 135, 288, -4, 0, 0, 0
L 135, 288, -4, 137, 289, -4, 0, 0, 0
L 137, 289, -4, 139, 289, -4, 0, 0, 0
L 139, 289, -4, 151, 289, -8, 0, 0, 0
L 151, 289, -8, 152, 289, -8, 0, 0, 0
L 152, 289, -8, 154, 291, -8, 0, 0, 0
L 154, 291, -8, 154, 293, -8, 0, 0, 0
L 154, 293, -8, 154, 323, -5, 0, 0, 0
L 154, 323, -5, 155, 324, -5, 0, 0, 0
L 155, 324, -5, 175, 337, -8, 0, 0, 0
L 175, 337, -8, 177, 337, -8, 0, 0, 0
L 177, 337, -8, 191, 337, -4, 0, 0, 0
L 191, 337, -4, 189, 336, -5, 0, 0, 0
L 189, 336, -5, 191, 337, -4, 0, 0, 0
L 191, 337, -4, 194, 337, -4, 0, 0, 0
L 194, 337, -4, 197, 337, -5, 0, 0, 0
L 197, 337, -5, 199, 337, -7, 0, 0, 0
L 199, 337, -7, 199, 336, -7, 0, 0, 0
L 215, 337, -8, 242, 337, -8, 0, 0, 0
L 242, 337, -8, 243, 335, -8, 0, 0, 0
L 243, 335, -8, 259, 318, -4, 0, 0, 0
L 259, 318, -4, 259, 316, -5, 0, 0, 0
L 259, 316, -5, 259, 302, -8, 0, 0, 0
L 259, 302, -8, 257, 300, -8, 0, 0, 0
L 257, 300, -8, 258, 283, -8, 0, 0, 0
L 258, 283, -8, 259, 281, -8, 0, 0, 0
L 259, 281, -8, 259, 264, -8, 0, 0, 0
L 259, 248, -8, 259, 223, -5, 0, 0, 0
L 259, 223, -5, 258, 223, -4, 0, 0, 0
L 258, 223, -4, 215, 223, -4, 0, 0, 0
L 198, 223, -4, 165, 223, -8, 0, 0, 0
L 165, 223, -8, 164, 224, -8, 0, 0, 0
L 164, 224, -8, 162, 225, -8, 0, 0, 0
L 162, 225, -8, 145, 225, -8, 0, 0, 0
L 145, 225, -8, 144, 224, -8, 0, 0, 0
L 144, 224, -8, 139, 223, -7, 0, 0, 0
L 139, 223, -7, 137, 223, -7, 0, 0, 0
L 137, 223, -7, 134, 223, -5, 0, 0, 0
L 134, 223, -5, 134, 225, -5, 0, 0, 0
L 134, 225, -5, 134, 248, -8, 0, 0, 0
L 205, 215, -4, 204, 213, -4, 0, 0, 0
L 204, 213, -4, 202, 212, -4, 0, 0, 0
L 202, 212, -4, 197, 212, -4, 0, 0, 0
L 197, 212, -4, 193, 213, -4, 0, 0, 0
L 193, 213, -4, 188, 213, -4, 0, 0, 0
L 188, 213, -4, 158, 183, -4, 0, 0, 0
L 158, 183, -4, 158, 170, -4, 0, 0, 0
L 158, 170, -4, 159, 169, -4, 0, 0, 0
L 159, 169, -4, 160, 167, -4, 0, 0, 0
L 160, 167, -4, 159, 150, -4, 0, 0, 0
L 159, 150, -4, 158, 143, -4, 0, 0, 0
L 158, 143, -4, 158, 141, -3, 0, 0, 0
L 158, 141, -3, 158, 133, 0, 0, 0, 0
L 158, 133, 0, 159, 131, 0, 0, 0, 0
L 159, 131, 0, 159, 130, -1, 0, 0, 0
L 159, 130, -1, 160, 127, -2, 0, 0, 0
L 160, 127, -2, 161, 126, -3, 0, 0, 0
L 161, 126, -3, 162, 125, -2, 0, 0, 0
L 162, 125, -2, 165, 125, -3, 0, 0, 0
L 165, 125, -3, 166, 123, -4, 0, 0, 0
L 166, 123, -4, 169, 121, -4, 0, 0, 0
L 169, 121, -4, 176, 115, -4, 0, 0, 0
L 176, 115, -4, 239, 115, -4, 0, 0, 0
L 239, 115, -4, 240, 116, -3, 0, 0, 0
L 240, 116, -3, 242, 117, -3, 0, 0, 0
L 242, 117, -3, 244, 117, -3, 0, 0, 0
L 244, 117, -3, 245, 119, -2, 0, 0, 0
L 245, 119, -2, 245, 120, -2, 0, 0, 0
L 245, 120, -2, 246, 122, -3, 0, 0, 0
L 246, 122, -3, 247, 123, -4, 0, 0, 0
L 247, 123, -4, 248, 125, -4, 0, 0, 0
L 248, 125, -4, 255, 128, -4, 0, 0, 0
L 255, 128, -4, 255, 181, -2, 0, 0, 0
L 255, 181, -2, 253, 181, -2, 0, 0, 0
L 253, 181, -2, 226, 181, -4, 0, 0, 0
L 226, 181, -4, 224, 182, -4, 0, 0, 0
L 224, 182, -4, 224, 183, -4, 0, 0, 0
L 224, 183, -4, 223, 185, -4, 0, 0, 0
L 223, 185, -4, 223, 188, -4, 0, 0, 0
L 223, 188, -4, 223, 190, -3, 0, 0, 0
L 223, 190, -3, 223, 213, -4, 0, 0, 0
L 223, 213, -4, 215, 213, -4, 0, 0, 0
L 215, 213, -4, 213, 212, -4, 0, 0, 0
L 213, 212, -4, 211, 212, -4, 0, 0, 0
L 211, 212, -4, 209, 213, -4, 0, 0, 0
L 270, 264, -8, 270, 298, -12, 0, 0, 0
L 270, 298, -12, 272, 300, -12, 0, 0, 0
L 272, 300, -12, 271, 318, -12, 0, 0, 0
L 271, 318, -12, 270, 321, -12, 0, 0, 0
L 270, 321, -12, 271, 327, -11, 0, 0, 0
L 271, 327, -11, 271, 329, -10, 0, 0, 0
L 271, 329, -10, 273, 329, -11, 0, 0, 0
L 273, 329, -11, 275, 329, -11, 0, 0, 0
L 275, 329, -11, 332, 329, -8, 0, 0, 0
L 332, 329, -8, 334, 328, -8, 0, 0, 0
L 334, 328, -8, 335, 326, -8, 0, 0, 0
L 335, 326, -8, 335, 324, -8, 0, 0, 0
L 335, 324, -8, 336, 310, -12, 0, 0, 0
L 336, 310, -12, 337, 309, -12, 0, 0, 0
L 337, 309, -12, 338, 307, -12, 0, 0, 0
L 338, 307, -12, 350, 309, -12, 0, 0, 0
L 350, 309, -12, 352, 309, -12, 0, 0, 0
L 352, 309, -12, 361, 309, -10, 0, 0, 0
L 361, 309, -10, 363, 309, -10, 0, 0, 0
L 363, 309, -10, 364, 308, -9, 0, 0, 0
L 364, 308, -9, 365, 308, -9, 0, 0, 0
L 365, 308, -9, 371, 306, -9, 0, 0, 0
L 371, 306, -9, 372, 304, -10, 0, 0, 0
L 372, 304, -10, 373, 303, -11, 0, 0, 0
L 373, 303, -11, 383, 287, -12, 0, 0, 0
L 383, 287, -12, 383, 264, -11, 0, 0, 0
L 383, 264, -11, 382, 262, -12, 0, 0, 0
L 382, 262, -12, 384, 258, -12, 0, 0, 0
L 384, 258, -12, 398, 258, -12, 0, 0, 0
L 398, 258, -12, 399, 259, -11, 0, 0, 0
L 399, 259, -11, 400, 261, -11, 0, 0, 0
L 400, 261, -11, 399, 263, -11, 0, 0, 0
L 399, 263, -11, 398, 264, -11, 0, 0, 0
L 398, 264, -11, 394, 265, -12, 0, 0, 0
L 394, 265, -12, 394, 267, -12, 0, 0, 0
L 394, 267, -12, 395, 269, -12, 0, 0, 0
L 395, 269, -12, 396, 269, -12, 0, 0, 0
L 396, 269, -12, 425, 269, -8, 0, 0, 0
L 425, 269, -8, 426, 268, -7, 0, 0, 0
L 426, 268, -7, 433, 261, -12, 0, 0, 0
L 433, 261, -12, 437, 261, -12, 0, 0, 0
L -190, -41, -12, -186, -41, -12, 0, 0, 0
L -186, -41, -12, -185, -40, -12, 0, 0, 0
L -185, -40, -12, -184, -38, -12, 0, 0, 0
L -184, -38, -12, -184, -34, -12, 0, 0, 0
L -184, -34, -12, -181, -34, -12, 0, 0, 0
L -181, -34, -12, -129, -34, 5, 0, 0, 0
L -129, -34, 5, -130, -36, 5, 0, 0, 0
L -130, -36, 5, -130, -38, 4, 0, 0, 0
L -130, -38, 4, -130, -40, 4, 0, 0, 0
L -190, -45, -12, -186, -45, -12, 0, 0, 0
L -186, -45, -12, -185, -46, -12, 0, 0, 0
L -185, -46, -12, -184, -48, -12, 0, 0, 0
L -184, -48, -12, -183, -49, -12, 0, 0, 0
L -183, -49, -12, -183, -51, -12, 0, 0, 0
L -183, -51, -12, -185, -52, -11, 0, 0, 0
L -185, -52, -11, -183, -52, -11, 0, 0, 0
L -183, -52, -11, -130, -52, 4, 0, 0, 0
L -130, -52, 4, -130, -46, 4, 0, 0, 0
L -130, -46, 4, -128, -45, 4, 0, 0, 0
L -128, -45, 4, -122, -45, 4, 0, 0, 0
L -12, 2, 0, -6, 3, 0, 0, 0, 0
L -6, 3, 0, -4, 2, 0, 0, 0, 0
L -4, 2, 0, 9, 2, 0, 0, 0, 0
L 9, 2, 0, 11, 3, 0, 0, 0, 0
L 11, 3, 0, 11, 6, 0, 0, 0, 0
L 11, 6, 0, 9, 8, 0, 0, 0, 0
L 9, 8, 0, 5, 11, 0, 0, 0, 0
L 5, 11, 0, 5, 12, 0, 0, 0, 0
L 5, -19, 0, 7, -12, 0, 0, 0, 0
L 7, -12, 0, 7, -11, 0, 0, 0, 0
L 7, -11, 0, 8, -8, 0, 0, 0, 0
L 8, -8, 0, 8, -6, 0, 0, 0, 0
L 8, -6, 0, 9, -5, 0, 0, 0, 0
L 9, -5, 0, 9, -1, 0, 0, 0, 0
L 9, -1, 0, 6, -1, 0, 0, 0, 0
L 6, -1, 0, 1, -2, 0, 0, 0, 0
L 1, -2, 0, -4, -2, 0, 0, 0, 0
L -4, -2, 0, -6, -3, 0, 0, 0, 0
L -6, -3, 0, -6, -8, 0, 0, 0, 0
L -6, -8, 0, -5, -9, 0, 0, 0, 0
L 205, 340, -8, 204, 352, -8, 0, 0, 0
L 204, 352, -8, 203, 353, -8, 0, 0, 0
L 203, 353, -8, 201, 354, -8, 0, 0, 0
L 201, 354, -8, 195, 351, -8, 0, 0, 0
L 195, 351, -8, 188, 347, -8, 0, 0, 0
L 188, 347, -8, 187, 349, -8, 0, 0, 0
L 187, 349, -8, 169, 349, -8, 0, 0, 0
L 169, 349, -8, 166, 347, -8, 0, 0, 0
L 166, 347, -8, 158, 347, -8, 0, 0, 0
L 158, 347, -8, 158, 388, -8, 0, 0, 0
L 158, 388, -8, 159, 390, -8, 0, 0, 0
L 159, 390, -8, 158, 392, -8, 0, 0, 0
L 158, 392, -8, 158, 393, -8, 0, 0, 0
L 158, 393, -8, 156, 394, -8, 0, 0, 0
L 156, 394, -8, 144, 394, -8, 0, 0, 0
L 144, 394, -8, 142, 393, -8, 0, 0, 0
L 142, 393, -8, 141, 392, -8, 0, 0, 0
L 141, 392, -8, 141, 390, -8, 0, 0, 0
L 141, 390, -8, 144, 375, -8, 0, 0, 0
L 144, 375, -8, 144, 374, -8, 0, 0, 0
L 144, 374, -8, 117, 347, -8, 0, 0, 0
L 117, 347, -8, 82, 347, -6, 0, 0, 0
L 82, 347, -6, 82, 349, -5, 0, 0, 0
L 82, 349, -5, 81, 378, -8, 0, 0, 0
L 81, 378, -8, 80, 379, -8, 0, 0, 0
L 80, 379, -8, 50, 379, -8, 0, 0, 0
L 50, 379, -8, 50, 388, -8, 0, 0, 0
L 50, 388, -8, 51, 390, -8, 0, 0, 0
L 51, 390, -8, 50, 392, -8, 0, 0, 0
L 50, 392, -8, 48, 394, -8, 0, 0, 0
L 48, 394, -8, 40, 395, -8, 0, 0, 0
L 40, 395, -8, 39, 394, -8, 0, 0, 0
L 39, 394, -8, 35, 394, -8, 0, 0, 0
L 35, 394, -8, 33, 392, -8, 0, 0, 0
L 33, 392, -8, 33, 388, -8, 0, 0, 0
L 33, 388, -8, 39, 379, -8, 0, 0, 0
L 39, 379, -8, 39, 377, -8, 0, 0, 0
L 39, 377, -8, 39, 363, -4, 0, 0, 0
L 39, 363, -4, 37, 363, -4, 0, 0, 0
L 37, 363, -4, 27, 363, -8, 0, 0, 0
L 27, 363, -8, -55, 363, -8, 0, 0, 0
L -55, 363, -8, -56, 364, -8, 0, 0, 0
L -56, 364, -8, -58, 365, -8, 0, 0, 0
L -58, 365, -8, -74, 365, -8, 0, 0, 0
L -74, 365, -8, -77, 363, -8, 0, 0, 0
L -77, 363, -8, -79, 363, -8, 0, 0, 0
L -79, 363, -8, -86, 363, -5, 0, 0, 0
L -86, 363, -5, -86, 423, -5, 0, 0, 0
L -86, 423, -5, -85, 425, -4, 0, 0, 0
L -85, 425, -4, -83, 429, -4, 0, 0, 0
L -83, 429, -4, -81, 429, -4, 0, 0, 0
L -81, 429, -4, -79, 429, -5, 0, 0, 0
L -79, 429, -5, -69, 429, -8, 0, 0, 0
L -69, 429, -8, -67, 430, -8, 0, 0, 0
L -67, 430, -8, -66, 431, -8, 0, 0, 0
L -66, 431, -8, -66, 433, -8, 0, 0, 0
L -66, 433, -8, -66, 463, -5, 0, 0, 0
L -66, 463, -5, -65, 463, -5, 0, 0, 0
L -65, 463, -5, -45, 477, -8, 0, 0, 0
L -45, 477, -8, -42, 477, -8, 0, 0, 0
L -42, 477, -8, -32, 477, -6, 0, 0, 0
L -32, 477, -6, -30, 476, -6, 0, 0, 0
L -30, 476, -6, -29, 476, -4, 0, 0, 0
L -29, 476, -4, -18, 476, -8, 0, 0, 0
L -18, 476, -8, -16, 477, -8, 0, 0, 0
L -16, 477, -8, -14, 479, -8, 0, 0, 0
L -14, 479, -8, -14, 481, -8, 0, 0, 0
L -14, 481, -8, -15, 482, -8, 0, 0, 0
L -15, 482, -8, -15, 484, -8, 0, 0, 0
L -15, 484, -8, -16, 492, -8, 0, 0, 0
L -16, 492, -8, -17, 493, -8, 0, 0, 0
L -17, 493, -8, -20, 493, -8, 0, 0, 0
L -20, 493, -8, -30, 488, -8, 0, 0, 0
L -30, 488, -8, -31, 518, -8, 0, 0, 0
L -31, 518, -8, -32, 519, -8, 0, 0, 0
L -32, 519, -8, -36, 519, -8, 0, 0, 0
L -36, 519, -8, -61, 519, -6, 0, 0, 0
L -61, 519, -6, -62, 520, -6, 0, 0, 0
L -62, 520, -6, -62, 522, -6, 0, 0, 0
L -62, 522, -6, -62, 526, -8, 0, 0, 0
L -62, 526, -8, -61, 527, -8, 0, 0, 0
L -61, 527, -8, -61, 545, -8, 0, 0, 0
L -61, 545, -8, -62, 546, -8, 0, 0, 0
L -62, 546, -8, -62, 555, -8, 0, 0, 0
L -62, 555, -8, -32, 585, -8, 0, 0, 0
L -32, 585, -8, -30, 585, -8, 0, 0, 0
L -30, 585, -8, 3, 585, -5, 0, 0, 0
L 3, 585, -5, 3, 583, -5, 0, 0, 0
L 3, 583, -5, 4, 554, -8, 0, 0, 0
L 4, 554, -8, 5, 553, -8, 0, 0, 0
L 5, 553, -8, 35, 553, -8, 0, 0, 0
L 35, 553, -8, 35, 517, -8, 0, 0, 0
L 35, 517, -8, 29, 511, -8, 0, 0, 0
L 29, 511, -8, 27, 511, -8, 0, 0, 0
L 27, 511, -8, 25, 510, -8, 0, 0, 0
L 25, 510, -8, 14, 499, -8, 0, 0, 0
L 14, 499, -8, 14, 498, -8, 0, 0, 0
L 14, 498, -8, 13, 496, -8, 0, 0, 0
L 13, 496, -8, 13, 494, -8, 0, 0, 0
L 13, 494, -8, 5, 487, -8, 0, 0, 0
L 5, 487, -8, -2, 487, -8, 0, 0, 0
L -2, 487, -8, -5, 489, -8, 0, 0, 0
L -5, 489, -8, -5, 490, -8, 0, 0, 0
L -5, 490, -8, -6, 492, -8, 0, 0, 0
L -6, 492, -8, -4, 491, -8, 0, 0, 0
L -4, 491, -8, -8, 493, -8, 0, 0, 0
L -8, 493, -8, -10, 492, -8, 0, 0, 0
L -10, 492, -8, -12, 490, -8, 0, 0, 0
L -12, 490, -8, -11, 478, -8, 0, 0, 0
L -11, 478, -8, -10, 476, -8, 0, 0, 0
L -10, 476, -8, -7, 476, -8, 0, 0, 0
L -7, 476, -8, -2, 477, -8, 0, 0, 0
L -2, 477, -8, 22, 477, -8, 0, 0, 0
L 22, 477, -8, 23, 476, -8, 0, 0, 0
L 23, 476, -8, 39, 458, -4, 0, 0, 0
L 39, 458, -4, 39, 456, -5, 0, 0, 0
L 39, 456, -5, 39, 442, -8, 0, 0, 0
L 39, 442, -8, 38, 441, -8, 0, 0, 0
L 38, 441, -8, 37, 439, -8, 0, 0, 0
L 37, 439, -8, 38, 423, -8, 0, 0, 0
L 38, 423, -8, 39, 419, -8, 0, 0, 0
L 39, 419, -8, 39, 404, -8, 0, 0, 0
L 39, 404, -8, 38, 402, -8, 0, 0, 0
L 38, 402, -8, 38, 400, -8, 0, 0, 0
L 38, 400, -8, 39, 397, -8, 0, 0, 0
L 39, 397, -8, 43, 397, -8, 0, 0, 0
L 43, 397, -8, 45, 398, -8, 0, 0, 0
L 45, 398, -8, 49, 398, -8, 0, 0, 0
L 49, 398, -8, 50, 400, -8, 0, 0, 0
L 50, 400, -8, 51, 401, -8, 0, 0, 0
L 51, 401, -8, 51, 405, -8, 0, 0, 0
L 51, 405, -8, 50, 406, -7, 0, 0, 0
L 50, 406, -7, 50, 408, -7, 0, 0, 0
L 50, 408, -7, 50, 413, -5, 0, 0, 0
L 50, 413, -5, 52, 413, -5, 0, 0, 0
L 52, 413, -5, 63, 413, -8, 0, 0, 0
L 63, 413, -8, 65, 414, -8, 0, 0, 0
L 65, 414, -8, 81, 430, -8, 0, 0, 0
L 81, 430, -8, 82, 432, -8, 0, 0, 0
L 82, 432, -8, 82, 445, -8, 0, 0, 0
L 82, 445, -8, 88, 445, -8, 0, 0, 0
L 88, 445, -8, 89, 443, -8, 0, 0, 0
L 89, 443, -8, 107, 443, -8, 0, 0, 0
L 107, 443, -8, 109, 444, -8, 0, 0, 0
L 109, 444, -8, 110, 445, -8, 0, 0, 0
L 110, 445, -8, 117, 445, -8, 0, 0, 0
L 117, 445, -8, 147, 415, -8, 0, 0, 0
L 147, 415, -8, 147, 404, -8, 0, 0, 0
L 147, 404, -8, 146, 402, -8, 0, 0, 0
L 146, 402, -8, 145, 403, -8, 0, 0, 0
L 145, 403, -8, 143, 404, -8, 0, 0, 0
L 143, 404, -8, 142, 403, -8, 0, 0, 0
L 142, 403, -8, 142, 399, -8, 0, 0, 0
L 142, 399, -8, 143, 398, -8, 0, 0, 0
L 143, 398, -8, 145, 398, -8, 0, 0, 0
L 145, 398, -8, 147, 397, -8, 0, 0, 0
L 147, 397, -8, 149, 398, -8, 0, 0, 0
L 149, 398, -8, 157, 398, -8, 0, 0, 0
L 157, 398, -8, 158, 399, -8, 0, 0, 0
L 158, 399, -8, 159, 401, -8, 0, 0, 0
L 159, 401, -8, 158, 404, -8, 0, 0, 0
L 158, 404, -8, 158, 408, -8, 0, 0, 0
L 158, 408, -8, 158, 413, -6, 0, 0, 0
L 158, 413, -6, 160, 413, -5, 0, 0, 0
L 160, 413, -5, 187, 413, -8, 0, 0, 0
L 187, 413, -8, 189, 414, -8, 0, 0, 0
L 189, 414, -8, 190, 415, -8, 0, 0, 0
L 190, 415, -8, 190, 441, -8, 0, 0, 0
L 190, 441, -8, 193, 445, -8, 0, 0, 0
L 193, 445, -8, 198, 445, -8, 0, 0, 0
L 198, 445, -8, 200, 444, -8, 0, 0, 0
L 200, 444, -8, 205, 444, -8, 0, 0, 0
L 205, 444, -8, 205, 446, -8, 0, 0, 0
L 205, 446, -8, 206, 448, -8, 0, 0, 0
L 206, 448, -8, 206, 454, -8, 0, 0, 0
L 206, 454, -8, 202, 456, -8, 0, 0, 0
L 202, 456, -8, 200, 456, -8, 0, 0, 0
L 188, 456, -8, 187, 457, -8, 0, 0, 0
L 187, 457, -8, 186, 459, -7, 0, 0, 0
L 186, 459, -7, 185, 460, -7, 0, 0, 0
L 185, 460, -7, 183, 461, -7, 0, 0, 0
L 183, 461, -7, 182, 461, -8, 0, 0, 0
L 182, 461, -8, 180, 461, -8, 0, 0, 0
L 180, 461, -8, 178, 460, -8, 0, 0, 0
L 178, 460, -8, 169, 457, -8, 0, 0, 0
L 169, 457, -8, 152, 457, -8, 0, 0, 0
L 152, 457, -8, 151, 456, -8, 0, 0, 0
L 151, 456, -8, 149, 455, -8, 0, 0, 0
L 149, 455, -8, 147, 457, -8, 0, 0, 0
L 147, 457, -8, 146, 459, -8, 0, 0, 0
L 146, 459, -8, 144, 461, -8, 0, 0, 0
L 144, 461, -8, 142, 462, -8, 0, 0, 0
L 142, 462, -8, 140, 461, -8, 0, 0, 0
L 140, 461, -8, 139, 461, -8, 0, 0, 0
L 139, 461, -8, 138, 460, -8, 0, 0, 0
L 138, 460, -8, 130, 455, -8, 0, 0, 0
L 130, 455, -8, 128, 455, -8, 0, 0, 0
L 128, 455, -8, 118, 455, -3, 0, 0, 0
L 118, 455, -3, 118, 457, -3, 0, 0, 0
L 118, 457, -3, 118, 473, -8, 0, 0, 0
L 118, 473, -8, 120, 473, -8, 0, 0, 0
L 120, 473, -8, 122, 475, -8, 0, 0, 0
L 122, 475, -8, 123, 477, -8, 0, 0, 0
L 123, 477, -8, 124, 478, -8, 0, 0, 0
L 124, 478, -8, 125, 484, -8, 0, 0, 0
L 125, 484, -8, 124, 487, -8, 0, 0, 0
L 124, 487, -8, 124, 489, -8, 0, 0, 0
L 124, 489, -8, 120, 504, -5, 0, 0, 0
L 120, 504, -5, 119, 506, -2, 0, 0, 0
L 119, 506, -2, 119, 508, -2, 0, 0, 0
L 119, 508, -2, 119, 511, -3, 0, 0, 0
L 119, 511, -3, 118, 513, -4, 0, 0, 0
L 118, 513, -4, 120, 514, -8, 0, 0, 0
L 120, 514, -8, 121, 515, -8, 0, 0, 0
L 121, 515, -8, 123, 516, -8, 0, 0, 0
L 123, 516, -8, 123, 518, -8, 0, 0, 0
L 123, 518, -8, 124, 519, -8, 0, 0, 0
L 124, 519, -8, 124, 521, -8, 0, 0, 0
L 124, 521, -8, 123, 522, -8, 0, 0, 0
L 123, 522, -8, 119, 531, -7, 0, 0, 0
L 119, 531, -7, 120, 532, -7, 0, 0, 0
L 120, 532, -7, 120, 557, -8, 0, 0, 0
L 120, 557, -8, 119, 559, -8, 0, 0, 0
L 119, 559, -8, 120, 563, -8, 0, 0, 0
L 120, 563, -8, 121, 564, -8, 0, 0, 0
L 121, 564, -8, 123, 565, -8, 0, 0, 0
L 123, 565, -8, 123, 567, -8, 0, 0, 0
L 123, 567, -8, 124, 568, -8, 0, 0, 0
L 124, 568, -8, 124, 573, -8, 0, 0, 0
L 124, 573, -8, 120, 589, -8, 0, 0, 0
L 120, 589, -8, 119, 602, -8, 0, 0, 0
L 119, 602, -8, 120, 604, -8, 0, 0, 0
L 120, 604, -8, 122, 604, -8, 0, 0, 0
L 122, 604, -8, 124, 608, -8, 0, 0, 0
L 124, 608, -8, 124, 612, -8, 0, 0, 0
L 124, 612, -8, 123, 613, -8, 0, 0, 0
L 123, 613, -8, 122, 616, -8, 0, 0, 0
L 122, 616, -8, 119, 623, -7, 0, 0, 0
L 119, 623, -7, 118, 624, -6, 0, 0, 0
L 118, 624, -6, 118, 626, -5, 0, 0, 0
L 118, 626, -5, 118, 627, -4, 0, 0, 0
L 118, 627, -4, 118, 633, -1, 0, 0, 0
L 118, 633, -1, 120, 633, -1, 0, 0, 0
L 120, 633, -1, 135, 633, -8, 0, 0, 0
L 135, 633, -8, 136, 631, -8, 0, 0, 0
L 136, 631, -8, 137, 630, -8, 0, 0, 0
L 137, 630, -8, 138, 628, -8, 0, 0, 0
L 138, 628, -8, 142, 626, -8, 0, 0, 0
L 142, 626, -8, 153, 627, -8, 0, 0, 0
L 153, 627, -8, 177, 630, -8, 0, 0, 0
L 177, 630, -8, 178, 628, -8, 0, 0, 0
L 178, 628, -8, 179, 628, -8, 0, 0, 0
L 179, 628, -8, 181, 627, -8, 0, 0, 0
L 181, 627, -8, 182, 626, -8, 0, 0, 0
L 182, 626, -8, 192, 628, -8, 0, 0, 0
L 192, 628, -8, 215, 633, -7, 0, 0, 0
L 215, 633, -7, 216, 633, -6, 0, 0, 0
L 216, 633, -6, 219, 633, -4, 0, 0, 0
L 219, 633, -4, 221, 633, -4, 0, 0, 0
L 221, 633, -4, 225, 633, -6, 0, 0, 0
L 225, 633, -6, 225, 631, -7, 0, 0, 0
L 225, 631, -7, 226, 630, -7, 0, 0, 0
L 226, 630, -7, 227, 628, -8, 0, 0, 0
L 227, 628, -8, 229, 627, -8, 0, 0, 0
L 229, 627, -8, 230, 626, -8, 0, 0, 0
L 230, 626, -8, 232, 627, -8, 0, 0, 0
L 232, 627, -8, 242, 631, -8, 0, 0, 0
L 242, 631, -8, 254, 631, -8, 0, 0, 0
L 254, 631, -8, 264, 631, -7, 0, 0, 0
L 264, 631, -7, 266, 630, -7, 0, 0, 0
L 266, 630, -7, 267, 629, -8, 0, 0, 0
L 267, 629, -8, 268, 628, -8, 0, 0, 0
L 268, 628, -8, 270, 627, -8, 0, 0, 0
L 270, 627, -8, 271, 626, -8, 0, 0, 0
L 271, 626, -8, 273, 626, -8, 0, 0, 0
L 273, 626, -8, 275, 627, -8, 0, 0, 0
L 275, 627, -8, 276, 627, -8, 0, 0, 0
L 276, 627, -8, 279, 628, -8, 0, 0, 0
L 279, 628, -8, 287, 632, -5, 0, 0, 0
L 287, 632, -5, 289, 633, -5, 0, 0, 0
L 289, 633, -5, 291, 633, -3, 0, 0, 0
L 291, 633, -3, 295, 633, -3, 0, 0, 0
L 295, 633, -3, 295, 631, -3, 0, 0, 0
L 295, 631, -3, 295, 615, -8, 0, 0, 0
L 295, 615, -8, 294, 615, -8, 0, 0, 0
L 294, 615, -8, 292, 614, -8, 0, 0, 0
L 292, 614, -8, 290, 612, -8, 0, 0, 0
L 290, 612, -8, 289, 610, -8, 0, 0, 0
L 289, 610, -8, 289, 608, -8, 0, 0, 0
L 289, 608, -8, 291, 600, -8, 0, 0, 0
L 291, 600, -8, 292, 593, -8, 0, 0, 0
L 292, 593, -8, 293, 578, -8, 0, 0, 0
L 293, 578, -8, 293, 576, -8, 0, 0, 0
L 293, 576, -8, 292, 574, -8, 0, 0, 0
L 292, 574, -8, 290, 572, -8, 0, 0, 0
L 290, 572, -8, 289, 570, -8, 0, 0, 0
L 289, 570, -8, 289, 567, -8, 0, 0, 0
L 289, 567, -8, 294, 556, -8, 0, 0, 0
L 294, 556, -8, 293, 555, -8, 0, 0, 0
L 293, 555, -8, 293, 532, -8, 0, 0, 0
L 293, 532, -8, 294, 530, -8, 0, 0, 0
L 294, 530, -8, 295, 527, -8, 0, 0, 0
L 295, 527, -8, 294, 525, -8, 0, 0, 0
L 294, 525, -8, 292, 524, -8, 0, 0, 0
L 292, 524, -8, 289, 521, -8, 0, 0, 0
L 289, 521, -8, 289, 517, -8, 0, 0, 0
L 289, 517, -8, 290, 516, -8, 0, 0, 0
L 290, 516, -8, 293, 508, -8, 0, 0, 0
L 293, 508, -8, 293, 484, -8, 0, 0, 0
L 293, 484, -8, 291, 484, -8, 0, 0, 0
L 291, 484, -8, 290, 483, -8, 0, 0, 0
L 290, 483, -8, 289, 481, -8, 0, 0, 0
L 289, 481, -8, 289, 479, -8, 0, 0, 0
L 289, 479, -8, 288, 477, -8, 0, 0, 0
L 288, 477, -8, 289, 476, -8, 0, 0, 0
L 289, 476, -8, 295, 467, -8, 0, 0, 0
L 295, 467, -8, 295, 465, -7, 0, 0, 0
L 295, 465, -7, 295, 455, 0, 0, 0, 0
L 295, 455, 0, 293, 455, 0, 0, 0, 0
L 293, 455, 0, 278, 455, -8, 0, 0, 0
L 278, 455, -8, 277, 457, -8, 0, 0, 0
L 277, 457, -8, 276, 458, -8, 0, 0, 0
L 276, 458, -8, 276, 459, -7, 0, 0, 0
L 276, 459, -7, 274, 460, -7, 0, 0, 0
L 274, 460, -7, 273, 461, -8, 0, 0, 0
L 273, 461, -8, 269, 461, -8, 0, 0, 0
L 269, 461, -8, 252, 457, -8, 0, 0, 0
L 252, 457, -8, 241, 457, -8, 0, 0, 0
L 241, 457, -8, 237, 456, -8, 0, 0, 0
L 237, 456, -8, 235, 460, -8, 0, 0, 0
L 235, 460, -8, 233, 461, -8, 0, 0, 0
L 233, 461, -8, 232, 462, -8, 0, 0, 0
L 232, 462, -8, 230, 461, -8, 0, 0, 0
L 230, 461, -8, 212, 456, -8, 0, 0, 0
L 212, 456, -8, 211, 456, -8, 0, 0, 0
L 211, 456, -8, 204, 454, -8, 0, 0, 0
L 204, 454, -8, 202, 456, -8, 0, 0, 0
L 202, 456, -8, 188, 456, -8, 0, 0, 0
L 200, 456, -8, 206, 457, -8, 0, 0, 0
L 206, 457, -8, 207, 456, -8, 0, 0, 0
L 207, 456, -8, 207, 447, -8, 0, 0, 0
L 207, 447, -8, 206, 445, -8, 0, 0, 0
L 206, 445, -8, 207, 443, -8, 0, 0, 0
L 207, 443, -8, 208, 442, -8, 0, 0, 0
L 208, 442, -8, 209, 440, -8, 0, 0, 0
L 209, 440, -8, 210, 439, -8, 0, 0, 0
L 210, 439, -8, 212, 439, -8, 0, 0, 0
L 212, 439, -8, 213, 440, -8, 0, 0, 0
L 213, 440, -8, 217, 442, -8, 0, 0, 0
L 217, 442, -8, 219, 443, -6, 0, 0, 0
L 219, 443, -6, 220, 444, -6, 0, 0, 0
L 220, 444, -6, 222, 445, -5, 0, 0, 0
L 222, 445, -5, 229, 445, -6, 0, 0, 0
L 229, 445, -6, 231, 445, -7, 0, 0, 0
L 231, 445, -7, 242, 445, -8, 0, 0, 0
L 242, 445, -8, 244, 445, -8, 0, 0, 0
L 244, 445, -8, 245, 443, -8, 0, 0, 0
L 245, 443, -8, 245, 441, -6, 0, 0, 0
L 245, 441, -6, 245, 440, -6, 0, 0, 0
L 245, 440, -6, 246, 438, -7, 0, 0, 0
L 246, 438, -7, 247, 437, -8, 0, 0, 0
L 247, 437, -8, 248, 435, -8, 0, 0, 0
L 248, 435, -8, 250, 433, -8, 0, 0, 0
L 250, 433, -8, 255, 430, -8, 0, 0, 0
L 255, 430, -8, 255, 406, -8, 0, 0, 0
L 255, 406, -8, 254, 405, -8, 0, 0, 0
L 254, 405, -8, 253, 403, -8, 0, 0, 0
L 253, 403, -8, 254, 387, -8, 0, 0, 0
L 254, 387, -8, 255, 384, -8, 0, 0, 0
L 255, 384, -8, 255, 379, -8, 0, 0, 0
L 255, 379, -8, 242, 379, -8, 0, 0, 0
L 242, 379, -8, 240, 378, -8, 0, 0, 0
L 240, 378, -8, 224, 362, -8, 0, 0, 0
L 224, 362, -8, 223, 360, -8, 0, 0, 0
L 223, 360, -8, 223, 358, -8, 0, 0, 0
L 223, 358, -8, 222, 357, -8, 0, 0, 0
L 222, 357, -8, 223, 354, -8, 0, 0, 0
L 223, 354, -8, 223, 352, -8, 0, 0, 0
L 223, 352, -8, 223, 348, -6, 0, 0, 0
L 223, 348, -6, 221, 347, -7, 0, 0, 0
L 221, 347, -7, 220, 347, -8, 0, 0, 0
L 220, 347, -8, 215, 347, -8, 0, 0, 0
L 265, 254, -8, 274, 254, -8, 0, 0, 0
L 274, 254, -8, 275, 252, -8, 0, 0, 0
L 275, 252, -8, 275, 249, -8, 0, 0, 0
L 275, 249, -8, 270, 239, -8, 0, 0, 0
L 270, 239, -8, 270, 203, -9, 0, 0, 0
L 270, 203, -9, 272, 203, -10, 0, 0, 0
L 272, 203, -10, 285, 203, -12, 0, 0, 0
L 285, 203, -12, 320, 203, -12, 0, 0, 0
L 320, 203, -12, 328, 204, -12, 0, 0, 0
L 328, 204, -12, 330, 205, -12, 0, 0, 0
L 330, 205, -12, 348, 205, -12, 0, 0, 0
L 348, 205, -12, 355, 203, -12, 0, 0, 0
L 355, 203, -12, 356, 203, -12, 0, 0, 0
L 356, 203, -12, 365, 203, -8, 0, 0, 0
L 365, 203, -8, 366, 205, -8, 0, 0, 0
L 366, 205, -8, 383, 221, -12, 0, 0, 0
L 383, 221, -12, 382, 244, -12, 0, 0, 0
L 382, 244, -12, 382, 250, -12, 0, 0, 0
L 382, 250, -12, 383, 253, -12, 0, 0, 0
L 383, 253, -12, 384, 254, -12, 0, 0, 0
L 384, 254, -12, 398, 254, -12, 0, 0, 0
L 398, 254, -12, 399, 252, -11, 0, 0, 0
L 399, 252, -11, 399, 251, -11, 0, 0, 0
L 399, 251, -11, 399, 246, -12, 0, 0, 0
L 399, 246, -12, 398, 245, -12, 0, 0, 0
L 398, 245, -12, 396, 240, -11, 0, 0, 0
L 396, 240, -11, 397, 239, -12, 0, 0, 0
L 397, 239, -12, 399, 237, -12, 0, 0, 0
L 399, 237, -12, 404, 231, -12, 0, 0, 0
L 404, 231, -12, 406, 230, -12, 0, 0, 0
L 406, 230, -12, 417, 218, -12, 0, 0, 0
L 417, 218, -12, 418, 216, -12, 0, 0, 0
L 418, 216, -12, 418, 185, -9, 0, 0, 0
L 418, 185, -9, 419, 184, -9, 0, 0, 0
L 419, 184, -9, 427, 177, -12, 0, 0, 0
L 427, 177, -12, 438, 168, -12, 0, 0, 0
L 438, 168, -12, 446, 167, -12, 0, 0, 0
L 446, 167, -12, 448, 168, -12, 0, 0, 0
L 448, 168, -12, 449, 166, -12, 0, 0, 0
L 449, 166, -12, 448, 154, -12, 0, 0, 0
L 448, 154, -12, 447, 150, -12, 0, 0, 0
L 447, 150, -12, 446, 149, -12, 0, 0, 0
L 446, 149, -12, 442, 144, -12, 0, 0, 0
L 442, 144, -12, 441, 130, -12, 0, 0, 0
L 441, 130, -12, 440, 129, -12, 0, 0, 0
L 440, 129, -12, 434, 129, -12, 0, 0, 0
L 434, 129, -12, 432, 130, -11, 0, 0, 0
L 432, 130, -11, 431, 131, -10, 0, 0, 0
L 431, 131, -10, 425, 135, -6, 0, 0, 0
L 425, 135, -6, 424, 136, -7, 0, 0, 0
L 424, 136, -7, 422, 137, -7, 0, 0, 0
L 422, 137, -7, 421, 137, -8, 0, 0, 0
L 421, 137, -8, 394, 137, -12, 0, 0, 0
L 394, 137, -12, 394, 135, -12, 0, 0, 0
L 394, 135, -12, 394, 110, -9, 0, 0, 0
L 394, 110, -9, 395, 109, -10, 0, 0, 0
L 395, 109, -10, 404, 100, -12, 0, 0, 0
L 404, 100, -12, 405, 99, -12, 0, 0, 0
L 405, 99, -12, 406, 97, -12, 0, 0, 0
L 406, 97, -12, 417, 86, -12, 0, 0, 0
L 417, 86, -12, 418, 84, -12, 0, 0, 0
L 418, 84, -12, 418, 53, -9, 0, 0, 0
L 418, 53, -9, 419, 52, -9, 0, 0, 0
L 419, 52, -9, 444, 31, -12, 0, 0, 0
L 444, 31, -12, 450, 31, -12, 0, 0, 0
L 450, 31, -12, 452, 32, -12, 0, 0, 0
L 452, 32, -12, 459, 33, -10, 0, 0, 0
L 459, 33, -10, 461, 34, -10, 0, 0, 0
L 461, 34, -10, 483, 53, -12, 0, 0, 0
L 483, 53, -12, 483, 55, -12, 0, 0, 0
L 483, 55, -12, 484, 86, -8, 0, 0, 0
L 484, 86, -8, 491, 94, -12, 0, 0, 0
L 491, 94, -12, 496, 98, -12, 0, 0, 0
L 496, 98, -12, 496, 100, -12, 0, 0, 0
L 496, 100, -12, 499, 102, -12, 0, 0, 0
L 499, 102, -12, 500, 103, -12, 0, 0, 0
L 500, 103, -12, 507, 111, -8, 0, 0, 0
L 507, 111, -8, 507, 112, -8, 0, 0, 0
L 507, 112, -8, 507, 116, -11, 0, 0, 0
L 507, 116, -11, 506, 118, -11, 0, 0, 0
L 506, 118, -11, 506, 119, -12, 0, 0, 0
L 506, 119, -12, 507, 122, -12, 0, 0, 0
L 507, 122, -12, 516, 122, -12, 0, 0, 0
L 516, 122, -12, 518, 121, -12, 0, 0, 0
L 518, 121, -12, 519, 119, -12, 0, 0, 0
L 519, 119, -12, 519, 118, -12, 0, 0, 0
L 519, 118, -12, 518, 115, -12, 0, 0, 0
L 518, 115, -12, 518, 59, -11, 0, 0, 0
L 518, 59, -11, 520, 60, -12, 0, 0, 0
L 520, 60, -12, 523, 60, -12, 0, 0, 0
L 523, 60, -12, 525, 56, -12, 0, 0, 0
L 525, 56, -12, 524, 45, -12, 0, 0, 0
L 524, 45, -12, 522, 43, -12, 0, 0, 0
L 522, 43, -12, 518, 41, -11, 0, 0, 0
L 518, 41, -11, 518, 39, -10, 0, 0, 0
L 518, 39, -10, 518, 38, -9, 0, 0, 0
L 518, 38, -9, 518, 25, -12, 0, 0, 0
L 518, 25, -12, 520, 13, -12, 0, 0, 0
L 520, 13, -12, 518, -4, -12, 0, 0, 0
L 518, -4, -12, 518, -60, -12, 0, 0, 0
L 518, -60, -12, 518, -67, -11, 0, 0, 0
L 518, -67, -11, 518, -81, -11, 0, 0, 0
L 518, -81, -11, 520, -80, -12, 0, 0, 0
L 520, -80, -12, 522, -80, -12, 0, 0, 0
L 522, -80, -12, 522, -76, -12, 0, 0, 0
L 522, -76, -12, 520, -70, -12, 0, 0, 0
L 520, -70, -12, 522, -75, -12, 0, 0, 0
L 522, -75, -12, 524, -76, -12, 0, 0, 0
L 524, -76, -12, 525, -77, -12, 0, 0, 0
L 525, -77, -12, 526, -80, -12, 0, 0, 0
L 526, -80, -12, 527, -82, -12, 0, 0, 0
L 527, -82, -12, 527, -84, -12, 0, 0, 0
L 527, -84, -12, 526, -85, -12, 0, 0, 0
L 526, -85, -12, 526, -87, -12, 0, 0, 0
L 526, -87, -12, 525, -89, -12, 0, 0, 0
L 525, -89, -12, 524, -90, -12, 0, 0, 0
L 524, -90, -12, 523, -92, -11, 0, 0, 0
L 523, -92, -11, 517, -94, -11, 0, 0, 0
L 517, -94, -11, 514, -94, -11, 0, 0, 0
L 514, -94, -11, 505, -96, -6, 0, 0, 0
L 505, -96, -6, 503, -97, -5, 0, 0, 0
L 503, -97, -5, 504, -99, -5, 0, 0, 0
L 504, -99, -5, 505, -103, -6, 0, 0, 0
L 505, -103, -6, 505, -105, -6, 0, 0, 0
L 505, -105, -6, 507, -118, -11, 0, 0, 0
L 507, -118, -11, 508, -120, -11, 0, 0, 0
L 508, -120, -11, 509, -126, -11, 0, 0, 0
L 509, -126, -11, 510, -132, -10, 0, 0, 0
L 510, -132, -10, 510, -133, -10, 0, 0, 0
L 510, -133, -10, 509, -155, -3, 0, 0, 0
L 509, -155, -3, 508, -158, -3, 0, 0, 0
L 508, -158, -3, 507, -160, -4, 0, 0, 0
L 507, -160, -4, 502, -166, -11, 0, 0, 0
L 502, -166, -11, 501, -167, -11, 0, 0, 0
L 501, -167, -11, 487, -170, -9, 0, 0, 0
L 487, -170, -9, 485, -171, -10, 0, 0, 0
L 485, -171, -10, 481, -173, -10, 0, 0, 0
L 481, -173, -10, 473, -178, -9, 0, 0, 0
L 473, -178, -9, 466, -184, -6, 0, 0, 0
L 466, -184, -6, 464, -185, -6, 0, 0, 0
L 464, -185, -6, 464, -186, -6, 0, 0, 0
L 464, -186, -6, 458, -192, -6, 0, 0, 0
L 458, -192, -6, 457, -195, -6, 0, 0, 0
L 457, -195, -6, 457, -197, -6, 0, 0, 0
L 457, -197, -6, 456, -199, -6, 0, 0, 0
L 456, -199, -6, 458, -198, -7, 0, 0, 0
L 458, -198, -7, 457, -200, -7, 0, 0, 0
L 457, -200, -7, 452, -207, -7, 0, 0, 0
L 452, -207, -7, 451, -209, -7, 0, 0, 0
L 451, -209, -7, 449, -210, -7, 0, 0, 0
L 449, -210, -7, 448, -211, -7, 0, 0, 0
L 448, -211, -7, 440, -217, -5, 0, 0, 0
L 440, -217, -5, 437, -219, -4, 0, 0, 0
L 437, -219, -4, 436, -221, -4, 0, 0, 0
L 436, -221, -4, 435, -237, -4, 0, 0, 0
L 435, -237, -4, 434, -239, -4, 0, 0, 0
L 434, -239, -4, 433, -239, -3, 0, 0, 0
L 433, -239, -3, 431, -240, 0, 0, 0, 0
L 431, -240, 0, 428, -243, 0, 0, 0, 0
L 428, -243, 0, 426, -244, 0, 0, 0, 0
L 426, -244, 0, 424, -243, 0, 0, 0, 0
L 424, -243, 0, 423, -242, 0, 0, 0, 0
L 423, -242, 0, 421, -241, 0, 0, 0, 0
L 421, -241, 0, 422, -243, 0, 0, 0, 0
L 422, -243, 0, 420, -242, 0, 0, 0, 0
L 420, -242, 0, 419, -241, 0, 0, 0, 0
L 419, -241, 0, 417, -239, -1, 0, 0, 0
L 417, -239, -1, 415, -237, 2, 0, 0, 0
L 415, -237, 2, 413, -236, 1, 0, 0, 0
L 413, -236, 1, 412, -234, -2, 0, 0, 0
L 412, -234, -2, 411, -232, -2, 0, 0, 0
L 411, -232, -2, 411, -228, -2, 0, 0, 0
L 411, -228, -2, 409, -227, -2, 0, 0, 0
L 409, -227, -2, 407, -227, -2, 0, 0, 0
L 407, -227, -2, 382, -227, 3, 0, 0, 0
L 382, -227, 3, 382, -229, -2, 0, 0, 0
L 382, -229, -2, 381, -287, -2, 0, 0, 0
L 381, -287, -2, 380, -288, -2, 0, 0, 0
L 380, -288, -2, 379, -290, -2, 0, 0, 0
L 379, -290, -2, 379, -291, -2, 0, 0, 0
L 379, -291, -2, 380, -295, -2, 0, 0, 0
L 380, -295, -2, 380, -302, -2, 0, 0, 0
L 380, -302, -2, 381, -303, -2, 0, 0, 0
L 381, -303, -2, 387, -311, -2, 0, 0, 0
L 387, -311, -2, 389, -312, -2, 0, 0, 0
L 389, -312, -2, 390, -313, -2, 0, 0, 0
L 390, -313, -2, 391, -315, -2, 0, 0, 0
L 391, -315, -2, 391, -316, -2, 0, 0, 0
L 391, -316, -2, 392, -326, -2, 0, 0, 0
L 392, -326, -2, 392, -354, -2, 0, 0, 0
L 392, -354, -2, 388, -356, -2, 0, 0, 0
L 388, -356, -2, 386, -356, -2, 0, 0, 0
L 386, -356, -2, 386, -373, -2, 0, 0, 0
L 386, -373, -2, 415, -373, -2, 0, 0, 0
L 415, -373, -2, 415, -362, -2, 0, 0, 0
L 415, -362, -2, 416, -361, -2, 0, 0, 0
L 416, -361, -2, 418, -360, -2, 0, 0, 0
L 418, -360, -2, 420, -360, 0, 0, 0, 0
L 420, -360, 0, 419, -359, 0, 0, 0, 0
L 419, -359, 0, 417, -359, -2, 0, 0, 0
L 417, -359, -2, 426, -356, -2, 0, 0, 0
L 426, -356, -2, 428, -357, 0, 0, 0, 0
L 428, -357, 0, 429, -358, 0, 0, 0, 0
L 429, -358, 0, 431, -359, 0, 0, 0, 0
L 431, -359, 0, 432, -360, 0, 0, 0, 0
L 432, -360, 0, 433, -361, -3, 0, 0, 0
L 433, -361, -3, 435, -362, -4, 0, 0, 0
L 435, -362, -4, 436, -363, -4, 0, 0, 0
L 436, -363, -4, 436, -371, -4, 0, 0, 0
L 436, -371, -4, 437, -392, -4, 0, 0, 0
L 437, -392, -4, 438, -392, -4, 0, 0, 0
L 438, -392, -4, 448, -391, -7, 0, 0, 0
L 448, -391, -7, 458, -390, -9, 0, 0, 0
L 458, -390, -9, 462, -391, -8, 0, 0, 0
L 462, -391, -8, 473, -394, -8, 0, 0, 0
L 473, -394, -8, 478, -396, -7, 0, 0, 0
L 478, -396, -7, 483, -396, -7, 0, 0, 0
L 483, -396, -7, 490, -398, -7, 0, 0, 0
L 490, -398, -7, 503, -398, -7, 0, 0, 0
L 503, -398, -7, 505, -399, -7, 0, 0, 0
L 505, -399, -7, 506, -400, -7, 0, 0, 0
L 506, -400, -7, 505, -414, -7, 0, 0, 0
L 505, -414, -7, 504, -415, -7, 0, 0, 0
L 504, -415, -7, 485, -415, -7, 0, 0, 0
L 485, -415, -7, 484, -416, -8, 0, 0, 0
L 484, -416, -8, 482, -417, -8, 0, 0, 0
L 482, -417, -8, 465, -417, -8, 0, 0, 0
L 465, -417, -8, 464, -418, -6, 0, 0, 0
L 464, -418, -6, 471, -425, -6, 0, 0, 0
L 471, -425, -6, 473, -426, -6, 0, 0, 0
L 473, -426, -6, 479, -430, -8, 0, 0, 0
L 479, -430, -8, 483, -432, -8, 0, 0, 0
L 483, -432, -8, 494, -436, -9, 0, 0, 0
L 494, -436, -9, 503, -438, -9, 0, 0, 0
L 503, -438, -9, 505, -439, -9, 0, 0, 0
L 505, -439, -9, 506, -439, -9, 0, 0, 0
L 506, -439, -9, 508, -438, -9, 0, 0, 0
L 508, -438, -9, 510, -438, -9, 0, 0, 0
L 510, -438, -9, 514, -436, -9, 0, 0, 0
L 514, -436, -9, 519, -433, -8, 0, 0, 0
L 519, -433, -8, 520, -432, -4, 0, 0, 0
L 520, -432, -4, 521, -431, -1, 0, 0, 0
L 521, -431, -1, 522, -430, 0, 0, 0, 0
L 522, -430, 0, 524, -429, 1, 0, 0, 0
L 524, -429, 1, 525, -427, 1, 0, 0, 0
L 525, -427, 1, 525, -426, 1, 0, 0, 0
L 525, -426, 1, 528, -419, -2, 0, 0, 0
L 528, -419, -2, 529, -418, -2, 0, 0, 0
L 529, -418, -2, 536, -412, -5, 0, 0, 0
L 536, -412, -5, 553, -397, -7, 0, 0, 0
L 553, -397, -7, 556, -394, -6, 0, 0, 0
L 556, -394, -6, 557, -393, -6, 0, 0, 0
L 557, -393, -6, 559, -392, -8, 0, 0, 0
L 559, -392, -8, 576, -386, -11, 0, 0, 0
L 576, -386, -11, 585, -383, -11, 0, 0, 0
L 585, -383, -11, 595, -380, -10, 0, 0, 0
L 595, -380, -10, 596, -379, -10, 0, 0, 0
L 596, -379, -10, 598, -378, -10, 0, 0, 0
L 598, -378, -10, 600, -376, -10, 0, 0, 0
L 600, -376, -10, 601, -374, -10, 0, 0, 0
L 601, -374, -10, 604, -367, -10, 0, 0, 0
L 604, -367, -10, 604, -365, -10, 0, 0, 0
L 604, -365, -10, 604, -362, -9, 0, 0, 0
L 604, -362, -9, 606, -361, -9, 0, 0, 0
L 606, -361, -9, 607, -360, -9, 0, 0, 0
L 607, -360, -9, 609, -360, -8, 0, 0, 0
L 609, -360, -8, 610, -358, -7, 0, 0, 0
L 610, -358, -7, 610, -357, -8, 0, 0, 0
L 610, -357, -8, 610, -352, -9, 0, 0, 0
L 610, -352, -9, 611, -350, -9, 0, 0, 0
L 611, -350, -9, 611, -346, -10, 0, 0, 0
L 611, -346, -10, 611, -341, -10, 0, 0, 0
L 611, -341, -10, 607, -334, -9, 0, 0, 0
L 607, -334, -9, 605, -330, -9, 0, 0, 0
L 605, -330, -9, 605, -327, -9, 0, 0, 0
L 605, -327, -9, 605, -323, -10, 0, 0, 0
L 605, -323, -10, 614, -310, -11, 0, 0, 0
L 614, -310, -11, 615, -308, -11, 0, 0, 0
L 615, -308, -11, 616, -306, -10, 0, 0, 0
L 616, -306, -10, 617, -305, -10, 0, 0, 0
L 617, -305, -10, 617, -304, -10, 0, 0, 0
L 617, -304, -10, 617, -301, -9, 0, 0, 0
L 617, -301, -9, 617, -299, -10, 0, 0, 0
L 617, -299, -10, 618, -296, -9, 0, 0, 0
L 618, -296, -9, 618, -291, -9, 0, 0, 0
L 618, -291, -9, 613, -287, -9, 0, 0, 0
L 613, -287, -9, 613, -285, -9, 0, 0, 0
L 613, -285, -9, 612, -284, -8, 0, 0, 0
L 612, -284, -8, 610, -283, -8, 0, 0, 0
L 610, -283, -8, 609, -282, -7, 0, 0, 0
L 609, -282, -7, 608, -280, -8, 0, 0, 0
L 608, -280, -8, 608, -279, -8, 0, 0, 0
L 608, -279, -8, 608, -277, -9, 0, 0, 0
L 608, -277, -9, 608, -270, -9, 0, 0, 0
L 608, -270, -9, 609, -266, -9, 0, 0, 0
L 609, -266, -9, 611, -257, -10, 0, 0, 0
L 611, -257, -10, 612, -255, -10, 0, 0, 0
L 612, -255, -10, 611, -254, -11, 0, 0, 0
L 611, -254, -11, 607, -244, -11, 0, 0, 0
L 607, -244, -11, 606, -241, -11, 0, 0, 0
L 606, -241, -11, 604, -237, -11, 0, 0, 0
L 604, -237, -11, 603, -233, -10, 0, 0, 0
L 603, -233, -10, 602, -226, -10, 0, 0, 0
L 602, -226, -10, 601, -225, -9, 0, 0, 0
L 601, -225, -9, 601, -223, -8, 0, 0, 0
L 601, -223, -8, 600, -221, -6, 0, 0, 0
L 600, -221, -6, 600, -220, -6, 0, 0, 0
L 600, -220, -6, 599, -218, -5, 0, 0, 0
L 599, -218, -5, 598, -217, -5, 0, 0, 0
L 598, -217, -5, 588, -208, 2, 0, 0, 0
L 588, -208, 2, 582, -202, 0, 0, 0, 0
L 582, -202, 0, 581, -201, -1, 0, 0, 0
L 581, -201, -1, 567, -186, -9, 0, 0, 0
L 567, -186, -9, 549, -165, -11, 0, 0, 0
L 549, -165, -11, 547, -162, -11, 0, 0, 0
L 547, -162, -11, 546, -161, -11, 0, 0, 0
L 546, -161, -11, 545, -159, -10, 0, 0, 0
L 545, -159, -10, 545, -157, -8, 0, 0, 0
L 545, -157, -8, 545, -156, -8, 0, 0, 0
L 545, -156, -8, 544, -154, -8, 0, 0, 0
L 544, -154, -8, 543, -150, -9, 0, 0, 0
L 543, -150, -9, 543, -145, -9, 0, 0, 0
L 543, -145, -9, 542, -144, -8, 0, 0, 0
L 542, -144, -8, 542, -141, -8, 0, 0, 0
L 542, -141, -8, 542, -139, -7, 0, 0, 0
L 542, -139, -7, 541, -137, -6, 0, 0, 0
L 541, -137, -6, 540, -135, -6, 0, 0, 0
L 540, -135, -6, 540, -134, -6, 0, 0, 0
L 540, -134, -6, 540, -131, -7, 0, 0, 0
L 540, -131, -7, 539, -126, -8, 0, 0, 0
L 539, -126, -8, 539, -125, -9, 0, 0, 0
L 539, -125, -9, 538, -122, -10, 0, 0, 0
L 538, -122, -10, 538, -120, -10, 0, 0, 0
L 538, -120, -10, 537, -115, -10, 0, 0, 0
L 537, -115, -10, 537, -100, -10, 0, 0, 0
L 537, -100, -10, 536, -91, -12, 0, 0, 0
L 536, -91, -12, 534, -91, -12, 0, 0, 0
L 534, -91, -12, 533, -92, -11, 0, 0, 0
L 533, -92, -11, 529, -92, -11, 0, 0, 0
L 529, -92, -11, 529, -90, -12, 0, 0, 0
L 529, -90, -12, 528, -88, -12, 0, 0, 0
L 528, -88, -12, 529, -77, -12, 0, 0, 0
L 529, -77, -12, 530, -75, -12, 0, 0, 0
L 530, -75, -12, 535, -75, -12, 0, 0, 0
L 535, -75, -12, 536, -26, -12, 0, 0, 0
L 536, -26, -12, 537, -25, -12, 0, 0, 0
L 537, -25, -12, 583, -25, -12, 0, 0, 0
L 583, -25, -12, 583, -23, -12, 0, 0, 0
L 583, -23, -12, 582, -22, -12, 0, 0, 0
L 582, -22, -12, 583, -19, -12, 0, 0, 0
L 583, -19, -12, 584, -17, -12, 0, 0, 0
L 584, -17, -12, 589, -18, -12, 0, 0, 0
L 589, -18, -12, 597, -18, -12, 0, 0, 0
L 597, -18, -12, 609, -25, -12, 0, 0, 0
L 609, -25, -12, 719, -25, -12, 0, 0, 0
L 719, -25, -12, 721, -26, -12, 0, 0, 0
L 721, -26, -12, 722, -27, -12, 0, 0, 0
L 722, -27, -12, 722, -153, -11, 0, 0, 0
L 722, -153, -11, 724, -153, -12, 0, 0, 0
L 724, -153, -12, 739, -153, -12, 0, 0, 0
L 739, -153, -12, 739, -84, -12, 0, 0, 0
L 739, -84, -12, 738, -82, -12, 0, 0, 0
L 738, -82, -12, 738, -80, -12, 0, 0, 0
L 738, -80, -12, 740, -78, -12, 0, 0, 0
L 740, -78, -12, 754, -78, -12, 0, 0, 0
L 754, -78, -12, 764, -85, -12, 0, 0, 0
L 764, -85, -12, 776, -85, -18, 0, 0, 0
L 776, -85, -18, 804, -85, -28, 0, 0, 0
L 804, -85, -28, 805, -83, -28, 0, 0, 0
L 805, -83, -28, 804, -78, -28, 0, 0, 0
L 804, -78, -28, 806, -77, -28, 0, 0, 0
L 806, -77, -28, 808, -78, -28, 0, 0, 0
L 808, -78, -28, 814, -78, -28, 0, 0, 0
L 814, -78, -28, 816, -79, -28, 0, 0, 0
L 816, -79, -28, 817, -80, -28, 0, 0, 0
L 817, -80, -28, 818, -82, -28, 0, 0, 0
L 818, -82, -28, 818, -83, -28, 0, 0, 0
L 818, -83, -28, 818, -91, -26, 0, 0, 0
L 818, -91, -26, 817, -93, -26, 0, 0, 0
L 817, -93, -26, 817, -95, -26, 0, 0, 0
L 817, -95, -26, 816, -99, -28, 0, 0, 0
L 816, -99, -28, 816, -127, -28, 0, 0, 0
L 816, -127, -28, 818, -127, -28, 0, 0, 0
L 818, -127, -28, 823, -129, -28, 0, 0, 0
L 823, -129, -28, 830, -129, -28, 0, 0, 0
L 830, -129, -28, 834, -130, -28, 0, 0, 0
L 834, -130, -28, 844, -132, -25, 0, 0, 0
L 844, -132, -25, 850, -134, -28, 0, 0, 0
L 850, -134, -28, 855, -136, -28, 0, 0, 0
L 855, -136, -28, 857, -136, -28, 0, 0, 0
L 857, -136, -28, 865, -133, -28, 0, 0, 0
L 865, -133, -28, 875, -133, -28, 0, 0, 0
L 875, -133, -28, 887, -139, -28, 0, 0, 0
L 887, -139, -28, 892, -141, -28, 0, 0, 0
L 892, -141, -28, 894, -141, -28, 0, 0, 0
L 894, -141, -28, 898, -140, -26, 0, 0, 0
L 898, -140, -26, 900, -140, -26, 0, 0, 0
L 900, -140, -26, 901, -139, -26, 0, 0, 0
L 901, -139, -26, 903, -138, -26, 0, 0, 0
L 903, -138, -26, 905, -136, -28, 0, 0, 0
L 905, -136, -28, 912, -129, -28, 0, 0, 0
L 912, -129, -28, 918, -122, -26, 0, 0, 0
L 918, -122, -26, 920, -119, -28, 0, 0, 0
L 920, -119, -28, 921, -118, -28, 0, 0, 0
L 921, -118, -28, 924, -100, -28, 0, 0, 0
L 924, -100, -28, 924, -96, -28, 0, 0, 0
L 924, -96, -28, 925, -94, -28, 0, 0, 0
L 925, -94, -28, 926, -92, -26, 0, 0, 0
L 926, -92, -26, 926, -91, -26, 0, 0, 0
L 926, -91, -26, 927, -89, -26, 0, 0, 0
L 927, -89, -26, 927, -86, -26, 0, 0, 0
L 927, -86, -26, 928, -85, -28, 0, 0, 0
L 928, -85, -28, 940, -85, -28, 0, 0, 0
L 940, -85, -28, 944, -85, -27, 0, 0, 0
L 944, -85, -27, 956, -87, -24, 0, 0, 0
L 956, -87, -24, 958, -88, -24, 0, 0, 0
L 958, -88, -24, 968, -88, -20, 0, 0, 0
L 968, -88, -20, 972, -86, -19, 0, 0, 0
L 972, -86, -19, 975, -86, -19, 0, 0, 0
L 975, -86, -19, 980, -86, -20, 0, 0, 0
L 980, -86, -20, 981, -86, -21, 0, 0, 0
L 981, -86, -21, 991, -88, -25, 0, 0, 0
L 991, -88, -25, 1011, -92, -25, 0, 0, 0
L 1011, -92, -25, 1020, -94, -24, 0, 0, 0
L 1020, -94, -24, 1040, -97, -23, 0, 0, 0
L 1040, -97, -23, 1058, -98, -23, 0, 0, 0
L 1058, -98, -23, 1070, -98, -26, 0, 0, 0
L 1070, -98, -26, 1099, -98, -27, 0, 0, 0
L 1099, -98, -27, 1112, -96, -25, 0, 0, 0
L 1112, -96, -25, 1121, -94, -26, 0, 0, 0
L 1121, -94, -26, 1123, -94, -26, 0, 0, 0
L 1123, -94, -26, 1142, -95, -24, 0, 0, 0
L 1142, -95, -24, 1152, -94, -19, 0, 0, 0
L 1152, -94, -19, 1164, -92, -22, 0, 0, 0
L 1164, -92, -22, 1167, -92, -23, 0, 0, 0
L 1167, -92, -23, 1168, -92, -23, 0, 0, 0
L 1168, -92, -23, 1169, -91, -23, 0, 0, 0
L 1169, -91, -23, 1171, -90, -23, 0, 0, 0
L 1171, -90, -23, 1179, -85, -22, 0, 0, 0
L 1179, -85, -22, 1181, -84, -22, 0, 0, 0
L 1181, -84, -22, 1183, -82, -22, 0, 0, 0
L 1183, -82, -22, 1183, -80, -22, 0, 0, 0
L 1183, -80, -22, 1184, -79, -23, 0, 0, 0
L 1184, -79, -23, 1185, -78, -23, 0, 0, 0
L 1185, -78, -23, 1185, -75, -25, 0, 0, 0
L 1185, -75, -25, 1187, -70, -25, 0, 0, 0
L 1187, -70, -25, 1188, -68, -26, 0, 0, 0
L 1188, -68, -26, 1188, -63, -26, 0, 0, 0
L 1188, -63, -26, 1190, -50, -28, 0, 0, 0
L 1190, -50, -28, 1189, -45, -28, 0, 0, 0
L 1189, -45, -28, 1189, -43, -27, 0, 0, 0
L 1189, -43, -27, 1188, -41, -27, 0, 0, 0
L 1188, -41, -27, 1187, -40, -23, 0, 0, 0
L 1187, -40, -23, 1187, -39, -22, 0, 0, 0
L 1187, -39, -22, 1185, -34, -21, 0, 0, 0
L 1185, -34, -21, 1184, -31, -20, 0, 0, 0
L 1184, -31, -20, 1185, -17, -21, 0, 0, 0
L 1185, -17, -21, 1185, -15, -21, 0, 0, 0
L 1185, -15, -21, 1185, -9, -24, 0, 0, 0
L 1185, -9, -24, 1185, -8, -22, 0, 0, 0
L 1185, -8, -22, 1186, -2, -23, 0, 0, 0
L 1186, -2, -23, 1186, 0, -24, 0, 0, 0
L 1186, 0, -24, 1186, 7, -24, 0, 0, 0
L 1186, 7, -24, 1187, 8, -23, 0, 0, 0
L 1187, 8, -23, 1187, 21, -23, 0, 0, 0
L 1187, 21, -23, 1188, 34, -24, 0, 0, 0
L 1188, 34, -24, 1189, 42, -27, 0, 0, 0
L 1189, 42, -27, 1189, 50, -28, 0, 0, 0
L 1189, 50, -28, 1189, 52, -28, 0, 0, 0
L 1189, 52, -28, 1190, 55, -27, 0, 0, 0
L 1190, 55, -27, 1190, 56, -27, 0, 0, 0
L 1190, 56, -27, 1190, 58, -28, 0, 0, 0
L 1190, 58, -28, 1191, 61, -27, 0, 0, 0
L 1191, 61, -27, 1192, 65, -27, 0, 0, 0
L 1192, 65, -27, 1194, 79, -26, 0, 0, 0
L 1194, 79, -26, 1195, 83, -27, 0, 0, 0
L 1195, 83, -27, 1195, 92, -27, 0, 0, 0
L 1195, 92, -27, 1194, 94, -26, 0, 0, 0
L 1194, 94, -26, 1193, 99, -25, 0, 0, 0
L 1193, 99, -25, 1191, 101, -25, 0, 0, 0
L 1191, 101, -25, 1189, 106, -26, 0, 0, 0
L 1189, 106, -26, 1188, 108, -27, 0, 0, 0
L 1188, 108, -27, 1188, 110, -27, 0, 0, 0
L 1188, 110, -27, 1189, 111, -28, 0, 0, 0
L 1189, 111, -28, 1194, 119, -22, 0, 0, 0
L 1194, 119, -22, 1194, 121, -22, 0, 0, 0
L 1194, 121, -22, 1194, 126, -23, 0, 0, 0
L 1194, 126, -23, 1193, 130, -25, 0, 0, 0
L 1193, 130, -25, 1193, 132, -27, 0, 0, 0
L 1193, 132, -27, 1194, 133, -27, 0, 0, 0
L 1194, 133, -27, 1207, 135, -27, 0, 0, 0
L 1207, 135, -27, 1209, 136, -27, 0, 0, 0
L 1209, 136, -27, 1210, 136, -26, 0, 0, 0
L 1210, 136, -26, 1212, 137, -26, 0, 0, 0
L 1212, 137, -26, 1214, 138, -25, 0, 0, 0
L 1214, 138, -25, 1215, 139, -26, 0, 0, 0
L 1215, 139, -26, 1217, 141, -26, 0, 0, 0
L 1217, 141, -26, 1224, 147, -25, 0, 0, 0
L 1224, 147, -25, 1238, 161, -25, 0, 0, 0
L 1238, 161, -25, 1244, 166, -23, 0, 0, 0
L 1244, 166, -23, 1245, 168, -23, 0, 0, 0
L 1245, 168, -23, 1249, 173, -22, 0, 0, 0
L 1249, 173, -22, 1251, 175, -22, 0, 0, 0
L 1251, 175, -22, 1252, 177, -23, 0, 0, 0
L 1252, 177, -23, 1253, 177, -23, 0, 0, 0
L 1253, 177, -23, 1260, 181, -26, 0, 0, 0
L 1260, 181, -26, 1262, 181, -26, 0, 0, 0
L 1262, 181, -26, 1274, 179, -23, 0, 0, 0
L 1274, 179, -23, 1278, 178, -22, 0, 0, 0
L 1278, 178, -22, 1279, 178, -22, 0, 0, 0
L 1279, 178, -22, 1281, 178, -23, 0, 0, 0
L 1281, 178, -23, 1293, 180, -26, 0, 0, 0
L 1293, 180, -26, 1322, 186, -26, 0, 0, 0
L 1322, 186, -26, 1329, 188, -27, 0, 0, 0
L 1329, 188, -27, 1331, 188, -27, 0, 0, 0
L 1331, 188, -27, 1332, 189, -27, 0, 0, 0
L 1332, 189, -27, 1334, 190, -26, 0, 0, 0
L 1334, 190, -26, 1335, 192, -24, 0, 0, 0
L 1335, 192, -24, 1335, 193, -25, 0, 0, 0
L 1335, 193, -25, 1335, 197, -26, 0, 0, 0
L 1335, 197, -26, 1334, 199, -26, 0, 0, 0
L 1334, 199, -26, 1334, 203, -28, 0, 0, 0
L 1334, 203, -28, 1334, 205, -28, 0, 0, 0
L 1334, 205, -28, 1333, 209, -28, 0, 0, 0
L 1333, 209, -28, 1333, 211, -28, 0, 0, 0
L 1333, 211, -28, 1333, 215, -27, 0, 0, 0
L 1333, 215, -27, 1332, 222, -25, 0, 0, 0
L 1332, 222, -25, 1332, 231, -25, 0, 0, 0
L 1332, 231, -25, 1333, 233, -25, 0, 0, 0
L 1333, 233, -25, 1333, 237, -26, 0, 0, 0
L 1333, 237, -26, 1333, 238, -26, 0, 0, 0
L 1333, 238, -26, 1333, 248, -25, 0, 0, 0
L 1333, 248, -25, 1332, 252, -25, 0, 0, 0
L 1332, 252, -25, 1332, 254, -25, 0, 0, 0
L 1332, 254, -25, 1331, 260, -25, 0, 0, 0
L 1331, 260, -25, 1331, 262, -25, 0, 0, 0
L 1331, 262, -25, 1332, 274, -24, 0, 0, 0
L 1332, 274, -24, 1332, 276, -25, 0, 0, 0
L 1332, 276, -25, 1336, 286, -26, 0, 0, 0
L 1336, 286, -26, 1338, 291, -27, 0, 0, 0
L 1338, 291, -27, 1338, 298, -27, 0, 0, 0
L 1338, 298, -27, 1334, 311, -26, 0, 0, 0
L 1334, 311, -26, 1333, 315, -26, 0, 0, 0
L 1333, 315, -26, 1332, 324, -25, 0, 0, 0
L 1332, 324, -25, 1332, 326, -25, 0, 0, 0
L 1332, 326, -25, 1332, 332, -22, 0, 0, 0
L 1332, 332, -22, 1332, 333, -22, 0, 0, 0
L 1332, 333, -22, 1333, 337, -23, 0, 0, 0
L 1333, 337, -23, 1333, 339, -23, 0, 0, 0
L 1333, 339, -23, 1333, 347, -25, 0, 0, 0
L 1333, 347, -25, 1331, 348, -25, 0, 0, 0
L 1331, 348, -25, 1312, 353, -25, 0, 0, 0
L 1312, 353, -25, 1311, 353, -25, 0, 0, 0
L 1311, 353, -25, 1302, 354, -26, 0, 0, 0
L 1302, 354, -26, 1272, 357, -25, 0, 0, 0
L 1272, 357, -25, 1261, 359, -25, 0, 0, 0
L 1261, 359, -25, 1259, 359, -24, 0, 0, 0
L 1259, 359, -24, 1258, 359, -24, 0, 0, 0
L 1258, 359, -24, 1257, 360, -24, 0, 0, 0
L 1257, 360, -24, 1255, 360, -23, 0, 0, 0
L 1255, 360, -23, 1246, 364, -26, 0, 0, 0
L 1246, 364, -26, 1246, 366, -26, 0, 0, 0
L 1246, 366, -26, 1228, 390, -27, 0, 0, 0
L 1228, 390, -27, 1227, 391, -27, 0, 0, 0
L 1227, 391, -27, 1226, 393, -27, 0, 0, 0
L 1226, 393, -27, 1224, 394, -27, 0, 0, 0
L 1224, 394, -27, 1220, 399, -27, 0, 0, 0
L 1220, 399, -27, 1218, 400, -26, 0, 0, 0
L 1218, 400, -26, 1217, 401, -25, 0, 0, 0
L 1217, 401, -25, 1215, 401, -24, 0, 0, 0
L 1215, 401, -24, 1213, 402, -24, 0, 0, 0
L 1213, 402, -24, 1211, 402, -24, 0, 0, 0
L 1211, 402, -24, 1203, 403, -27, 0, 0, 0
L 1203, 403, -27, 1199, 403, -27, 0, 0, 0
L 1199, 403, -27, 1189, 402, -27, 0, 0, 0
L 1189, 402, -27, 1187, 402, -26, 0, 0, 0
L 1187, 402, -26, 1185, 401, -25, 0, 0, 0
L 1185, 401, -25, 1184, 400, -25, 0, 0, 0
L 1184, 400, -25, 1183, 400, -25, 0, 0, 0
L 1183, 400, -25, 1182, 399, -25, 0, 0, 0
L 1182, 399, -25, 1180, 398, -26, 0, 0, 0
L 1180, 398, -26, 1179, 396, -27, 0, 0, 0
L 1179, 396, -27, 1172, 388, -28, 0, 0, 0
L 1172, 388, -28, 1166, 381, -28, 0, 0, 0
L 1166, 381, -28, 1165, 380, -28, 0, 0, 0
L 1165, 380, -28, 1158, 374, -27, 0, 0, 0
L 1158, 374, -27, 1149, 365, -22, 0, 0, 0
L 1149, 365, -22, 1145, 361, -22, 0, 0, 0
L 1145, 361, -22, 1144, 361, -22, 0, 0, 0
L 1144, 361, -22, 1142, 360, -23, 0, 0, 0
L 1142, 360, -23, 1140, 360, -23, 0, 0, 0
L 1140, 360, -23, 1131, 358, -25, 0, 0, 0
L 1131, 358, -25, 1122, 356, -25, 0, 0, 0
L 1122, 356, -25, 1120, 355, -25, 0, 0, 0
L 1120, 355, -25, 1118, 354, -26, 0, 0, 0
L 1118, 354, -26, 1117, 353, -26, 0, 0, 0
L 1117, 353, -26, 1092, 337, -24, 0, 0, 0
L 1092, 337, -24, 1090, 336, -24, 0, 0, 0
L 1090, 336, -24, 1089, 335, -23, 0, 0, 0
L 1089, 335, -23, 1088, 334, -23, 0, 0, 0
L 1088, 334, -23, 1087, 332, -23, 0, 0, 0
L 1087, 332, -23, 1085, 328, -25, 0, 0, 0
L 1085, 328, -25, 1085, 321, -25, 0, 0, 0
L 1085, 321, -25, 1089, 310, -26, 0, 0, 0
L 1089, 310, -26, 1089, 301, -26, 0, 0, 0
L 1089, 301, -26, 1088, 299, -26, 0, 0, 0
L 1088, 299, -26, 1084, 288, -25, 0, 0, 0
L 1084, 288, -25, 1080, 274, -24, 0, 0, 0
L 1080, 274, -24, 1079, 272, -24, 0, 0, 0
L 1079, 272, -24, 1079, 270, -24, 0, 0, 0
L 1079, 270, -24, 1079, 264, -26, 0, 0, 0
L 1079, 264, -26, 1086, 250, -26, 0, 0, 0
L 1086, 250, -26, 1087, 249, -26, 0, 0, 0
L 1087, 249, -26, 1087, 246, -26, 0, 0, 0
L 1087, 246, -26, 1087, 237, -22, 0, 0, 0
L 1087, 237, -22, 1087, 235, -23, 0, 0, 0
L 1087, 235, -23, 1086, 231, -26, 0, 0, 0
L 1086, 231, -26, 1086, 225, -27, 0, 0, 0
L 1086, 225, -27, 1085, 217, -28, 0, 0, 0
L 1085, 217, -28, 1085, 208, -28, 0, 0, 0
L 1085, 208, -28, 1086, 206, -28, 0, 0, 0
L 1086, 206, -28, 1087, 203, -28, 0, 0, 0
L 1087, 203, -28, 1094, 193, -27, 0, 0, 0
L 1094, 193, -27, 1100, 185, -26, 0, 0, 0
L 1100, 185, -26, 1100, 184, -25, 0, 0, 0
L 1100, 184, -25, 1101, 183, -25, 0, 0, 0
L 1101, 183, -25, 1101, 181, -24, 0, 0, 0
L 1101, 181, -24, 1102, 180, -23, 0, 0, 0
L 1102, 180, -23, 1103, 178, -22, 0, 0, 0
L 1103, 178, -22, 1103, 177, -22, 0, 0, 0
L 1103, 177, -22, 1104, 176, -22, 0, 0, 0
L 1104, 176, -22, 1107, 167, -23, 0, 0, 0
L 1107, 167, -23, 1108, 163, -24, 0, 0, 0
L 1108, 163, -24, 1108, 161, -24, 0, 0, 0
L 1108, 161, -24, 1109, 159, -25, 0, 0, 0
L 1109, 159, -25, 1110, 158, -25, 0, 0, 0
L 1110, 158, -25, 1111, 157, -24, 0, 0, 0
L 1111, 157, -24, 1112, 155, -23, 0, 0, 0
L 1112, 155, -23, 1114, 153, -23, 0, 0, 0
L 1114, 153, -23, 1115, 153, -24, 0, 0, 0
L 1115, 153, -24, 1116, 152, -24, 0, 0, 0
L 1116, 152, -24, 1125, 148, -27, 0, 0, 0
L 1125, 148, -27, 1140, 140, -27, 0, 0, 0
L 1140, 140, -27, 1142, 138, -27, 0, 0, 0
L 1142, 138, -27, 1150, 132, -26, 0, 0, 0
L 1150, 132, -26, 1153, 130, -25, 0, 0, 0
L 1153, 130, -25, 1154, 129, -26, 0, 0, 0
L 1154, 129, -26, 1155, 128, -26, 0, 0, 0
L 1155, 128, -26, 1156, 127, -25, 0, 0, 0
L 1156, 127, -25, 1157, 125, -25, 0, 0, 0
L 1157, 125, -25, 1157, 124, -24, 0, 0, 0
L 1157, 124, -24, 1162, 115, -28, 0, 0, 0
L 1162, 115, -28, 1163, 113, -28, 0, 0, 0
L 1163, 113, -28, 1163, 111, -28, 0, 0, 0
L 1163, 111, -28, 1164, 107, -27, 0, 0, 0
L 1164, 107, -27, 1164, 105, -26, 0, 0, 0
L 1164, 105, -26, 1164, 102, -25, 0, 0, 0
L 1164, 102, -25, 1164, 101, -25, 0, 0, 0
L 1164, 101, -25, 1165, 98, -25, 0, 0, 0
L 1165, 98, -25, 1165, 88, -25, 0, 0, 0
L 1165, 88, -25, 1164, 86, -24, 0, 0, 0
L 1164, 86, -24, 1164, 81, -24, 0, 0, 0
L 1164, 81, -24, 1163, 78, -25, 0, 0, 0
L 1163, 78, -25, 1163, 77, -25, 0, 0, 0
L 1163, 77, -25, 1163, 73, -22, 0, 0, 0
L 1163, 73, -22, 1162, 71, -19, 0, 0, 0
L 1162, 71, -19, 1163, 63, -17, 0, 0, 0
L 1163, 63, -17, 1163, 61, -17, 0, 0, 0
L 1163, 61, -17, 1162, 54, -20, 0, 0, 0
L 1162, 54, -20, 1162, 53, -21, 0, 0, 0
L 1162, 53, -21, 1161, 51, -22, 0, 0, 0
L 1161, 51, -22, 1161, 49, -23, 0, 0, 0
L 1161, 49, -23, 1157, 40, -25, 0, 0, 0
L 1157, 40, -25, 1155, 35, -23, 0, 0, 0
L 1155, 35, -23, 1154, 33, -23, 0, 0, 0
L 1154, 33, -23, 1153, 30, -23, 0, 0, 0
L 1153, 30, -23, 1149, 13, -23, 0, 0, 0
L 1149, 13, -23, 1148, 11, -22, 0, 0, 0
L 1148, 11, -22, 1149, 0, -22, 0, 0, 0
L 1149, 0, -22, 1150, -7, -22, 0, 0, 0
L 1150, -7, -22, 1152, -14, -22, 0, 0, 0
L 1152, -14, -22, 1151, -12, -22, 0, 0, 0
L 1151, -12, -22, 1152, -13, -22, 0, 0, 0
L 1152, -13, -22, 1157, -19, -25, 0, 0, 0
L 1157, -19, -25, 1158, -21, -25, 0, 0, 0
L 1158, -21, -25, 1159, -22, -26, 0, 0, 0
L 1159, -22, -26, 1159, -26, -26, 0, 0, 0
L 1159, -26, -26, 1159, -38, -27, 0, 0, 0
L 1159, -38, -27, 1158, -44, -26, 0, 0, 0
L 1158, -44, -26, 1158, -46, -26, 0, 0, 0
L 1158, -46, -26, 1158, -48, -25, 0, 0, 0
L 1158, -48, -25, 1157, -50, -23, 0, 0, 0
L 1157, -50, -23, 1156, -51, -23, 0, 0, 0
L 1156, -51, -23, 1155, -52, -24, 0, 0, 0
L 1155, -52, -24, 1152, -55, -24, 0, 0, 0
L 1152, -55, -24, 1151, -56, -23, 0, 0, 0
L 1151, -56, -23, 1143, -61, -27, 0, 0, 0
L 1143, -61, -27, 1136, -61, -27, 0, 0, 0
L 1200, 191, -27, 1183, 197, -27, 0, 0, 0
L 1183, 197, -27, 1172, 202, -28, 0, 0, 0
L 1172, 202, -28, 1164, 207, -28, 0, 0, 0
L 1164, 207, -28, 1163, 208, -28, 0, 0, 0
L 1163, 208, -28, 1161, 209, -28, 0, 0, 0
L 1161, 209, -28, 1160, 210, -28, 0, 0, 0
L 1160, 210, -28, 1159, 212, -28, 0, 0, 0
L 1159, 212, -28, 1156, 214, -28, 0, 0, 0
L 1156, 214, -28, 1154, 216, -28, 0, 0, 0
L 1154, 216, -28, 1144, 231, -27, 0, 0, 0
L 1144, 231, -27, 1139, 240, -27, 0, 0, 0
L 1139, 240, -27, 1137, 243, -27, 0, 0, 0
L 1137, 243, -27, 1134, 254, -27, 0, 0, 0
L 1134, 254, -27, 1133, 256, -27, 0, 0, 0
L 1133, 256, -27, 1133, 262, -27, 0, 0, 0
L 1133, 262, -27, 1132, 263, -27, 0, 0, 0
L 1132, 263, -27, 1132, 264, -27, 0, 0, 0
L 1132, 264, -27, 1133, 274, -27, 0, 0, 0
L 1133, 274, -27, 1132, 277, -27, 0, 0, 0
L 1132, 277, -27, 1132, 284, -27, 0, 0, 0
L 1132, 284, -27, 1134, 292, -28, 0, 0, 0
L 1134, 292, -28, 1135, 296, -28, 0, 0, 0
L 1135, 296, -28, 1138, 303, -28, 0, 0, 0
L 1138, 303, -28, 1140, 309, -28, 0, 0, 0
L 1140, 309, -28, 1141, 311, -28, 0, 0, 0
L 1141, 311, -28, 1147, 320, -27, 0, 0, 0
L 1147, 320, -27, 1152, 327, -27, 0, 0, 0
L 1152, 327, -27, 1155, 330, -27, 0, 0, 0
L 1155, 330, -27, 1156, 332, -27, 0, 0, 0
L 1156, 332, -27, 1157, 333, -27, 0, 0, 0
L 1157, 333, -27, 1162, 337, -27, 0, 0, 0
L 1162, 337, -27, 1165, 340, -28, 0, 0, 0
L 1165, 340, -28, 1167, 341, -28, 0, 0, 0
L 1167, 341, -28, 1176, 343, -25, 0, 0, 0
L 1176, 343, -25, 1178, 344, -25, 0, 0, 0
L 1178, 344, -25, 1197, 351, -25, 0, 0, 0
L 1197, 351, -25, 1199, 352, -25, 0, 0, 0
L 1199, 352, -25, 1207, 354, -27, 0, 0, 0
L 1207, 354, -27, 1218, 353, -27, 0, 0, 0
L 1218, 353, -27, 1220, 354, -27, 0, 0, 0
L 1220, 354, -27, 1227, 354, -27, 0, 0, 0
L 1227, 354, -27, 1230, 353, -27, 0, 0, 0
L 1230, 353, -27, 1239, 351, -27, 0, 0, 0
L 1239, 351, -27, 1249, 347, -27, 0, 0, 0
L 1249, 347, -27, 1255, 344, -26, 0, 0, 0
L 1255, 344, -26, 1266, 336, -26, 0, 0, 0
L 1266, 336, -26, 1268, 333, -26, 0, 0, 0
L 1268, 333, -26, 1272, 332, -26, 0, 0, 0
L 1272, 332, -26, 1274, 329, -26, 0, 0, 0
L 1274, 329, -26, 1282, 318, -27, 0, 0, 0
L 1282, 318, -27, 1287, 309, -27, 0, 0, 0
L 1287, 309, -27, 1290, 304, -27, 0, 0, 0
L 1290, 304, -27, 1292, 301, -28, 0, 0, 0
L 1292, 301, -28, 1294, 295, -28, 0, 0, 0
L 1294, 295, -28, 1294, 292, -28, 0, 0, 0
L 1294, 292, -28, 1296, 285, -27, 0, 0, 0
L 1296, 285, -27, 1296, 279, -27, 0, 0, 0
L 1296, 279, -27, 1296, 272, -26, 0, 0, 0
L 1296, 272, -26, 1296, 270, -26, 0, 0, 0
L 1296, 270, -26, 1295, 260, -26, 0, 0, 0
L 1295, 260, -26, 1295, 257, -25, 0, 0, 0
L 1295, 257, -25, 1290, 247, -25, 0, 0, 0
L 1290, 247, -25, 1290, 245, -25, 0, 0, 0
L 1290, 245, -25, 1289, 244, -25, 0, 0, 0
L 1289, 244, -25, 1287, 240, -24, 0, 0, 0
L 1287, 240, -24, 1282, 227, -26, 0, 0, 0
L 1282, 227, -26, 1281, 226, -27, 0, 0, 0
L 1281, 226, -27, 1280, 224, -28, 0, 0, 0
L 1280, 224, -28, 1277, 218, -28, 0, 0, 0
L 1277, 218, -28, 1274, 215, -28, 0, 0, 0
L 1274, 215, -28, 1263, 206, -28, 0, 0, 0
L 1263, 206, -28, 1248, 198, -27, 0, 0, 0
L 1248, 198, -27, 1246, 197, -27, 0, 0, 0
L 1246, 197, -27, 1232, 194, -27, 0, 0, 0
L 1232, 194, -27, 1222, 191, -27, 0, 0, 0
L 1222, 191, -27, 1217, 190, -27, 0, 0, 0
L 1217, 190, -27, 1210, 191, -27, 0, 0, 0
L 1143, -58, -23, 1131, -61, -27, 0, 0, 0
L 1131, -61, -27, 1129, -62, -27, 0, 0, 0
L 1129, -62, -27, 1127, -62, -26, 0, 0, 0
L 1127, -62, -26, 1122, -62, -25, 0, 0, 0
L 1122, -62, -25, 1102, -63, -24, 0, 0, 0
L 1102, -63, -24, 1084, -64, -26, 0, 0, 0
L 1084, -64, -26, 1081, -64, -26, 0, 0, 0
L 1081, -64, -26, 1071, -62, -21, 0, 0, 0
L 1071, -62, -21, 1067, -61, -20, 0, 0, 0
L 1067, -61, -20, 1066, -61, -19, 0, 0, 0
L 1066, -61, -19, 1064, -62, -19, 0, 0, 0
L 1064, -62, -19, 1060, -62, -20, 0, 0, 0
L 1060, -62, -20, 1055, -62, -22, 0, 0, 0
L 1055, -62, -22, 1045, -62, -25, 0, 0, 0
L 1045, -62, -25, 1044, -62, -25, 0, 0, 0
L 1044, -62, -25, 1042, -62, -26, 0, 0, 0
L 1042, -62, -26, 1032, -60, -26, 0, 0, 0
L 1032, -60, -26, 1030, -60, -26, 0, 0, 0
L 1030, -60, -26, 1024, -59, -26, 0, 0, 0
L 1024, -59, -26, 1005, -58, -25, 0, 0, 0
L 1005, -58, -25, 982, -57, -26, 0, 0, 0
L 982, -57, -26, 977, -58, -26, 0, 0, 0
L 977, -58, -26, 976, -58, -27, 0, 0, 0
L 976, -58, -27, 974, -58, -27, 0, 0, 0
L 974, -58, -27, 966, -57, -27, 0, 0, 0
L 966, -57, -27, 956, -55, -25, 0, 0, 0
L 956, -55, -25, 951, -55, -25, 0, 0, 0
L 951, -55, -25, 949, -56, -25, 0, 0, 0
L 949, -56, -25, 948, -56, -25, 0, 0, 0
L 948, -56, -25, 946, -57, -25, 0, 0, 0
L 946, -57, -25, 945, -58, -26, 0, 0, 0
L 945, -58, -26, 944, -60, -26, 0, 0, 0
L 944, -60, -26, 944, -61, -27, 0, 0, 0
L 944, -61, -27, 943, -65, -27, 0, 0, 0
L 943, -65, -27, 942, -67, -27, 0, 0, 0
L 942, -67, -27, 941, -68, -28, 0, 0, 0
L 941, -68, -28, 934, -68, -28, 0, 0, 0
L 934, -68, -28, 933, -67, -28, 0, 0, 0
L 933, -67, -28, 928, -67, -28, 0, 0, 0
L 928, -67, -28, 927, -66, -28, 0, 0, 0
L 927, -66, -28, 926, -64, -26, 0, 0, 0
L 926, -64, -26, 926, -49, -25, 0, 0, 0
L 926, -49, -25, 925, -43, -26, 0, 0, 0
L 925, -43, -26, 923, -39, -26, 0, 0, 0
L 923, -39, -26, 922, -36, -28, 0, 0, 0
L 922, -36, -28, 916, -24, -28, 0, 0, 0
L 916, -24, -28, 913, -22, -28, 0, 0, 0
L 913, -22, -28, 909, -17, -28, 0, 0, 0
L 909, -17, -28, 908, -16, -28, 0, 0, 0
L 908, -16, -28, 906, -15, -26, 0, 0, 0
L 906, -15, -26, 901, -10, -20, 0, 0, 0
L 901, -10, -20, 899, -9, -20, 0, 0, 0
L 899, -9, -20, 896, -9, -20, 0, 0, 0
L 896, -9, -20, 895, -9, -21, 0, 0, 0
L 895, -9, -21, 890, -11, -26, 0, 0, 0
L 890, -11, -26, 886, -13, -28, 0, 0, 0
L 886, -13, -28, 875, -17, -28, 0, 0, 0
L 875, -17, -28, 874, -18, -28, 0, 0, 0
L 874, -18, -28, 872, -19, -28, 0, 0, 0
L 872, -19, -28, 864, -19, -28, 0, 0, 0
L 864, -19, -28, 852, -17, -28, 0, 0, 0
L 852, -17, -28, 846, -17, -28, 0, 0, 0
L 846, -17, -28, 835, -21, -28, 0, 0, 0
L 835, -21, -28, 834, -22, -28, 0, 0, 0
L 834, -22, -28, 832, -23, -28, 0, 0, 0
L 832, -23, -28, 830, -23, -28, 0, 0, 0
L 830, -23, -28, 818, -25, -28, 0, 0, 0
L 818, -25, -28, 816, -25, -28, 0, 0, 0
L 816, -25, -28, 816, -29, -28, 0, 0, 0
L 816, -29, -28, 816, -60, -26, 0, 0, 0
L 816, -60, -26, 818, -64, -26, 0, 0, 0
L 818, -64, -26, 818, -66, -26, 0, 0, 0
L 818, -66, -26, 817, -69, -28, 0, 0, 0
L 817, -69, -28, 817, -71, -28, 0, 0, 0
L 817, -71, -28, 816, -73, -28, 0, 0, 0
L 816, -73, -28, 814, -74, -28, 0, 0, 0
L 814, -74, -28, 801, -74, -28, 0, 0, 0
L 801, -74, -28, 798, -72, -28, 0, 0, 0
L 798, -72, -28, 796, -71, -28, 0, 0, 0
L 796, -71, -28, 794, -68, -28, 0, 0, 0
L 794, -68, -28, 792, -67, -27, 0, 0, 0
L 792, -67, -27, 790, -67, -26, 0, 0, 0
L 790, -67, -26, 750, -67, -12, 0, 0, 0
L 750, -67, -12, 750, -69, -12, 0, 0, 0
L 750, -69, -12, 751, -70, -12, 0, 0, 0
L 751, -70, -12, 750, -75, -12, 0, 0, 0
L 750, -75, -12, 748, -74, -12, 0, 0, 0
L 748, -74, -12, 741, -74, -12, 0, 0, 0
L 741, -74, -12, 739, -73, -12, 0, 0, 0
L 739, -73, -12, 738, -72, -12, 0, 0, 0
L 738, -72, -12, 738, -70, -12, 0, 0, 0
L 738, -70, -12, 739, -67, -12, 0, 0, 0
L 739, -67, -12, 739, -65, -12, 0, 0, 0
L 739, -65, -12, 739, -7, -9, 0, 0, 0
L 739, -7, -9, 679, -7, -12, 0, 0, 0
L 679, -7, -12, 677, -8, -12, 0, 0, 0
L 677, -8, -12, 673, -8, -12, 0, 0, 0
L 673, -8, -12, 672, -6, -12, 0, 0, 0
L 672, -6, -12, 672, -4, -12, 0, 0, 0
L 672, -4, -12, 673, 7, -12, 0, 0, 0
L 673, 7, -12, 674, 8, -12, 0, 0, 0
L 674, 8, -12, 676, 9, -12, 0, 0, 0
L 676, 9, -12, 678, 9, -12, 0, 0, 0
L 678, 9, -12, 679, 8, -12, 0, 0, 0
L 679, 8, -12, 683, 3, -12, 0, 0, 0
L 683, 3, -12, 699, 3, -12, 0, 0, 0
L 699, 3, -12, 704, 3, -14, 0, 0, 0
L 704, 3, -14, 706, 4, -15, 0, 0, 0
L 706, 4, -15, 723, 22, -16, 0, 0, 0
L 723, 22, -16, 723, 94, -13, 0, 0, 0
L 723, 94, -13, 722, 95, -14, 0, 0, 0
L 722, 95, -14, 722, 96, -15, 0, 0, 0
L 722, 96, -15, 721, 117, -16, 0, 0, 0
L 721, 117, -16, 702, 117, -16, 0, 0, 0
L 702, 117, -16, 701, 115, -16, 0, 0, 0
L 701, 115, -16, 685, 100, -13, 0, 0, 0
L 685, 100, -13, 684, 99, -13, 0, 0, 0
L 684, 99, -13, 673, 99, -13, 0, 0, 0
L 673, 99, -13, 655, 100, -16, 0, 0, 0
L 655, 100, -16, 637, 117, -16, 0, 0, 0
L 637, 117, -16, 636, 117, -16, 0, 0, 0
L 636, 117, -16, 618, 117, -14, 0, 0, 0
L 618, 117, -14, 618, 115, -13, 0, 0, 0
L 618, 115, -13, 619, 114, -13, 0, 0, 0
L 619, 114, -13, 619, 112, -14, 0, 0, 0
L 619, 112, -14, 619, 110, -14, 0, 0, 0
L 619, 110, -14, 619, 94, -16, 0, 0, 0
L 619, 94, -16, 618, 89, -16, 0, 0, 0
L 618, 89, -16, 618, 21, -10, 0, 0, 0
L 618, 21, -10, 619, 20, -9, 0, 0, 0
L 619, 20, -9, 637, 3, -15, 0, 0, 0
L 637, 3, -15, 639, 3, -14, 0, 0, 0
L 639, 3, -14, 648, 3, -12, 0, 0, 0
L 648, 3, -12, 663, 3, -12, 0, 0, 0
L 663, 3, -12, 664, 4, -12, 0, 0, 0
L 664, 4, -12, 666, 5, -12, 0, 0, 0
L 666, 5, -12, 666, 10, -12, 0, 0, 0
L 666, 10, -12, 668, 9, -12, 0, 0, 0
L 668, 9, -12, 669, 7, -12, 0, 0, 0
L 669, 7, -12, 669, -5, -12, 0, 0, 0
L 669, -5, -12, 668, -7, -12, 0, 0, 0
L 668, -7, -12, 666, -8, -12, 0, 0, 0
L 666, -8, -12, 664, -8, -12, 0, 0, 0
L 664, -8, -12, 661, -7, -12, 0, 0, 0
L 661, -7, -12, 594, -7, -12, 0, 0, 0
L 594, -7, -12, 594, -9, -12, 0, 0, 0
L 594, -9, -12, 595, -11, -12, 0, 0, 0
L 595, -11, -12, 595, -13, -12, 0, 0, 0
L 595, -13, -12, 597, -13, -12, 0, 0, 0
L 597, -13, -12, 598, -12, -12, 0, 0, 0
L 598, -12, -12, 598, -14, -12, 0, 0, 0
L 598, -14, -12, 593, -16, -12, 0, 0, 0
L 593, -16, -12, 588, -14, -12, 0, 0, 0
L 588, -14, -12, 584, -14, -12, 0, 0, 0
L 584, -14, -12, 583, -12, -12, 0, 0, 0
L 583, -12, -12, 582, -11, -12, 0, 0, 0
L 582, -11, -12, 583, -8, -11, 0, 0, 0
L 583, -8, -11, 582, -7, -10, 0, 0, 0
L 582, -7, -10, 538, -7, -12, 0, 0, 0
L 538, -7, -12, 536, -5, -12, 0, 0, 0
L 536, -5, -12, 535, -3, -12, 0, 0, 0
L 535, -3, -12, 535, 49, -12, 0, 0, 0
L 535, 49, -12, 533, 48, -12, 0, 0, 0
L 533, 48, -12, 532, 48, -12, 0, 0, 0
L 532, 48, -12, 532, 46, -12, 0, 0, 0
L 532, 46, -12, 534, 45, -12, 0, 0, 0
L 534, 45, -12, 535, 44, -12, 0, 0, 0
L 535, 44, -12, 533, 43, -12, 0, 0, 0
L 533, 43, -12, 529, 43, -12, 0, 0, 0
L 529, 43, -12, 528, 45, -12, 0, 0, 0
L 528, 45, -12, 527, 46, -12, 0, 0, 0
L 527, 46, -12, 528, 48, -12, 0, 0, 0
L 528, 48, -12, 528, 58, -12, 0, 0, 0
L 528, 58, -12, 529, 60, -12, 0, 0, 0
L 529, 60, -12, 535, 60, -12, 0, 0, 0
L 535, 60, -12, 536, 113, -12, 0, 0, 0
L 536, 113, -12, 537, 115, -12, 0, 0, 0
L 537, 115, -12, 583, 115, -12, 0, 0, 0
L 583, 115, -12, 583, 117, -12, 0, 0, 0
L 583, 117, -12, 583, 133, -10, 0, 0, 0
L 583, 133, -10, 581, 133, -10, 0, 0, 0
L 581, 133, -10, 538, 133, -12, 0, 0, 0
L 538, 133, -12, 536, 134, -12, 0, 0, 0
L 536, 134, -12, 535, 136, -12, 0, 0, 0
L 535, 136, -12, 535, 189, -12, 0, 0, 0
L 535, 189, -12, 533, 189, -12, 0, 0, 0
L 533, 189, -12, 518, 189, -6, 0, 0, 0
L 518, 189, -6, 518, 187, -6, 0, 0, 0
L 518, 187, -6, 518, 132, -12, 0, 0, 0
L 518, 132, -12, 518, 131, -12, 0, 0, 0
L 508, 126, -12, 504, 126, -12, 0, 0, 0
L 504, 126, -12, 502, 127, -11, 0, 0, 0
L 502, 127, -11, 502, 131, -11, 0, 0, 0
L 502, 131, -11, 503, 132, -12, 0, 0, 0
L 503, 132, -12, 507, 134, -12, 0, 0, 0
L 507, 134, -12, 507, 135, -12, 0, 0, 0
L 507, 135, -12, 506, 137, -12, 0, 0, 0
L 506, 137, -12, 505, 137, -12, 0, 0, 0
L 505, 137, -12, 476, 137, -8, 0, 0, 0
L 476, 137, -8, 474, 136, -8, 0, 0, 0
L 474, 136, -8, 468, 129, -12, 0, 0, 0
L 468, 129, -12, 462, 129, -12, 0, 0, 0
L 462, 129, -12, 460, 130, -12, 0, 0, 0
L 460, 130, -12, 459, 132, -12, 0, 0, 0
L 459, 132, -12, 459, 153, -12, 0, 0, 0
L 459, 153, -12, 458, 152, -12, 0, 0, 0
L 458, 152, -12, 454, 152, -12, 0, 0, 0
L 454, 152, -12, 453, 154, -12, 0, 0, 0
L 453, 154, -12, 452, 155, -12, 0, 0, 0
L 452, 155, -12, 453, 167, -12, 0, 0, 0
L 453, 167, -12, 454, 169, -12, 0, 0, 0
L 454, 169, -12, 456, 169, -12, 0, 0, 0
L 456, 169, -12, 458, 168, -12, 0, 0, 0
L 458, 168, -12, 459, 167, -11, 0, 0, 0
L 459, 167, -11, 461, 166, -9, 0, 0, 0
L 461, 166, -9, 463, 168, -9, 0, 0, 0
L 463, 168, -9, 483, 185, -12, 0, 0, 0
L 483, 185, -12, 483, 187, -12, 0, 0, 0
L 483, 187, -12, 484, 218, -8, 0, 0, 0
L 484, 218, -8, 485, 219, -9, 0, 0, 0
L 485, 219, -9, 486, 220, -9, 0, 0, 0
L 486, 220, -9, 495, 230, -12, 0, 0, 0
L 495, 230, -12, 496, 232, -12, 0, 0, 0
L 496, 232, -12, 499, 234, -12, 0, 0, 0
L 499, 234, -12, 500, 235, -12, 0, 0, 0
L 500, 235, -12, 507, 243, -8, 0, 0, 0
L 507, 243, -8, 507, 244, -8, 0, 0, 0
L 507, 244, -8, 507, 269, -12, 0, 0, 0
L 507, 269, -12, 505, 269, -12, 0, 0, 0
L 505, 269, -12, 476, 269, -7, 0, 0, 0
L 476, 269, -7, 474, 268, -8, 0, 0, 0
L 474, 268, -8, 468, 261, -12, 0, 0, 0
L 468, 261, -12, 462, 261, -12, 0, 0, 0
L 462, 261, -12, 460, 262, -12, 0, 0, 0
L 460, 262, -12, 459, 285, -12, 0, 0, 0
L 459, 285, -12, 457, 284, -12, 0, 0, 0
L 457, 284, -12, 454, 284, -12, 0, 0, 0
L 454, 284, -12, 452, 283, -12, 0, 0, 0
L 452, 283, -12, 452, 282, -12, 0, 0, 0
L 452, 282, -12, 452, 290, -12, 0, 0, 0
L 452, 290, -12, 451, 289, -12, 0, 0, 0
L 451, 289, -12, 450, 287, -12, 0, 0, 0
L 450, 287, -12, 450, 284, -12, 0, 0, 0
P -612, -100, -4, 0, 0, 240, 1, ZI
P 17, 1, 0, 240, 0, 0, 1, Trap
P 1213, 273, -24, 0, 0, 240, 1, Rescue
P 527, -50, -12, 240, 0, 0, 1, Trap
