L 1469, 624, 0, 1456, 642, 0, 153, 153, 153
L 1456, 642, 0, 1440, 642, 0, 153, 153, 153
L 1440, 642, 0, 1429, 640, 0, 153, 153, 153
L 1429, 640, 0, 1414, 640, 0, 153, 153, 153
L 1414, 640, 0, 1366, 645, 0, 153, 153, 153
L 1366, 645, 0, 1366, 585, 0, 153, 153, 153
L 1366, 585, 0, 1430, 591, 0, 153, 153, 153
L 1430, 591, 0, 1440, 589, 0, 153, 153, 153
L 1440, 589, 0, 1455, 589, 0, 153, 153, 153
L 1455, 589, 0, 1467, 608, 0, 153, 153, 153
L 1320, 763, 0, 1302, 776, 0, 153, 153, 153
L 1302, 776, 0, 1302, 790, 0, 153, 153, 153
L 1302, 790, 0, 1305, 800, 0, 153, 153, 153
L 1305, 800, 0, 1305, 819, 0, 153, 153, 153
L 1305, 819, 0, 1298, 863, 0, 153, 153, 153
L 1298, 863, 0, 1356, 864, 0, 153, 153, 153
L 1356, 864, 0, 1352, 831, 0, 153, 153, 153
L 1352, 831, 0, 1350, 819, 0, 153, 153, 153
L 1350, 819, 0, 1350, 805, 0, 153, 153, 153
L 1350, 805, 0, 1351, 801, 0, 153, 153, 153
L 1351, 801, 0, 1353, 791, 0, 153, 153, 153
L 1353, 791, 0, 1353, 776, 0, 153, 153, 153
L 1353, 776, 0, 1334, 763, 0, 153, 153, 153
L 1395, 787, 0, 1408, 805, 0, 153, 153, 153
L 1408, 805, 0, 1424, 805, 0, 153, 153, 153
L 1424, 805, 0, 1433, 803, 0, 153, 153, 153
L 1433, 803, 0, 1449, 803, 0, 153, 153, 153
L 1449, 803, 0, 1463, 821, 0, 153, 153, 153
L 1463, 821, 0, 1479, 820, 0, 153, 153, 153
L 1479, 820, 0, 1488, 818, 0, 153, 153, 153
L 1488, 818, 0, 1505, 818, 0, 153, 153, 153
L 1505, 818, 0, 1515, 820, 0, 153, 153, 153
L 1515, 820, 0, 1530, 820, 0, 153, 153, 153
L 1530, 820, 0, 1544, 803, 0, 153, 153, 153
L 1544, 803, 0, 1560, 802, 0, 153, 153, 153
L 1560, 802, 0, 1570, 804, 0, 153, 153, 153
L 1570, 804, 0, 1585, 804, 0, 153, 153, 153
L 1585, 804, 0, 1597, 786, 0, 153, 153, 153
L 1597, 771, 0, 1584, 753, 0, 153, 153, 153
L 1584, 753, 0, 1569, 753, 0, 153, 153, 153
L 1569, 753, 0, 1559, 755, 0, 153, 153, 153
L 1559, 755, 0, 1544, 754, 0, 153, 153, 153
L 1544, 754, 0, 1530, 735, 0, 153, 153, 153
L 1530, 735, 0, 1514, 735, 0, 153, 153, 153
L 1514, 735, 0, 1503, 737, 0, 153, 153, 153
L 1503, 737, 0, 1489, 737, 0, 153, 153, 153
L 1489, 737, 0, 1478, 735, 0, 153, 153, 153
L 1478, 735, 0, 1462, 735, 0, 153, 153, 153
L 1462, 735, 0, 1448, 752, 0, 153, 153, 153
L 1448, 752, 0, 1434, 754, 0, 153, 153, 153
L 1434, 754, 0, 1421, 751, 0, 153, 153, 153
L 1421, 751, 0, 1407, 752, 0, 153, 153, 153
L 1407, 752, 0, 1395, 772, 0, 153, 153, 153
L 1133, 477, 0, 1071, 445, 0, 153, 0, 0
L 1071, 445, 0, 1022, 418, 0, 153, 0, 0
L 1022, 418, 0, 986, 383, 0, 153, 0, 0
L 986, 383, 0, 970, 348, 0, 153, 0, 0
L 970, 348, 0, 974, 289, 0, 153, 0, 0
L 974, 289, 0, 989, 220, 0, 153, 0, 0
L 989, 220, 0, 1009, 159, 0, 153, 0, 0
L 1009, 159, 0, 1046, 86, 0, 153, 0, 0
L 1046, 86, 0, 1049, 13, 0, 153, 0, 0
L 1049, 13, 0, 1043, -50, 0, 153, 0, 0
L 1043, -50, 0, 1030, -130, 0, 153, 0, 0
L 1031, -131, 0, 967, -135, 0, 153, 0, 0
L 967, -135, 0, 915, -146, 0, 153, 0, 0
L 915, -146, 0, 849, -168, 0, 153, 0, 0
L 849, -168, 0, 810, -175, 0, 153, 0, 0
L 810, -175, 0, 756, -192, 0, 153, 0, 0
L 756, -192, 0, 695, -215, 0, 153, 0, 0
L 695, -215, 0, 571, -236, 0, 153, 0, 0
L 571, -236, 0, 502, -234, 0, 153, 0, 0
L 502, -234, 0, 431, -230, 0, 153, 0, 0
L 431, -230, 0, 354, -223, 0, 153, 0, 0
L 354, -223, 0, 280, -223, 0, 153, 0, 0
L 280, -223, 0, 213, -210, 0, 153, 0, 0
L 213, -210, 0, 171, -206, 0, 153, 0, 0
L 171, -206, 0, 123, -189, 0, 153, 0, 0
L 123, -189, 0, 64, -172, 0, 153, 0, 0
L 64, -172, 0, 23, -154, 0, 153, 0, 0
L 23, -154, 0, -34, -139, 0, 153, 0, 0
L -34, -139, 0, -94, -134, 0, 153, 0, 0
L -94, -134, 0, -152, -133, 0, 153, 0, 0
L -152, -133, 0, -204, -141, 0, 153, 0, 0
L -204, -141, 0, -257, -147, 0, 153, 0, 0
L -257, -147, 0, -313, -156, 0, 153, 0, 0
L -313, -156, 0, -400, -163, 0, 153, 0, 0
L -400, -163, 0, -593, -152, 0, 153, 0, 0
L -593, -152, 0, -659, -125, 0, 153, 0, 0
L -659, -125, 0, -690, -99, 0, 153, 0, 0
L -690, -99, 0, -703, -86, 0, 153, 0, 0
L -703, -86, 0, -748, -26, 0, 153, 0, 0
L -748, -26, 0, -803, 41, 0, 153, 0, 0
L -803, 41, 0, -855, 90, 0, 153, 0, 0
L -855, 90, 0, -994, 205, 0, 153, 0, 0
L -994, 205, 0, -1056, 252, 0, 153, 0, 0
L -1056, 252, 0, -1097, 284, 0, 153, 0, 0
L -1097, 284, 0, -1127, 318, 0, 153, 0, 0
L -1127, 318, 0, -1160, 363, 0, 153, 0, 0
L -1160, 363, 0, -1187, 418, 0, 153, 0, 0
L -1187, 418, 0, -1231, 483, 0, 153, 0, 0
L -1231, 483, 0, -1250, 510, 0, 153, 0, 0
L -1250, 510, 0, -1273, 617, 0, 153, 0, 0
L -1273, 617, 0, -1305, 712, 0, 153, 0, 0
L -1305, 712, 0, -1322, 775, 0, 153, 0, 0
L -1322, 775, 0, -1330, 854, 0, 153, 0, 0
L -1330, 854, 0, -1336, 907, 0, 153, 0, 0
L -1336, 907, 0, -1337, 945, 0, 153, 0, 0
L -1337, 945, 0, -1326, 991, 0, 153, 0, 0
L -804, 42, 0, -847, 21, 0, 153, 0, 0
L -847, 21, 0, -886, 17, 0, 153, 0, 0
L -886, 17, 0, -1005, 13, 0, 153, 0, 0
L -1005, 13, 0, -1063, -3, 0, 153, 0, 0
L -1063, -3, 0, -1148, -34, 0, 153, 0, 0
L -1148, -34, 0, -1269, -43, 0, 153, 0, 0
L -1269, -43, 0, -1358, -58, 0, 153, 0, 0
L -1358, -58, 0, -1434, -89, 0, 153, 0, 0
L -1434, -89, 0, -1527, -119, 0, 153, 0, 0
L -1527, -119, 0, -1580, -114, 0, 153, 0, 0
L -1580, -114, 0, -1651, -116, 0, 153, 0, 0
L -1651, -116, 0, -1687, -137, 0, 153, 0, 0
L -1687, -137, 0, -1754, -197, 0, 153, 0, 0
L -1754, -197, 0, -1841, -284, 0, 153, 0, 0
L -1841, -284, 0, -1895, -307, 0, 153, 0, 0
L -1895, -307, 0, -1934, -368, 0, 153, 0, 0
L -1934, -368, 0, -1960, -453, 0, 153, 0, 0
L -1960, -453, 0, -1987, -509, 0, 153, 0, 0
L -1987, -509, 0, -1991, -612, 0, 153, 0, 0
L 1030, -130, 0, 1090, -146, 0, 153, 0, 0
L 1090, -146, 0, 1131, -170, 0, 153, 0, 0
L 1131, -170, 0, 1192, -232, 0, 153, 0, 0
L 1192, -232, 0, 1275, -302, 0, 153, 0, 0
L 1275, -302, 0, 1315, -347, 0, 153, 0, 0
L 1315, -347, 0, 1400, -411, 0, 153, 0, 0
L 1400, -411, 0, 1476, -491, 0, 153, 0, 0
L 1476, -491, 0, 1528, -535, 0, 153, 0, 0
L 1528, -535, 0, 1578, -602, 0, 153, 0, 0
L 1578, -602, 0, 1595, -629, 0, 153, 0, 0
L 1595, -629, 0, 1603, -654, 0, 153, 0, 0
L 1603, -654, 0, 1600, -701, 0, 153, 0, 0
L 1600, -701, 0, 1606, -768, 0, 153, 0, 0
L 1744, -1960, 0, 1755, -1951, 0, 0, 0, 255
L 1755, -1951, 0, 1777, -1908, 0, 0, 0, 255
L 1777, -1908, 0, 1791, -1893, 0, 0, 0, 255
L 1791, -1893, 0, 1802, -1862, 0, 0, 0, 255
L 1802, -1862, 0, 1803, -1793, 0, 0, 0, 255
L 1803, -1793, 0, 1804, -1778, 0, 0, 0, 255
L 1804, -1778, 0, 1808, -1774, 0, 0, 0, 255
L 1808, -1774, 0, 1810, -1762, 0, 0, 0, 255
L 1810, -1762, 0, 1822, -1761, 0, 0, 0, 255
L 1822, -1761, 0, 1826, -1749, 0, 0, 0, 255
L 1826, -1749, 0, 1826, -1730, 0, 0, 0, 255
L 1826, -1730, 0, 1849, -1726, 0, 0, 0, 255
L 1849, -1726, 0, 1852, -1701, 0, 0, 0, 255
L 1852, -1701, 0, 1852, -1655, 0, 0, 0, 255
L 1852, -1655, 0, 1859, -1650, 0, 0, 0, 255
L 1859, -1650, 0, 1859, -1635, 0, 0, 0, 255
L 1859, -1635, 0, 1872, -1635, 0, 0, 0, 255
L 1872, -1635, 0, 1874, -1626, 0, 0, 0, 255
L 1874, -1626, 0, 1875, -1605, 0, 0, 0, 255
L 1875, -1605, 0, 1877, -1580, 0, 0, 0, 255
L 1877, -1580, 0, 1881, -1577, 0, 0, 0, 255
L 1881, -1577, 0, 1877, -1549, 0, 0, 0, 255
L 1877, -1549, 0, 1875, -1504, 0, 0, 0, 255
L 1875, -1504, 0, 1866, -1491, 0, 0, 0, 255
L 1866, -1491, 0, 1852, -1442, 0, 0, 0, 255
L 1852, -1442, 0, 1853, -1406, 0, 0, 0, 255
L 1853, -1406, 0, 1872, -1400, 0, 0, 0, 255
L 1872, -1400, 0, 1876, -1378, 0, 0, 0, 255
L 1876, -1378, 0, 1877, -1374, 0, 0, 0, 255
L 1877, -1374, 0, 1879, -1352, 0, 0, 0, 255
L 1879, -1352, 0, 1880, -1350, 0, 0, 0, 255
L 1880, -1350, 0, 1880, -1331, 0, 0, 0, 255
L 1880, -1331, 0, 1876, -1325, 0, 0, 0, 255
L 1876, -1325, 0, 1875, -1275, 0, 0, 0, 255
L 1875, -1275, 0, 1875, -1248, 0, 0, 0, 255
L 1875, -1248, 0, 1878, -1228, 0, 0, 0, 255
L 1878, -1228, 0, 1878, -1202, 0, 0, 0, 255
L 1878, -1202, 0, 1877, -1177, 0, 0, 0, 255
L 1877, -1177, 0, 1898, -1175, 0, 0, 0, 255
L 1898, -1175, 0, 1900, -1154, 0, 0, 0, 255
L 1900, -1154, 0, 1906, -1150, 0, 0, 0, 255
L 1906, -1150, 0, 1906, -1134, 0, 0, 0, 255
L 1906, -1134, 0, 1924, -1132, 0, 0, 0, 255
L 1924, -1132, 0, 1927, -1127, 0, 0, 0, 255
L 1927, -1127, 0, 1932, -1125, 0, 0, 0, 255
L 1932, -1125, 0, 1932, -1108, 0, 0, 0, 255
L 1932, -1108, 0, 1948, -1097, 0, 0, 0, 255
L 1948, -1097, 0, 1949, -1075, 0, 0, 0, 255
L 1949, -1075, 0, 1951, -1051, 0, 0, 0, 255
L 1951, -1051, 0, 1949, -1045, 0, 0, 0, 255
L 1949, -1045, 0, 1929, -1026, 0, 0, 0, 255
L 1929, -1026, 0, 1910, -1009, 0, 0, 0, 255
L 1910, -1009, 0, 1876, -946, 0, 0, 0, 255
L 1876, -946, 0, 1877, -929, 0, 0, 0, 255
L 1877, -929, 0, 1877, -877, 0, 0, 0, 255
L 1877, -877, 0, 1881, -874, 0, 0, 0, 255
L 1881, -874, 0, 1881, -831, 0, 0, 0, 255
L 1881, -831, 0, 1877, -824, 0, 0, 0, 255
L 1877, -824, 0, 1874, -745, 0, 0, 0, 255
L 1874, -745, 0, 1876, -701, 0, 0, 0, 255
L 1876, -701, 0, 1879, -699, 0, 0, 0, 255
L 1879, -699, 0, 1878, -679, 0, 0, 0, 255
L 1878, -679, 0, 1875, -673, 0, 0, 0, 255
L 1875, -673, 0, 1875, -661, 0, 0, 0, 255
L 1875, -661, 0, 1858, -637, 0, 0, 0, 255
L 1858, -637, 0, 1858, -633, 0, 0, 0, 255
L 1858, -633, 0, 1828, -600, 0, 0, 0, 255
L 1828, -600, 0, 1827, -579, 0, 0, 0, 255
L 1827, -579, 0, 1824, -571, 0, 0, 0, 255
L 1824, -571, 0, 1804, -551, 0, 0, 0, 255
L 1804, -551, 0, 1803, -528, 0, 0, 0, 255
L 1803, -528, 0, 1802, -525, 0, 0, 0, 255
L 1802, -525, 0, 1803, -474, 0, 0, 0, 255
L 1803, -474, 0, 1803, -451, 0, 0, 0, 255
L 1803, -451, 0, 1826, -451, 0, 0, 0, 255
L 1826, -451, 0, 1825, -425, 0, 0, 0, 255
L 1825, -425, 0, 1803, -402, 0, 0, 0, 255
L 1803, -402, 0, 1803, -379, 0, 0, 0, 255
L 1803, -379, 0, 1801, -372, 0, 0, 0, 255
L 1801, -372, 0, 1802, -351, 0, 0, 0, 255
L 1802, -351, 0, 1802, -324, 0, 0, 0, 255
L 1802, -324, 0, 1805, -320, 0, 0, 0, 255
L 1805, -320, 0, 1805, -303, 0, 0, 0, 255
L 1805, -303, 0, 1825, -302, 0, 0, 0, 255
L 1825, -302, 0, 1827, -228, 0, 0, 0, 255
L 1827, -228, 0, 1837, -224, 0, 0, 0, 255
L 1837, -224, 0, 1839, -213, 0, 0, 0, 255
L 1839, -213, 0, 1849, -212, 0, 0, 0, 255
L 1849, -212, 0, 1851, -203, 0, 0, 0, 255
L 1851, -203, 0, 1854, -199, 0, 0, 0, 255
L 1854, -199, 0, 1854, -178, 0, 0, 0, 255
L 1854, -178, 0, 1871, -175, 0, 0, 0, 255
L 1871, -175, 0, 1875, -170, 0, 0, 0, 255
L 1875, -170, 0, 1876, -152, 0, 0, 0, 255
L 1876, -152, 0, 1881, -129, 0, 0, 0, 255
L 1881, -129, 0, 1900, -126, 0, 0, 0, 255
L 1900, -126, 0, 1905, -101, 0, 0, 0, 255
L 1905, -101, 0, 1901, -67, 0, 0, 0, 255
L 1901, -67, 0, 1899, -57, 0, 0, 0, 255
L 1899, -57, 0, 1895, -51, 0, 0, 0, 255
L 1895, -51, 0, 1895, -44, 0, 0, 0, 255
L 1895, -44, 0, 1880, -27, 0, 0, 0, 255
L 1880, -27, 0, 1878, -4, 0, 0, 0, 255
L 1878, -4, 0, 1877, -1, 0, 0, 0, 255
L 1877, -1, 0, 1876, 25, 0, 0, 0, 255
L 1876, 25, 0, 1854, 48, 0, 0, 0, 255
L 1854, 48, 0, 1852, 72, 0, 0, 0, 255
L 1852, 72, 0, 1852, 146, 0, 0, 0, 255
L 1852, 146, 0, 1855, 149, 0, 0, 0, 255
L 1855, 149, 0, 1856, 167, 0, 0, 0, 255
L 1856, 167, 0, 1873, 170, 0, 0, 0, 255
L 1873, 170, 0, 1877, 197, 0, 0, 0, 255
L 1877, 197, 0, 1899, 200, 0, 0, 0, 255
L 1899, 200, 0, 1904, 221, 0, 0, 0, 255
L 1904, 221, 0, 1926, 223, 0, 0, 0, 255
L 1926, 223, 0, 1925, 273, 0, 0, 0, 255
L 1925, 273, 0, 1901, 299, 0, 0, 0, 255
L 1901, 299, 0, 1899, 305, 0, 0, 0, 255
L 1899, 305, 0, 1880, 325, 0, 0, 0, 255
L 1880, 325, 0, 1881, 343, 0, 0, 0, 255
L 1881, 343, 0, 1875, 352, 0, 0, 0, 255
L 1875, 352, 0, 1876, 370, 0, 0, 0, 255
L 1876, 370, 0, 1870, 375, 0, 0, 0, 255
L 1870, 375, 0, 1869, 381, 0, 0, 0, 255
L 1869, 381, 0, 1853, 398, 0, 0, 0, 255
L 1853, 398, 0, 1850, 404, 0, 0, 0, 255
L 1850, 404, 0, 1828, 424, 0, 0, 0, 255
L 1828, 424, 0, 1828, 446, 0, 0, 0, 255
L 1828, 446, 0, 1827, 451, 0, 0, 0, 255
L 1827, 451, 0, 1827, 474, 0, 0, 0, 255
L 1827, 474, 0, 1783, 518, 0, 0, 0, 255
L 1783, 518, 0, 1759, 571, 0, 0, 0, 255
L 1759, 571, 0, 1772, 623, 0, 0, 0, 255
L 1772, 623, 0, 1776, 646, 0, 0, 0, 255
L 1776, 646, 0, 1773, 658, 0, 0, 0, 255
L 1773, 658, 0, 1761, 674, 0, 0, 0, 255
L 1761, 674, 0, 1761, 689, 0, 0, 0, 255
L 1761, 689, 0, 1759, 713, 0, 0, 0, 255
L 1759, 713, 0, 1767, 725, 0, 0, 0, 255
L 1767, 725, 0, 1767, 728, 0, 0, 0, 255
L 1767, 728, 0, 1760, 746, 0, 0, 0, 255
L 1760, 746, 0, 1756, 811, 0, 0, 0, 255
L 1756, 811, 0, 1759, 838, 0, 0, 0, 255
L 1759, 838, 0, 1774, 846, 0, 0, 0, 255
L 1774, 846, 0, 1777, 874, 0, 0, 0, 255
L 1777, 874, 0, 1775, 898, 0, 0, 0, 255
L 1775, 898, 0, 1773, 914, 0, 0, 0, 255
L 1773, 914, 0, 1764, 924, 0, 0, 0, 255
L 1764, 924, 0, 1763, 937, 0, 0, 0, 255
L 1763, 937, 0, 1756, 949, 0, 0, 0, 255
L 1756, 949, 0, 1758, 965, 0, 0, 0, 255
L 1758, 965, 0, 1759, 977, 0, 0, 0, 255
L 1759, 977, 0, 1759, 991, 0, 0, 0, 255
L 1759, 991, 0, 1773, 997, 0, 0, 0, 255
L 1773, 997, 0, 1773, 1000, 0, 0, 0, 255
L 1773, 1000, 0, 1752, 1024, 0, 0, 0, 255
L 1752, 1024, 0, 1752, 1041, 0, 0, 0, 255
L 1752, 1041, 0, 1743, 1084, 0, 0, 0, 255
L 1743, 1084, 0, 1747, 1103, 0, 0, 0, 255
L 1747, 1103, 0, 1750, 1105, 0, 0, 0, 255
L 1750, 1105, 0, 1753, 1123, 0, 0, 0, 255
L 1753, 1123, 0, 1752, 1147, 0, 0, 0, 255
L 1752, 1147, 0, 1756, 1150, 0, 0, 0, 255
L 1756, 1150, 0, 1757, 1167, 0, 0, 0, 255
L 1757, 1167, 0, 1773, 1170, 0, 0, 0, 255
L 1773, 1170, 0, 1778, 1175, 0, 0, 0, 255
L 1778, 1175, 0, 1780, 1195, 0, 0, 0, 255
L 1780, 1195, 0, 1798, 1198, 0, 0, 0, 255
L 1798, 1198, 0, 1802, 1272, 0, 0, 0, 255
L 1802, 1272, 0, 1808, 1316, 0, 0, 0, 255
L 1808, 1316, 0, 1823, 1317, 0, 0, 0, 255
L 1823, 1317, 0, 1827, 1324, 0, 0, 0, 255
L 1827, 1324, 0, 1826, 1346, 0, 0, 0, 255
L 1826, 1346, 0, 1830, 1349, 0, 0, 0, 255
L 1830, 1349, 0, 1830, 1370, 0, 0, 0, 255
L 1830, 1370, 0, 1827, 1374, 0, 0, 0, 255
L 1827, 1374, 0, 1827, 1472, 0, 0, 0, 255
L 1827, 1472, 0, 1829, 1526, 0, 0, 0, 255
L 1829, 1526, 0, 1832, 1567, 0, 0, 0, 255
L 1832, 1567, 0, 1840, 1634, 0, 0, 0, 255
L 1840, 1634, 0, 1851, 1640, 0, 0, 0, 255
L 1851, 1640, 0, 1858, 1641, 0, 0, 0, 255
L 1858, 1641, 0, 1862, 1759, 0, 0, 0, 255
L 1862, 1759, 0, 1860, 1833, 0, 0, 0, 255
L 1860, 1833, 0, 1862, 1847, 0, 0, 0, 255
L 1862, 1847, 0, 1829, 1892, 0, 0, 0, 255
L 1829, 1892, 0, 1822, 1919, 0, 0, 0, 255
L 1822, 1919, 0, 1822, 1951, 0, 0, 0, 255
L 1822, 1951, 0, 1807, 1964, 0, 0, 0, 255
L 1987, 2073, 0, 1996, 2059, 0, 0, 0, 255
L 1996, 2059, 0, 2016, 2041, 0, 0, 0, 255
L 2016, 2041, 0, 2030, 2029, 0, 0, 0, 255
L 2030, 2029, 0, 2048, 2004, 0, 0, 0, 255
L 2048, 2004, 0, 2061, 1988, 0, 0, 0, 255
L 2061, 1988, 0, 2070, 1971, 0, 0, 0, 255
L 2070, 1971, 0, 2076, 1953, 0, 0, 0, 255
L 2076, 1953, 0, 2091, 1936, 0, 0, 0, 255
L 2091, 1936, 0, 2096, 1922, 0, 0, 0, 255
L 2096, 1922, 0, 2098, 1912, 0, 0, 0, 255
L 2098, 1912, 0, 2098, 1895, 0, 0, 0, 255
L 2098, 1895, 0, 2094, 1859, 0, 0, 0, 255
L 2094, 1859, 0, 2094, 1833, 0, 0, 0, 255
L 2094, 1833, 0, 2095, 1806, 0, 0, 0, 255
L 2095, 1806, 0, 2094, 1774, 0, 0, 0, 255
L 2094, 1774, 0, 2097, 1761, 0, 0, 0, 255
L 2097, 1761, 0, 2096, 1746, 0, 0, 0, 255
L 2096, 1746, 0, 2098, 1721, 0, 0, 0, 255
L 2098, 1721, 0, 2097, 1706, 0, 0, 0, 255
L 2097, 1706, 0, 2096, 1625, 0, 0, 0, 255
L 2096, 1625, 0, 2093, 1579, 0, 0, 0, 255
L 2093, 1579, 0, 2096, 1561, 0, 0, 0, 255
L 2096, 1561, 0, 2096, 1540, 0, 0, 0, 255
L 2096, 1540, 0, 2086, 1526, 0, 0, 0, 255
L 2086, 1526, 0, 2087, 1511, 0, 0, 0, 255
L 2087, 1511, 0, 2095, 1496, 0, 0, 0, 255
L 2095, 1496, 0, 2098, 1461, 0, 0, 0, 255
L 2098, 1461, 0, 2099, 1436, 0, 0, 0, 255
L 2099, 1436, 0, 2099, 1416, 0, 0, 0, 255
L 2099, 1416, 0, 2102, 1389, 0, 0, 0, 255
L 2102, 1389, 0, 2093, 1379, 0, 0, 0, 255
L 2093, 1379, 0, 2080, 1363, 0, 0, 0, 255
L 2080, 1363, 0, 2079, 1343, 0, 0, 0, 255
L 2079, 1343, 0, 2079, 1335, 0, 0, 0, 255
L 2079, 1335, 0, 2074, 1333, 0, 0, 0, 255
L 2074, 1333, 0, 2065, 1324, 0, 0, 0, 255
L 2065, 1324, 0, 2075, 1299, 0, 0, 0, 255
L 2075, 1299, 0, 2078, 1287, 0, 0, 0, 255
L 2078, 1287, 0, 2078, 1272, 0, 0, 0, 255
L 2078, 1272, 0, 2079, 1260, 0, 0, 0, 255
L 2079, 1260, 0, 2076, 1249, 0, 0, 0, 255
L 2076, 1249, 0, 2080, 1233, 0, 0, 0, 255
L 2080, 1233, 0, 2075, 1224, 0, 0, 0, 255
L 2075, 1224, 0, 2079, 1211, 0, 0, 0, 255
L 2079, 1211, 0, 2076, 1199, 0, 0, 0, 255
L 2076, 1199, 0, 2079, 1184, 0, 0, 0, 255
L 2079, 1184, 0, 2075, 1173, 0, 0, 0, 255
L 2075, 1173, 0, 2079, 1159, 0, 0, 0, 255
L 2079, 1159, 0, 2077, 1135, 0, 0, 0, 255
L 2077, 1135, 0, 2074, 1133, 0, 0, 0, 255
L 2074, 1133, 0, 2055, 1114, 0, 0, 0, 255
L 2055, 1114, 0, 2053, 1087, 0, 0, 0, 255
L 2053, 1087, 0, 2045, 1079, 0, 0, 0, 255
L 2045, 1079, 0, 2038, 1074, 0, 0, 0, 255
L 2038, 1074, 0, 2033, 1067, 0, 0, 0, 255
L 2033, 1067, 0, 2016, 1050, 0, 0, 0, 255
L 2016, 1050, 0, 2024, 1024, 0, 0, 0, 255
L 2024, 1024, 0, 2029, 1012, 0, 0, 0, 255
L 2029, 1012, 0, 2029, 983, 0, 0, 0, 255
L 2029, 983, 0, 2026, 974, 0, 0, 0, 255
L 2026, 974, 0, 2031, 956, 0, 0, 0, 255
L 2031, 956, 0, 2027, 938, 0, 0, 0, 255
L 2027, 938, 0, 2027, 923, 0, 0, 0, 255
L 2027, 923, 0, 2029, 908, 0, 0, 0, 255
L 2029, 908, 0, 2027, 900, 0, 0, 0, 255
L 2027, 900, 0, 2029, 884, 0, 0, 0, 255
L 2029, 884, 0, 2026, 874, 0, 0, 0, 255
L 2026, 874, 0, 2029, 859, 0, 0, 0, 255
L 2029, 859, 0, 2025, 849, 0, 0, 0, 255
L 2025, 849, 0, 2029, 834, 0, 0, 0, 255
L 2029, 834, 0, 2026, 825, 0, 0, 0, 255
L 2026, 825, 0, 2028, 809, 0, 0, 0, 255
L 2028, 809, 0, 2026, 797, 0, 0, 0, 255
L 2026, 797, 0, 2028, 785, 0, 0, 0, 255
L 2028, 785, 0, 2026, 773, 0, 0, 0, 255
L 2026, 773, 0, 2028, 760, 0, 0, 0, 255
L 2028, 760, 0, 2025, 748, 0, 0, 0, 255
L 2025, 748, 0, 2029, 736, 0, 0, 0, 255
L 2029, 736, 0, 2026, 725, 0, 0, 0, 255
L 2026, 725, 0, 2029, 711, 0, 0, 0, 255
L 2029, 711, 0, 2025, 701, 0, 0, 0, 255
L 2025, 701, 0, 2027, 683, 0, 0, 0, 255
L 2027, 683, 0, 2027, 675, 0, 0, 0, 255
L 2027, 675, 0, 2028, 660, 0, 0, 0, 255
L 2028, 660, 0, 2026, 649, 0, 0, 0, 255
L 2026, 649, 0, 2029, 634, 0, 0, 0, 255
L 2029, 634, 0, 2026, 624, 0, 0, 0, 255
L 2026, 624, 0, 2028, 612, 0, 0, 0, 255
L 2028, 612, 0, 2026, 600, 0, 0, 0, 255
L 2026, 600, 0, 2028, 586, 0, 0, 0, 255
L 2028, 586, 0, 2036, 577, 0, 0, 0, 255
L 2036, 577, 0, 2050, 575, 0, 0, 0, 255
L 2050, 575, 0, 2063, 569, 0, 0, 0, 255
L 2063, 569, 0, 2071, 561, 0, 0, 0, 255
L 2071, 561, 0, 2077, 547, 0, 0, 0, 255
L 2077, 547, 0, 2079, 535, 0, 0, 0, 255
L 2079, 535, 0, 2089, 518, 0, 0, 0, 255
L 2089, 518, 0, 2093, 512, 0, 0, 0, 255
L 2093, 512, 0, 2116, 461, 0, 0, 0, 255
L 2116, 461, 0, 2123, 452, 0, 0, 0, 255
L 2123, 452, 0, 2124, 439, 0, 0, 0, 255
L 2124, 439, 0, 2139, 415, 0, 0, 0, 255
L 2139, 415, 0, 2145, 400, 0, 0, 0, 255
L 2145, 400, 0, 2148, 389, 0, 0, 0, 255
L 2148, 389, 0, 2153, 376, 0, 0, 0, 255
L 2153, 376, 0, 2162, 363, 0, 0, 0, 255
L 2162, 363, 0, 2176, 346, 0, 0, 0, 255
L 2176, 346, 0, 2182, 336, 0, 0, 0, 255
L 2182, 336, 0, 2186, 324, 0, 0, 0, 255
L 2186, 324, 0, 2187, 309, 0, 0, 0, 255
L 2187, 309, 0, 2187, 202, 0, 0, 0, 255
L 2187, 202, 0, 2181, 191, 0, 0, 0, 255
L 2181, 191, 0, 2171, 181, 0, 0, 0, 255
L 2171, 181, 0, 2164, 164, 0, 0, 0, 255
L 2164, 164, 0, 2163, 151, 0, 0, 0, 255
L 2163, 151, 0, 2155, 137, 0, 0, 0, 255
L 2155, 137, 0, 2135, 113, 0, 0, 0, 255
L 2135, 113, 0, 2131, 106, 0, 0, 0, 255
L 2131, 106, 0, 2121, 90, 0, 0, 0, 255
L 2121, 90, 0, 2128, 72, 0, 0, 0, 255
L 2128, 72, 0, 2142, 52, 0, 0, 0, 255
L 2142, 52, 0, 2146, 40, 0, 0, 0, 255
L 2146, 40, 0, 2158, 11, 0, 0, 0, 255
L 2158, 11, 0, 2163, -2, 0, 0, 0, 255
L 2163, -2, 0, 2166, -12, 0, 0, 0, 255
L 2166, -12, 0, 2163, -100, 0, 0, 0, 255
L 2163, -100, 0, 2143, -129, 0, 0, 0, 255
L 2143, -129, 0, 2140, -227, 0, 0, 0, 255
L 2140, -227, 0, 2133, -245, 0, 0, 0, 255
L 2133, -245, 0, 2124, -256, 0, 0, 0, 255
L 2124, -256, 0, 2122, -267, 0, 0, 0, 255
L 2122, -267, 0, 2122, -282, 0, 0, 0, 255
L 2122, -282, 0, 2118, -289, 0, 0, 0, 255
L 2118, -289, 0, 2110, -301, 0, 0, 0, 255
L 2110, -301, 0, 2101, -312, 0, 0, 0, 255
L 2101, -312, 0, 2095, -320, 0, 0, 0, 255
L 2095, -320, 0, 2087, -329, 0, 0, 0, 255
L 2087, -329, 0, 2079, -337, 0, 0, 0, 255
L 2079, -337, 0, 2075, -354, 0, 0, 0, 255
L 2075, -354, 0, 2077, -364, 0, 0, 0, 255
L 2077, -364, 0, 2072, -419, 0, 0, 0, 255
L 2072, -419, 0, 2056, -437, 0, 0, 0, 255
L 2056, -437, 0, 2057, -445, 0, 0, 0, 255
L 2057, -445, 0, 2066, -460, 0, 0, 0, 255
L 2066, -460, 0, 2085, -506, 0, 0, 0, 255
L 2085, -506, 0, 2090, -513, 0, 0, 0, 255
L 2090, -513, 0, 2120, -547, 0, 0, 0, 255
L 2120, -547, 0, 2124, -563, 0, 0, 0, 255
L 2124, -563, 0, 2125, -589, 0, 0, 0, 255
L 2125, -589, 0, 2134, -615, 0, 0, 0, 255
L 2134, -615, 0, 2138, -631, 0, 0, 0, 255
L 2138, -631, 0, 2138, -649, 0, 0, 0, 255
L 2138, -649, 0, 2130, -668, 0, 0, 0, 255
L 2130, -668, 0, 2130, -679, 0, 0, 0, 255
L 2130, -679, 0, 2131, -696, 0, 0, 0, 255
L 2131, -696, 0, 2137, -717, 0, 0, 0, 255
L 2137, -717, 0, 2135, -847, 0, 0, 0, 255
L 2135, -847, 0, 2136, -860, 0, 0, 0, 255
L 2136, -860, 0, 2141, -877, 0, 0, 0, 255
L 2141, -877, 0, 2149, -889, 0, 0, 0, 255
L 2149, -889, 0, 2157, -899, 0, 0, 0, 255
L 2157, -899, 0, 2181, -941, 0, 0, 0, 255
L 2181, -941, 0, 2184, -964, 0, 0, 0, 255
L 2184, -964, 0, 2185, -1030, 0, 0, 0, 255
L 2185, -1030, 0, 2171, -1037, 0, 0, 0, 255
L 2171, -1037, 0, 2165, -1048, 0, 0, 0, 255
L 2165, -1048, 0, 2166, -1058, 0, 0, 0, 255
L 2166, -1058, 0, 2166, -1068, 0, 0, 0, 255
L 2166, -1068, 0, 2172, -1073, 0, 0, 0, 255
L 2172, -1073, 0, 2176, -1076, 0, 0, 0, 255
L 2176, -1076, 0, 2184, -1080, 0, 0, 0, 255
L 2184, -1080, 0, 2183, -1167, 0, 0, 0, 255
L 2183, -1167, 0, 2141, -1224, 0, 0, 0, 255
L 2141, -1224, 0, 2141, -1299, 0, 0, 0, 255
L 2141, -1299, 0, 2133, -1321, 0, 0, 0, 255
L 2133, -1321, 0, 2130, -1325, 0, 0, 0, 255
L 2130, -1325, 0, 2123, -1337, 0, 0, 0, 255
L 2123, -1337, 0, 2125, -1361, 0, 0, 0, 255
L 2125, -1361, 0, 2115, -1374, 0, 0, 0, 255
L 2115, -1374, 0, 2118, -1394, 0, 0, 0, 255
L 2118, -1394, 0, 2121, -1400, 0, 0, 0, 255
L 2121, -1400, 0, 2123, -1409, 0, 0, 0, 255
L 2123, -1409, 0, 2121, -1434, 0, 0, 0, 255
L 2121, -1434, 0, 2123, -1448, 0, 0, 0, 255
L 2123, -1448, 0, 2134, -1473, 0, 0, 0, 255
L 2134, -1473, 0, 2136, -1488, 0, 0, 0, 255
L 2136, -1488, 0, 2142, -1682, 0, 0, 0, 255
L 2142, -1682, 0, 2123, -1714, 0, 0, 0, 255
L 2123, -1714, 0, 2123, -1724, 0, 0, 0, 255
L 2123, -1724, 0, 2125, -1739, 0, 0, 0, 255
L 2125, -1739, 0, 2125, -1762, 0, 0, 0, 255
L 2125, -1762, 0, 2103, -1784, 0, 0, 0, 255
L 2103, -1784, 0, 2102, -1800, 0, 0, 0, 255
L 2102, -1800, 0, 2102, -1810, 0, 0, 0, 255
L 2102, -1810, 0, 2101, -1837, 0, 0, 0, 255
L 2101, -1837, 0, 2092, -1845, 0, 0, 0, 255
L 2092, -1845, 0, 2078, -1861, 0, 0, 0, 255
L 2078, -1861, 0, 2077, -1875, 0, 0, 0, 255
L 2077, -1875, 0, 2078, -1885, 0, 0, 0, 255
L 2078, -1885, 0, 2074, -1909, 0, 0, 0, 255
L 2074, -1909, 0, 2051, -1936, 0, 0, 0, 255
L 2051, -1936, 0, 2049, -1951, 0, 0, 0, 255
L 2049, -1951, 0, 2047, -1963, 0, 0, 0, 255
L 2047, -1963, 0, 2027, -1985, 0, 0, 0, 255
L 2027, -1985, 0, 2024, -1996, 0, 0, 0, 255
L 2024, -1996, 0, 2022, -2030, 0, 0, 0, 255
L 2022, -2030, 0, 1982, -2070, 0, 0, 0, 255
L 1982, -2070, 0, 1956, -2085, 0, 0, 0, 255
L -1948, -1034, 0, -2108, -1034, 0, 0, 153, 153
L -2108, -1034, 0, -2111, -1138, 0, 0, 153, 153
L -2111, -1138, 0, -1948, -1138, 0, 0, 153, 153
L -1948, -1138, 0, -1948, -1034, 0, 0, 153, 153
L -1998, -1075, 0, -1998, -1138, 0, 153, 153, 153
L -1998, -1138, 0, -2021, -1138, 0, 153, 153, 153
L -2021, -1138, 0, -2021, -1125, 0, 153, 153, 153
L -2021, -1125, 0, -2012, -1124, 0, 153, 153, 153
L -2012, -1124, 0, -2011, -1074, 0, 153, 153, 153
L -2011, -1074, 0, -1998, -1075, 0, 153, 153, 153
L -1998, -1058, 0, -1998, -1035, 0, 153, 153, 153
L -1998, -1035, 0, -2112, -1037, 0, 153, 153, 153
L -2112, -1037, 0, -2112, -1137, 0, 153, 153, 153
L -2112, -1137, 0, -2038, -1138, 0, 153, 153, 153
L -2038, -1138, 0, -2039, -1124, 0, 153, 153, 153
L -2039, -1124, 0, -2097, -1124, 0, 153, 153, 153
L -2097, -1124, 0, -2097, -1048, 0, 153, 153, 153
L -2097, -1048, 0, -2012, -1048, 0, 153, 153, 153
L -2012, -1048, 0, -2011, -1057, 0, 153, 153, 153
L -2011, -1057, 0, -1998, -1058, 0, 153, 153, 153
L -1909, -960, 0, -1910, -1123, 0, 0, 153, 153
L -1910, -1123, 0, -1806, -1123, 0, 0, 153, 153
L -1806, -1123, 0, -1806, -960, 0, 0, 153, 153
L -1806, -960, 0, -1909, -960, 0, 0, 153, 153
L -1869, -1010, 0, -1806, -1011, 0, 153, 153, 153
L -1806, -1011, 0, -1807, -1033, 0, 153, 153, 153
L -1807, -1033, 0, -1820, -1032, 0, 153, 153, 153
L -1820, -1032, 0, -1820, -1024, 0, 153, 153, 153
L -1820, -1024, 0, -1869, -1023, 0, 153, 153, 153
L -1869, -1023, 0, -1869, -1010, 0, 153, 153, 153
L -1887, -1009, 0, -1910, -1010, 0, 153, 153, 153
L -1910, -1010, 0, -1909, -1123, 0, 153, 153, 153
L -1909, -1123, 0, -1807, -1123, 0, 153, 153, 153
L -1807, -1123, 0, -1807, -1049, 0, 153, 153, 153
L -1807, -1049, 0, -1819, -1050, 0, 153, 153, 153
L -1819, -1050, 0, -1820, -1109, 0, 153, 153, 153
L -1820, -1109, 0, -1896, -1109, 0, 153, 153, 153
L -1896, -1109, 0, -1896, -1024, 0, 153, 153, 153
L -1896, -1024, 0, -1886, -1023, 0, 153, 153, 153
L -1886, -1023, 0, -1887, -1009, 0, 153, 153, 153
L -1982, -1185, 0, -1983, -1348, 0, 0, 153, 153
L -1983, -1348, 0, -1880, -1349, 0, 0, 153, 153
L -1880, -1349, 0, -1880, -1185, 0, 0, 153, 153
L -1880, -1185, 0, -1982, -1185, 0, 0, 153, 153
L -1943, -1235, 0, -1879, -1235, 0, 153, 153, 153
L -1879, -1235, 0, -1879, -1258, 0, 153, 153, 153
L -1879, -1258, 0, -1892, -1259, 0, 153, 153, 153
L -1892, -1259, 0, -1893, -1249, 0, 153, 153, 153
L -1893, -1249, 0, -1943, -1248, 0, 153, 153, 153
L -1943, -1248, 0, -1943, -1235, 0, 153, 153, 153
L -1959, -1236, 0, -1982, -1235, 0, 153, 153, 153
L -1982, -1235, 0, -1982, -1349, 0, 153, 153, 153
L -1982, -1349, 0, -1879, -1348, 0, 153, 153, 153
L -1879, -1348, 0, -1879, -1276, 0, 153, 153, 153
L -1879, -1276, 0, -1892, -1275, 0, 153, 153, 153
L -1892, -1275, 0, -1893, -1335, 0, 153, 153, 153
L -1893, -1335, 0, -1969, -1335, 0, 153, 153, 153
L -1969, -1335, 0, -1969, -1249, 0, 153, 153, 153
L -1969, -1249, 0, -1959, -1248, 0, 153, 153, 153
L -1959, -1248, 0, -1959, -1236, 0, 153, 153, 153
L -2309, -1515, 1098, -2310, -1455, 104, 153, 153, 153
L -2310, -1455, 104, -2310, -1368, 96, 153, 153, 153
L -2310, -1368, 96, -2310, -1249, 83, 153, 153, 153
L -2310, -1249, 83, -2310, -1129, 93, 153, 153, 153
L -2310, -1129, 93, -2312, -1054, 96, 153, 153, 153
L -2312, -1054, 96, -2317, -972, 85, 153, 153, 153
L -2317, -972, 85, -2315, -902, 48, 153, 153, 153
L -2315, -902, 48, -2295, -818, 32, 153, 153, 153
L -2295, -818, 32, -2259, -712, 34, 153, 153, 153
L -2259, -712, 34, -2210, -526, 70, 153, 153, 153
L -2210, -526, 70, -2193, -475, 71, 153, 153, 153
L -2193, -475, 71, -2180, -388, 71, 153, 153, 153
L -2180, -388, 71, -2148, -235, 81, 153, 153, 153
L -2148, -235, 81, -2132, -147, 69, 153, 153, 153
L -2132, -147, 69, -2162, 68, 62, 153, 153, 153
L -2162, 68, 62, -2186, 355, 44, 153, 153, 153
L -2186, 355, 44, -2188, 461, 23, 153, 153, 153
L -2188, 461, 23, -2180, 650, 64, 153, 153, 153
L -2180, 650, 64, -2181, 662, 65, 153, 153, 153
L -2181, 662, 65, -2185, 683, 68, 153, 153, 153
L -2185, 683, 68, -2206, 787, 74, 153, 153, 153
L -2206, 787, 74, -2192, 925, 66, 153, 153, 153
L -2192, 925, 66, -2197, 1071, 66, 153, 153, 153
L -2197, 1071, 66, -2160, 1210, 87, 153, 153, 153
L -2160, 1210, 87, -2128, 1403, 47, 153, 153, 153
L -2128, 1403, 47, -2130, 1445, 50, 153, 153, 153
L -2130, 1445, 50, -2142, 1710, 57, 153, 153, 153
L -2142, 1710, 57, -2168, 1807, 72, 153, 153, 153
L -2168, 1807, 72, -2175, 1838, 89, 153, 153, 153
L -2175, 1838, 89, -2196, 1927, 141, 153, 153, 153
L -2196, 1927, 141, -2170, 2153, 211, 153, 153, 153
L -2170, 2153, 211, -1965, 2237, 136, 153, 153, 153
L -1965, 2237, 136, -1743, 2235, 95, 153, 153, 153
L -1743, 2235, 95, -1550, 2231, 66, 153, 153, 153
L -1550, 2231, 66, -1280, 2230, 58, 153, 153, 153
L -1280, 2230, 58, -1155, 2196, 61, 153, 153, 153
L -1155, 2196, 61, -1028, 2213, 131, 153, 153, 153
L -1028, 2213, 131, -942, 2093, 84, 153, 153, 153
L -942, 2093, 84, -782, 2001, 64, 153, 153, 153
L -782, 2001, 64, -737, 1965, 70, 153, 153, 153
L -737, 1965, 70, -645, 1906, 67, 153, 153, 153
L -645, 1906, 67, -587, 1939, 77, 153, 153, 153
L -587, 1939, 77, -473, 1993, 108, 153, 153, 153
L -473, 1993, 108, -336, 2036, 113, 153, 153, 153
L -336, 2036, 113, -263, 2024, 92, 153, 153, 153
L -263, 2024, 92, -143, 1930, 128, 153, 153, 153
L -143, 1930, 128, -78, 1842, 212, 153, 153, 153
L -78, 1842, 212, -39, 1755, 237, 153, 153, 153
L -39, 1755, 237, -31, 1559, 231, 153, 153, 153
L -31, 1559, 231, -25, 1400, 259, 153, 153, 153
L -25, 1400, 259, 4, 1097, 256, 153, 153, 153
L 4, 1097, 256, 47, 1023, 300, 153, 153, 153
L 47, 1023, 300, 122, 1008, 335, 153, 153, 153
L 122, 1008, 335, 181, 1105, 355, 153, 153, 153
L 181, 1105, 355, 230, 1268, 363, 153, 153, 153
L 230, 1268, 363, 206, 1420, 402, 153, 153, 153
L 206, 1420, 402, 179, 1556, 395, 153, 153, 153
L 179, 1556, 395, 186, 1708, 303, 153, 153, 153
L 186, 1708, 303, 209, 1821, 316, 153, 153, 153
L 209, 1821, 316, 248, 1952, 295, 153, 153, 153
L 248, 1952, 295, 362, 2002, 225, 153, 153, 153
L 362, 2002, 225, 504, 1977, 148, 153, 153, 153
L 504, 1977, 148, 625, 1930, 109, 153, 153, 153
L 625, 1930, 109, 726, 1921, 117, 153, 153, 153
L 726, 1921, 117, 830, 1915, 142, 153, 153, 153
L 830, 1915, 142, 965, 1899, 131, 153, 153, 153
L 965, 1899, 131, 1217, 1851, 123, 153, 153, 153
L 1217, 1851, 123, 1336, 1863, 127, 153, 153, 153
L 1336, 1863, 127, 1389, 1872, 127, 153, 153, 153
L 1389, 1872, 127, 1492, 1872, 108, 153, 153, 153
L 1492, 1872, 108, 1554, 1879, 94, 153, 153, 153
L 1554, 1879, 94, 1626, 1903, 133, 153, 153, 153
L 1626, 1903, 133, 1740, 1941, 137, 153, 153, 153
L 1740, 1941, 137, 1789, 1957, 119, 153, 153, 153
L 1789, 1957, 119, 2023, 2096, 106, 153, 153, 153
L 2023, 2096, 106, 2115, 2135, 113, 153, 153, 153
L 2115, 2135, 113, 2198, 2113, 135, 153, 153, 153
L 2198, 2113, 135, 2246, 2080, 165, 153, 153, 153
L 2246, 2080, 165, 2266, 1984, 161, 153, 153, 153
L 2266, 1984, 161, 2273, 1924, 177, 153, 153, 153
L 2273, 1924, 177, 2273, 1854, 179, 153, 153, 153
L 2273, 1854, 179, 2267, 1709, 169, 153, 153, 153
L 2267, 1709, 169, 2240, 1485, 131, 153, 153, 153
L 2240, 1485, 131, 2215, 1274, 90, 153, 153, 153
L 2215, 1274, 90, 2204, 1183, 69, 153, 153, 153
L 2204, 1183, 69, 2190, 1038, 52, 153, 153, 153
L 2190, 1038, 52, 2186, 968, 79, 153, 153, 153
L 2186, 968, 79, 2213, 824, 111, 153, 153, 153
L 2213, 824, 111, 2227, 756, 111, 153, 153, 153
L 2227, 756, 111, 2235, 690, 101, 153, 153, 153
L 2235, 690, 101, 2263, 551, 109, 153, 153, 153
L 2263, 551, 109, 2288, 431, 113, 153, 153, 153
L 2288, 431, 113, 2302, 297, 112, 153, 153, 153
L 2302, 297, 112, 2270, 141, 100, 153, 153, 153
L 2270, 141, 100, 2255, -23, 77, 153, 153, 153
L 2255, -23, 77, 2253, -258, 99, 153, 153, 153
L 2253, -258, 99, 2253, -394, 113, 153, 153, 153
L 2253, -394, 113, 2236, -628, 77, 153, 153, 153
L 2236, -628, 77, 2249, -746, 103, 153, 153, 153
L 2249, -746, 103, 2261, -885, 121, 153, 153, 153
L 2261, -885, 121, 2261, -960, 113, 153, 153, 153
L 2261, -960, 113, 2244, -1099, 95, 153, 153, 153
L 2244, -1099, 95, 2241, -1196, 91, 153, 153, 153
L 2241, -1196, 91, 2201, -1420, 71, 153, 153, 153
L 2201, -1420, 71, 2193, -1490, 61, 153, 153, 153
L 2193, -1490, 61, 2226, -1622, 66, 153, 153, 153
L 2226, -1622, 66, 2233, -1738, 87, 153, 153, 153
L 2233, -1738, 87, 2243, -1960, 83, 153, 153, 153
L 2243, -1960, 83, 2173, -2067, 87, 153, 153, 153
L 2173, -2067, 87, 2112, -2109, 89, 153, 153, 153
L 2112, -2109, 89, 2015, -2096, 40, 153, 153, 153
L 2015, -2096, 40, 1983, -2092, 12, 153, 153, 153
L 1983, -2092, 12, 1942, -2079, 7, 153, 153, 153
L 1942, -2079, 7, 1870, -2048, -5, 153, 153, 153
L 1870, -2048, -5, 1772, -2002, -5, 153, 153, 153
L 1772, -2002, -5, 1674, -1920, 57, 153, 153, 153
L 1674, -1920, 57, 1503, -1783, 127, 153, 153, 153
L 1503, -1783, 127, 1393, -1712, 118, 153, 153, 153
L 1393, -1712, 118, 1349, -1683, 83, 153, 153, 153
L 1349, -1683, 83, 1274, -1678, 83, 153, 153, 153
L 1274, -1678, 83, 1200, -1681, 90, 153, 153, 153
L 1200, -1681, 90, 1107, -1708, 113, 153, 153, 153
L 1107, -1708, 113, 943, -1705, 100, 153, 153, 153
L 943, -1705, 100, 847, -1727, 91, 153, 153, 153
L 847, -1727, 91, 809, -1738, 88, 153, 153, 153
L 809, -1738, 88, 741, -1712, 89, 153, 153, 153
L 741, -1712, 89, 670, -1672, 102, 153, 153, 153
L 670, -1672, 102, 650, -1658, 111, 153, 153, 153
L 650, -1658, 111, 640, -1576, 96, 153, 153, 153
L 640, -1576, 96, 612, -1508, 125, 153, 153, 153
L 612, -1508, 125, 591, -1464, 175, 153, 153, 153
L 591, -1464, 175, 484, -1387, 273, 153, 153, 153
L 484, -1387, 273, 371, -1416, 358, 153, 153, 153
L 371, -1416, 358, 306, -1447, 300, 153, 153, 153
L 306, -1447, 300, 281, -1461, 278, 153, 153, 153
L 281, -1461, 278, 249, -1497, 246, 153, 153, 153
L 249, -1497, 246, 227, -1536, 167, 153, 153, 153
L 227, -1536, 167, 215, -1656, 175, 153, 153, 153
L 215, -1656, 175, 218, -1699, 201, 153, 153, 153
L 218, -1699, 201, 136, -1807, 185, 153, 153, 153
L 136, -1807, 185, 113, -1840, 176, 153, 153, 153
L 113, -1840, 176, 19, -1923, 150, 153, 153, 153
L 19, -1923, 150, -46, -2017, 145, 153, 153, 153
L -46, -2017, 145, -145, -2125, 142, 153, 153, 153
L -145, -2125, 142, -199, -2160, 113, 153, 153, 153
L -199, -2160, 113, -263, -2160, 102, 153, 153, 153
L -263, -2160, 102, -358, -2169, 88, 153, 153, 153
L -358, -2169, 88, -464, -2216, 123, 153, 153, 153
L -464, -2216, 123, -515, -2240, 175, 153, 153, 153
L -515, -2240, 175, -619, -2245, 193, 153, 153, 153
L -619, -2245, 193, -703, -2223, 189, 153, 153, 153
L -703, -2223, 189, -839, -2190, 163, 153, 153, 153
L -839, -2190, 163, -947, -2177, 159, 153, 153, 153
L -947, -2177, 159, -1058, -2118, 175, 153, 153, 153
L -1058, -2118, 175, -1091, -2097, 163, 153, 153, 153
L -1091, -2097, 163, -1179, -2048, 140, 153, 153, 153
L -1179, -2048, 140, -1257, -1979, 67, 153, 153, 153
L -1257, -1979, 67, -1319, -1984, 68, 153, 153, 153
L -1319, -1984, 68, -1352, -1987, 70, 153, 153, 153
L -1352, -1987, 70, -1385, -1992, 78, 153, 153, 153
L -1385, -1992, 78, -1450, -2031, 74, 153, 153, 153
L -1450, -2031, 74, -1570, -2122, 57, 153, 153, 153
L -1570, -2122, 57, -1640, -2199, 74, 153, 153, 153
L -1640, -2199, 74, -1713, -2159, 57, 153, 153, 153
L -1713, -2159, 57, -1836, -2101, 39, 153, 153, 153
L -1836, -2101, 39, -1946, -2179, 69, 153, 153, 153
L -1946, -2179, 69, -1977, -2210, 98, 153, 153, 153
L -1977, -2210, 98, -2093, -2220, 105, 153, 153, 153
L -2093, -2220, 105, -2152, -2212, 143, 153, 153, 153
L -2152, -2212, 143, -2170, -2210, 160, 153, 153, 153
L -2170, -2210, 160, -2210, -2081, 141, 153, 153, 153
L -2210, -2081, 141, -2161, -1968, 65, 153, 153, 153
L -2161, -1968, 65, -2200, -1897, 65, 153, 153, 153
L -2200, -1897, 65, -2283, -1711, 46, 153, 153, 153
L -2283, -1711, 46, -2301, -1642, 74, 153, 153, 153
L -2301, -1642, 74, -2307, -1551, 111, 153, 153, 153
L -2307, -1551, 111, -2310, -1510, 112, 153, 153, 153
L -2138, 650, 193, -2130, 654, 18, 153, 153, 153
L -2130, 654, 18, -2131, 662, 18, 153, 153, 153
L -2131, 662, 18, -2133, 664, 18, 153, 153, 153
L -2133, 664, 18, -2138, 667, 19, 153, 153, 153
L -2138, 667, 19, -2170, 667, 19, 153, 153, 153
L -2170, 667, 19, -2172, 638, 20, 153, 153, 153
L -2172, 638, 20, -2217, 638, 19, 153, 153, 153
L -2217, 638, 19, -2224, 632, 18, 153, 153, 153
L -2224, 632, 18, -2219, 622, 17, 153, 153, 153
L -2219, 622, 17, -2233, 589, 13, 153, 153, 153
L -2233, 589, 13, -2322, 612, 7, 153, 153, 153
L -2322, 612, 7, -2344, 626, 7, 153, 153, 153
L -2344, 626, 7, -2374, 633, 11, 153, 153, 153
L -2374, 633, 11, -2396, 626, 9, 153, 153, 153
L -2396, 626, 9, -2426, 564, 8, 153, 153, 153
L -2426, 564, 8, -2460, 421, 8, 153, 153, 153
L -2460, 421, 8, -2507, 418, 7, 153, 153, 153
L -2507, 418, 7, -2521, 358, 6, 153, 153, 153
L -2521, 358, 6, -2503, 299, 12, 153, 153, 153
L -2503, 299, 12, -2485, 180, 6, 153, 153, 153
L -2485, 180, 6, -2478, 87, 3, 153, 153, 153
L -2478, 87, 3, -2490, -19, 8, 153, 153, 153
L -2490, -19, 8, -2504, -82, 5, 153, 153, 153
L -2504, -82, 5, -2535, -138, 2, 153, 153, 153
L -2535, -138, 2, -2532, -242, 26, 153, 153, 153
L -2532, -242, 26, -2561, -289, 8, 153, 153, 153
L -2561, -289, 8, -2589, -317, 3, 153, 153, 153
L -2589, -317, 3, -2711, -317, -4, 153, 153, 153
L -2711, -317, -4, -2750, -299, -8, 153, 153, 153
L -2750, -299, -8, -2770, -233, 7, 153, 153, 153
L -2770, -233, 7, -2726, -192, 12, 153, 153, 153
L -2726, -192, 12, -2698, -189, 26, 153, 153, 153
L -2698, -189, 26, -2622, -180, 7, 153, 153, 153
L -2622, -180, 7, -2605, -159, 7, 153, 153, 153
L -2605, -159, 7, -2587, -134, 7, 153, 153, 153
L -2587, -134, 7, -2575, -96, 14, 153, 153, 153
L -2575, -96, 14, -2565, -61, 6, 153, 153, 153
L -2565, -61, 6, -2551, 28, -1, 153, 153, 153
L -2551, 28, -1, -2546, 120, 1, 153, 153, 153
L -2546, 120, 1, -2549, 204, 2, 153, 153, 153
L -2549, 204, 2, -2560, 267, 4, 153, 153, 153
L -2560, 267, 4, -2567, 296, 10, 153, 153, 153
L -2567, 296, 10, -2579, 317, 10, 153, 153, 153
L -2579, 317, 10, -2589, 332, 23, 153, 153, 153
L -2589, 332, 23, -2617, 350, 11, 153, 153, 153
L -2617, 350, 11, -2644, 397, 10, 153, 153, 153
L -2644, 397, 10, -2668, 422, 10, 153, 153, 153
L -2668, 422, 10, -2724, 327, 7, 153, 153, 153
L -2724, 327, 7, -2789, 266, 5, 153, 153, 153
L -2789, 266, 5, -2847, 212, 7, 153, 153, 153
L -2847, 212, 7, -2917, 189, 5, 153, 153, 153
L -2917, 189, 5, -2975, 181, 8, 153, 153, 153
L -2975, 181, 8, -3041, 189, 6, 153, 153, 153
L -3041, 189, 6, -3104, 224, 8, 153, 153, 153
L -3104, 224, 8, -3225, 78, 16, 153, 153, 153
L -3225, 78, 16, -3190, 38, 20, 153, 153, 153
L -3190, 38, 20, -3156, 21, 20, 153, 153, 153
L -3156, 21, 20, -3119, 44, 20, 153, 153, 153
L -3119, 44, 20, -3075, 75, 20, 153, 153, 153
L -3075, 75, 20, -3049, 90, 20, 153, 153, 153
L -3049, 90, 20, -3008, 112, 19, 153, 153, 153
L -3008, 112, 19, -2950, 131, 19, 153, 153, 153
L -2950, 131, 19, -2906, 71, 20, 153, 153, 153
L -2906, 71, 20, -2867, -8, 20, 153, 153, 153
L -2867, -8, 20, -2906, -54, 20, 153, 153, 153
L -2906, -54, 20, -2980, -57, 19, 153, 153, 153
L -2980, -57, 19, -2993, -51, 19, 153, 153, 153
L -2993, -51, 19, -3035, -36, 25, 153, 153, 153
L -3035, -36, 25, -3070, -24, 22, 153, 153, 153
L -3070, -24, 22, -3104, -22, 18, 153, 153, 153
L -3104, -22, 18, -3112, -36, 18, 153, 153, 153
L -3112, -36, 18, -3128, -72, 18, 153, 153, 153
L -3128, -72, 18, -3138, -92, 19, 153, 153, 153
L -3138, -92, 19, -3116, -144, 23, 153, 153, 153
L -3116, -144, 23, -3105, -153, 23, 153, 153, 153
L -3105, -153, 23, -3090, -152, 22, 153, 153, 153
L -3090, -152, 22, -3025, -139, 24, 153, 153, 153
L -3025, -139, 24, -2989, -124, 20, 153, 153, 153
L -2989, -124, 20, -2929, -151, 21, 153, 153, 153
L -2929, -151, 21, -2871, -238, 25, 153, 153, 153
L -2871, -238, 25, -2886, -318, 21, 153, 153, 153
L -2886, -318, 21, -2919, -353, 20, 153, 153, 153
L -2919, -353, 20, -2977, -340, 20, 153, 153, 153
L -2977, -340, 20, -3019, -302, 18, 153, 153, 153
L -3019, -302, 18, -3108, -240, 19, 153, 153, 153
L -3108, -240, 19, -3125, -242, 18, 153, 153, 153
L -3125, -242, 18, -3147, -290, 19, 153, 153, 153
L -3147, -290, 19, -3191, -398, 21, 153, 153, 153
L -3191, -398, 21, -3205, -464, 16, 153, 153, 153
L -3205, -464, 16, -3216, -519, 10, 153, 153, 153
L -3216, -519, 10, -3290, -601, 19, 153, 153, 153
L -3290, -601, 19, -3384, -605, 21, 153, 153, 153
L -3384, -605, 21, -3445, -605, 19, 153, 153, 153
L -3445, -605, 19, -3592, -592, 22, 153, 153, 153
L -3592, -592, 22, -3685, -532, 21, 153, 153, 153
L -3685, -532, 21, -3724, -506, 20, 153, 153, 153
L -3724, -506, 20, -3739, -446, 22, 153, 153, 153
L -3739, -446, 22, -3765, -367, 15, 153, 153, 153
L -3765, -367, 15, -3702, -332, 16, 153, 153, 153
L -3702, -332, 16, -3653, -341, 16, 153, 153, 153
L -3653, -341, 16, -3614, -347, 14, 153, 153, 153
L -3614, -347, 14, -3575, -353, 17, 153, 153, 153
L -3575, -353, 17, -3541, -358, 19, 153, 153, 153
L -3541, -358, 19, -3340, -365, 13, 153, 153, 153
L -3340, -365, 13, -3303, -340, 17, 153, 153, 153
L -3303, -340, 17, -3246, -303, 19, 153, 153, 153
L -3246, -303, 19, -3215, -217, 23, 153, 153, 153
L -3215, -217, 23, -3205, -139, 24, 153, 153, 153
L -3205, -139, 24, -3226, -38, 24, 153, 153, 153
L -3226, -38, 24, -3250, 5, 28, 153, 153, 153
L -3250, 5, 28, -3286, 33, 27, 153, 153, 153
L -3286, 33, 27, -3312, 51, 27, 153, 153, 153
L -3312, 51, 27, -3369, 45, 27, 153, 153, 153
L -3369, 45, 27, -3370, 45, 27, 153, 153, 153
L -3370, 45, 27, -3395, 47, 20, 153, 153, 153
L -3395, 47, 20, -3446, 68, 18, 153, 153, 153
L -3446, 68, 18, -3509, 52, 16, 153, 153, 153
L -3509, 52, 16, -3494, 6, 16, 153, 153, 153
L -3494, 6, 16, -3475, -38, 23, 153, 153, 153
L -3475, -38, 23, -3475, -100, 25, 153, 153, 153
L -3475, -100, 25, -3536, -153, 25, 153, 153, 153
L -3536, -153, 25, -3615, -168, 15, 153, 153, 153
L -3615, -168, 15, -3670, -136, 18, 153, 153, 153
L -3670, -136, 18, -3700, -119, 22, 153, 153, 153
L -3700, -119, 22, -3745, -41, 22, 153, 153, 153
L -3745, -41, 22, -3742, 42, 19, 153, 153, 153
L -3742, 42, 19, -3741, 73, 13, 153, 153, 153
L -3741, 73, 13, -3698, 128, 14, 153, 153, 153
L -3698, 128, 14, -3628, 158, 18, 153, 153, 153
L -3628, 158, 18, -3565, 149, 18, 153, 153, 153
L -3565, 149, 18, -3527, 144, 19, 153, 153, 153
L -3527, 144, 19, -3482, 145, 18, 153, 153, 153
L -3482, 145, 18, -3457, 146, 16, 153, 153, 153
L -3457, 146, 16, -3404, 137, 16, 153, 153, 153
L -3404, 137, 16, -3379, 136, 18, 153, 153, 153
L -3379, 136, 18, -3331, 140, 18, 153, 153, 153
L -3331, 140, 18, -3284, 152, 19, 153, 153, 153
L -3284, 152, 19, -3240, 170, 19, 153, 153, 153
L -3240, 170, 19, -3222, 190, 17, 153, 153, 153
L -3222, 190, 17, -3190, 228, 11, 153, 153, 153
L -3190, 228, 11, -3168, 253, 10, 153, 153, 153
L -3168, 253, 10, -3170, 269, 9, 153, 153, 153
L -3170, 269, 9, -3183, 283, 7, 153, 153, 153
L -3183, 283, 7, -3203, 303, 11, 153, 153, 153
L -3203, 303, 11, -3230, 331, 6, 153, 153, 153
L -3230, 331, 6, -3249, 380, 1, 153, 153, 153
L -3249, 380, 1, -3257, 394, 1, 153, 153, 153
L -3257, 394, 1, -3244, 391, 0, 153, 153, 153
L -3244, 391, 0, -3180, 386, 0, 153, 153, 153
L -3180, 386, 0, -3179, 379, 1, 153, 153, 153
L -3179, 379, 1, -3168, 381, 2, 153, 153, 153
L -3168, 381, 2, -3167, 385, 3, 153, 153, 153
L -3167, 385, 3, -3088, 376, 6, 153, 153, 153
L -3088, 376, 6, -3088, 371, 7, 153, 153, 153
L -3088, 371, 7, -3076, 372, 8, 153, 153, 153
L -3076, 372, 8, -3075, 376, 8, 153, 153, 153
L -3075, 376, 8, -2992, 375, 7, 153, 153, 153
L -2992, 375, 7, -2991, 369, 5, 153, 153, 153
L -2991, 369, 5, -2980, 370, 1, 153, 153, 153
L -2980, 370, 1, -2979, 375, 2, 153, 153, 153
L -2979, 375, 2, -2896, 374, -2, 153, 153, 153
L -2896, 374, -2, -2895, 370, -3, 153, 153, 153
L -2895, 370, -3, -2884, 370, -2, 153, 153, 153
L -2884, 370, -2, -2883, 374, -2, 153, 153, 153
L -2883, 374, -2, -2806, 376, -1, 153, 153, 153
L -2806, 376, -1, -2805, 372, -1, 153, 153, 153
L -2805, 372, -1, -2792, 373, -2, 153, 153, 153
L -2792, 373, -2, -2794, 386, -3, 153, 153, 153
L -2794, 386, -3, -2797, 385, -2, 153, 153, 153
L -2797, 385, -2, -2789, 449, 1, 153, 153, 153
L -2789, 449, 1, -2782, 450, 0, 153, 153, 153
L -2782, 450, 0, -2785, 462, -1, 153, 153, 153
L -2785, 462, -1, -2789, 462, 0, 153, 153, 153
L -2789, 462, 0, -2791, 557, 2, 153, 153, 153
L -2791, 557, 2, -2787, 558, 4, 153, 153, 153
L -2787, 558, 4, -2787, 569, 4, 153, 153, 153
L -2787, 569, 4, -2800, 569, 4, 153, 153, 153
L -2800, 569, 4, -2800, 560, 4, 153, 153, 153
L -2800, 560, 4, -2796, 557, 3, 153, 153, 153
L -2796, 557, 3, -2794, 462, 3, 153, 153, 153
L -2794, 462, 3, -2797, 462, 0, 153, 153, 153
L -2797, 462, 0, -2798, 449, 0, 153, 153, 153
L -2798, 449, 0, -2794, 449, 0, 153, 153, 153
L -2794, 449, 0, -2802, 385, 1, 153, 153, 153
L -2802, 385, 1, -2806, 384, -3, 153, 153, 153
L -2806, 384, -3, -2806, 381, -2, 153, 153, 153
L -2806, 381, -2, -2883, 379, -2, 153, 153, 153
L -2883, 379, -2, -2883, 382, -3, 153, 153, 153
L -2883, 382, -3, -2895, 383, -2, 153, 153, 153
L -2895, 383, -2, -2896, 379, -2, 153, 153, 153
L -2896, 379, -2, -2979, 379, 5, 153, 153, 153
L -2979, 379, 5, -2979, 382, 4, 153, 153, 153
L -2979, 382, 4, -2991, 383, 5, 153, 153, 153
L -2991, 383, 5, -2992, 379, 4, 153, 153, 153
L -2992, 379, 4, -3075, 381, 7, 153, 153, 153
L -3075, 381, 7, -3075, 384, 7, 153, 153, 153
L -3075, 384, 7, -3087, 385, 6, 153, 153, 153
L -3087, 385, 6, -3088, 381, 5, 153, 153, 153
L -3088, 381, 5, -3167, 390, 3, 153, 153, 153
L -3167, 390, 3, -3168, 396, 1, 153, 153, 153
L -3168, 396, 1, -3179, 394, 1, 153, 153, 153
L -3179, 394, 1, -3180, 390, 1, 153, 153, 153
L -3180, 390, 1, -3244, 395, 0, 153, 153, 153
L -3244, 395, 0, -3244, 398, 0, 153, 153, 153
L -3244, 398, 0, -3253, 400, 0, 153, 153, 153
L -3253, 400, 0, -3264, 496, 5, 153, 153, 153
L -3264, 496, 5, -3332, 495, 0, 153, 153, 153
L -3332, 495, 0, -3383, 439, -7, 153, 153, 153
L -3383, 439, -7, -3394, 399, -8, 153, 153, 153
L -3394, 399, -8, -3408, 346, -8, 153, 153, 153
L -3408, 346, -8, -3441, 308, -14, 153, 153, 153
L -3441, 308, -14, -3512, 290, -14, 153, 153, 153
L -3512, 290, -14, -3589, 290, -13, 153, 153, 153
L -3589, 290, -13, -3642, 319, -13, 153, 153, 153
L -3642, 319, -13, -3688, 366, -13, 153, 153, 153
L -3688, 366, -13, -3693, 405, -14, 153, 153, 153
L -3693, 405, -14, -3702, 454, -14, 153, 153, 153
L -3702, 454, -14, -3707, 495, -14, 153, 153, 153
L -3707, 495, -14, -3714, 504, -13, 153, 153, 153
L -3714, 504, -13, -3743, 502, -14, 153, 153, 153
L -3743, 502, -14, -3739, 528, -14, 153, 153, 153
L -3739, 528, -14, -3755, 554, 8, 153, 153, 153
L -3755, 554, 8, -3755, 585, 8, 153, 153, 153
L -3755, 585, 8, -3755, 612, 16, 153, 153, 153
L -3755, 612, 16, -3754, 644, 8, 153, 153, 153
L -3754, 644, 8, -3711, 644, 0, 153, 153, 153
L -3711, 644, 0, -3712, 679, 0, 153, 153, 153
L -3712, 679, 0, -3715, 714, 0, 153, 153, 153
L -3715, 714, 0, -3702, 758, 0, 153, 153, 153
L -3702, 758, 0, -3674, 818, 0, 153, 153, 153
L -3674, 818, 0, -3639, 846, 0, 153, 153, 153
L -3639, 846, 0, -3588, 854, 0, 153, 153, 153
L -3588, 854, 0, -3466, 835, -3, 153, 153, 153
L -3466, 835, -3, -3412, 769, -11, 153, 153, 153
L -3412, 769, -11, -3386, 702, -13, 153, 153, 153
L -3386, 702, -13, -3368, 672, -13, 153, 153, 153
L -3368, 672, -13, -3337, 652, -13, 153, 153, 153
L -3337, 652, -13, -3312, 647, 4, 153, 153, 153
L -3312, 647, 4, -3265, 647, 5, 153, 153, 153
L -3265, 647, 5, -3266, 759, 5, 153, 153, 153
L -3266, 759, 5, -3258, 760, 5, 153, 153, 153
L -3258, 760, 5, -3257, 764, 4, 153, 153, 153
L -3257, 764, 4, -3180, 779, 5, 153, 153, 153
L -3180, 779, 5, -3179, 775, 5, 153, 153, 153
L -3179, 775, 5, -3168, 775, 5, 153, 153, 153
L -3168, 775, 5, -3167, 780, 6, 153, 153, 153
L -3167, 780, 6, -3089, 785, 5, 153, 153, 153
L -3089, 785, 5, -3088, 781, 4, 153, 153, 153
L -3088, 781, 4, -3076, 781, 2, 153, 153, 153
L -3076, 781, 2, -3076, 785, 2, 153, 153, 153
L -3076, 785, 2, -2999, 783, 4, 153, 153, 153
L -2999, 783, 4, -2999, 780, 3, 153, 153, 153
L -2999, 780, 3, -2987, 778, 3, 153, 153, 153
L -2987, 778, 3, -2985, 783, 4, 153, 153, 153
L -2985, 783, 4, -2906, 783, 3, 153, 153, 153
L -2906, 783, 3, -2905, 778, -1, 153, 153, 153
L -2905, 778, -1, -2895, 778, -1, 153, 153, 153
L -2895, 778, -1, -2893, 783, -2, 153, 153, 153
L -2893, 783, -2, -2811, 780, -1, 153, 153, 153
L -2811, 780, -1, -2811, 778, -3, 153, 153, 153
L -2811, 778, -3, -2807, 776, -2, 153, 153, 153
L -2807, 776, -2, -2797, 710, 7, 153, 153, 153
L -2797, 710, 7, -2800, 710, 6, 153, 153, 153
L -2800, 710, 6, -2801, 699, 7, 153, 153, 153
L -2801, 699, 7, -2797, 697, 9, 153, 153, 153
L -2797, 697, 9, -2796, 601, 8, 153, 153, 153
L -2796, 601, 8, -2799, 601, 7, 153, 153, 153
L -2799, 601, 7, -2800, 587, 5, 153, 153, 153
L -2800, 587, 5, -2786, 588, 5, 153, 153, 153
L -2786, 588, 5, -2788, 600, 5, 153, 153, 153
L -2788, 600, 5, -2791, 601, 4, 153, 153, 153
L -2791, 601, 4, -2792, 697, 9, 153, 153, 153
L -2792, 697, 9, -2790, 697, 7, 153, 153, 153
L -2790, 697, 7, -2788, 709, 6, 153, 153, 153
L -2788, 709, 6, -2793, 710, 6, 153, 153, 153
L -2793, 710, 6, -2802, 776, -2, 153, 153, 153
L -2802, 776, -2, -2798, 777, -2, 153, 153, 153
L -2798, 777, -2, -2798, 787, -3, 153, 153, 153
L -2798, 787, -3, -2809, 789, -2, 153, 153, 153
L -2809, 789, -2, -2811, 785, -2, 153, 153, 153
L -2811, 785, -2, -2893, 787, -1, 153, 153, 153
L -2893, 787, -1, -2894, 791, -1, 153, 153, 153
L -2894, 791, -1, -2904, 791, -1, 153, 153, 153
L -2904, 791, -1, -2906, 787, -1, 153, 153, 153
L -2906, 787, -1, -2985, 787, 5, 153, 153, 153
L -2985, 787, 5, -2985, 790, 5, 153, 153, 153
L -2985, 790, 5, -2997, 789, 5, 153, 153, 153
L -2997, 789, 5, -2999, 787, 5, 153, 153, 153
L -2999, 787, 5, -3076, 789, 3, 153, 153, 153
L -3076, 789, 3, -3076, 793, 0, 153, 153, 153
L -3076, 793, 0, -3089, 793, 0, 153, 153, 153
L -3089, 793, 0, -3089, 789, 0, 153, 153, 153
L -3089, 789, 0, -3167, 784, 6, 153, 153, 153
L -3167, 784, 6, -3167, 787, 6, 153, 153, 153
L -3167, 787, 6, -3179, 788, 5, 153, 153, 153
L -3179, 788, 5, -3180, 784, 6, 153, 153, 153
L -3180, 784, 6, -3257, 768, 1, 153, 153, 153
L -3257, 768, 1, -3259, 772, 3, 153, 153, 153
L -3259, 772, 3, -3267, 772, 3, 153, 153, 153
L -3267, 772, 3, -3267, 874, 3, 153, 153, 153
L -3267, 874, 3, -3294, 902, 3, 153, 153, 153
L -3294, 902, 3, -3297, 903, 3, 153, 153, 153
L -3297, 903, 3, -3316, 853, 3, 153, 153, 153
L -3316, 853, 3, -3433, 853, 3, 153, 153, 153
L -3433, 853, 3, -3444, 902, 3, 153, 153, 153
L -3444, 902, 3, -3444, 937, 3, 153, 153, 153
L -3444, 937, 3, -3432, 986, 3, 153, 153, 153
L -3432, 986, 3, -3394, 986, 3, 153, 153, 153
L -3394, 986, 3, -3382, 1025, 3, 153, 153, 153
L -3382, 1025, 3, -3379, 1041, 3, 153, 153, 153
L -3379, 1041, 3, -3401, 1041, 3, 153, 153, 153
L -3401, 1041, 3, -3413, 1075, 3, 153, 153, 153
L -3413, 1075, 3, -3416, 1076, 3, 153, 153, 153
L -3416, 1076, 3, -3430, 1044, 3, 153, 153, 153
L -3430, 1044, 3, -3513, 1044, 4, 153, 153, 153
L -3513, 1044, 4, -3513, 1134, 3, 153, 153, 153
L -3513, 1134, 3, -3430, 1134, 3, 153, 153, 153
L -3430, 1134, 3, -3417, 1094, 3, 153, 153, 153
L -3417, 1094, 3, -3413, 1093, 3, 153, 153, 153
L -3413, 1093, 3, -3401, 1137, 3, 153, 153, 153
L -3401, 1137, 3, -3336, 1136, 4, 153, 153, 153
L -3336, 1136, 4, -3328, 1094, 3, 153, 153, 153
L -3328, 1094, 3, -3324, 1092, 3, 153, 153, 153
L -3324, 1092, 3, -3311, 1133, 4, 153, 153, 153
L -3311, 1133, 4, -3226, 1132, 3, 153, 153, 153
L -3226, 1132, 3, -3226, 1043, 3, 153, 153, 153
L -3226, 1043, 3, -3311, 1043, 4, 153, 153, 153
L -3311, 1043, 4, -3324, 1076, 3, 153, 153, 153
L -3324, 1076, 3, -3327, 1075, 3, 153, 153, 153
L -3327, 1075, 3, -3337, 1040, 3, 153, 153, 153
L -3337, 1040, 3, -3360, 1042, 3, 153, 153, 153
L -3360, 1042, 3, -3361, 1035, 3, 153, 153, 153
L -3361, 1035, 3, -3347, 986, 3, 153, 153, 153
L -3347, 986, 3, -3316, 985, 3, 153, 153, 153
L -3316, 985, 3, -3297, 936, 3, 153, 153, 153
L -3297, 936, 3, -3248, 900, 3, 153, 153, 153
L -3248, 900, 3, -3151, 871, 3, 153, 153, 153
L -3151, 871, 3, -3031, 903, 3, 153, 153, 153
L -3031, 903, 3, -2958, 908, 0, 153, 153, 153
L -2958, 908, 0, -2919, 908, 19, 153, 153, 153
L -2919, 908, 19, -2880, 882, 16, 153, 153, 153
L -2880, 882, 16, -2847, 861, 13, 153, 153, 153
L -2847, 861, 13, -2782, 818, 4, 153, 153, 153
L -2782, 818, 4, -2728, 781, -2, 153, 153, 153
L -2728, 781, -2, -2695, 731, 0, 153, 153, 153
L -2695, 731, 0, -2664, 676, 0, 153, 153, 153
L -2664, 676, 0, -2637, 653, 0, 153, 153, 153
L -2637, 653, 0, -2634, 607, 3, 153, 153, 153
L -2634, 607, 3, -2631, 568, 7, 153, 153, 153
L -2631, 568, 7, -2609, 521, 6, 153, 153, 153
L -2609, 521, 6, -2597, 494, 3, 153, 153, 153
L -2597, 494, 3, -2549, 457, 2, 153, 153, 153
L -2549, 457, 2, -2502, 466, 0, 153, 153, 153
L -2502, 466, 0, -2491, 565, 0, 153, 153, 153
L -2491, 565, 0, -2476, 666, 0, 153, 153, 153
L -2476, 666, 0, -2472, 686, 3, 153, 153, 153
L -2472, 686, 3, -2451, 724, 16, 153, 153, 153
L -2451, 724, 16, -2406, 760, 8, 153, 153, 153
L -2406, 760, 8, -2358, 744, 2, 153, 153, 153
L -2358, 744, 2, -2320, 731, 1, 153, 153, 153
L -2320, 731, 1, -2247, 708, 0, 153, 153, 153
L -2247, 708, 0, -2223, 675, 20, 153, 153, 153
L -2223, 675, 20, -2224, 669, 19, 153, 153, 153
L -2224, 669, 19, -2222, 664, 19, 153, 153, 153
L -2222, 664, 19, -2224, 661, 18, 153, 153, 153
L -2224, 661, 18, -2221, 653, 18, 153, 153, 153
L -2221, 653, 18, -2219, 649, 20, 153, 153, 153
L -2219, 649, 20, -2185, 650, 20, 153, 153, 153
L -2185, 650, 20, -2184, 679, 20, 153, 153, 153
L -2184, 679, 20, -2138, 679, 19, 153, 153, 153
L -2138, 679, 19, -2138, 678, 20, 153, 153, 153
L -2138, 678, 20, -2133, 682, 19, 153, 153, 153
L -2133, 682, 19, -2130, 688, 18, 153, 153, 153
L -2130, 688, 18, -2131, 691, 18, 153, 153, 153
L -2131, 691, 18, -2133, 693, 18, 153, 153, 153
L -2133, 693, 18, -2140, 691, 18, 153, 153, 153
L -2140, 691, 18, -2139, 694, 19, 153, 153, 153
L -2139, 694, 19, -2142, 692, 21, 153, 153, 153
L -662, -2182, 901, -666, -2212, 95, 153, 153, 153
L -666, -2212, 95, -645, -2258, 83, 153, 153, 153
L -645, -2258, 83, -637, -2277, 75, 153, 153, 153
L -637, -2277, 75, -634, -2296, 70, 153, 153, 153
L -634, -2296, 70, -635, -2306, 67, 153, 153, 153
L -635, -2306, 67, -637, -2318, 63, 153, 153, 153
L -637, -2318, 63, -649, -2344, 55, 153, 153, 153
L -649, -2344, 55, -660, -2366, 53, 153, 153, 153
L -660, -2366, 53, -666, -2387, 57, 153, 153, 153
L -666, -2387, 57, -670, -2399, 67, 153, 153, 153
L -670, -2399, 67, -682, -2402, 70, 153, 153, 153
L -682, -2402, 70, -699, -2408, 51, 153, 153, 153
L -699, -2408, 51, -721, -2431, 49, 153, 153, 153
L -721, -2431, 49, -731, -2447, 50, 153, 153, 153
L -731, -2447, 50, -738, -2473, 48, 153, 153, 153
L -738, -2473, 48, -730, -2502, 63, 153, 153, 153
L -730, -2502, 63, -722, -2510, 63, 153, 153, 153
L -722, -2510, 63, -729, -2523, 58, 153, 153, 153
L -729, -2523, 58, -737, -2541, 54, 153, 153, 153
L -737, -2541, 54, -747, -2566, 50, 153, 153, 153
L -747, -2566, 50, -764, -2605, 44, 153, 153, 153
L -764, -2605, 44, -771, -2623, 41, 153, 153, 153
L -771, -2623, 41, -783, -2646, 37, 153, 153, 153
L -783, -2646, 37, -792, -2659, 37, 153, 153, 153
L -792, -2659, 37, -810, -2677, 40, 153, 153, 153
L -810, -2677, 40, -826, -2688, 44, 153, 153, 153
L -826, -2688, 44, -862, -2711, 56, 153, 153, 153
L -862, -2711, 56, -888, -2728, 68, 153, 153, 153
L -888, -2728, 68, -917, -2747, 73, 153, 153, 153
L -917, -2747, 73, -929, -2757, 86, 153, 153, 153
L -929, -2757, 86, -963, -2752, 93, 153, 153, 153
L -963, -2752, 93, -993, -2763, 73, 153, 153, 153
L -993, -2763, 73, -1009, -2780, 69, 153, 153, 153
L -1009, -2780, 69, -1007, -2798, 68, 153, 153, 153
L -1007, -2798, 68, -994, -2821, 87, 153, 153, 153
L -994, -2821, 87, -999, -2828, 89, 153, 153, 153
L -999, -2828, 89, -1015, -2850, 85, 153, 153, 153
L -1015, -2850, 85, -1019, -2856, 81, 153, 153, 153
L -1019, -2856, 81, -1050, -2880, 80, 153, 153, 153
L -1050, -2880, 80, -1069, -2912, 74, 153, 153, 153
L -1069, -2912, 74, -1084, -2934, 74, 153, 153, 153
L -1084, -2934, 74, -1097, -2946, 86, 153, 153, 153
L -1097, -2946, 86, -1106, -2941, 81, 153, 153, 153
L -1106, -2941, 81, -1150, -2937, 66, 153, 153, 153
L -1150, -2937, 66, -1191, -2950, 62, 153, 153, 153
L -1191, -2950, 62, -1203, -2967, 66, 153, 153, 153
L -1203, -2967, 66, -1200, -2987, 65, 153, 153, 153
L -1200, -2987, 65, -1184, -3004, 69, 153, 153, 153
L -1184, -3004, 69, -1155, -3021, 85, 153, 153, 153
L -1155, -3021, 85, -1163, -3032, 85, 153, 153, 153
L -1163, -3032, 85, -1176, -3056, 74, 153, 153, 153
L -1176, -3056, 74, -1193, -3076, 71, 153, 153, 153
L -1193, -3076, 71, -1227, -3105, 84, 153, 153, 153
L -1227, -3105, 84, -1257, -3144, 79, 153, 153, 153
L -1257, -3144, 79, -1262, -3148, 79, 153, 153, 153
L -1262, -3148, 79, -1276, -3142, 80, 153, 153, 153
L -1276, -3142, 80, -1298, -3146, 64, 153, 153, 153
L -1298, -3146, 64, -1314, -3157, 69, 153, 153, 153
L -1314, -3157, 69, -1323, -3177, 75, 153, 153, 153
L -1323, -3177, 75, -1320, -3195, 75, 153, 153, 153
L -1320, -3195, 75, -1312, -3207, 71, 153, 153, 153
L -1312, -3207, 71, -1297, -3209, 80, 153, 153, 153
L -1297, -3209, 80, -1280, -3215, 79, 153, 153, 153
L -1280, -3215, 79, -1283, -3233, 75, 153, 153, 153
L -1283, -3233, 75, -1295, -3275, 70, 153, 153, 153
L -1295, -3275, 70, -1295, -3296, 71, 153, 153, 153
L -1295, -3296, 71, -1288, -3317, 74, 153, 153, 153
L -1288, -3317, 74, -1288, -3339, 77, 153, 153, 153
L -1288, -3339, 77, -1282, -3359, 80, 153, 153, 153
L -1282, -3359, 80, -1280, -3378, 88, 153, 153, 153
L -1280, -3378, 88, -1309, -3382, 80, 153, 153, 153
L -1309, -3382, 80, -1332, -3397, 77, 153, 153, 153
L -1332, -3397, 77, -1346, -3433, 77, 153, 153, 153
L -1346, -3433, 77, -1344, -3481, 76, 153, 153, 153
L -1344, -3481, 76, -1314, -3521, 82, 153, 153, 153
L -1314, -3521, 82, -1253, -3533, 74, 153, 153, 153
L -1253, -3533, 74, -1175, -3528, 81, 153, 153, 153
L -1175, -3528, 81, -1154, -3495, 82, 153, 153, 153
L -1154, -3495, 82, -1148, -3442, 79, 153, 153, 153
L -1148, -3442, 79, -1155, -3400, 78, 153, 153, 153
L -1155, -3400, 78, -1179, -3381, 73, 153, 153, 153
L -1179, -3381, 73, -1214, -3373, 76, 153, 153, 153
L -1214, -3373, 76, -1246, -3379, 90, 153, 153, 153
L -1246, -3379, 90, -1247, -3355, 79, 153, 153, 153
L -1247, -3355, 79, -1252, -3338, 77, 153, 153, 153
L -1252, -3338, 77, -1252, -3319, 74, 153, 153, 153
L -1252, -3319, 74, -1259, -3296, 71, 153, 153, 153
L -1259, -3296, 71, -1259, -3274, 70, 153, 153, 153
L -1259, -3274, 70, -1248, -3236, 74, 153, 153, 153
L -1248, -3236, 74, -1244, -3214, 79, 153, 153, 153
L -1244, -3214, 79, -1225, -3213, 75, 153, 153, 153
L -1225, -3213, 75, -1215, -3201, 68, 153, 153, 153
L -1215, -3201, 68, -1217, -3182, 90, 153, 153, 153
L -1217, -3182, 90, -1232, -3172, 86, 153, 153, 153
L -1232, -3172, 86, -1218, -3152, 89, 153, 153, 153
L -1218, -3152, 89, -1208, -3136, 86, 153, 153, 153
L -1208, -3136, 86, -1195, -3123, 83, 153, 153, 153
L -1195, -3123, 83, -1169, -3102, 72, 153, 153, 153
L -1169, -3102, 72, -1149, -3080, 74, 153, 153, 153
L -1149, -3080, 74, -1141, -3062, 79, 153, 153, 153
L -1141, -3062, 79, -1135, -3055, 87, 153, 153, 153
L -1135, -3055, 87, -1126, -3046, 91, 153, 153, 153
L -1126, -3046, 91, -1117, -3055, 94, 153, 153, 153
L -1117, -3055, 94, -1096, -3069, 73, 153, 153, 153
L -1096, -3069, 73, -1064, -3078, 68, 153, 153, 153
L -1064, -3078, 68, -1053, -3064, 68, 153, 153, 153
L -1053, -3064, 68, -1049, -3034, 86, 153, 153, 153
L -1049, -3034, 86, -1047, -3030, 83, 153, 153, 153
L -1047, -3030, 83, -1005, -3032, 77, 153, 153, 153
L -1005, -3032, 77, -958, -3024, 77, 153, 153, 153
L -958, -3024, 77, -915, -3012, 77, 153, 153, 153
L -915, -3012, 77, -895, -3010, 77, 153, 153, 153
L -895, -3010, 77, -873, -3009, 92, 153, 153, 153
L -873, -3009, 92, -873, -3015, 93, 153, 153, 153
L -873, -3015, 93, -869, -3021, 94, 153, 153, 153
L -869, -3021, 94, -859, -3029, 91, 153, 153, 153
L -859, -3029, 91, -852, -3031, 85, 153, 153, 153
L -852, -3031, 85, -854, -3041, 82, 153, 153, 153
L -854, -3041, 82, -858, -3070, 79, 153, 153, 153
L -858, -3070, 79, -853, -3094, 83, 153, 153, 153
L -853, -3094, 83, -854, -3116, 87, 153, 153, 153
L -854, -3116, 87, -859, -3152, 81, 153, 153, 153
L -859, -3152, 81, -851, -3189, 79, 153, 153, 153
L -851, -3189, 79, -851, -3213, 73, 153, 153, 153
L -851, -3213, 73, -856, -3233, 73, 153, 153, 153
L -856, -3233, 73, -855, -3253, 77, 153, 153, 153
L -855, -3253, 77, -852, -3273, 80, 153, 153, 153
L -852, -3273, 80, -862, -3274, 82, 153, 153, 153
L -862, -3274, 82, -879, -3299, 77, 153, 153, 153
L -879, -3299, 77, -879, -3358, 76, 153, 153, 153
L -879, -3358, 76, -877, -3410, 70, 153, 153, 153
L -877, -3410, 70, -873, -3436, 74, 153, 153, 153
L -873, -3436, 74, -863, -3465, 65, 153, 153, 153
L -863, -3465, 65, -849, -3497, 61, 153, 153, 153
L -849, -3497, 61, -841, -3537, 65, 153, 153, 153
L -841, -3537, 65, -849, -3561, 71, 153, 153, 153
L -849, -3561, 71, -876, -3621, 64, 153, 153, 153
L -876, -3621, 64, -881, -3663, 56, 153, 153, 153
L -881, -3663, 56, -882, -3738, 34, 153, 153, 153
L -882, -3738, 34, -867, -3798, 31, 153, 153, 153
L -867, -3798, 31, -821, -3849, 21, 153, 153, 153
L -821, -3849, 21, -780, -3857, 23, 153, 153, 153
L -780, -3857, 23, -728, -3849, 37, 153, 153, 153
L -728, -3849, 37, -700, -3809, 44, 153, 153, 153
L -700, -3809, 44, -694, -3737, 38, 153, 153, 153
L -694, -3737, 38, -692, -3697, 56, 153, 153, 153
L -692, -3697, 56, -700, -3637, 56, 153, 153, 153
L -700, -3637, 56, -707, -3603, 67, 153, 153, 153
L -707, -3603, 67, -721, -3575, 74, 153, 153, 153
L -721, -3575, 74, -741, -3550, 74, 153, 153, 153
L -741, -3550, 74, -750, -3536, 66, 153, 153, 153
L -750, -3536, 66, -751, -3508, 68, 153, 153, 153
L -751, -3508, 68, -737, -3486, 71, 153, 153, 153
L -737, -3486, 71, -722, -3474, 73, 153, 153, 153
L -722, -3474, 73, -692, -3468, 73, 153, 153, 153
L -692, -3468, 73, -671, -3470, 74, 153, 153, 153
L -671, -3470, 74, -644, -3482, 73, 153, 153, 153
L -644, -3482, 73, -631, -3491, 71, 153, 153, 153
L -631, -3491, 71, -624, -3497, 69, 153, 153, 153
L -624, -3497, 69, -590, -3528, 70, 153, 153, 153
L -590, -3528, 70, -555, -3550, 72, 153, 153, 153
L -555, -3550, 72, -535, -3556, 74, 153, 153, 153
L -535, -3556, 74, -492, -3568, 69, 153, 153, 153
L -492, -3568, 69, -424, -3585, 72, 153, 153, 153
L -424, -3585, 72, -340, -3596, 56, 153, 153, 153
L -340, -3596, 56, -300, -3601, 60, 153, 153, 153
L -300, -3601, 60, -244, -3597, 66, 153, 153, 153
L -244, -3597, 66, -216, -3559, 82, 153, 153, 153
L -216, -3559, 82, -192, -3525, 78, 153, 153, 153
L -192, -3525, 78, -184, -3502, 88, 153, 153, 153
L -184, -3502, 88, -141, -3500, 78, 153, 153, 153
L -141, -3500, 78, -103, -3499, 91, 153, 153, 153
L -103, -3499, 91, -91, -3517, 86, 153, 153, 153
L -91, -3517, 86, -75, -3527, 75, 153, 153, 153
L -75, -3527, 75, -46, -3534, 74, 153, 153, 153
L -46, -3534, 74, -15, -3526, 77, 153, 153, 153
L -15, -3526, 77, -4, -3512, 77, 153, 153, 153
L -4, -3512, 77, 0, -3493, 71, 153, 153, 153
L 0, -3493, 71, -12, -3465, 71, 153, 153, 153
L -12, -3465, 71, -31, -3449, 90, 153, 153, 153
L -31, -3449, 90, -39, -3448, 90, 153, 153, 153
L -39, -3448, 90, -43, -3449, 89, 153, 153, 153
L -43, -3449, 89, -45, -3429, 84, 153, 153, 153
L -45, -3429, 84, -35, -3387, 94, 153, 153, 153
L -35, -3387, 94, -35, -3344, 94, 153, 153, 153
L -35, -3344, 94, -42, -3304, 80, 153, 153, 153
L -42, -3304, 80, -49, -3284, 72, 153, 153, 153
L -49, -3284, 72, -52, -3260, 67, 153, 153, 153
L -52, -3260, 67, -49, -3239, 67, 153, 153, 153
L -49, -3239, 67, -39, -3217, 70, 153, 153, 153
L -39, -3217, 70, -19, -3178, 87, 153, 153, 153
L -19, -3178, 87, -14, -3136, 93, 153, 153, 153
L -14, -3136, 93, -19, -3117, 87, 153, 153, 153
L -19, -3117, 87, -28, -3096, 78, 153, 153, 153
L -28, -3096, 78, -47, -3075, 74, 153, 153, 153
L -47, -3075, 74, -47, -3054, 71, 153, 153, 153
L -47, -3054, 71, -25, -3032, 91, 153, 153, 153
L -25, -3032, 91, -17, -3014, 88, 153, 153, 153
L -17, -3014, 88, -16, -3010, 87, 153, 153, 153
L -16, -3010, 87, 3, -3010, 77, 153, 153, 153
L 3, -3010, 77, 41, -2982, 89, 153, 153, 153
L 41, -2982, 89, 65, -2970, 95, 153, 153, 153
L 65, -2970, 95, 84, -2968, 95, 153, 153, 153
L 84, -2968, 95, 104, -2983, 89, 153, 153, 153
L 104, -2983, 89, 138, -3010, 74, 153, 153, 153
L 138, -3010, 74, 145, -3014, 71, 153, 153, 153
L 145, -3014, 71, 183, -3042, 65, 153, 153, 153
L 183, -3042, 65, 204, -3046, 66, 153, 153, 153
L 204, -3046, 66, 224, -3038, 65, 153, 153, 153
L 224, -3038, 65, 261, -3013, 76, 153, 153, 153
L 261, -3013, 76, 298, -3009, 100, 153, 153, 153
L 298, -3009, 100, 329, -3010, 107, 153, 153, 153
L 329, -3010, 107, 348, -3017, 104, 153, 153, 153
L 348, -3017, 104, 367, -3030, 100, 153, 153, 153
L 367, -3030, 100, 390, -3038, 90, 153, 153, 153
L 390, -3038, 90, 411, -3035, 86, 153, 153, 153
L 411, -3035, 86, 453, -3015, 77, 153, 153, 153
L 453, -3015, 77, 471, -3010, 82, 153, 153, 153
L 471, -3010, 82, 474, -3027, 89, 153, 153, 153
L 474, -3027, 89, 514, -3031, 63, 153, 153, 153
L 514, -3031, 63, 532, -3033, 66, 153, 153, 153
L 532, -3033, 66, 568, -3045, 84, 153, 153, 153
L 568, -3045, 84, 624, -3032, 57, 153, 153, 153
L 624, -3032, 57, 665, -3024, 49, 153, 153, 153
L 665, -3024, 49, 711, -3014, 68, 153, 153, 153
L 711, -3014, 68, 744, -3006, 91, 153, 153, 153
L 744, -3006, 91, 763, -2973, 67, 153, 153, 153
L 763, -2973, 67, 775, -2892, 66, 153, 153, 153
L 775, -2892, 66, 776, -2823, 45, 153, 153, 153
L 776, -2823, 45, 769, -2752, 28, 153, 153, 153
L 769, -2752, 28, 755, -2695, 11, 153, 153, 153
L 755, -2695, 11, 734, -2688, 7, 153, 153, 153
L 734, -2688, 7, 679, -2681, 0, 153, 153, 153
L 679, -2681, 0, 638, -2669, 2, 153, 153, 153
L 638, -2669, 2, 596, -2672, 2, 153, 153, 153
L 596, -2672, 2, 555, -2678, -17, 153, 153, 153
L 555, -2678, -17, 514, -2684, -21, 153, 153, 153
L 514, -2684, -21, 477, -2689, -5, 153, 153, 153
L 477, -2689, -5, 477, -2703, -12, 153, 153, 153
L 477, -2703, -12, 452, -2700, -22, 153, 153, 153
L 452, -2700, -22, 414, -2710, -22, 153, 153, 153
L 414, -2710, -22, 394, -2716, -22, 153, 153, 153
L 394, -2716, -22, 373, -2716, -22, 153, 153, 153
L 373, -2716, -22, 352, -2712, -22, 153, 153, 153
L 352, -2712, -22, 315, -2701, -22, 153, 153, 153
L 315, -2701, -22, 237, -2701, -22, 153, 153, 153
L 237, -2701, -22, 236, -2737, -22, 153, 153, 153
L 236, -2737, -22, 315, -2737, -22, 153, 153, 153
L 315, -2737, -22, 356, -2749, -22, 153, 153, 153
L 356, -2749, -22, 375, -2753, -22, 153, 153, 153
L 375, -2753, -22, 396, -2752, -22, 153, 153, 153
L 396, -2752, -22, 417, -2745, -22, 153, 153, 153
L 417, -2745, -22, 436, -2742, -22, 153, 153, 153
L 436, -2742, -22, 456, -2734, -22, 153, 153, 153
L 456, -2734, -22, 475, -2736, -9, 153, 153, 153
L 475, -2736, -9, 477, -2755, -16, 153, 153, 153
L 477, -2755, -16, 495, -2765, -16, 153, 153, 153
L 495, -2765, -16, 525, -2767, -6, 153, 153, 153
L 525, -2767, -6, 566, -2778, 28, 153, 153, 153
L 566, -2778, 28, 600, -2791, 46, 153, 153, 153
L 600, -2791, 46, 629, -2835, 42, 153, 153, 153
L 629, -2835, 42, 637, -2881, 51, 153, 153, 153
L 637, -2881, 51, 633, -2907, 59, 153, 153, 153
L 633, -2907, 59, 619, -2930, 63, 153, 153, 153
L 619, -2930, 63, 593, -2946, 67, 153, 153, 153
L 593, -2946, 67, 560, -2953, 65, 153, 153, 153
L 560, -2953, 65, 514, -2958, 65, 153, 153, 153
L 514, -2958, 65, 474, -2962, 80, 153, 153, 153
L 474, -2962, 80, 473, -2973, 78, 153, 153, 153
L 473, -2973, 78, 450, -2981, 78, 153, 153, 153
L 450, -2981, 78, 433, -2990, 82, 153, 153, 153
L 433, -2990, 82, 413, -2999, 85, 153, 153, 153
L 413, -2999, 85, 393, -3001, 90, 153, 153, 153
L 393, -3001, 90, 376, -2997, 96, 153, 153, 153
L 376, -2997, 96, 361, -2990, 101, 153, 153, 153
L 361, -2990, 101, 345, -2980, 105, 153, 153, 153
L 345, -2980, 105, 324, -2974, 107, 153, 153, 153
L 324, -2974, 107, 295, -2974, 99, 153, 153, 153
L 295, -2974, 99, 263, -2976, 77, 153, 153, 153
L 263, -2976, 77, 241, -2990, 70, 153, 153, 153
L 241, -2990, 70, 224, -3002, 65, 153, 153, 153
L 224, -3002, 65, 204, -3010, 65, 153, 153, 153
L 204, -3010, 65, 185, -3008, 66, 153, 153, 153
L 185, -3008, 66, 165, -2997, 65, 153, 153, 153
L 165, -2997, 65, 139, -2975, 74, 153, 153, 153
L 139, -2975, 74, 122, -2963, 81, 153, 153, 153
L 122, -2963, 81, 101, -2945, 90, 153, 153, 153
L 101, -2945, 90, 83, -2932, 95, 153, 153, 153
L 83, -2932, 95, 64, -2935, 95, 153, 153, 153
L 64, -2935, 95, 29, -2956, 84, 153, 153, 153
L 29, -2956, 84, 2, -2974, 82, 153, 153, 153
L 2, -2974, 82, -16, -2974, 85, 153, 153, 153
L -16, -2974, 85, -21, -2948, 69, 153, 153, 153
L -21, -2948, 69, -31, -2933, 68, 153, 153, 153
L -31, -2933, 68, -41, -2927, 67, 153, 153, 153
L -41, -2927, 67, -68, -2925, 85, 153, 153, 153
L -68, -2925, 85, -71, -2926, 83, 153, 153, 153
L -71, -2926, 83, -85, -2911, 77, 153, 153, 153
L -85, -2911, 77, -96, -2898, 72, 153, 153, 153
L -96, -2898, 72, -106, -2882, 78, 153, 153, 153
L -106, -2882, 78, -124, -2868, 92, 153, 153, 153
L -124, -2868, 92, -140, -2861, 101, 153, 153, 153
L -140, -2861, 101, -164, -2856, 101, 153, 153, 153
L -164, -2856, 101, -184, -2846, 93, 153, 153, 153
L -184, -2846, 93, -213, -2824, 80, 153, 153, 153
L -213, -2824, 80, -224, -2812, 83, 153, 153, 153
L -224, -2812, 83, -234, -2801, 85, 153, 153, 153
L -234, -2801, 85, -255, -2773, 81, 153, 153, 153
L -255, -2773, 81, -254, -2757, 87, 153, 153, 153
L -254, -2757, 87, -259, -2747, 87, 153, 153, 153
L -259, -2747, 87, -261, -2739, 85, 153, 153, 153
L -261, -2739, 85, -239, -2735, 81, 153, 153, 153
L -239, -2735, 81, -207, -2726, 68, 153, 153, 153
L -207, -2726, 68, -182, -2715, 64, 153, 153, 153
L -182, -2715, 64, -165, -2703, 62, 153, 153, 153
L -165, -2703, 62, -147, -2682, 58, 153, 153, 153
L -147, -2682, 58, -139, -2670, 55, 153, 153, 153
L -139, -2670, 55, -129, -2663, 53, 153, 153, 153
L -129, -2663, 53, -117, -2660, 51, 153, 153, 153
L -117, -2660, 51, -104, -2662, 51, 153, 153, 153
L -104, -2662, 51, -93, -2668, 53, 153, 153, 153
L -93, -2668, 53, -82, -2681, 54, 153, 153, 153
L -82, -2681, 54, -71, -2702, 54, 153, 153, 153
L -71, -2702, 54, -60, -2720, 53, 153, 153, 153
L -60, -2720, 53, -48, -2733, 52, 153, 153, 153
L -48, -2733, 52, -29, -2747, 51, 153, 153, 153
L -29, -2747, 51, -10, -2758, 51, 153, 153, 153
L -10, -2758, 51, 12, -2764, 53, 153, 153, 153
L 12, -2764, 53, 37, -2766, 56, 153, 153, 153
L 37, -2766, 56, 61, -2762, 58, 153, 153, 153
L 61, -2762, 58, 85, -2753, 61, 153, 153, 153
L 85, -2753, 61, 108, -2740, 64, 153, 153, 153
L 108, -2740, 64, 129, -2735, 67, 153, 153, 153
L 129, -2735, 67, 175, -2739, 73, 153, 153, 153
L 175, -2739, 73, 197, -2740, 75, 153, 153, 153
L 197, -2740, 75, 221, -2739, 77, 153, 153, 153
L 221, -2739, 77, 234, -2737, 77, 153, 153, 153
L 234, -2737, 77, 233, -2701, 77, 153, 153, 153
L 233, -2701, 77, 218, -2704, 76, 153, 153, 153
L 218, -2704, 76, 207, -2705, 75, 153, 153, 153
L 207, -2705, 75, 186, -2704, 73, 153, 153, 153
L 186, -2704, 73, 158, -2700, 70, 153, 153, 153
L 158, -2700, 70, 128, -2699, 67, 153, 153, 153
L 128, -2699, 67, 97, -2706, 64, 153, 153, 153
L 97, -2706, 64, 71, -2721, 61, 153, 153, 153
L 71, -2721, 61, 50, -2727, 58, 153, 153, 153
L 50, -2727, 58, 35, -2730, 56, 153, 153, 153
L 35, -2730, 56, 13, -2728, 53, 153, 153, 153
L 13, -2728, 53, -2, -2723, 51, 153, 153, 153
L -2, -2723, 51, -24, -2707, 52, 153, 153, 153
L -24, -2707, 52, -33, -2697, 54, 153, 153, 153
L -33, -2697, 54, -44, -2679, 55, 153, 153, 153
L -44, -2679, 55, -59, -2651, 54, 153, 153, 153
L -59, -2651, 54, -78, -2636, 52, 153, 153, 153
L -78, -2636, 52, -100, -2625, 51, 153, 153, 153
L -100, -2625, 51, -125, -2625, 51, 153, 153, 153
L -125, -2625, 51, -146, -2631, 53, 153, 153, 153
L -146, -2631, 53, -163, -2644, 56, 153, 153, 153
L -163, -2644, 56, -181, -2668, 59, 153, 153, 153
L -181, -2668, 59, -187, -2675, 61, 153, 153, 153
L -187, -2675, 61, -202, -2685, 65, 153, 153, 153
L -202, -2685, 65, -224, -2695, 69, 153, 153, 153
L -224, -2695, 69, -237, -2699, 73, 153, 153, 153
L -237, -2699, 73, -258, -2701, 77, 153, 153, 153
L -258, -2701, 77, -275, -2692, 72, 153, 153, 153
L -275, -2692, 72, -296, -2695, 66, 153, 153, 153
L -296, -2695, 66, -334, -2714, 79, 153, 153, 153
L -334, -2714, 79, -350, -2691, 70, 153, 153, 153
L -350, -2691, 70, -366, -2663, 62, 153, 153, 153
L -366, -2663, 62, -378, -2639, 54, 153, 153, 153
L -378, -2639, 54, -393, -2623, 48, 153, 153, 153
L -393, -2623, 48, -414, -2610, 43, 153, 153, 153
L -414, -2610, 43, -430, -2601, 39, 153, 153, 153
L -430, -2601, 39, -444, -2588, 37, 153, 153, 153
L -444, -2588, 37, -469, -2559, 41, 153, 153, 153
L -469, -2559, 41, -486, -2550, 44, 153, 153, 153
L -486, -2550, 44, -523, -2539, 50, 153, 153, 153
L -523, -2539, 50, -563, -2521, 55, 153, 153, 153
L -563, -2521, 55, -582, -2508, 72, 153, 153, 153
L -582, -2508, 72, -575, -2498, 69, 153, 153, 153
L -575, -2498, 69, -572, -2479, 55, 153, 153, 153
L -572, -2479, 55, -576, -2454, 52, 153, 153, 153
L -576, -2454, 52, -589, -2424, 51, 153, 153, 153
L -589, -2424, 51, -609, -2403, 58, 153, 153, 153
L -609, -2403, 58, -624, -2398, 66, 153, 153, 153
L -624, -2398, 66, -632, -2399, 66, 153, 153, 153
L -632, -2399, 66, -629, -2377, 54, 153, 153, 153
L -629, -2377, 54, -621, -2358, 53, 153, 153, 153
L -621, -2358, 53, -603, -2322, 61, 153, 153, 153
L -603, -2322, 61, -598, -2298, 69, 153, 153, 153
L -598, -2298, 69, -599, -2289, 72, 153, 153, 153
L -599, -2289, 72, -605, -2269, 79, 153, 153, 153
L -605, -2269, 79, -611, -2254, 84, 153, 153, 153
L -611, -2254, 84, -621, -2239, 90, 153, 153, 153
L -621, -2239, 90, -628, -2220, 94, 153, 153, 153
L -628, -2220, 94, -631, -2204, 96, 153, 153, 153
L -631, -2204, 96, -632, -2180, 105, 153, 153, 153
L -673, -2446, 536, -664, -2453, 51, 153, 153, 153
L -664, -2453, 51, -652, -2456, 51, 153, 153, 153
L -652, -2456, 51, -640, -2455, 53, 153, 153, 153
L -640, -2455, 53, -630, -2449, 54, 153, 153, 153
L -630, -2449, 54, -617, -2463, 53, 153, 153, 153
L -617, -2463, 53, -618, -2476, 52, 153, 153, 153
L -618, -2476, 52, -628, -2486, 53, 153, 153, 153
L -628, -2486, 53, -652, -2492, 53, 153, 153, 153
L -652, -2492, 53, -675, -2490, 53, 153, 153, 153
L -675, -2490, 53, -694, -2465, 51, 153, 153, 153
L -694, -2465, 51, -684, -2451, 54, 153, 153, 153
L -684, -2451, 54, -673, -2446, 53, 153, 153, 153
L -694, -2534, 601, -704, -2550, 56, 153, 153, 153
L -704, -2550, 56, -714, -2575, 53, 153, 153, 153
L -714, -2575, 53, -724, -2599, 49, 153, 153, 153
L -724, -2599, 49, -738, -2631, 43, 153, 153, 153
L -738, -2631, 43, -751, -2661, 38, 153, 153, 153
L -751, -2661, 38, -767, -2685, 37, 153, 153, 153
L -767, -2685, 37, -788, -2703, 42, 153, 153, 153
L -788, -2703, 42, -814, -2720, 48, 153, 153, 153
L -814, -2720, 48, -840, -2737, 58, 153, 153, 153
L -840, -2737, 58, -878, -2762, 70, 153, 153, 153
L -878, -2762, 70, -886, -2767, 72, 153, 153, 153
L -886, -2767, 72, -895, -2770, 72, 153, 153, 153
L -895, -2770, 72, -903, -2773, 71, 153, 153, 153
L -903, -2773, 71, -909, -2778, 72, 153, 153, 153
L -909, -2778, 72, -898, -2783, 73, 153, 153, 153
L -898, -2783, 73, -898, -2795, 75, 153, 153, 153
L -898, -2795, 75, -898, -2802, 77, 153, 153, 153
L -898, -2802, 77, -882, -2806, 80, 153, 153, 153
L -882, -2806, 80, -863, -2808, 82, 153, 153, 153
L -863, -2808, 82, -841, -2813, 86, 153, 153, 153
L -841, -2813, 86, -817, -2817, 84, 153, 153, 153
L -817, -2817, 84, -798, -2814, 80, 153, 153, 153
L -798, -2814, 80, -757, -2806, 72, 153, 153, 153
L -757, -2806, 72, -743, -2804, 83, 153, 153, 153
L -743, -2804, 83, -737, -2803, 84, 153, 153, 153
L -737, -2803, 84, -737, -2793, 88, 153, 153, 153
L -737, -2793, 88, -733, -2784, 85, 153, 153, 153
L -733, -2784, 85, -705, -2762, 71, 153, 153, 153
L -705, -2762, 71, -673, -2753, 72, 153, 153, 153
L -673, -2753, 72, -619, -2754, 70, 153, 153, 153
L -619, -2754, 70, -546, -2758, 73, 153, 153, 153
L -546, -2758, 73, -512, -2786, 73, 153, 153, 153
L -512, -2786, 73, -478, -2834, 79, 153, 153, 153
L -478, -2834, 79, -479, -2868, 71, 153, 153, 153
L -479, -2868, 71, -493, -2885, 82, 153, 153, 153
L -493, -2885, 82, -508, -2885, 84, 153, 153, 153
L -508, -2885, 84, -513, -2902, 81, 153, 153, 153
L -513, -2902, 81, -514, -2913, 79, 153, 153, 153
L -514, -2913, 79, -515, -2926, 74, 153, 153, 153
L -515, -2926, 74, -509, -2953, 79, 153, 153, 153
L -509, -2953, 79, -505, -2973, 80, 153, 153, 153
L -505, -2973, 80, -458, -2983, 67, 153, 153, 153
L -458, -2983, 67, -443, -2990, 63, 153, 153, 153
L -443, -2990, 63, -418, -2996, 49, 153, 153, 153
L -418, -2996, 49, -403, -2999, 45, 153, 153, 153
L -403, -2999, 45, -378, -2999, 50, 153, 153, 153
L -378, -2999, 50, -360, -2994, 56, 153, 153, 153
L -360, -2994, 56, -318, -2979, 86, 153, 153, 153
L -318, -2979, 86, -299, -2978, 91, 153, 153, 153
L -299, -2978, 91, -277, -2972, 101, 153, 153, 153
L -277, -2972, 101, -257, -2962, 109, 153, 153, 153
L -257, -2962, 109, -238, -2957, 109, 153, 153, 153
L -238, -2957, 109, -207, -2962, 102, 153, 153, 153
L -207, -2962, 102, -197, -2963, 98, 153, 153, 153
L -197, -2963, 98, -175, -2958, 88, 153, 153, 153
L -175, -2958, 88, -157, -2957, 83, 153, 153, 153
L -157, -2957, 83, -137, -2963, 77, 153, 153, 153
L -137, -2963, 77, -118, -2973, 77, 153, 153, 153
L -118, -2973, 77, -96, -2974, 89, 153, 153, 153
L -96, -2974, 89, -95, -2958, 90, 153, 153, 153
L -95, -2958, 90, -92, -2954, 89, 153, 153, 153
L -92, -2954, 89, -112, -2933, 74, 153, 153, 153
L -112, -2933, 74, -128, -2910, 77, 153, 153, 153
L -128, -2910, 77, -149, -2894, 93, 153, 153, 153
L -149, -2894, 93, -180, -2885, 101, 153, 153, 153
L -180, -2885, 101, -205, -2875, 94, 153, 153, 153
L -205, -2875, 94, -243, -2844, 82, 153, 153, 153
L -243, -2844, 82, -265, -2815, 83, 153, 153, 153
L -265, -2815, 83, -277, -2799, 89, 153, 153, 153
L -277, -2799, 89, -291, -2817, 85, 153, 153, 153
L -291, -2817, 85, -322, -2823, 70, 153, 153, 153
L -322, -2823, 70, -349, -2803, 72, 153, 153, 153
L -349, -2803, 72, -359, -2772, 87, 153, 153, 153
L -359, -2772, 87, -361, -2759, 92, 153, 153, 153
L -361, -2759, 92, -358, -2743, 88, 153, 153, 153
L -358, -2743, 88, -356, -2741, 87, 153, 153, 153
L -356, -2741, 87, -367, -2728, 73, 153, 153, 153
L -367, -2728, 73, -383, -2701, 65, 153, 153, 153
L -383, -2701, 65, -401, -2668, 54, 153, 153, 153
L -401, -2668, 54, -416, -2650, 48, 153, 153, 153
L -416, -2650, 48, -436, -2638, 43, 153, 153, 153
L -436, -2638, 43, -462, -2621, 38, 153, 153, 153
L -462, -2621, 38, -476, -2603, 37, 153, 153, 153
L -476, -2603, 37, -493, -2586, 41, 153, 153, 153
L -493, -2586, 41, -510, -2577, 44, 153, 153, 153
L -510, -2577, 44, -547, -2565, 50, 153, 153, 153
L -547, -2565, 50, -578, -2553, 54, 153, 153, 153
L -578, -2553, 54, -594, -2543, 62, 153, 153, 153
L -594, -2543, 62, -605, -2534, 64, 153, 153, 153
L -605, -2534, 64, -608, -2543, 70, 153, 153, 153
L -608, -2543, 70, -637, -2552, 53, 153, 153, 153
L -637, -2552, 53, -665, -2548, 54, 153, 153, 153
L -665, -2548, 54, -687, -2540, 60, 153, 153, 153
L -687, -2540, 60, -694, -2534, 60, 153, 153, 153
L -964, -2845, 860, -981, -2859, 77, 153, 153, 153
L -981, -2859, 77, -990, -2878, 80, 153, 153, 153
L -990, -2878, 80, -1019, -2900, 80, 153, 153, 153
L -1019, -2900, 80, -1023, -2904, 80, 153, 153, 153
L -1023, -2904, 80, -1043, -2938, 74, 153, 153, 153
L -1043, -2938, 74, -1054, -2954, 83, 153, 153, 153
L -1054, -2954, 83, -1069, -2969, 88, 153, 153, 153
L -1069, -2969, 88, -1051, -2981, 91, 153, 153, 153
L -1051, -2981, 91, -1048, -2989, 88, 153, 153, 153
L -1048, -2989, 88, -1048, -2993, 86, 153, 153, 153
L -1048, -2993, 86, -1022, -2996, 77, 153, 153, 153
L -1022, -2996, 77, -988, -2994, 77, 153, 153, 153
L -988, -2994, 77, -959, -2989, 77, 153, 153, 153
L -959, -2989, 77, -917, -2977, 77, 153, 153, 153
L -917, -2977, 77, -882, -2974, 84, 153, 153, 153
L -882, -2974, 84, -872, -2975, 90, 153, 153, 153
L -872, -2975, 90, -873, -2966, 93, 153, 153, 153
L -873, -2966, 93, -853, -2948, 78, 153, 153, 153
L -853, -2948, 78, -818, -2943, 74, 153, 153, 153
L -818, -2943, 74, -798, -2954, 83, 153, 153, 153
L -798, -2954, 83, -791, -2963, 89, 153, 153, 153
L -791, -2963, 89, -790, -2974, 89, 153, 153, 153
L -790, -2974, 89, -764, -2985, 86, 153, 153, 153
L -764, -2985, 86, -741, -2997, 98, 153, 153, 153
L -741, -2997, 98, -729, -3005, 104, 153, 153, 153
L -729, -3005, 104, -707, -3013, 116, 153, 153, 153
L -707, -3013, 116, -667, -3010, 111, 153, 153, 153
L -667, -3010, 111, -625, -2998, 92, 153, 153, 153
L -625, -2998, 92, -586, -2974, 84, 153, 153, 153
L -586, -2974, 84, -565, -2971, 80, 153, 153, 153
L -565, -2971, 80, -548, -2974, 81, 153, 153, 153
L -548, -2974, 81, -544, -2966, 81, 153, 153, 153
L -544, -2966, 81, -547, -2942, 78, 153, 153, 153
L -547, -2942, 78, -551, -2923, 76, 153, 153, 153
L -551, -2923, 76, -550, -2906, 82, 153, 153, 153
L -550, -2906, 82, -544, -2886, 83, 153, 153, 153
L -544, -2886, 83, -567, -2883, 86, 153, 153, 153
L -567, -2883, 86, -616, -2868, 73, 153, 153, 153
L -616, -2868, 73, -646, -2869, 72, 153, 153, 153
L -646, -2869, 72, -670, -2873, 76, 153, 153, 153
L -670, -2873, 76, -698, -2889, 75, 153, 153, 153
L -698, -2889, 75, -723, -2879, 72, 153, 153, 153
L -723, -2879, 72, -737, -2849, 90, 153, 153, 153
L -737, -2849, 90, -738, -2837, 89, 153, 153, 153
L -738, -2837, 89, -762, -2842, 72, 153, 153, 153
L -762, -2842, 72, -786, -2846, 75, 153, 153, 153
L -786, -2846, 75, -819, -2852, 84, 153, 153, 153
L -819, -2852, 84, -851, -2846, 85, 153, 153, 153
L -851, -2846, 85, -892, -2840, 84, 153, 153, 153
L -892, -2840, 84, -897, -2839, 87, 153, 153, 153
L -897, -2839, 87, -900, -2848, 88, 153, 153, 153
L -900, -2848, 88, -914, -2858, 71, 153, 153, 153
L -914, -2858, 71, -934, -2861, 80, 153, 153, 153
L -934, -2861, 80, -951, -2855, 84, 153, 153, 153
L -951, -2855, 84, -964, -2846, 86, 153, 153, 153
L -790, -3010, 849, -765, -3020, 84, 153, 153, 153
L -765, -3020, 84, -747, -3029, 95, 153, 153, 153
L -747, -3029, 95, -729, -3041, 104, 153, 153, 153
L -729, -3041, 104, -706, -3049, 116, 153, 153, 153
L -706, -3049, 116, -685, -3049, 116, 153, 153, 153
L -685, -3049, 116, -670, -3046, 112, 153, 153, 153
L -670, -3046, 112, -642, -3038, 101, 153, 153, 153
L -642, -3038, 101, -626, -3034, 92, 153, 153, 153
L -626, -3034, 92, -587, -3010, 84, 153, 153, 153
L -587, -3010, 84, -567, -3006, 80, 153, 153, 153
L -567, -3006, 80, -548, -3010, 77, 153, 153, 153
L -548, -3010, 77, -537, -3025, 68, 153, 153, 153
L -537, -3025, 68, -507, -3021, 85, 153, 153, 153
L -507, -3021, 85, -505, -3011, 83, 153, 153, 153
L -505, -3011, 83, -485, -3010, 73, 153, 153, 153
L -485, -3010, 73, -464, -3016, 69, 153, 153, 153
L -464, -3016, 69, -443, -3026, 63, 153, 153, 153
L -443, -3026, 63, -413, -3033, 48, 153, 153, 153
L -413, -3033, 48, -383, -3035, 49, 153, 153, 153
L -383, -3035, 49, -358, -3029, 58, 153, 153, 153
L -358, -3029, 58, -336, -3020, 76, 153, 153, 153
L -336, -3020, 76, -318, -3015, 86, 153, 153, 153
L -318, -3015, 86, -281, -3010, 99, 153, 153, 153
L -281, -3010, 99, -257, -2997, 109, 153, 153, 153
L -257, -2997, 109, -235, -2993, 109, 153, 153, 153
L -235, -2993, 109, -198, -2999, 98, 153, 153, 153
L -198, -2999, 98, -174, -2994, 88, 153, 153, 153
L -174, -2994, 88, -156, -2993, 82, 153, 153, 153
L -156, -2993, 82, -133, -3001, 77, 153, 153, 153
L -133, -3001, 77, -116, -3010, 77, 153, 153, 153
L -116, -3010, 77, -96, -3010, 89, 153, 153, 153
L -96, -3010, 89, -91, -3029, 86, 153, 153, 153
L -91, -3029, 86, -81, -3035, 84, 153, 153, 153
L -81, -3035, 84, -78, -3036, 83, 153, 153, 153
L -78, -3036, 83, -82, -3075, 74, 153, 153, 153
L -82, -3075, 74, -64, -3095, 77, 153, 153, 153
L -64, -3095, 77, -54, -3120, 88, 153, 153, 153
L -54, -3120, 88, -50, -3140, 93, 153, 153, 153
L -50, -3140, 93, -52, -3163, 91, 153, 153, 153
L -52, -3163, 91, -55, -3179, 87, 153, 153, 153
L -55, -3179, 87, -67, -3204, 76, 153, 153, 153
L -67, -3204, 76, -84, -3239, 67, 153, 153, 153
L -84, -3239, 67, -88, -3261, 67, 153, 153, 153
L -88, -3261, 67, -84, -3286, 73, 153, 153, 153
L -84, -3286, 73, -74, -3324, 88, 153, 153, 153
L -74, -3324, 88, -71, -3349, 96, 153, 153, 153
L -71, -3349, 96, -71, -3375, 97, 153, 153, 153
L -71, -3375, 97, -72, -3392, 92, 153, 153, 153
L -72, -3392, 92, -78, -3414, 81, 153, 153, 153
L -78, -3414, 81, -80, -3432, 77, 153, 153, 153
L -80, -3432, 77, -77, -3449, 91, 153, 153, 153
L -77, -3449, 91, -83, -3448, 93, 153, 153, 153
L -83, -3448, 93, -93, -3453, 96, 153, 153, 153
L -93, -3453, 96, -101, -3461, 90, 153, 153, 153
L -101, -3461, 90, -103, -3465, 83, 153, 153, 153
L -103, -3465, 83, -125, -3468, 76, 153, 153, 153
L -125, -3468, 76, -143, -3464, 79, 153, 153, 153
L -143, -3464, 79, -164, -3467, 81, 153, 153, 153
L -164, -3467, 81, -182, -3466, 87, 153, 153, 153
L -182, -3466, 87, -184, -3454, 84, 153, 153, 153
L -184, -3454, 84, -191, -3430, 68, 153, 153, 153
L -191, -3430, 68, -221, -3385, 77, 153, 153, 153
L -221, -3385, 77, -250, -3343, 79, 153, 153, 153
L -250, -3343, 79, -298, -3292, 69, 153, 153, 153
L -298, -3292, 69, -336, -3263, 62, 153, 153, 153
L -336, -3263, 62, -381, -3233, 72, 153, 153, 153
L -381, -3233, 72, -440, -3211, 74, 153, 153, 153
L -440, -3211, 74, -501, -3214, 78, 153, 153, 153
L -501, -3214, 78, -561, -3217, 72, 153, 153, 153
L -561, -3217, 72, -595, -3219, 73, 153, 153, 153
L -595, -3219, 73, -630, -3248, 69, 153, 153, 153
L -630, -3248, 69, -639, -3275, 70, 153, 153, 153
L -639, -3275, 70, -647, -3300, 62, 153, 153, 153
L -647, -3300, 62, -660, -3319, 63, 153, 153, 153
L -660, -3319, 63, -697, -3325, 68, 153, 153, 153
L -697, -3325, 68, -731, -3309, 73, 153, 153, 153
L -731, -3309, 73, -762, -3287, 80, 153, 153, 153
L -762, -3287, 80, -798, -3273, 70, 153, 153, 153
L -798, -3273, 70, -816, -3274, 79, 153, 153, 153
L -816, -3274, 79, -820, -3252, 77, 153, 153, 153
L -820, -3252, 77, -820, -3235, 74, 153, 153, 153
L -820, -3235, 74, -815, -3213, 73, 153, 153, 153
L -815, -3213, 73, -815, -3191, 78, 153, 153, 153
L -815, -3191, 78, -821, -3170, 82, 153, 153, 153
L -821, -3170, 82, -823, -3150, 81, 153, 153, 153
L -823, -3150, 81, -820, -3124, 86, 153, 153, 153
L -820, -3124, 86, -817, -3110, 87, 153, 153, 153
L -817, -3110, 87, -818, -3090, 82, 153, 153, 153
L -818, -3090, 82, -822, -3067, 78, 153, 153, 153
L -822, -3067, 78, -821, -3051, 77, 153, 153, 153
L -821, -3051, 77, -814, -3029, 81, 153, 153, 153
L -814, -3029, 81, -799, -3025, 88, 153, 153, 153
L -799, -3025, 88, -791, -3015, 87, 153, 153, 153
L -791, -3015, 87, -790, -3010, 84, 153, 153, 153
L 2138, 142, -368, 2166, 132, -48, 0, 0, 255
L 2166, 132, -48, 2178, 127, -58, 0, 0, 255
L 2178, 127, -58, 2198, 119, -70, 0, 0, 255
L 2198, 119, -70, 2221, 108, -80, 0, 0, 255
L 2221, 108, -80, 2250, 95, -85, 0, 0, 255
L 2250, 95, -85, 2270, 82, -86, 0, 0, 255
L 2270, 82, -86, 2286, 65, -84, 0, 0, 255
L 2286, 65, -84, 2307, 33, -75, 0, 0, 255
L 2307, 33, -75, 2323, 9, -66, 0, 0, 255
L 2323, 9, -66, 2344, -23, -57, 0, 0, 255
L 2344, -23, -57, 2355, -39, -52, 0, 0, 255
L 2355, -39, -52, 2365, -52, -51, 0, 0, 255
L 2365, -52, -51, 2362, -59, -45, 0, 0, 255
L 2362, -59, -45, 2360, -88, -43, 0, 0, 255
L 2360, -88, -43, 2372, -119, -40, 0, 0, 255
L 2372, -119, -40, 2388, -132, -40, 0, 0, 255
L 2388, -132, -40, 2413, -129, -43, 0, 0, 255
L 2413, -129, -43, 2425, -122, -43, 0, 0, 255
L 2425, -122, -43, 2430, -116, -51, 0, 0, 255
L 2430, -116, -51, 2444, -131, -54, 0, 0, 255
L 2444, -131, -54, 2462, -140, -51, 0, 0, 255
L 2462, -140, -51, 2478, -162, -50, 0, 0, 255
L 2478, -162, -50, 2487, -172, -51, 0, 0, 255
L 2487, -172, -51, 2521, -193, -52, 0, 0, 255
L 2521, -193, -52, 2536, -202, -56, 0, 0, 255
L 2536, -202, -56, 2553, -219, -52, 0, 0, 255
L 2553, -219, -52, 2546, -254, -45, 0, 0, 255
L 2546, -254, -45, 2545, -273, -42, 0, 0, 255
L 2545, -273, -42, 2558, -314, -40, 0, 0, 255
L 2558, -314, -40, 2575, -326, -40, 0, 0, 255
L 2575, -326, -40, 2596, -323, -45, 0, 0, 255
L 2596, -323, -45, 2613, -308, -44, 0, 0, 255
L 2613, -308, -44, 2622, -291, -41, 0, 0, 255
L 2622, -291, -41, 2631, -279, -47, 0, 0, 255
L 2631, -279, -47, 2644, -290, -51, 0, 0, 255
L 2644, -290, -51, 2665, -299, -55, 0, 0, 255
L 2665, -299, -55, 2681, -313, -53, 0, 0, 255
L 2681, -313, -53, 2696, -330, -49, 0, 0, 255
L 2696, -330, -49, 2714, -351, -42, 0, 0, 255
L 2714, -351, -42, 2722, -360, -42, 0, 0, 255
L 2722, -360, -42, 2741, -371, -48, 0, 0, 255
L 2741, -371, -48, 2755, -383, -53, 0, 0, 255
L 2755, -383, -53, 2751, -395, -53, 0, 0, 255
L 2751, -395, -53, 2754, -422, -49, 0, 0, 255
L 2754, -422, -49, 2764, -437, -45, 0, 0, 255
L 2764, -437, -45, 2786, -447, -46, 0, 0, 255
L 2786, -447, -46, 2803, -443, -43, 0, 0, 255
L 2803, -443, -43, 2815, -435, -43, 0, 0, 255
L 2815, -435, -43, 2818, -418, -47, 0, 0, 255
L 2818, -418, -47, 2822, -408, -44, 0, 0, 255
L 2822, -408, -44, 2822, -404, -51, 0, 0, 255
L 2822, -404, -51, 2842, -406, -56, 0, 0, 255
L 2157, 166, -355, 2189, 159, -55, 0, 0, 255
L 2189, 159, -55, 2230, 141, -75, 0, 0, 255
L 2230, 141, -75, 2261, 127, -87, 0, 0, 255
L 2261, 127, -87, 2292, 109, -86, 0, 0, 255
L 2292, 109, -86, 2319, 77, -82, 0, 0, 255
L 2319, 77, -82, 2341, 43, -70, 0, 0, 255
L 2341, 43, -70, 2367, 3, -59, 0, 0, 255
L 2367, 3, -59, 2375, -8, -56, 0, 0, 255
L 2375, -8, -56, 2387, -24, -55, 0, 0, 255
L 2387, -24, -55, 2402, -22, -47, 0, 0, 255
L 2402, -22, -47, 2410, -22, -49, 0, 0, 255
L 2410, -22, -49, 2413, -15, -52, 0, 0, 255
L 2413, -15, -52, 2415, 8, -51, 0, 0, 255
L 2415, 8, -51, 2419, 25, -47, 0, 0, 255
L 2419, 25, -47, 2422, 41, -46, 0, 0, 255
L 2422, 41, -46, 2425, 61, -49, 0, 0, 255
L 2425, 58, -487, 2423, 73, -50, 0, 0, 255
L 2423, 73, -50, 2418, 99, -55, 0, 0, 255
L 2418, 99, -55, 2415, 113, -54, 0, 0, 255
L 2415, 113, -54, 2412, 137, -49, 0, 0, 255
L 2412, 137, -49, 2392, 143, -42, 0, 0, 255
L 2392, 143, -42, 2370, 172, -55, 0, 0, 255
L 2370, 172, -55, 2365, 190, -58, 0, 0, 255
L 2844, -407, -506, 2878, -417, -56, 0, 0, 255
L 2878, -417, -56, 2899, -418, -53, 0, 0, 255
L 2899, -418, -53, 2926, -412, -55, 0, 0, 255
L 2926, -412, -55, 2939, -412, -53, 0, 0, 255
L 2448, -21, -465, 2461, -28, -44, 0, 0, 255
L 2461, -28, -44, 2469, -42, -39, 0, 0, 255
L 2469, -42, -39, 2469, -64, -41, 0, 0, 255
L 2469, -64, -41, 2462, -77, -44, 0, 0, 255
L 2462, -77, -44, 2454, -88, -48, 0, 0, 255
L 2454, -88, -48, 2467, -104, -49, 0, 0, 255
L 2467, -104, -49, 2486, -113, -43, 0, 0, 255
L 2486, -113, -43, 2497, -127, -51, 0, 0, 255
L 2497, -127, -51, 2508, -143, -51, 0, 0, 255
L 2508, -143, -51, 2535, -160, -55, 0, 0, 255
L 2535, -160, -55, 2555, -172, -56, 0, 0, 255
L 2555, -172, -56, 2567, -183, -57, 0, 0, 255
L 2567, -183, -57, 2577, -192, -54, 0, 0, 255
L 2577, -192, -54, 2589, -172, -58, 0, 0, 255
L 2589, -172, -58, 2597, -171, -55, 0, 0, 255
L 2597, -171, -55, 2601, -171, -57, 0, 0, 255
L 2601, -171, -57, 2604, -151, -54, 0, 0, 255
L 2604, -151, -54, 2603, -115, -53, 0, 0, 255
L 2603, -115, -53, 2596, -80, -54, 0, 0, 255
L 2596, -80, -54, 2587, -50, -52, 0, 0, 255
L 2626, -64, -531, 2636, -99, -54, 0, 0, 255
L 2636, -99, -54, 2640, -146, -52, 0, 0, 255
L 2640, -146, -52, 2638, -169, -54, 0, 0, 255
L 2638, -169, -54, 2670, -176, -48, 0, 0, 255
L 2670, -176, -48, 2686, -187, -48, 0, 0, 255
L 2686, -187, -48, 2681, -207, -54, 0, 0, 255
L 2681, -207, -54, 2668, -233, -57, 0, 0, 255
L 2668, -233, -57, 2654, -251, -55, 0, 0, 255
L 2654, -251, -55, 2672, -265, -52, 0, 0, 255
L 2672, -265, -52, 2697, -279, -55, 0, 0, 255
L 2697, -279, -55, 2709, -291, -56, 0, 0, 255
L 2709, -291, -56, 2721, -305, -56, 0, 0, 255
L 2448, -21, -517, 2450, -5, -54, 0, 0, 255
L 2450, -5, -54, 2452, 13, -50, 0, 0, 255
L 2452, 13, -50, 2458, 42, -45, 0, 0, 255
L 2458, 42, -45, 2460, 64, -48, 0, 0, 255
L 2460, 64, -48, 2455, 87, -54, 0, 0, 255
L 2455, 87, -54, 2450, 116, -51, 0, 0, 255
L 2450, 116, -51, 2448, 138, -48, 0, 0, 255
L 2448, 138, -48, 2457, 139, -39, 0, 0, 255
L 2457, 139, -39, 2487, 152, -40, 0, 0, 255
L 2487, 152, -40, 2498, 177, -47, 0, 0, 255
L 2498, 177, -47, 2481, 206, -47, 0, 0, 255
L 2481, 206, -47, 2477, 233, -46, 0, 0, 255
L 2586, -46, -496, 2584, -32, -51, 0, 0, 255
L 2584, -32, -51, 2582, 2, -52, 0, 0, 255
L 2582, 2, -52, 2556, 23, -43, 0, 0, 255
L 2556, 23, -43, 2551, 62, -52, 0, 0, 255
L 2551, 62, -52, 2558, 76, -51, 0, 0, 255
L 2558, 76, -51, 2572, 85, -47, 0, 0, 255
L 2572, 85, -47, 2581, 86, -52, 0, 0, 255
L 2581, 86, -52, 2593, 110, -42, 0, 0, 255
L 2593, 110, -42, 2601, 128, -35, 0, 0, 255
L 2601, 128, -35, 2618, 159, -21, 0, 0, 255
L 2618, 159, -21, 2622, 182, -15, 0, 0, 255
L 2622, 182, -15, 2618, 210, -21, 0, 0, 255
L 2618, 210, -21, 2609, 241, -34, 0, 0, 255
L 2609, 241, -34, 2607, 249, -39, 0, 0, 255
L 2607, 249, -39, 2585, 285, -47, 0, 0, 255
L 2585, 285, -47, 2581, 297, -50, 0, 0, 255
L 2581, 297, -50, 2579, 308, -52, 0, 0, 255
L 2579, 308, -52, 2582, 327, -53, 0, 0, 255
L 2582, 327, -53, 2573, 331, -54, 0, 0, 255
L 2573, 331, -54, 2553, 330, -53, 0, 0, 255
L 2553, 330, -53, 2529, 325, -53, 0, 0, 255
L 2627, -66, -548, 2622, -47, -53, 0, 0, 255
L 2622, -47, -53, 2620, -32, -52, 0, 0, 255
L 2620, -32, -52, 2618, -17, -52, 0, 0, 255
L 2618, -17, -52, 2618, -7, -49, 0, 0, 255
L 2618, -7, -49, 2618, 2, -47, 0, 0, 255
L 2618, 2, -47, 2627, 5, -46, 0, 0, 255
L 2627, 5, -46, 2634, 13, -49, 0, 0, 255
L 2634, 13, -49, 2638, 17, -49, 0, 0, 255
L 2638, 17, -49, 2638, 23, -52, 0, 0, 255
L 2638, 23, -52, 2654, 20, -48, 0, 0, 255
L 2654, 20, -48, 2676, 18, -51, 0, 0, 255
L 2676, 18, -51, 2698, 22, -49, 0, 0, 255
L 2698, 22, -49, 2717, 23, -45, 0, 0, 255
L 2717, 23, -45, 2747, 18, -46, 0, 0, 255
L 2747, 18, -46, 2765, 17, -46, 0, 0, 255
L 2765, 17, -46, 2779, 19, -47, 0, 0, 255
L 2772, 54, -475, 2760, 53, -47, 0, 0, 255
L 2760, 53, -47, 2748, 54, -46, 0, 0, 255
L 2748, 54, -46, 2734, 56, -43, 0, 0, 255
L 2734, 56, -43, 2719, 58, -45, 0, 0, 255
L 2719, 58, -45, 2717, 58, -45, 0, 0, 255
L 2717, 58, -45, 2705, 58, -46, 0, 0, 255
L 2705, 58, -46, 2696, 57, -49, 0, 0, 255
L 2696, 57, -49, 2684, 54, -50, 0, 0, 255
L 2684, 54, -50, 2680, 53, -50, 0, 0, 255
L 2680, 53, -50, 2675, 53, -53, 0, 0, 255
L 2675, 53, -53, 2671, 54, -53, 0, 0, 255
L 2671, 54, -53, 2659, 54, -53, 0, 0, 255
L 2659, 54, -53, 2639, 60, -47, 0, 0, 255
L 2639, 60, -47, 2638, 65, -43, 0, 0, 255
L 2638, 65, -43, 2633, 77, -38, 0, 0, 255
L 2633, 77, -38, 2623, 85, -45, 0, 0, 255
L 2623, 85, -45, 2619, 86, -51, 0, 0, 255
L 2619, 86, -51, 2626, 104, -44, 0, 0, 255
L 2626, 104, -44, 2635, 123, -34, 0, 0, 255
L 2635, 123, -34, 2645, 141, -26, 0, 0, 255
L 2645, 141, -26, 2653, 157, -22, 0, 0, 255
L 2653, 157, -22, 2657, 187, -15, 0, 0, 255
L 2657, 187, -15, 2651, 219, -23, 0, 0, 255
L 2651, 219, -23, 2641, 251, -40, 0, 0, 255
L 2641, 251, -40, 2635, 262, -44, 0, 0, 255
L 2635, 262, -44, 2619, 286, -47, 0, 0, 255
L 2619, 286, -47, 2617, 293, -45, 0, 0, 255
L 2617, 293, -45, 2614, 308, -47, 0, 0, 255
L 2614, 308, -47, 2617, 325, -49, 0, 0, 255
L 2617, 325, -49, 2618, 329, -50, 0, 0, 255
L 2618, 329, -50, 2620, 329, -45, 0, 0, 255
L 2620, 329, -45, 2633, 339, -52, 0, 0, 255
L 2633, 339, -52, 2636, 354, -51, 0, 0, 255
L 2636, 354, -51, 2629, 369, -49, 0, 0, 255
L 2629, 369, -49, 2619, 372, -54, 0, 0, 255
L 2619, 372, -54, 2618, 391, -57, 0, 0, 255
L 2618, 391, -57, 2624, 410, -61, 0, 0, 255
L 2624, 410, -61, 2633, 430, -67, 0, 0, 255
L 2633, 430, -67, 2640, 458, -77, 0, 0, 255
L 2640, 458, -77, 2644, 485, -77, 0, 0, 255
L 2644, 485, -77, 2639, 513, -69, 0, 0, 255
L 2639, 513, -69, 2630, 533, -56, 0, 0, 255
L 2630, 533, -56, 2625, 548, -46, 0, 0, 255
L 2625, 548, -46, 2623, 556, -41, 0, 0, 255
L 2623, 556, -41, 2622, 577, -34, 0, 0, 255
L 2622, 577, -34, 2618, 595, -27, 0, 0, 255
L 2618, 595, -27, 2606, 617, -23, 0, 0, 255
L 2606, 617, -23, 2601, 638, -23, 0, 0, 255
L 2601, 638, -23, 2605, 665, -28, 0, 0, 255
L 2605, 665, -28, 2607, 677, -33, 0, 0, 255
L 2607, 677, -33, 2602, 696, -42, 0, 0, 255
L 2602, 696, -42, 2601, 719, -49, 0, 0, 255
L 2601, 719, -49, 2609, 740, -49, 0, 0, 255
L 2609, 740, -49, 2618, 761, -47, 0, 0, 255
L 2618, 761, -47, 2618, 780, -50, 0, 0, 255
L 2618, 780, -50, 2637, 784, -45, 0, 0, 255
L 2637, 784, -45, 2644, 794, -49, 0, 0, 255
L 2644, 794, -49, 2644, 837, -50, 0, 0, 255
L 2644, 837, -50, 2640, 851, -53, 0, 0, 255
L 2640, 851, -53, 2622, 859, -53, 0, 0, 255
L 2622, 859, -53, 2599, 859, -56, 0, 0, 255
L 2599, 859, -56, 2576, 859, -58, 0, 0, 255
L 2576, 859, -58, 2559, 856, -57, 0, 0, 255
L 2559, 856, -57, 2542, 845, -55, 0, 0, 255
L 2542, 845, -55, 2534, 834, -55, 0, 0, 255
L 2534, 834, -55, 2532, 818, -58, 0, 0, 255
L 2532, 818, -58, 2532, 813, -57, 0, 0, 255
L 2532, 813, -57, 2533, 804, -54, 0, 0, 255
L 2533, 804, -54, 2521, 793, -54, 0, 0, 255
L 2521, 793, -54, 2496, 773, -49, 0, 0, 255
L 2496, 773, -49, 2477, 754, -37, 0, 0, 255
L 2477, 754, -37, 2469, 734, -31, 0, 0, 255
L 2469, 734, -31, 2460, 702, -34, 0, 0, 255
L 2460, 702, -34, 2446, 680, -44, 0, 0, 255
L 2446, 680, -44, 2433, 664, -46, 0, 0, 255
L 2433, 664, -46, 2415, 646, -45, 0, 0, 255
L 2415, 646, -45, 2395, 632, -47, 0, 0, 255
L 2395, 632, -47, 2381, 620, -47, 0, 0, 255
L 2381, 620, -47, 2363, 621, -37, 0, 0, 255
L 2363, 621, -37, 2357, 617, -41, 0, 0, 255
L 2357, 617, -41, 2350, 615, -41, 0, 0, 255
L 2350, 615, -41, 2305, 615, -35, 0, 0, 255
L 2305, 615, -35, 2302, 594, -36, 0, 0, 255
L 2302, 594, -36, 2308, 566, -37, 0, 0, 255
L 2308, 566, -37, 2314, 550, -36, 0, 0, 255
L 2314, 550, -36, 2329, 538, -41, 0, 0, 255
L 2329, 538, -41, 2338, 529, -42, 0, 0, 255
L 2338, 529, -42, 2351, 518, -38, 0, 0, 255
L 2351, 518, -38, 2379, 517, -44, 0, 0, 255
L 2379, 517, -44, 2412, 527, -45, 0, 0, 255
L 2412, 527, -45, 2431, 554, -51, 0, 0, 255
L 2431, 554, -51, 2426, 585, -52, 0, 0, 255
L 2426, 585, -52, 2413, 595, -48, 0, 0, 255
L 2413, 595, -48, 2408, 596, -52, 0, 0, 255
L 2408, 596, -52, 2419, 607, -50, 0, 0, 255
L 2419, 607, -50, 2438, 620, -47, 0, 0, 255
L 2438, 620, -47, 2453, 633, -48, 0, 0, 255
L 2453, 633, -48, 2465, 646, -45, 0, 0, 255
L 2465, 646, -45, 2474, 658, -40, 0, 0, 255
L 2474, 658, -40, 2483, 670, -36, 0, 0, 255
L 2483, 670, -36, 2488, 681, -34, 0, 0, 255
L 2488, 681, -34, 2492, 691, -31, 0, 0, 255
L 2492, 691, -31, 2494, 702, -31, 0, 0, 255
L 2494, 702, -31, 2497, 713, -31, 0, 0, 255
L 2497, 713, -31, 2504, 729, -39, 0, 0, 255
L 2504, 729, -39, 2513, 740, -45, 0, 0, 255
L 2513, 740, -45, 2518, 746, -48, 0, 0, 255
L 2518, 746, -48, 2531, 755, -51, 0, 0, 255
L 2531, 755, -51, 2540, 761, -52, 0, 0, 255
P -1818, -1325, 0, 255, 255, 0, 2, TP_Gem_to_Surefall
P -2702, -271, 0, 255, 255, 0, 2, TP_Gem_to_BB
P -2031, 665, 0, 255, 255, 0, 2, Succor_Point
