L 3495, 0, 0, -3035, 0, 0, 140, 140, 140
L  0,2445, 0, 0, -6538, 0, 140, 140, 140
L 1000, 2445, 0, 1000, -6538, 0, 220, 220, 220
L 2000, 2445, 0, 2000, -6538, 0, 220, 220, 220
L 3000, 2445, 0, 3000, -6538, 0, 220, 220, 220
L -1000, 2445, 0, -1000, -6538, 0, 220, 220, 220
L -2000, 2445, 0, -2000, -6538, 0, 220, 220, 220
L -3000, 2445, 0, -3000, -6538, 0, 220, 220, 220
L 3495, 1000, 0, -3035, 1000, 0, 220, 220, 220
L 3495, 2000, 0, -3035, 2000, 0, 220, 220, 220
L 3495, -1000, 0, -3035, -1000, 0, 220, 220, 220
L 3495, -2000, 0, -3035, -2000, 0, 220, 220, 220
L 3495, -3000, 0, -3035, -3000, 0, 220, 220, 220
L 3495, -4000, 0, -3035, -4000, 0, 220, 220, 220
L 3495, -5000, 0, -3035, -5000, 0, 220, 220, 220
L 3495, -6000, 0, -3035, -6000, 0, 220, 220, 220
P 3505, 5, 0, 0, 0, 0, 3, 0
P 5,2455, 0, 0, 0, 0, 3, 0
P 1005,2455, 0, 0, 0, 0, 3, 1000
P 2005,2455, 0, 0, 0, 0, 3, 2000
P 3005,2455, 0, 0, 0, 0, 3, 3000
P -995,2455, 0, 0, 0, 0, 3, -1000
P -1995,2455, 0, 0, 0, 0, 3, -2000
P -2995,2455, 0, 0, 0, 0, 3, -3000
P 3505, 1005, 0, 0, 0, 0, 3, 1000
P 3505, 2005, 0, 0, 0, 0, 3, 2000
P 3505, -995, 0, 0, 0, 0, 3, -1000
P 3505, -1995, 0, 0, 0, 0, 3, -2000
P 3505, -2995, 0, 0, 0, 0, 3, -3000
P 3505, -3995, 0, 0, 0, 0, 3, -4000
P 3505, -4995, 0, 0, 0, 0, 3, -5000
P 3505, -5995, 0, 0, 0, 0, 3, -6000
