L 5486, 0, 0, -5089, 0, 0, 140, 140, 140
L  0,3431, 0, 0, -3971, 0, 140, 140, 140
L 1000, 3431, 0, 1000, -3971, 0, 220, 220, 220
L 2000, 3431, 0, 2000, -3971, 0, 220, 220, 220
L 3000, 3431, 0, 3000, -3971, 0, 220, 220, 220
L 4000, 3431, 0, 4000, -3971, 0, 220, 220, 220
L 5000, 3431, 0, 5000, -3971, 0, 220, 220, 220
L -1000, 3431, 0, -1000, -3971, 0, 220, 220, 220
L -2000, 3431, 0, -2000, -3971, 0, 220, 220, 220
L -3000, 3431, 0, -3000, -3971, 0, 220, 220, 220
L -4000, 3431, 0, -4000, -3971, 0, 220, 220, 220
L -5000, 3431, 0, -5000, -3971, 0, 220, 220, 220
L 5486, 1000, 0, -5089, 1000, 0, 220, 220, 220
L 5486, 2000, 0, -5089, 2000, 0, 220, 220, 220
L 5486, 3000, 0, -5089, 3000, 0, 220, 220, 220
L 5486, -1000, 0, -5089, -1000, 0, 220, 220, 220
L 5486, -2000, 0, -5089, -2000, 0, 220, 220, 220
L 5486, -3000, 0, -5089, -3000, 0, 220, 220, 220
P 5496, 5, 0, 0, 0, 0, 3, 0
P 5,3441, 0, 0, 0, 0, 3, 0
P 1005,3441, 0, 0, 0, 0, 3, 1000
P 2005,3441, 0, 0, 0, 0, 3, 2000
P 3005,3441, 0, 0, 0, 0, 3, 3000
P 4005,3441, 0, 0, 0, 0, 3, 4000
P 5005,3441, 0, 0, 0, 0, 3, 5000
P -995,3441, 0, 0, 0, 0, 3, -1000
P -1995,3441, 0, 0, 0, 0, 3, -2000
P -2995,3441, 0, 0, 0, 0, 3, -3000
P -3995,3441, 0, 0, 0, 0, 3, -4000
P -4995,3441, 0, 0, 0, 0, 3, -5000
P 5496, 1005, 0, 0, 0, 0, 3, 1000
P 5496, 2005, 0, 0, 0, 0, 3, 2000
P 5496, 3005, 0, 0, 0, 0, 3, 3000
P 5496, -995, 0, 0, 0, 0, 3, -1000
P 5496, -1995, 0, 0, 0, 0, 3, -2000
P 5496, -2995, 0, 0, 0, 0, 3, -3000
