L 1157.0000, 0, 0, -695.0000, 0, 0, 140, 140, 140
L  0,255, 0, 0, -1690.0000, 0, 140, 140, 140
L 100, 255, 0, 100, -1690.0000, 0, 220, 220, 220
L 200, 255, 0, 200, -1690.0000, 0, 220, 220, 220
L 300, 255, 0, 300, -1690.0000, 0, 220, 220, 220
L 400, 255, 0, 400, -1690.0000, 0, 220, 220, 220
L 500, 255, 0, 500, -1690.0000, 0, 220, 220, 220
L 600, 255, 0, 600, -1690.0000, 0, 220, 220, 220
L 700, 255, 0, 700, -1690.0000, 0, 220, 220, 220
L 800, 255, 0, 800, -1690.0000, 0, 220, 220, 220
L 900, 255, 0, 900, -1690.0000, 0, 220, 220, 220
L 1000, 255, 0, 1000, -1690.0000, 0, 220, 220, 220
L 1100, 255, 0, 1100, -1690.0000, 0, 220, 220, 220
L -100, 255, 0, -100, -1690.0000, 0, 220, 220, 220
L -200, 255, 0, -200, -1690.0000, 0, 220, 220, 220
L -300, 255, 0, -300, -1690.0000, 0, 220, 220, 220
L -400, 255, 0, -400, -1690.0000, 0, 220, 220, 220
L -500, 255, 0, -500, -1690.0000, 0, 220, 220, 220
L -600, 255, 0, -600, -1690.0000, 0, 220, 220, 220
L 1157.0000, 100, 0, -695.0000, 100, 0, 220, 220, 220
L 1157.0000, 200, 0, -695.0000, 200, 0, 220, 220, 220
L 1157.0000, -100, 0, -695.0000, -100, 0, 220, 220, 220
L 1157.0000, -200, 0, -695.0000, -200, 0, 220, 220, 220
L 1157.0000, -300, 0, -695.0000, -300, 0, 220, 220, 220
L 1157.0000, -400, 0, -695.0000, -400, 0, 220, 220, 220
L 1157.0000, -500, 0, -695.0000, -500, 0, 220, 220, 220
L 1157.0000, -600, 0, -695.0000, -600, 0, 220, 220, 220
L 1157.0000, -700, 0, -695.0000, -700, 0, 220, 220, 220
L 1157.0000, -800, 0, -695.0000, -800, 0, 220, 220, 220
L 1157.0000, -900, 0, -695.0000, -900, 0, 220, 220, 220
L 1157.0000, -1000, 0, -695.0000, -1000, 0, 220, 220, 220
L 1157.0000, -1100, 0, -695.0000, -1100, 0, 220, 220, 220
L 1157.0000, -1200, 0, -695.0000, -1200, 0, 220, 220, 220
L 1157.0000, -1300, 0, -695.0000, -1300, 0, 220, 220, 220
L 1157.0000, -1400, 0, -695.0000, -1400, 0, 220, 220, 220
L 1157.0000, -1500, 0, -695.0000, -1500, 0, 220, 220, 220
L 1157.0000, -1600, 0, -695.0000, -1600, 0, 220, 220, 220
P 1167, 5, 0, 0, 0, 0, 3, 0
P 5,265, 0, 0, 0, 0, 3, 0
P 105,265, 0, 0, 0, 0, 3, 100
P 205,265, 0, 0, 0, 0, 3, 200
P 305,265, 0, 0, 0, 0, 3, 300
P 405,265, 0, 0, 0, 0, 3, 400
P 505,265, 0, 0, 0, 0, 3, 500
P 605,265, 0, 0, 0, 0, 3, 600
P 705,265, 0, 0, 0, 0, 3, 700
P 805,265, 0, 0, 0, 0, 3, 800
P 905,265, 0, 0, 0, 0, 3, 900
P 1005,265, 0, 0, 0, 0, 3, 1000
P 1105,265, 0, 0, 0, 0, 3, 1100
P -95,265, 0, 0, 0, 0, 3, -100
P -195,265, 0, 0, 0, 0, 3, -200
P -295,265, 0, 0, 0, 0, 3, -300
P -395,265, 0, 0, 0, 0, 3, -400
P -495,265, 0, 0, 0, 0, 3, -500
P -595,265, 0, 0, 0, 0, 3, -600
P 1167, 105, 0, 0, 0, 0, 3, 100
P 1167, 205, 0, 0, 0, 0, 3, 200
P 1167, -95, 0, 0, 0, 0, 3, -100
P 1167, -195, 0, 0, 0, 0, 3, -200
P 1167, -295, 0, 0, 0, 0, 3, -300
P 1167, -395, 0, 0, 0, 0, 3, -400
P 1167, -495, 0, 0, 0, 0, 3, -500
P 1167, -595, 0, 0, 0, 0, 3, -600
P 1167, -695, 0, 0, 0, 0, 3, -700
P 1167, -795, 0, 0, 0, 0, 3, -800
P 1167, -895, 0, 0, 0, 0, 3, -900
P 1167, -995, 0, 0, 0, 0, 3, -1000
P 1167, -1095, 0, 0, 0, 0, 3, -1100
P 1167, -1195, 0, 0, 0, 0, 3, -1200
P 1167, -1295, 0, 0, 0, 0, 3, -1300
P 1167, -1395, 0, 0, 0, 0, 3, -1400
P 1167, -1495, 0, 0, 0, 0, 3, -1500
P 1167, -1595, 0, 0, 0, 0, 3, -1600
