L 1610, -109, -416, 1708, -109, -41, 153, 153, 153
L 1708, -109, -41, 1708, -409, -41, 153, 153, 153
L 1708, -409, -41, 1128, -409, -41, 153, 153, 153
L 1128, -409, -41, 1128, -94, -41, 153, 153, 153
L 1128, -94, -41, 1088, -94, -41, 153, 153, 153
L 1088, -94, -41, 1088, -24, -41, 153, 153, 153
L 1088, -24, -41, 910, -24, -41, 153, 153, 153
L 910, -24, -41, 910, -44, -41, 153, 153, 153
L 910, -44, -41, 975, -44, 27, 153, 153, 153
L 975, -44, 27, 951, -225, 27, 153, 153, 153
L 951, -225, 27, 907, -269, 27, 153, 153, 153
L 907, -269, 27, 779, -302, 27, 153, 153, 153
L 779, -302, 27, 756, -339, 27, 153, 153, 153
L 756, -339, 27, 723, -361, 27, 153, 153, 153
L 723, -361, 27, 683, -405, 27, 153, 153, 153
L 683, -405, 27, 661, -442, 27, 153, 153, 153
L 661, -442, 27, 627, -471, 27, 153, 153, 153
L 627, -471, 27, 592, -499, 27, 153, 153, 153
L 592, -499, 27, 585, -517, 27, 153, 153, 153
L 585, -517, 27, 579, -566, 27, 153, 153, 153
L 579, -566, 27, 561, -605, 27, 153, 153, 153
L 561, -605, 27, 559, -624, 27, 153, 153, 153
L 559, -624, 27, 564, -646, 27, 153, 153, 153
L 564, -646, 27, 581, -704, 27, 153, 153, 153
L 581, -704, 27, 586, -739, 27, 153, 153, 153
L 586, -739, 27, 584, -749, 27, 153, 153, 153
L 584, -749, 27, 569, -766, 27, 153, 153, 153
L 569, -766, 27, 555, -786, 27, 153, 153, 153
L 555, -786, 27, 544, -793, 27, 153, 153, 153
L 544, -793, 27, 529, -797, 27, 153, 153, 153
L 529, -797, 27, 504, -797, 27, 153, 153, 153
L 504, -797, 27, 486, -790, 27, 153, 153, 153
L 486, -790, 27, 461, -785, 27, 153, 153, 153
L 461, -785, 27, 441, -773, 27, 153, 153, 153
L 441, -773, 27, 421, -771, 27, 153, 153, 153
L 421, -771, 27, 412, -767, 27, 153, 153, 153
L 412, -767, 27, 404, -770, 27, 153, 153, 153
L 404, -770, 27, 394, -777, 27, 153, 153, 153
L 394, -777, 27, 379, -784, 27, 153, 153, 153
L 379, -784, 27, 362, -790, 27, 153, 153, 153
L 362, -790, 27, 344, -798, 27, 153, 153, 153
L 344, -798, 27, 311, -809, 27, 153, 153, 153
L 311, -809, 27, 247, -825, 27, 153, 153, 153
L 247, -825, 27, 218, -841, 27, 153, 153, 153
L 218, -841, 27, 197, -831, 27, 153, 153, 153
L 197, -831, 27, 168, -834, 27, 153, 153, 153
L 168, -834, 27, 155, -825, 27, 153, 153, 153
L 155, -825, 27, 145, -835, 27, 153, 153, 153
L 145, -835, 27, 129, -831, 27, 153, 153, 153
L 129, -831, 27, 118, -834, 27, 153, 153, 153
L 118, -834, 27, 109, -845, 27, 153, 153, 153
L 109, -845, 27, 89, -864, 27, 153, 153, 153
L 89, -864, 27, 69, -880, 27, 153, 153, 153
L 69, -880, 27, 43, -906, 27, 153, 153, 153
L 43, -906, 27, 10, -923, 27, 153, 153, 153
L 10, -923, 27, -15, -946, 27, 153, 153, 153
L -15, -946, 27, -17, -970, -61, 153, 153, 153
L -17, -970, -61, -15, -992, -61, 153, 153, 153
L -15, -992, -61, -15, -1018, -61, 153, 153, 153
L -15, -1018, -61, -6, -1039, -61, 153, 153, 153
L -6, -1039, -61, -13, -1076, -61, 153, 153, 153
L -13, -1076, -61, -13, -1102, -61, 153, 153, 153
L -13, -1102, -61, -10, -1128, -61, 153, 153, 153
L -10, -1128, -61, -59, -1130, -61, 153, 153, 153
L -59, -1130, -61, -71, -1128, -61, 153, 153, 153
L -71, -1128, -61, -75, -943, 27, 153, 153, 153
L -75, -943, 27, -109, -921, 27, 153, 153, 153
L -109, -921, 27, -142, -893, 27, 153, 153, 153
L -142, -893, 27, -201, -852, 27, 153, 153, 153
L -201, -852, 27, -211, -838, 27, 153, 153, 153
L -211, -838, 27, -223, -850, 25, 153, 153, 153
L -223, -850, 25, -245, -865, 27, 153, 153, 153
L -245, -865, 27, -264, -894, 27, 153, 153, 153
L -264, -894, 27, -303, -880, 27, 153, 153, 153
L -303, -880, 27, -331, -897, 27, 153, 153, 153
L -331, -897, 27, -359, -903, 27, 153, 153, 153
L -359, -903, 27, -405, -904, 27, 153, 153, 153
L -405, -904, 27, -426, -892, 27, 153, 153, 153
L -426, -892, 27, -450, -872, 27, 153, 153, 153
L -450, -872, 27, -458, -858, 27, 153, 153, 153
L -458, -858, 27, -478, -848, 27, 153, 153, 153
L -478, -848, 27, -491, -800, 27, 153, 153, 153
L -491, -800, 27, -514, -778, 27, 153, 153, 153
L -514, -778, 27, -520, -760, 27, 153, 153, 153
L -520, -760, 27, -512, -744, 27, 153, 153, 153
L -512, -744, 27, -496, -719, 27, 153, 153, 153
L -496, -719, 27, -481, -692, 27, 153, 153, 153
L -481, -692, 27, -470, -685, 27, 153, 153, 153
L -470, -685, 27, -467, -669, 27, 153, 153, 153
L -467, -669, 27, -467, -649, 27, 153, 153, 153
L -467, -649, 27, -459, -643, 26, 153, 153, 153
L -459, -643, 26, -352, -677, -60, 153, 153, 153
L -352, -677, -60, -322, -664, -60, 153, 153, 153
L -322, -664, -60, -277, -674, -60, 153, 153, 153
L -277, -674, -60, -251, -649, -60, 153, 153, 153
L -251, -649, -60, -206, -649, -60, 153, 153, 153
L -206, -649, -60, -166, -681, -60, 153, 153, 153
L -166, -681, -60, -136, -668, -60, 153, 153, 153
L -136, -668, -60, -19, -685, -60, 153, 153, 153
L -19, -685, -60, 10, -671, -60, 153, 153, 153
L 10, -671, -60, 55, -681, -60, 153, 153, 153
L 55, -681, -60, 81, -656, -60, 153, 153, 153
L 81, -656, -60, 124, -656, -60, 153, 153, 153
L 124, -656, -60, 155, -661, -60, 153, 153, 153
L 155, -661, -60, 172, -661, -60, 153, 153, 153
L 172, -661, -60, 207, -624, -60, 153, 153, 153
L 207, -624, -60, 217, -586, -60, 153, 153, 153
L 217, -586, -60, 208, -563, -60, 153, 153, 153
L 208, -563, -60, 218, -519, -60, 153, 153, 153
L 218, -519, -60, 193, -493, -60, 153, 153, 153
L 193, -493, -60, 193, -448, -60, 153, 153, 153
L 193, -448, -60, 197, -420, -60, 153, 153, 153
L 197, -420, -60, 178, -373, -60, 153, 153, 153
L 178, -373, -60, 187, -338, -60, 153, 153, 153
L 187, -338, -60, 178, -306, -60, 153, 153, 153
L 178, -306, -60, 207, -277, -60, 153, 153, 153
L 207, -277, -60, 218, -277, -60, 153, 153, 153
L 218, -277, -60, 255, -241, -60, 153, 153, 153
L 255, -241, -60, 265, -196, -60, 153, 153, 153
L 265, -196, -60, 255, -164, -60, 153, 153, 153
L 255, -164, -60, 256, -119, -60, 153, 153, 153
L 256, -119, -60, 265, -90, -60, 153, 153, 153
L 265, -90, -60, 255, -46, -60, 153, 153, 153
L 255, 45, -606, 260, 70, -60, 153, 153, 153
L 260, 70, -60, 265, 89, -60, 153, 153, 153
L 265, 89, -60, 256, 118, -60, 153, 153, 153
L 256, 118, -60, 255, 164, -60, 153, 153, 153
L 255, 164, -60, 265, 195, -60, 153, 153, 153
L 265, 195, -60, 255, 239, -60, 153, 153, 153
L 255, 239, -60, 218, 276, -60, 153, 153, 153
L 218, 276, -60, 207, 276, -60, 153, 153, 153
L 207, 276, -60, 178, 305, -60, 153, 153, 153
L 178, 305, -60, 187, 337, -60, 153, 153, 153
L 187, 337, -60, 177, 378, -60, 153, 153, 153
L 177, 378, -60, 197, 416, -60, 153, 153, 153
L 197, 416, -60, 191, 452, -60, 153, 153, 153
L 191, 452, -60, 193, 493, -60, 153, 153, 153
L 193, 493, -60, 218, 518, -60, 153, 153, 153
L 218, 518, -60, 208, 563, -60, 153, 153, 153
L 208, 563, -60, 221, 591, -60, 153, 153, 153
L 221, 591, -60, 208, 624, -60, 153, 153, 153
L 208, 624, -60, 172, 659, -60, 153, 153, 153
L 172, 659, -60, 154, 660, -60, 153, 153, 153
L 154, 660, -60, 110, 680, -60, 153, 153, 153
L 110, 680, -60, 81, 675, -60, 153, 153, 153
L 81, 675, -60, 38, 673, -60, 153, 153, 153
L 38, 673, -60, 10, 700, -60, 153, 153, 153
L 10, 700, -60, -33, 690, -60, 153, 153, 153
L -33, 690, -60, -63, 703, -60, 153, 153, 153
L -63, 703, -60, -93, 699, -60, 153, 153, 153
L -93, 699, -60, -135, 662, -60, 153, 153, 153
L -135, 662, -60, -164, 680, -60, 153, 153, 153
L -164, 680, -60, -165, 680, -60, 153, 153, 153
L -165, 680, -60, -205, 648, -60, 153, 153, 153
L -205, 648, -60, -251, 648, -60, 153, 153, 153
L -251, 648, -60, -275, 672, -60, 153, 153, 153
L -275, 672, -60, -324, 661, -60, 153, 153, 153
L -324, 661, -60, -350, 676, -60, 153, 153, 153
L -350, 676, -60, -459, 641, 27, 153, 153, 153
L -459, 641, 27, -473, 685, 27, 153, 153, 153
L -473, 685, 27, -517, 753, 27, 153, 153, 153
L -517, 753, 27, -510, 778, 27, 153, 153, 153
L -510, 778, 27, -455, 860, 27, 153, 153, 153
L -455, 860, 27, -413, 907, 27, 153, 153, 153
L -413, 907, 27, -382, 899, 27, 153, 153, 153
L -382, 899, 27, -319, 884, 27, 153, 153, 153
L -319, 884, 27, -277, 879, 27, 153, 153, 153
L -277, 879, 27, -248, 869, 27, 153, 153, 153
L -248, 869, 27, -223, 858, 27, 153, 153, 153
L -223, 858, 27, -211, 840, 27, 153, 153, 153
L -211, 840, 27, -192, 848, 27, 153, 153, 153
L -192, 848, 27, -168, 865, 27, 153, 153, 153
L -168, 865, 27, -123, 888, 27, 153, 153, 153
L -123, 888, 27, -96, 904, 27, 153, 153, 153
L -96, 904, 27, -75, 915, 27, 153, 153, 153
L -75, 915, 27, -74, 1096, -61, 153, 153, 153
L -74, 1096, -61, -14, 1098, -61, 153, 153, 153
L -14, 1098, -61, -16, 912, 27, 153, 153, 153
L -16, 912, 27, 15, 907, 27, 153, 153, 153
L 15, 907, 27, 39, 883, 27, 153, 153, 153
L 39, 883, 27, 64, 867, 27, 153, 153, 153
L 64, 867, 27, 99, 850, 27, 153, 153, 153
L 99, 850, 27, 120, 835, 27, 153, 153, 153
L 120, 835, 27, 152, 825, 27, 153, 153, 153
L 152, 825, 27, 172, 827, 27, 153, 153, 153
L 172, 827, 27, 210, 836, 27, 153, 153, 153
L 210, 836, 27, 244, 829, 27, 153, 153, 153
L 244, 829, 27, 278, 824, 27, 153, 153, 153
L 278, 824, 27, 327, 810, 27, 153, 153, 153
L 327, 810, 27, 367, 788, 27, 153, 153, 153
L 367, 788, 27, 398, 774, 27, 153, 153, 153
L 398, 774, 27, 412, 767, 27, 153, 153, 153
L 412, 767, 27, 434, 773, 27, 153, 153, 153
L 434, 773, 27, 467, 788, 27, 153, 153, 153
L 467, 788, 27, 503, 789, 27, 153, 153, 153
L 503, 789, 27, 537, 806, 27, 153, 153, 153
L 537, 806, 27, 557, 792, 27, 153, 153, 153
L 557, 792, 27, 586, 752, 27, 153, 153, 153
L 586, 752, 27, 586, 721, 27, 153, 153, 153
L 586, 721, 27, 572, 691, 27, 153, 153, 153
L 572, 691, 27, 567, 658, 27, 153, 153, 153
L 567, 658, 27, 559, 632, 27, 153, 153, 153
L 559, 632, 27, 556, 621, 27, 153, 153, 153
L 556, 621, 27, 563, 603, 27, 153, 153, 153
L 563, 603, 27, 568, 567, 27, 153, 153, 153
L 568, 567, 27, 579, 539, 27, 153, 153, 153
L 579, 539, 27, 586, 500, 27, 153, 153, 153
L 586, 500, 27, 593, 490, 27, 153, 153, 153
L 593, 490, 27, 617, 477, 27, 153, 153, 153
L 617, 477, 27, 640, 442, 27, 153, 153, 153
L 640, 442, 27, 665, 433, 27, 153, 153, 153
L 665, 433, 27, 678, 404, 27, 153, 153, 153
L 678, 404, 27, 701, 383, 27, 153, 153, 153
L 701, 383, 27, 732, 350, 27, 153, 153, 153
L 732, 350, 27, 759, 323, 27, 153, 153, 153
L 759, 323, 27, 779, 305, 27, 153, 153, 153
L 779, 305, 27, 806, 297, 27, 153, 153, 153
L 806, 297, 27, 862, 286, 27, 153, 153, 153
L 862, 286, 27, 910, 273, 27, 153, 153, 153
L 910, 273, 27, 933, 242, 27, 153, 153, 153
L 933, 242, 27, 951, 225, 26, 153, 153, 153
L 951, 225, 26, 962, 201, 27, 153, 153, 153
L 962, 201, 27, 983, 104, 27, 153, 153, 153
L 983, 104, 27, 980, 74, 27, 153, 153, 153
L 980, 74, 27, 977, 51, 27, 153, 153, 153
L 977, 51, 27, 977, 43, 27, 153, 153, 153
L 977, 43, 27, 910, 43, -41, 153, 153, 153
L 910, 43, -41, 910, 23, -41, 153, 153, 153
L 910, 23, -41, 1088, 23, -41, 153, 153, 153
L 1088, 23, -41, 1088, 93, -41, 153, 153, 153
L 1088, 93, -41, 1266, 93, -41, 153, 153, 153
L 1266, 93, -41, 1266, -94, -41, 153, 153, 153
L 1266, -94, -41, 1225, -94, -41, 153, 153, 153
L 1225, -94, -41, 1225, -311, -41, 153, 153, 153
L 1225, -311, -41, 1610, -311, -41, 153, 153, 153
L 1610, -311, -41, 1610, -109, -41, 153, 153, 153
L 388, -41, -591, 391, -42, -55, 153, 153, 153
L 391, -42, -55, 397, -43, -49, 153, 153, 153
L 397, -43, -49, 400, -41, -45, 153, 153, 153
L 400, -41, -45, 403, -38, -42, 153, 153, 153
L 403, -38, -42, 405, -31, -42, 153, 153, 153
L 405, -31, -42, 425, -31, -41, 153, 153, 153
L 425, -31, -41, 425, -24, -41, 153, 153, 153
L 425, -24, -41, 278, -24, 1, 153, 153, 153
L 278, -24, 1, 278, -39, 1, 153, 153, 153
L 278, -39, 1, 254, -39, 1, 153, 153, 153
L 254, -39, 1, 254, -6, 1, 153, 153, 153
L 254, -6, 1, 245, -6, 1, 153, 153, 153
L 245, -6, 1, 245, -16, 1, 153, 153, 153
L 245, -16, 1, 203, -16, 1, 153, 153, 153
L 203, -16, 1, 193, -27, 1, 153, 153, 153
L 193, -27, 1, 149, -27, 1, 153, 153, 153
L 149, -27, 1, 137, -16, 1, 153, 153, 153
L 137, -16, 1, 95, -16, 1, 153, 153, 153
L 95, -16, 1, 95, -10, 1, 153, 153, 153
L 95, -10, 1, 88, -10, 1, 153, 153, 153
L 88, -10, 1, 88, -89, 6, 153, 153, 153
L 88, -89, 6, -132, -89, 1, 153, 153, 153
L -132, -89, 1, -132, -96, 1, 153, 153, 153
L -132, -96, 1, -126, -96, 1, 153, 153, 153
L -126, -96, 1, -126, -138, 1, 153, 153, 153
L -126, -138, 1, -115, -150, 1, 153, 153, 153
L -115, -150, 1, -115, -194, 1, 153, 153, 153
L -115, -194, 1, -126, -205, 1, 153, 153, 153
L -126, -205, 1, -126, -247, 1, 153, 153, 153
L -126, -247, 1, -132, -247, 1, 153, 153, 153
L -132, -247, 1, -132, -255, 1, 153, 153, 153
L -132, -255, 1, -76, -255, 1, 153, 153, 153
L -76, -255, 1, -76, -286, 1, 153, 153, 153
L -76, -286, 1, -69, -286, 1, 153, 153, 153
L -69, -286, 1, -69, -280, 1, 153, 153, 153
L -69, -280, 1, -26, -280, 1, 153, 153, 153
L -26, -280, 1, -26, -286, 1, 153, 153, 153
L -26, -286, 1, -19, -286, 1, 153, 153, 153
L -19, -286, 1, -19, -255, 1, 153, 153, 153
L -19, -255, 1, 63, -255, 3, 153, 153, 153
L 63, -255, 3, 63, -337, 1, 153, 153, 153
L 63, -337, 1, 32, -337, 1, 153, 153, 153
L 32, -337, 1, 32, -345, 1, 153, 153, 153
L 32, -345, 1, 38, -345, 1, 153, 153, 153
L 38, -345, 1, 38, -387, 1, 153, 153, 153
L 38, -387, 1, 45, -387, 1, 153, 153, 153
L 45, -387, 1, 45, -356, 1, 153, 153, 153
L 45, -356, 1, 129, -356, 1, 153, 153, 153
L 129, -356, 1, 129, -439, 1, 153, 153, 153
L 129, -439, 1, 45, -439, 1, 153, 153, 153
L 45, -439, 1, 45, -408, 1, 153, 153, 153
L 45, -408, 1, 38, -408, 1, 153, 153, 153
L 38, -408, 1, 38, -489, 1, 153, 153, 153
L 38, -489, 1, -69, -489, 1, 153, 153, 153
L -69, -489, 1, -69, -497, 1, 153, 153, 153
L -69, -497, 1, -38, -497, 1, 153, 153, 153
L -38, -497, 1, -38, -581, 1, 153, 153, 153
L -38, -581, 1, -121, -581, 1, 153, 153, 153
L -121, -581, 1, -121, -497, 1, 153, 153, 153
L -121, -497, 1, -90, -497, 1, 153, 153, 153
L -90, -497, 1, -90, -489, 1, 153, 153, 153
L -90, -489, 1, -195, -489, 1, 153, 153, 153
L -195, -489, 1, -195, -497, 1, 153, 153, 153
L -195, -497, 1, -164, -497, 1, 153, 153, 153
L -164, -497, 1, -164, -581, 1, 153, 153, 153
L -164, -581, 1, -247, -581, 1, 153, 153, 153
L -247, -581, 1, -247, -497, 1, 153, 153, 153
L -247, -497, 1, -216, -497, 1, 153, 153, 153
L -216, -497, 1, -216, -489, 1, 153, 153, 153
L -216, -489, 1, -324, -489, 1, 153, 153, 153
L -324, -489, 1, -324, -408, 1, 153, 153, 153
L -324, -408, 1, -331, -408, 1, 153, 153, 153
L -331, -408, 1, -331, -439, 1, 153, 153, 153
L -331, -439, 1, -415, -439, 1, 153, 153, 153
L -415, -439, 1, -415, -356, 1, 153, 153, 153
L -415, -356, 1, -331, -356, 1, 153, 153, 153
L -331, -356, 1, -331, -387, 1, 153, 153, 153
L -331, -387, 1, -324, -387, 1, 153, 153, 153
L -324, -387, 1, -324, -345, 1, 153, 153, 153
L -324, -345, 1, -318, -345, 1, 153, 153, 153
L -318, -345, 1, -318, -337, 1, 153, 153, 153
L -318, -337, 1, -349, -337, 1, 153, 153, 153
L -349, -337, 1, -349, -255, 3, 153, 153, 153
L -349, -255, 3, -266, -255, 1, 153, 153, 153
L -266, -255, 1, -266, -286, 1, 153, 153, 153
L -266, -286, 1, -259, -286, 1, 153, 153, 153
L -259, -286, 1, -259, -280, 1, 153, 153, 153
L -259, -280, 1, -216, -280, 1, 153, 153, 153
L -216, -280, 1, -216, -286, 1, 153, 153, 153
L -216, -286, 1, -209, -286, 1, 153, 153, 153
L -209, -286, 1, -209, -255, 1, 153, 153, 153
L -209, -255, 1, -153, -255, 1, 153, 153, 153
L -153, -255, 1, -153, -247, 1, 153, 153, 153
L -153, -247, 1, -159, -247, 1, 153, 153, 153
L -159, -247, 1, -159, -205, 1, 153, 153, 153
L -159, -205, 1, -170, -194, 1, 153, 153, 153
L -170, -194, 1, -170, -150, 1, 153, 153, 153
L -170, -150, 1, -159, -138, 1, 153, 153, 153
L -159, -138, 1, -159, -96, 1, 153, 153, 153
L -159, -96, 1, -153, -96, 1, 153, 153, 153
L -153, -96, 1, -153, -89, 1, 153, 153, 153
L -153, -89, 1, -369, -89, 6, 153, 153, 153
L -369, -89, 6, -369, -10, 1, 153, 153, 153
L -76, -337, 18, -76, -306, 1, 153, 153, 153
L -76, -306, 1, -69, -306, 1, 153, 153, 153
L -69, -306, 1, -69, -312, 1, 153, 153, 153
L -69, -312, 1, -26, -312, 1, 153, 153, 153
L -26, -312, 1, -26, -306, 1, 153, 153, 153
L -26, -306, 1, -19, -306, 1, 153, 153, 153
L -19, -306, 1, -19, -337, 1, 153, 153, 153
L -19, -337, 1, 11, -337, 1, 153, 153, 153
L 11, -337, 1, 11, -345, 1, 153, 153, 153
L 11, -345, 1, 5, -345, 1, 153, 153, 153
L 5, -345, 1, 5, -387, 1, 153, 153, 153
L 5, -387, 1, -1, -387, 1, 153, 153, 153
L -1, -387, 1, -1, -356, 1, 153, 153, 153
L -1, -356, 1, -83, -356, 1, 153, 153, 153
L -83, -356, 1, -83, -439, 1, 153, 153, 153
L -83, -439, 1, -1, -439, 1, 153, 153, 153
L -1, -439, 1, -1, -408, 1, 153, 153, 153
L -1, -408, 1, 5, -408, 1, 153, 153, 153
L 5, -408, 1, 5, -457, 1, 153, 153, 153
L 5, -457, 1, -132, -457, 1, 153, 153, 153
L -132, -457, 1, -132, -449, 1, 153, 153, 153
L -132, -449, 1, -102, -449, 1, 153, 153, 153
L -102, -449, 1, -102, -390, 1, 153, 153, 153
L -102, -390, 1, -184, -390, 1, 153, 153, 153
L -184, -390, 1, -184, -449, 1, 153, 153, 153
L -184, -449, 1, -153, -449, 1, 153, 153, 153
L -153, -449, 1, -153, -457, 1, 153, 153, 153
L -153, -457, 1, -291, -457, 1, 153, 153, 153
L -291, -457, 1, -291, -408, 1, 153, 153, 153
L -291, -408, 1, -284, -408, 1, 153, 153, 153
L -284, -408, 1, -284, -439, 1, 153, 153, 153
L -284, -439, 1, -202, -439, 1, 153, 153, 153
L -202, -439, 1, -202, -356, 1, 153, 153, 153
L -202, -356, 1, -284, -356, 1, 153, 153, 153
L -284, -356, 1, -284, -387, 1, 153, 153, 153
L -284, -387, 1, -291, -387, 1, 153, 153, 153
L -291, -387, 1, -291, -345, 1, 153, 153, 153
L -291, -345, 1, -297, -345, 1, 153, 153, 153
L -297, -345, 1, -297, -337, 1, 153, 153, 153
L -297, -337, 1, -266, -337, 1, 153, 153, 153
L -266, -337, 1, -266, -306, 1, 153, 153, 153
L -266, -306, 1, -259, -306, 1, 153, 153, 153
L -259, -306, 1, -259, -312, 1, 153, 153, 153
L -259, -312, 1, -216, -312, 1, 153, 153, 153
L -216, -312, 1, -216, -306, 1, 153, 153, 153
L -216, -306, 1, -209, -306, 1, 153, 153, 153
L -209, -306, 1, -209, -337, 1, 153, 153, 153
L -209, -337, 1, -176, -337, 1, 153, 153, 153
L -176, -337, 1, -170, -342, 5, 153, 153, 153
L -170, -342, 5, -169, -346, 5, 153, 153, 153
L -169, -346, 5, -169, -368, 5, 153, 153, 153
L -169, -368, 5, -165, -372, 5, 153, 153, 153
L -165, -372, 5, -120, -372, 5, 153, 153, 153
L -120, -372, 5, -116, -368, 5, 153, 153, 153
L -116, -368, 5, -116, -346, 5, 153, 153, 153
L -116, -346, 5, -115, -342, 5, 153, 153, 153
L -115, -342, 5, -110, -337, 1, 153, 153, 153
L -110, -337, 1, -76, -337, 1, 153, 153, 153
L 391, 41, -584, 393, 42, -55, 153, 153, 153
L 393, 42, -55, 395, 42, -53, 153, 153, 153
L 395, 42, -53, 399, 41, -49, 153, 153, 153
L 399, 41, -49, 401, 39, -47, 153, 153, 153
L 401, 39, -47, 402, 38, -45, 153, 153, 153
L 402, 38, -45, 404, 36, -43, 153, 153, 153
L 404, 36, -43, 405, 35, -43, 153, 153, 153
L 405, 35, -43, 405, 30, -42, 153, 153, 153
L 405, 30, -42, 426, 30, -41, 153, 153, 153
L 426, 30, -41, 426, 23, -41, 153, 153, 153
L 426, 23, -41, 278, 23, 1, 153, 153, 153
L 278, 23, 1, 278, 38, 1, 153, 153, 153
L 278, 38, 1, 254, 38, 1, 153, 153, 153
L 254, 38, 1, 254, 9, 1, 153, 153, 153
L 254, 9, 1, 246, 9, 1, 153, 153, 153
L 246, 9, 1, 246, 15, 1, 153, 153, 153
L 246, 15, 1, 204, 15, 1, 153, 153, 153
L 204, 15, 1, 193, 26, 1, 153, 153, 153
L 193, 26, 1, 149, 26, 1, 153, 153, 153
L 149, 26, 1, 137, 15, 1, 153, 153, 153
L 137, 15, 1, 95, 15, 1, 153, 153, 153
L 95, 15, 1, 95, 9, 1, 153, 153, 153
L 95, 9, 1, 88, 9, 1, 153, 153, 153
L 88, 9, 1, 88, 89, 6, 153, 153, 153
L 88, 89, 6, -132, 89, 1, 153, 153, 153
L -132, 89, 1, -132, 97, 1, 153, 153, 153
L -132, 97, 1, -126, 97, 1, 153, 153, 153
L -126, 97, 1, -126, 138, 1, 153, 153, 153
L -126, 138, 1, -115, 150, 1, 153, 153, 153
L -115, 150, 1, -115, 194, 1, 153, 153, 153
L -115, 194, 1, -126, 206, 1, 153, 153, 153
L -126, 206, 1, -126, 248, 1, 153, 153, 153
L -126, 248, 1, -132, 248, 1, 153, 153, 153
L -132, 248, 1, -132, 255, 1, 153, 153, 153
L -132, 255, 1, -76, 255, 1, 153, 153, 153
L -76, 255, 1, -76, 286, 1, 153, 153, 153
L -76, 286, 1, -69, 286, 1, 153, 153, 153
L -69, 286, 1, -69, 280, 1, 153, 153, 153
L -69, 280, 1, -26, 280, 1, 153, 153, 153
L -26, 280, 1, -26, 286, 1, 153, 153, 153
L -26, 286, 1, -19, 286, 1, 153, 153, 153
L -19, 286, 1, -19, 255, 1, 153, 153, 153
L -19, 255, 1, 63, 255, 3, 153, 153, 153
L 63, 255, 3, 63, 338, 1, 153, 153, 153
L 63, 338, 1, 32, 338, 1, 153, 153, 153
L 32, 338, 1, 32, 345, 1, 153, 153, 153
L 32, 345, 1, 38, 345, 1, 153, 153, 153
L 38, 345, 1, 38, 388, 1, 153, 153, 153
L 38, 388, 1, 45, 388, 1, 153, 153, 153
L 45, 388, 1, 45, 357, 1, 153, 153, 153
L 45, 357, 1, 129, 357, 1, 153, 153, 153
L 129, 357, 1, 129, 439, 1, 153, 153, 153
L 129, 439, 1, 45, 439, 1, 153, 153, 153
L 45, 439, 1, 45, 408, 1, 153, 153, 153
L 45, 408, 1, 38, 408, 1, 153, 153, 153
L 38, 408, 1, 38, 490, 1, 153, 153, 153
L 38, 490, 1, -69, 490, 1, 153, 153, 153
L -69, 490, 1, -69, 497, 1, 153, 153, 153
L -69, 497, 1, -38, 497, 1, 153, 153, 153
L -38, 497, 1, -38, 581, 1, 153, 153, 153
L -38, 581, 1, -121, 581, 1, 153, 153, 153
L -121, 581, 1, -121, 497, 1, 153, 153, 153
L -121, 497, 1, -90, 497, 1, 153, 153, 153
L -90, 497, 1, -90, 490, 1, 153, 153, 153
L -90, 490, 1, -195, 490, 1, 153, 153, 153
L -195, 490, 1, -195, 497, 1, 153, 153, 153
L -195, 497, 1, -164, 497, 1, 153, 153, 153
L -164, 497, 1, -164, 581, 1, 153, 153, 153
L -164, 581, 1, -247, 581, 1, 153, 153, 153
L -247, 581, 1, -247, 497, 1, 153, 153, 153
L -247, 497, 1, -216, 497, 1, 153, 153, 153
L -216, 497, 1, -216, 490, 1, 153, 153, 153
L -216, 490, 1, -324, 490, 1, 153, 153, 153
L -324, 490, 1, -324, 408, 1, 153, 153, 153
L -324, 408, 1, -331, 408, 1, 153, 153, 153
L -331, 408, 1, -331, 439, 1, 153, 153, 153
L -331, 439, 1, -415, 439, 1, 153, 153, 153
L -415, 439, 1, -415, 357, 1, 153, 153, 153
L -415, 357, 1, -331, 357, 1, 153, 153, 153
L -331, 357, 1, -331, 388, 1, 153, 153, 153
L -331, 388, 1, -324, 388, 1, 153, 153, 153
L -324, 388, 1, -324, 345, 1, 153, 153, 153
L -324, 345, 1, -318, 345, 1, 153, 153, 153
L -318, 345, 1, -318, 338, 1, 153, 153, 153
L -318, 338, 1, -349, 338, 1, 153, 153, 153
L -349, 338, 1, -349, 255, 3, 153, 153, 153
L -349, 255, 3, -266, 255, 1, 153, 153, 153
L -266, 255, 1, -266, 286, 1, 153, 153, 153
L -266, 286, 1, -259, 286, 1, 153, 153, 153
L -259, 286, 1, -259, 280, 1, 153, 153, 153
L -259, 280, 1, -216, 280, 1, 153, 153, 153
L -216, 280, 1, -216, 286, 1, 153, 153, 153
L -216, 286, 1, -209, 286, 1, 153, 153, 153
L -209, 286, 1, -209, 255, 1, 153, 153, 153
L -209, 255, 1, -153, 255, 1, 153, 153, 153
L -153, 255, 1, -153, 248, 1, 153, 153, 153
L -153, 248, 1, -159, 248, 1, 153, 153, 153
L -159, 248, 1, -159, 206, 1, 153, 153, 153
L -159, 206, 1, -170, 194, 1, 153, 153, 153
L -170, 194, 1, -170, 150, 1, 153, 153, 153
L -170, 150, 1, -159, 138, 1, 153, 153, 153
L -159, 138, 1, -159, 97, 1, 153, 153, 153
L -159, 97, 1, -153, 97, 1, 153, 153, 153
L -153, 97, 1, -153, 89, 1, 153, 153, 153
L -153, 89, 1, -369, 89, 6, 153, 153, 153
L -369, 89, 6, -369, 9, 1, 153, 153, 153
L -369, -10, 18, -376, -10, 1, 153, 153, 153
L -376, -10, 1, -376, -16, 1, 153, 153, 153
L -376, -16, 1, -418, -16, 1, 153, 153, 153
L -418, -16, 1, -430, -27, 1, 153, 153, 153
L -430, -27, 1, -474, -27, 1, 153, 153, 153
L -474, -27, 1, -485, -16, 1, 153, 153, 153
L -485, -16, 1, -527, -16, 1, 153, 153, 153
L -527, -16, 1, -527, -10, 1, 153, 153, 153
L -527, -10, 1, -535, -10, 1, 153, 153, 153
L -535, -10, 1, -535, -66, 1, 153, 153, 153
L -535, -66, 1, -566, -66, 1, 153, 153, 153
L -566, -66, 1, -566, -74, 1, 153, 153, 153
L -566, -74, 1, -561, -74, 1, 153, 153, 153
L -561, -74, 1, -561, -115, 1, 153, 153, 153
L -561, -115, 1, -550, -127, 1, 153, 153, 153
L -550, -127, 1, -550, -171, 1, 153, 153, 153
L -550, -171, 1, -561, -183, 1, 153, 153, 153
L -561, -183, 1, -561, -226, 1, 153, 153, 153
L -561, -226, 1, -609, -274, 1, 153, 153, 153
L -609, -274, 1, -652, -274, 1, 153, 153, 153
L -652, -274, 1, -663, -285, 1, 153, 153, 153
L -663, -285, 1, -707, -285, 1, 153, 153, 153
L -707, -285, 1, -719, -274, 1, 153, 153, 153
L -719, -274, 1, -766, -274, 1, 153, 153, 153
L -766, -274, 1, -777, -286, 1, 153, 153, 153
L -777, -286, 1, -777, -332, 1, 153, 153, 153
L -777, -332, 1, -766, -344, 1, 153, 153, 153
L -766, -344, 1, -766, -388, 1, 153, 153, 153
L -766, -388, 1, -777, -399, 1, 153, 153, 153
L -777, -399, 1, -777, -442, 1, 153, 153, 153
L -777, -442, 1, -825, -490, 1, 153, 153, 153
L -825, -490, 1, -869, -490, 1, 153, 153, 153
L -869, -490, 1, -880, -501, 1, 153, 153, 153
L -880, -501, 1, -924, -501, 1, 153, 153, 153
L -924, -501, 1, -936, -490, 1, 153, 153, 153
L -936, -490, 1, -977, -490, 1, 153, 153, 153
L -977, -490, 1, -977, -484, 1, 153, 153, 153
L -977, -484, 1, -985, -484, 1, 153, 153, 153
L -985, -484, 1, -985, -541, 4, 153, 153, 153
L -985, -541, 4, -1056, -613, 4, 153, 153, 153
L -1056, -613, 4, -1112, -613, 1, 153, 153, 153
L -1112, -613, 1, -1112, -620, 1, 153, 153, 153
L -1112, -620, 1, -1076, -620, 1, 153, 153, 153
L -1076, -620, 1, -1076, -675, 1, 153, 153, 153
L -1076, -675, 1, -1096, -675, 1, 153, 153, 153
L -1096, -675, 1, -1098, -684, 1, 153, 153, 153
L -1098, -684, 1, -1100, -688, 1, 153, 153, 153
L -1100, -688, 1, -1104, -693, 1, 153, 153, 153
L -1104, -693, 1, -1113, -699, 1, 153, 153, 153
L -1113, -699, 1, -1119, -701, 1, 153, 153, 153
L -1119, -701, 1, -1125, -701, 1, 153, 153, 153
L -1125, -701, 1, -1128, -700, 1, 153, 153, 153
L -1128, -700, 1, -1133, -699, 1, 153, 153, 153
L -1133, -699, 1, -1141, -693, 1, 153, 153, 153
L -1141, -693, 1, -1144, -690, 1, 153, 153, 153
L -1144, -690, 1, -1147, -685, 1, 153, 153, 153
L -1147, -685, 1, -1148, -682, 1, 153, 153, 153
L -1148, -682, 1, -1148, -675, 1, 153, 153, 153
L -1148, -675, 1, -1169, -675, 1, 153, 153, 153
L -1169, -675, 1, -1169, -620, 1, 153, 153, 153
L -1169, -620, 1, -1133, -620, 1, 153, 153, 153
L -1133, -620, 1, -1133, -613, 1, 153, 153, 153
L -1133, -613, 1, -1190, -613, 4, 153, 153, 153
L -1190, -613, 4, -1262, -541, 4, 153, 153, 153
L -1262, -541, 4, -1262, -484, 1, 153, 153, 153
L -1262, -484, 1, -1270, -484, 1, 153, 153, 153
L -1270, -484, 1, -1270, -490, 1, 153, 153, 153
L -1270, -490, 1, -1311, -490, 1, 153, 153, 153
L -1311, -490, 1, -1323, -501, 1, 153, 153, 153
L -1323, -501, 1, -1367, -501, 1, 153, 153, 153
L -1367, -501, 1, -1379, -490, 1, 153, 153, 153
L -1379, -490, 1, -1421, -490, 1, 153, 153, 153
L -1421, -490, 1, -1421, -484, 1, 153, 153, 153
L -1421, -484, 1, -1428, -484, 1, 153, 153, 153
L -1428, -484, 1, -1428, -540, 1, 153, 153, 153
L -1428, -540, 1, -1437, -540, 1, 153, 153, 153
L -1437, -540, 1, -1442, -544, 5, 153, 153, 153
L -1442, -544, 5, -1443, -549, 5, 153, 153, 153
L -1443, -549, 5, -1443, -571, 5, 153, 153, 153
L -1443, -571, 5, -1447, -575, 5, 153, 153, 153
L -1447, -575, 5, -1492, -575, 5, 153, 153, 153
L -1492, -575, 5, -1496, -571, 5, 153, 153, 153
L -1496, -571, 5, -1496, -549, 5, 153, 153, 153
L -1496, -549, 5, -1497, -544, 5, 153, 153, 153
L -1497, -544, 5, -1502, -540, 1, 153, 153, 153
L -1502, -540, 1, -1511, -540, 1, 153, 153, 153
L -1511, -540, 1, -1511, -506, 1, 153, 153, 153
L -1511, -506, 1, -1515, -501, 5, 153, 153, 153
L -1515, -501, 5, -1520, -500, 5, 153, 153, 153
L -1520, -500, 5, -1542, -500, 5, 153, 153, 153
L -1542, -500, 5, -1546, -496, 5, 153, 153, 153
L -1546, -496, 5, -1546, -484, 5, 153, 153, 153
L -1546, -484, 5, -1553, -484, 5, 153, 153, 153
L -1553, -484, 5, -1553, -490, 5, 153, 153, 153
L -1553, -490, 5, -1595, -490, 5, 153, 153, 153
L -1595, -490, 5, -1607, -501, 5, 153, 153, 153
L -1607, -501, 5, -1651, -501, 5, 153, 153, 153
L -1651, -501, 5, -1663, -490, 5, 153, 153, 153
L -1663, -490, 5, -1705, -490, 5, 153, 153, 153
L -1705, -490, 5, -1753, -442, 5, 153, 153, 153
L -1753, -442, 5, -1753, -400, 5, 153, 153, 153
L -1753, -400, 5, -1747, -400, 5, 153, 153, 153
L -1747, -400, 5, -1747, -392, 5, 153, 153, 153
L -1747, -392, 5, -1760, -392, 5, 153, 153, 153
L -1760, -392, 5, -1764, -388, 5, 153, 153, 153
L -1764, -388, 5, -1764, -366, 5, 153, 153, 153
L -1764, -366, 5, -1765, -362, 5, 153, 153, 153
L -1765, -362, 5, -1770, -357, 1, 153, 153, 153
L -1770, -357, 1, -1803, -357, 1, 153, 153, 153
L -1803, -357, 1, -1803, -349, 1, 153, 153, 153
L -1803, -349, 1, -1808, -344, 5, 153, 153, 153
L -1808, -344, 5, -1812, -343, 5, 153, 153, 153
L -1812, -343, 5, -1834, -343, 5, 153, 153, 153
L -1834, -343, 5, -1838, -339, 5, 153, 153, 153
L -1838, -339, 5, -1838, -293, 5, 153, 153, 153
L -1838, -293, 5, -1834, -289, 5, 153, 153, 153
L -1834, -289, 5, -1812, -289, 5, 153, 153, 153
L -1812, -289, 5, -1808, -288, 5, 153, 153, 153
L -1808, -288, 5, -1803, -284, 1, 153, 153, 153
L -1803, -284, 1, -1803, -275, 1, 153, 153, 153
L -1803, -275, 1, -1747, -275, 1, 153, 153, 153
L -1747, -275, 1, -1747, -267, 1, 153, 153, 153
L -1747, -267, 1, -1754, -267, 1, 153, 153, 153
L -1754, -267, 1, -1754, -241, 1, 153, 153, 153
L -1754, -241, 1, -1765, -230, 1, 153, 153, 153
L -1765, -230, 1, -1765, -186, 1, 153, 153, 153
L -1765, -186, 1, -1754, -174, 1, 153, 153, 153
L -1754, -174, 1, -1754, -147, 1, 153, 153, 153
L -1754, -147, 1, -1747, -147, 1, 153, 153, 153
L -1747, -147, 1, -1747, -140, 1, 153, 153, 153
L -1747, -140, 1, -1804, -140, 4, 153, 153, 153
L -1804, -140, 4, -1876, -68, 4, 153, 153, 153
L -1876, -68, 4, -1876, -12, 1, 153, 153, 153
L -1876, -12, 1, -1883, -12, 1, 153, 153, 153
L -1883, -12, 1, -1883, -48, 1, 153, 153, 153
L -1883, -48, 1, -1938, -48, 1, 153, 153, 153
L -1938, -48, 1, -1938, -29, 1, 153, 153, 153
L -1938, -29, 1, -1946, -27, 1, 153, 153, 153
L -1946, -27, 1, -1952, -24, 1, 153, 153, 153
L -1952, -24, 1, -1953, -23, 1, 153, 153, 153
L -1953, -23, 1, -1957, -20, 1, 153, 153, 153
L -1957, -20, 1, -1959, -17, 1, 153, 153, 153
L -1959, -17, 1, -1962, -11, 1, 153, 153, 153
L -1962, -11, 1, -1963, -6, 1, 153, 153, 153
L -1963, -6, 1, -1964, -4, 1, 153, 153, 153
L -1964, -4, 1, -1963, 2, 1, 153, 153, 153
L -1963, 2, 1, -1964, 0, 1, 153, 153, 153
L -1964, 0, 1, -1962, 7, 1, 153, 153, 153
L -1962, 7, 1, -1958, 13, 1, 153, 153, 153
L -1958, 13, 1, -1951, 20, 1, 153, 153, 153
L -1951, 20, 1, -1940, 23, 1, 153, 153, 153
L -1940, 23, 1, -1938, 24, 1, 153, 153, 153
L -1938, 24, 1, -1938, 43, 1, 153, 153, 153
L -1938, 43, 1, -1883, 43, 1, 153, 153, 153
L -1883, 43, 1, -1883, 7, 1, 153, 153, 153
L -1883, 7, 1, -1876, 7, 1, 153, 153, 153
L -1876, 7, 1, -1876, 64, 4, 153, 153, 153
L -1876, 64, 4, -1804, 137, 4, 153, 153, 153
L -1804, 137, 4, -1747, 137, 1, 153, 153, 153
L -1747, 137, 1, -1747, 144, 1, 153, 153, 153
L -1747, 144, 1, -1754, 144, 1, 153, 153, 153
L -1754, 144, 1, -1754, 171, 1, 153, 153, 153
L -1754, 171, 1, -1765, 183, 1, 153, 153, 153
L -1765, 183, 1, -1765, 227, 1, 153, 153, 153
L -1765, 227, 1, -1754, 238, 1, 153, 153, 153
L -1754, 238, 1, -1754, 264, 1, 153, 153, 153
L -1754, 264, 1, -1747, 264, 1, 153, 153, 153
L -1747, 264, 1, -1747, 272, 1, 153, 153, 153
L -1747, 272, 1, -1803, 272, 1, 153, 153, 153
L -1803, 272, 1, -1803, 280, 1, 153, 153, 153
L -1803, 280, 1, -1808, 285, 5, 153, 153, 153
L -1808, 285, 5, -1812, 286, 5, 153, 153, 153
L -1812, 286, 5, -1834, 286, 5, 153, 153, 153
L -1834, 286, 5, -1838, 290, 5, 153, 153, 153
L -1838, 290, 5, -1838, 336, 5, 153, 153, 153
L -1838, 336, 5, -1834, 340, 5, 153, 153, 153
L -1834, 340, 5, -1812, 340, 5, 153, 153, 153
L -1812, 340, 5, -1808, 341, 5, 153, 153, 153
L -1808, 341, 5, -1803, 346, 1, 153, 153, 153
L -1803, 346, 1, -1803, 354, 1, 153, 153, 153
L -1803, 354, 1, -1770, 354, 1, 153, 153, 153
L -1770, 354, 1, -1765, 359, 5, 153, 153, 153
L -1765, 359, 5, -1764, 363, 5, 153, 153, 153
L -1764, 363, 5, -1764, 385, 5, 153, 153, 153
L -1764, 385, 5, -1760, 389, 5, 153, 153, 153
L -1760, 389, 5, -1747, 389, 5, 153, 153, 153
L -1747, 389, 5, -1747, 397, 5, 153, 153, 153
L -1747, 397, 5, -1753, 397, 5, 153, 153, 153
L -1753, 397, 5, -1753, 439, 5, 153, 153, 153
L -1753, 439, 5, -1705, 487, 5, 153, 153, 153
L -1705, 487, 5, -1661, 487, 5, 153, 153, 153
L -1661, 487, 5, -1651, 498, 5, 153, 153, 153
L -1651, 498, 5, -1607, 498, 5, 153, 153, 153
L -1607, 498, 5, -1595, 487, 5, 153, 153, 153
L -1595, 487, 5, -1553, 487, 5, 153, 153, 153
L -1553, 487, 5, -1553, 481, 5, 153, 153, 153
L -1553, 481, 5, -1546, 481, 5, 153, 153, 153
L -1546, 481, 5, -1546, 493, 5, 153, 153, 153
L -1546, 493, 5, -1542, 497, 5, 153, 153, 153
L -1542, 497, 5, -1520, 497, 5, 153, 153, 153
L -1520, 497, 5, -1515, 498, 5, 153, 153, 153
L -1515, 498, 5, -1511, 504, 1, 153, 153, 153
L -1511, 504, 1, -1511, 537, 1, 153, 153, 153
L -1511, 537, 1, -1502, 537, 1, 153, 153, 153
L -1502, 537, 1, -1497, 541, 5, 153, 153, 153
L -1497, 541, 5, -1496, 546, 5, 153, 153, 153
L -1496, 546, 5, -1496, 568, 5, 153, 153, 153
L -1496, 568, 5, -1492, 572, 5, 153, 153, 153
L -1492, 572, 5, -1447, 572, 5, 153, 153, 153
L -1447, 572, 5, -1443, 568, 5, 153, 153, 153
L -1443, 568, 5, -1443, 546, 5, 153, 153, 153
L -1443, 546, 5, -1442, 541, 5, 153, 153, 153
L -1442, 541, 5, -1437, 537, 1, 153, 153, 153
L -1437, 537, 1, -1428, 537, 1, 153, 153, 153
L -1428, 537, 1, -1428, 481, 1, 153, 153, 153
L -1428, 481, 1, -1421, 481, 1, 153, 153, 153
L -1421, 481, 1, -1421, 487, 1, 153, 153, 153
L -1421, 487, 1, -1379, 487, 1, 153, 153, 153
L -1379, 487, 1, -1367, 498, 1, 153, 153, 153
L -1367, 498, 1, -1323, 498, 1, 153, 153, 153
L -1323, 498, 1, -1312, 487, 1, 153, 153, 153
L -1312, 487, 1, -1270, 487, 1, 153, 153, 153
L -1270, 487, 1, -1270, 481, 1, 153, 153, 153
L -1270, 481, 1, -1262, 481, 1, 153, 153, 153
L -1262, 481, 1, -1262, 538, 4, 153, 153, 153
L -1262, 538, 4, -1190, 610, 4, 153, 153, 153
L -1190, 610, 4, -1133, 610, 1, 153, 153, 153
L -1133, 610, 1, -1133, 617, 1, 153, 153, 153
L -1133, 617, 1, -1169, 617, 1, 153, 153, 153
L -1169, 617, 1, -1169, 672, 1, 153, 153, 153
L -1169, 672, 1, -1149, 672, 1, 153, 153, 153
L -1149, 672, 1, -1148, 679, 1, 153, 153, 153
L -1148, 679, 1, -1145, 686, 1, 153, 153, 153
L -1145, 686, 1, -1140, 691, 1, 153, 153, 153
L -1140, 691, 1, -1136, 693, 1, 153, 153, 153
L -1136, 693, 1, -1132, 696, 1, 153, 153, 153
L -1132, 696, 1, -1124, 698, 1, 153, 153, 153
L -1124, 698, 1, -1120, 698, 1, 153, 153, 153
L -1120, 698, 1, -1116, 697, 1, 153, 153, 153
L -1116, 697, 1, -1113, 696, 1, 153, 153, 153
L -1113, 696, 1, -1103, 689, 1, 153, 153, 153
L -1103, 689, 1, -1100, 685, 1, 153, 153, 153
L -1100, 685, 1, -1098, 682, 1, 153, 153, 153
L -1098, 682, 1, -1098, 680, 1, 153, 153, 153
L -1098, 680, 1, -1095, 672, 1, 153, 153, 153
L -1095, 672, 1, -1076, 672, 1, 153, 153, 153
L -1076, 672, 1, -1076, 617, 1, 153, 153, 153
L -1076, 617, 1, -1112, 617, 1, 153, 153, 153
L -1112, 617, 1, -1112, 610, 1, 153, 153, 153
L -1112, 610, 1, -1056, 610, 4, 153, 153, 153
L -1056, 610, 4, -985, 538, 4, 153, 153, 153
L -985, 538, 4, -985, 481, 1, 153, 153, 153
L -985, 481, 1, -977, 481, 1, 153, 153, 153
L -977, 481, 1, -977, 487, 1, 153, 153, 153
L -977, 487, 1, -936, 487, 1, 153, 153, 153
L -936, 487, 1, -924, 498, 1, 153, 153, 153
L -924, 498, 1, -880, 498, 1, 153, 153, 153
L -880, 498, 1, -868, 487, 1, 153, 153, 153
L -868, 487, 1, -825, 487, 1, 153, 153, 153
L -825, 487, 1, -777, 439, 1, 153, 153, 153
L -777, 439, 1, -777, 396, 1, 153, 153, 153
L -777, 396, 1, -766, 385, 1, 153, 153, 153
L -766, 385, 1, -766, 341, 1, 153, 153, 153
L -766, 341, 1, -777, 329, 1, 153, 153, 153
L -777, 329, 1, -777, 283, 1, 153, 153, 153
L -777, 283, 1, -766, 271, 1, 153, 153, 153
L -766, 271, 1, -718, 271, 1, 153, 153, 153
L -718, 271, 1, -707, 282, 1, 153, 153, 153
L -707, 282, 1, -663, 282, 1, 153, 153, 153
L -663, 282, 1, -653, 271, 1, 153, 153, 153
L -653, 271, 1, -609, 271, 1, 153, 153, 153
L -609, 271, 1, -561, 223, 1, 153, 153, 153
L -561, 223, 1, -561, 180, 1, 153, 153, 153
L -561, 180, 1, -550, 168, 1, 153, 153, 153
L -550, 168, 1, -550, 124, 1, 153, 153, 153
L -550, 124, 1, -561, 112, 1, 153, 153, 153
L -561, 112, 1, -561, 73, 1, 153, 153, 153
L -561, 73, 1, -566, 73, 1, 153, 153, 153
L -566, 73, 1, -566, 65, 1, 153, 153, 153
L -566, 65, 1, -535, 65, 1, 153, 153, 153
L -535, 65, 1, -535, 9, 1, 153, 153, 153
L -535, 9, 1, -527, 9, 1, 153, 153, 153
L -527, 9, 1, -527, 16, 1, 153, 153, 153
L -527, 16, 1, -485, 16, 1, 153, 153, 153
L -485, 16, 1, -474, 27, 1, 153, 153, 153
L -474, 27, 1, -430, 27, 1, 153, 153, 153
L -430, 27, 1, -418, 16, 1, 153, 153, 153
L -418, 16, 1, -376, 16, 1, 153, 153, 153
L -376, 16, 1, -376, 9, 1, 153, 153, 153
L -376, 9, 1, -369, 9, 1, 153, 153, 153
L -209, 338, 18, -209, 307, 1, 153, 153, 153
L -209, 307, 1, -216, 307, 1, 153, 153, 153
L -216, 307, 1, -216, 313, 1, 153, 153, 153
L -216, 313, 1, -259, 313, 1, 153, 153, 153
L -259, 313, 1, -259, 307, 1, 153, 153, 153
L -259, 307, 1, -266, 307, 1, 153, 153, 153
L -266, 307, 1, -266, 338, 1, 153, 153, 153
L -266, 338, 1, -297, 338, 1, 153, 153, 153
L -297, 338, 1, -297, 345, 1, 153, 153, 153
L -297, 345, 1, -291, 345, 1, 153, 153, 153
L -291, 345, 1, -291, 388, 1, 153, 153, 153
L -291, 388, 1, -284, 388, 1, 153, 153, 153
L -284, 388, 1, -284, 357, 1, 153, 153, 153
L -284, 357, 1, -202, 357, 1, 153, 153, 153
L -202, 357, 1, -202, 439, 1, 153, 153, 153
L -202, 439, 1, -284, 439, 1, 153, 153, 153
L -284, 439, 1, -284, 408, 1, 153, 153, 153
L -284, 408, 1, -291, 408, 1, 153, 153, 153
L -291, 408, 1, -291, 457, 1, 153, 153, 153
L -291, 457, 1, -153, 457, 1, 153, 153, 153
L -153, 457, 1, -153, 450, 1, 153, 153, 153
L -153, 450, 1, -184, 450, 1, 153, 153, 153
L -184, 450, 1, -184, 390, 1, 153, 153, 153
L -184, 390, 1, -102, 390, 1, 153, 153, 153
L -102, 390, 1, -102, 450, 1, 153, 153, 153
L -102, 450, 1, -132, 450, 1, 153, 153, 153
L -132, 450, 1, -132, 457, 1, 153, 153, 153
L -132, 457, 1, 5, 457, 1, 153, 153, 153
L 5, 457, 1, 5, 408, 1, 153, 153, 153
L 5, 408, 1, -1, 408, 1, 153, 153, 153
L -1, 408, 1, -1, 439, 1, 153, 153, 153
L -1, 439, 1, -83, 439, 1, 153, 153, 153
L -83, 439, 1, -83, 357, 1, 153, 153, 153
L -83, 357, 1, -1, 357, 1, 153, 153, 153
L -1, 357, 1, -1, 388, 1, 153, 153, 153
L -1, 388, 1, 5, 388, 1, 153, 153, 153
L 5, 388, 1, 5, 345, 1, 153, 153, 153
L 5, 345, 1, 11, 345, 1, 153, 153, 153
L 11, 345, 1, 11, 338, 1, 153, 153, 153
L 11, 338, 1, -19, 338, 1, 153, 153, 153
L -19, 338, 1, -19, 307, 1, 153, 153, 153
L -19, 307, 1, -26, 307, 1, 153, 153, 153
L -26, 307, 1, -26, 313, 1, 153, 153, 153
L -26, 313, 1, -69, 313, 1, 153, 153, 153
L -69, 313, 1, -69, 307, 1, 153, 153, 153
L -69, 307, 1, -76, 307, 1, 153, 153, 153
L -76, 307, 1, -76, 338, 1, 153, 153, 153
L -76, 338, 1, -110, 338, 1, 153, 153, 153
L -110, 338, 1, -112, 339, 2, 153, 153, 153
L -112, 339, 2, -115, 342, 5, 153, 153, 153
L -115, 342, 5, -116, 347, 5, 153, 153, 153
L -116, 347, 5, -116, 369, 5, 153, 153, 153
L -116, 369, 5, -120, 373, 5, 153, 153, 153
L -120, 373, 5, -165, 373, 5, 153, 153, 153
L -165, 373, 5, -169, 369, 5, 153, 153, 153
L -169, 369, 5, -169, 347, 5, 153, 153, 153
L -169, 347, 5, -170, 342, 5, 153, 153, 153
L -170, 342, 5, -175, 338, 1, 153, 153, 153
L -175, 338, 1, -209, 338, 1, 153, 153, 153
L -617, -66, 18, -586, -66, 1, 153, 153, 153
L -586, -66, 1, -586, -74, 1, 153, 153, 153
L -586, -74, 1, -593, -74, 1, 153, 153, 153
L -593, -74, 1, -593, -116, 1, 153, 153, 153
L -593, -116, 1, -604, -127, 1, 153, 153, 153
L -604, -127, 1, -604, -171, 1, 153, 153, 153
L -604, -171, 1, -593, -182, 1, 153, 153, 153
L -593, -182, 1, -593, -229, 1, 153, 153, 153
L -593, -229, 1, -605, -241, 1, 153, 153, 153
L -605, -241, 1, -652, -241, 1, 153, 153, 153
L -652, -241, 1, -663, -230, 1, 153, 153, 153
L -663, -230, 1, -707, -230, 1, 153, 153, 153
L -707, -230, 1, -718, -241, 1, 153, 153, 153
L -718, -241, 1, -762, -241, 1, 153, 153, 153
L -762, -241, 1, -810, -289, 1, 153, 153, 153
L -810, -289, 1, -810, -332, 1, 153, 153, 153
L -810, -332, 1, -821, -344, 1, 153, 153, 153
L -821, -344, 1, -821, -388, 1, 153, 153, 153
L -821, -388, 1, -810, -399, 1, 153, 153, 153
L -810, -399, 1, -810, -445, 1, 153, 153, 153
L -810, -445, 1, -823, -458, 1, 153, 153, 153
L -823, -458, 1, -868, -458, 1, 153, 153, 153
L -868, -458, 1, -880, -447, 1, 153, 153, 153
L -880, -447, 1, -924, -447, 1, 153, 153, 153
L -924, -447, 1, -935, -458, 1, 153, 153, 153
L -935, -458, 1, -977, -458, 1, 153, 153, 153
L -977, -458, 1, -977, -464, 1, 153, 153, 153
L -977, -464, 1, -985, -464, 1, 153, 153, 153
L -985, -464, 1, -985, -407, 4, 153, 153, 153
L -985, -407, 4, -1056, -335, 4, 153, 153, 153
L -1056, -335, 4, -1190, -335, 4, 153, 153, 153
L -1190, -335, 4, -1262, -407, 4, 153, 153, 153
L -1262, -407, 4, -1262, -464, 1, 153, 153, 153
L -1262, -464, 1, -1270, -464, 1, 153, 153, 153
L -1270, -464, 1, -1270, -458, 1, 153, 153, 153
L -1270, -458, 1, -1311, -458, 1, 153, 153, 153
L -1311, -458, 1, -1323, -447, 1, 153, 153, 153
L -1323, -447, 1, -1367, -447, 1, 153, 153, 153
L -1367, -447, 1, -1379, -458, 1, 153, 153, 153
L -1379, -458, 1, -1421, -458, 1, 153, 153, 153
L -1421, -458, 1, -1421, -463, 1, 153, 153, 153
L -1421, -463, 1, -1428, -463, 1, 153, 153, 153
L -1428, -463, 1, -1428, -407, 1, 153, 153, 153
L -1428, -407, 1, -1437, -407, 1, 153, 153, 153
L -1437, -407, 1, -1442, -403, 5, 153, 153, 153
L -1442, -403, 5, -1443, -398, 5, 153, 153, 153
L -1443, -398, 5, -1443, -376, 5, 153, 153, 153
L -1443, -376, 5, -1447, -372, 5, 153, 153, 153
L -1447, -372, 5, -1492, -372, 5, 153, 153, 153
L -1492, -372, 5, -1496, -376, 5, 153, 153, 153
L -1496, -376, 5, -1496, -398, 5, 153, 153, 153
L -1496, -398, 5, -1497, -403, 5, 153, 153, 153
L -1497, -403, 5, -1502, -407, 1, 153, 153, 153
L -1502, -407, 1, -1511, -407, 1, 153, 153, 153
L -1511, -407, 1, -1511, -441, 1, 153, 153, 153
L -1511, -441, 1, -1515, -446, 5, 153, 153, 153
L -1515, -446, 5, -1520, -447, 5, 153, 153, 153
L -1520, -447, 5, -1542, -447, 5, 153, 153, 153
L -1542, -447, 5, -1546, -451, 5, 153, 153, 153
L -1546, -451, 5, -1546, -463, 5, 153, 153, 153
L -1546, -463, 5, -1553, -463, 5, 153, 153, 153
L -1553, -463, 5, -1553, -457, 5, 153, 153, 153
L -1553, -457, 5, -1595, -457, 5, 153, 153, 153
L -1595, -457, 5, -1607, -446, 5, 153, 153, 153
L -1607, -446, 5, -1651, -446, 5, 153, 153, 153
L -1651, -446, 5, -1662, -457, 5, 153, 153, 153
L -1662, -457, 5, -1709, -457, 5, 153, 153, 153
L -1709, -457, 5, -1721, -445, 5, 153, 153, 153
L -1721, -445, 5, -1721, -400, 5, 153, 153, 153
L -1721, -400, 5, -1727, -400, 5, 153, 153, 153
L -1727, -400, 5, -1727, -392, 5, 153, 153, 153
L -1727, -392, 5, -1714, -392, 5, 153, 153, 153
L -1714, -392, 5, -1710, -388, 5, 153, 153, 153
L -1710, -388, 5, -1710, -366, 5, 153, 153, 153
L -1710, -366, 5, -1709, -362, 5, 153, 153, 153
L -1709, -362, 5, -1704, -357, 1, 153, 153, 153
L -1704, -357, 1, -1671, -357, 1, 153, 153, 153
L -1671, -357, 1, -1671, -348, 1, 153, 153, 153
L -1671, -348, 1, -1666, -344, 5, 153, 153, 153
L -1666, -344, 5, -1662, -343, 5, 153, 153, 153
L -1662, -343, 5, -1640, -343, 5, 153, 153, 153
L -1640, -343, 5, -1636, -339, 5, 153, 153, 153
L -1636, -339, 5, -1636, -293, 5, 153, 153, 153
L -1636, -293, 5, -1640, -289, 5, 153, 153, 153
L -1640, -289, 5, -1662, -289, 5, 153, 153, 153
L -1662, -289, 5, -1666, -288, 5, 153, 153, 153
L -1666, -288, 5, -1671, -283, 1, 153, 153, 153
L -1671, -283, 1, -1671, -275, 1, 153, 153, 153
L -1671, -275, 1, -1727, -275, 1, 153, 153, 153
L -1727, -275, 1, -1727, -267, 1, 153, 153, 153
L -1727, -267, 1, -1721, -267, 1, 153, 153, 153
L -1721, -267, 1, -1721, -242, 1, 153, 153, 153
L -1721, -242, 1, -1710, -230, 1, 153, 153, 153
L -1710, -230, 1, -1710, -186, 1, 153, 153, 153
L -1710, -186, 1, -1721, -174, 1, 153, 153, 153
L -1721, -174, 1, -1721, -147, 1, 153, 153, 153
L -1721, -147, 1, -1727, -147, 1, 153, 153, 153
L -1727, -147, 1, -1727, -140, 1, 153, 153, 153
L -1727, -140, 1, -1670, -140, 4, 153, 153, 153
L -1670, -140, 4, -1598, -68, 4, 153, 153, 153
L -1598, -68, 4, -1598, 64, 4, 153, 153, 153
L -1598, 64, 4, -1670, 137, 4, 153, 153, 153
L -1670, 137, 4, -1727, 137, 1, 153, 153, 153
L -1727, 137, 1, -1727, 144, 1, 153, 153, 153
L -1727, 144, 1, -1721, 144, 1, 153, 153, 153
L -1721, 144, 1, -1721, 171, 1, 153, 153, 153
L -1721, 171, 1, -1710, 183, 1, 153, 153, 153
L -1710, 183, 1, -1710, 227, 1, 153, 153, 153
L -1710, 227, 1, -1721, 238, 1, 153, 153, 153
L -1721, 238, 1, -1721, 264, 1, 153, 153, 153
L -1721, 264, 1, -1727, 264, 1, 153, 153, 153
L -1727, 264, 1, -1727, 272, 1, 153, 153, 153
L -1727, 272, 1, -1671, 272, 1, 153, 153, 153
L -1671, 272, 1, -1671, 281, 1, 153, 153, 153
L -1671, 281, 1, -1666, 285, 5, 153, 153, 153
L -1666, 285, 5, -1662, 286, 5, 153, 153, 153
L -1662, 286, 5, -1640, 286, 5, 153, 153, 153
L -1640, 286, 5, -1636, 290, 5, 153, 153, 153
L -1636, 290, 5, -1636, 336, 5, 153, 153, 153
L -1636, 336, 5, -1640, 340, 5, 153, 153, 153
L -1640, 340, 5, -1662, 340, 5, 153, 153, 153
L -1662, 340, 5, -1666, 341, 5, 153, 153, 153
L -1666, 341, 5, -1671, 345, 2, 153, 153, 153
L -1671, 345, 2, -1671, 354, 1, 153, 153, 153
L -1671, 354, 1, -1704, 354, 1, 153, 153, 153
L -1704, 354, 1, -1709, 359, 4, 153, 153, 153
L -1709, 359, 4, -1710, 363, 5, 153, 153, 153
L -1710, 363, 5, -1710, 385, 5, 153, 153, 153
L -1710, 385, 5, -1714, 389, 5, 153, 153, 153
L -1714, 389, 5, -1727, 389, 5, 153, 153, 153
L -1727, 389, 5, -1727, 397, 5, 153, 153, 153
L -1727, 397, 5, -1721, 397, 5, 153, 153, 153
L -1721, 397, 5, -1721, 442, 5, 153, 153, 153
L -1721, 442, 5, -1709, 454, 5, 153, 153, 153
L -1709, 454, 5, -1662, 454, 5, 153, 153, 153
L -1662, 454, 5, -1651, 443, 5, 153, 153, 153
L -1651, 443, 5, -1607, 443, 5, 153, 153, 153
L -1607, 443, 5, -1595, 454, 5, 153, 153, 153
L -1595, 454, 5, -1553, 454, 5, 153, 153, 153
L -1553, 454, 5, -1553, 460, 5, 153, 153, 153
L -1553, 460, 5, -1546, 460, 5, 153, 153, 153
L -1546, 460, 5, -1546, 448, 5, 153, 153, 153
L -1546, 448, 5, -1542, 444, 5, 153, 153, 153
L -1542, 444, 5, -1520, 444, 5, 153, 153, 153
L -1520, 444, 5, -1515, 443, 5, 153, 153, 153
L -1515, 443, 5, -1511, 438, 1, 153, 153, 153
L -1511, 438, 1, -1511, 404, 1, 153, 153, 153
L -1511, 404, 1, -1502, 404, 1, 153, 153, 153
L -1502, 404, 1, -1497, 400, 5, 153, 153, 153
L -1497, 400, 5, -1496, 395, 5, 153, 153, 153
L -1496, 395, 5, -1496, 373, 5, 153, 153, 153
L -1496, 373, 5, -1492, 369, 5, 153, 153, 153
L -1492, 369, 5, -1447, 369, 5, 153, 153, 153
L -1447, 369, 5, -1443, 373, 5, 153, 153, 153
L -1443, 373, 5, -1443, 395, 5, 153, 153, 153
L -1443, 395, 5, -1442, 400, 5, 153, 153, 153
L -1442, 400, 5, -1437, 404, 1, 153, 153, 153
L -1437, 404, 1, -1428, 404, 1, 153, 153, 153
L -1428, 404, 1, -1428, 460, 1, 153, 153, 153
L -1428, 460, 1, -1421, 460, 1, 153, 153, 153
L -1421, 460, 1, -1421, 455, 1, 153, 153, 153
L -1421, 455, 1, -1379, 455, 1, 153, 153, 153
L -1379, 455, 1, -1367, 444, 1, 153, 153, 153
L -1367, 444, 1, -1323, 444, 1, 153, 153, 153
L -1323, 444, 1, -1312, 455, 1, 153, 153, 153
L -1312, 455, 1, -1270, 455, 1, 153, 153, 153
L -1270, 455, 1, -1270, 461, 1, 153, 153, 153
L -1270, 461, 1, -1262, 461, 1, 153, 153, 153
L -1262, 461, 1, -1262, 404, 4, 153, 153, 153
L -1262, 404, 4, -1190, 332, 4, 153, 153, 153
L -1190, 332, 4, -1056, 332, 4, 153, 153, 153
L -1056, 332, 4, -985, 404, 4, 153, 153, 153
L -985, 404, 4, -985, 461, 1, 153, 153, 153
L -985, 461, 1, -977, 461, 1, 153, 153, 153
L -977, 461, 1, -977, 455, 1, 153, 153, 153
L -977, 455, 1, -936, 455, 1, 153, 153, 153
L -936, 455, 1, -924, 444, 1, 153, 153, 153
L -924, 444, 1, -880, 444, 1, 153, 153, 153
L -880, 444, 1, -868, 455, 1, 153, 153, 153
L -868, 455, 1, -823, 455, 1, 153, 153, 153
L -823, 455, 1, -810, 443, 1, 153, 153, 153
L -810, 443, 1, -810, 396, 1, 153, 153, 153
L -810, 396, 1, -821, 385, 1, 153, 153, 153
L -821, 385, 1, -821, 341, 1, 153, 153, 153
L -821, 341, 1, -810, 330, 1, 153, 153, 153
L -810, 330, 1, -810, 286, 1, 153, 153, 153
L -810, 286, 1, -762, 238, 1, 153, 153, 153
L -762, 238, 1, -718, 238, 1, 153, 153, 153
L -718, 238, 1, -707, 227, 1, 153, 153, 153
L -707, 227, 1, -663, 227, 1, 153, 153, 153
L -663, 227, 1, -652, 238, 1, 153, 153, 153
L -652, 238, 1, -605, 238, 1, 153, 153, 153
L -605, 238, 1, -594, 227, 1, 153, 153, 153
L -594, 227, 1, -594, 179, 1, 153, 153, 153
L -594, 179, 1, -604, 168, 1, 153, 153, 153
L -604, 168, 1, -604, 124, 1, 153, 153, 153
L -604, 124, 1, -593, 113, 1, 153, 153, 153
L -593, 113, 1, -593, 73, 1, 153, 153, 153
L -593, 73, 1, -586, 73, 1, 153, 153, 153
L -586, 73, 1, -586, 65, 1, 153, 153, 153
L -586, 65, 1, -617, 65, 1, 153, 153, 153
L -617, 65, 1, -617, 32, 1, 153, 153, 153
L -617, 32, 1, -622, 27, 5, 153, 153, 153
L -622, 27, 5, -626, 26, 5, 153, 153, 153
L -626, 26, 5, -648, 26, 5, 153, 153, 153
L -648, 26, 5, -652, 22, 5, 153, 153, 153
L -652, 22, 5, -652, 9, 5, 153, 153, 153
L -652, 9, 5, -660, 9, 5, 153, 153, 153
L -660, 9, 5, -660, 15, 5, 153, 153, 153
L -660, 15, 5, -702, 15, 5, 153, 153, 153
L -702, 15, 5, -713, 26, 5, 153, 153, 153
L -713, 26, 5, -757, 26, 5, 153, 153, 153
L -757, 26, 5, -769, 15, 5, 153, 153, 153
L -769, 15, 5, -811, 15, 5, 153, 153, 153
L -811, 15, 5, -811, 9, 5, 153, 153, 153
L -811, 9, 5, -818, 9, 5, 153, 153, 153
L -818, 9, 5, -818, 22, 5, 153, 153, 153
L -818, 22, 5, -822, 26, 5, 153, 153, 153
L -822, 26, 5, -844, 26, 5, 153, 153, 153
L -844, 26, 5, -849, 27, 5, 153, 153, 153
L -849, 27, 5, -853, 31, 1, 153, 153, 153
L -853, 31, 1, -853, 65, 1, 153, 153, 153
L -853, 65, 1, -861, 65, 1, 153, 153, 153
L -861, 65, 1, -867, 70, 5, 153, 153, 153
L -867, 70, 5, -868, 74, 5, 153, 153, 153
L -868, 74, 5, -868, 96, 5, 153, 153, 153
L -868, 96, 5, -872, 100, 5, 153, 153, 153
L -872, 100, 5, -917, 100, 5, 153, 153, 153
L -917, 100, 5, -921, 96, 5, 153, 153, 153
L -921, 96, 5, -921, 74, 5, 153, 153, 153
L -921, 74, 5, -922, 70, 5, 153, 153, 153
L -922, 70, 5, -927, 65, 1, 153, 153, 153
L -927, 65, 1, -946, 65, 1, 153, 153, 153
L -946, 65, 1, -952, 70, 5, 153, 153, 153
L -952, 70, 5, -953, 74, 5, 153, 153, 153
L -953, 74, 5, -953, 96, 5, 153, 153, 153
L -953, 96, 5, -957, 100, 5, 153, 153, 153
L -957, 100, 5, -1002, 100, 5, 153, 153, 153
L -1002, 100, 5, -1006, 96, 5, 153, 153, 153
L -1006, 96, 5, -1006, 74, 5, 153, 153, 153
L -1006, 74, 5, -1007, 70, 5, 153, 153, 153
L -1007, 70, 5, -1012, 65, 1, 153, 153, 153
L -1012, 65, 1, -1021, 65, 1, 153, 153, 153
L -1021, 65, 1, -1021, 31, 1, 153, 153, 153
L -1021, 31, 1, -1025, 27, 5, 153, 153, 153
L -1025, 27, 5, -1030, 26, 5, 153, 153, 153
L -1030, 26, 5, -1052, 26, 5, 153, 153, 153
L -1052, 26, 5, -1056, 22, 5, 153, 153, 153
L -1056, 22, 5, -1056, -23, 5, 153, 153, 153
L -1056, -23, 5, -1052, -27, 5, 153, 153, 153
L -1052, -27, 5, -1030, -27, 5, 153, 153, 153
L -1030, -27, 5, -1025, -28, 5, 153, 153, 153
L -1025, -28, 5, -1021, -32, 1, 153, 153, 153
L -1021, -32, 1, -1021, -66, 1, 153, 153, 153
L -1021, -66, 1, -1012, -66, 1, 153, 153, 153
L -1012, -66, 1, -1007, -71, 5, 153, 153, 153
L -1007, -71, 5, -1006, -75, 5, 153, 153, 153
L -1006, -75, 5, -1006, -97, 5, 153, 153, 153
L -1006, -97, 5, -1002, -101, 5, 153, 153, 153
L -1002, -101, 5, -957, -101, 5, 153, 153, 153
L -957, -101, 5, -953, -97, 5, 153, 153, 153
L -953, -97, 5, -953, -75, 5, 153, 153, 153
L -953, -75, 5, -952, -71, 5, 153, 153, 153
L -952, -71, 5, -947, -66, 1, 153, 153, 153
L -947, -66, 1, -927, -66, 1, 153, 153, 153
L -927, -66, 1, -922, -71, 5, 153, 153, 153
L -922, -71, 5, -921, -75, 5, 153, 153, 153
L -921, -75, 5, -921, -97, 5, 153, 153, 153
L -921, -97, 5, -917, -101, 5, 153, 153, 153
L -917, -101, 5, -872, -101, 5, 153, 153, 153
L -872, -101, 5, -868, -97, 5, 153, 153, 153
L -868, -97, 5, -868, -75, 5, 153, 153, 153
L -868, -75, 5, -867, -71, 5, 153, 153, 153
L -867, -71, 5, -862, -66, 1, 153, 153, 153
L -862, -66, 1, -853, -66, 1, 153, 153, 153
L -853, -66, 1, -853, -32, 1, 153, 153, 153
L -853, -32, 1, -849, -28, 5, 153, 153, 153
L -849, -28, 5, -844, -27, 5, 153, 153, 153
L -844, -27, 5, -822, -27, 5, 153, 153, 153
L -822, -27, 5, -818, -23, 5, 153, 153, 153
L -818, -23, 5, -818, -10, 5, 153, 153, 153
L -818, -10, 5, -811, -10, 5, 153, 153, 153
L -811, -10, 5, -811, -16, 5, 153, 153, 153
L -811, -16, 5, -768, -16, 5, 153, 153, 153
L -768, -16, 5, -757, -27, 5, 153, 153, 153
L -757, -27, 5, -713, -27, 5, 153, 153, 153
L -713, -27, 5, -702, -16, 5, 153, 153, 153
L -702, -16, 5, -660, -16, 5, 153, 153, 153
L -660, -16, 5, -660, -10, 5, 153, 153, 153
L -660, -10, 5, -652, -10, 5, 153, 153, 153
L -652, -10, 5, -652, -23, 5, 153, 153, 153
L -652, -23, 5, -648, -27, 5, 153, 153, 153
L -648, -27, 5, -626, -27, 5, 153, 153, 153
L -626, -27, 5, -622, -28, 5, 153, 153, 153
L -622, -28, 5, -617, -33, 1, 153, 153, 153
L -617, -33, 1, -617, -66, 1, 153, 153, 153
L -922, -46, 1248, -867, -46, 124, 0, 0, 255
L -867, -46, 124, -867, -10, 124, 0, 0, 255
L -867, -10, 124, -859, -10, 124, 0, 0, 255
L -859, -10, 124, -859, -13, 124, 0, 0, 255
L -859, -13, 124, -854, -22, 124, 0, 0, 255
L -854, -22, 124, -845, -32, 124, 0, 0, 255
L -845, -32, 124, -833, -37, 124, 0, 0, 255
L -833, -37, 124, -824, -42, 124, 0, 0, 255
L -824, -42, 124, -809, -57, 124, 0, 0, 255
L -809, -57, 124, -804, -64, 124, 0, 0, 255
L -804, -64, 124, -798, -79, 124, 0, 0, 255
L -798, -79, 124, -788, -89, 124, 0, 0, 255
L -788, -89, 124, -778, -94, 124, 0, 0, 255
L -778, -94, 124, -755, -94, 124, 0, 0, 255
L -755, -94, 124, -745, -89, 124, 0, 0, 255
L -745, -89, 124, -735, -79, 124, 0, 0, 255
L -735, -79, 124, -729, -64, 124, 0, 0, 255
L -729, -64, 124, -723, -57, 124, 0, 0, 255
L -723, -57, 124, -711, -45, 124, 0, 0, 255
L -711, -45, 124, -700, -37, 126, 0, 0, 255
L -700, -37, 126, -688, -32, 126, 0, 0, 255
L -688, -32, 126, -678, -21, 126, 0, 0, 255
L -678, -21, 126, -672, -11, 126, 0, 0, 255
L -672, -11, 126, -666, -11, 126, 0, 0, 255
L -666, -11, 126, -666, -16, 126, 0, 0, 255
L -666, -16, 126, -623, -16, 126, 0, 0, 255
L -623, -16, 126, -612, -27, 126, 0, 0, 255
L -612, -27, 126, -568, -27, 126, 0, 0, 255
L -568, -27, 126, -557, -16, 126, 0, 0, 255
L -557, -16, 126, -471, -16, 126, 0, 0, 255
L -471, -16, 126, -459, -27, 126, 0, 0, 255
L -459, -27, 126, -415, -27, 126, 0, 0, 255
L -415, -27, 126, -404, -16, 126, 0, 0, 255
L -404, -16, 126, -361, -16, 126, 0, 0, 255
L -361, -16, 126, -361, -10, 126, 0, 0, 255
L -361, -10, 126, -354, -10, 126, 0, 0, 255
L -354, -10, 126, -354, -37, 126, 0, 0, 255
L -354, -37, 126, -349, -37, 126, 0, 0, 255
L -349, -37, 126, -349, -68, 130, 0, 0, 255
L -349, -68, 130, -188, -68, 130, 0, 0, 255
L -188, -68, 130, -188, -37, 126, 0, 0, 255
L -188, -37, 126, -181, -37, 126, 0, 0, 255
L -181, -37, 126, -181, -68, 126, 0, 0, 255
L -181, -68, 126, -153, -68, 126, 0, 0, 255
L -153, -68, 126, -153, -76, 126, 0, 0, 255
L -153, -76, 126, -159, -76, 126, 0, 0, 255
L -159, -76, 126, -159, -119, 126, 0, 0, 255
L -159, -119, 126, -170, -130, 126, 0, 0, 255
L -170, -130, 126, -170, -174, 126, 0, 0, 255
L -170, -174, 126, -159, -185, 126, 0, 0, 255
L -159, -185, 126, -159, -228, 126, 0, 0, 255
L -159, -228, 126, -153, -228, 126, 0, 0, 255
L -153, -228, 126, -153, -235, 126, 0, 0, 255
L -153, -235, 126, -159, -235, 126, 0, 0, 255
L -159, -235, 126, -159, -279, 126, 0, 0, 255
L -159, -279, 126, -208, -279, 126, 0, 0, 255
L -208, -279, 126, -208, -361, 126, 0, 0, 255
L -208, -361, 126, -175, -361, 126, 0, 0, 255
L -175, -361, 126, -170, -366, 130, 0, 0, 255
L -170, -366, 130, -169, -370, 130, 0, 0, 255
L -169, -370, 130, -169, -392, 130, 0, 0, 255
L -169, -392, 130, -165, -396, 130, 0, 0, 255
L -165, -396, 130, -119, -396, 130, 0, 0, 255
L -119, -396, 130, -115, -392, 130, 0, 0, 255
L -115, -392, 130, -115, -370, 130, 0, 0, 255
L -115, -370, 130, -114, -366, 130, 0, 0, 255
L -114, -366, 130, -110, -361, 127, 0, 0, 255
L -110, -361, 127, -76, -361, 126, 0, 0, 255
L -76, -361, 126, -76, -279, 126, 0, 0, 255
L -76, -279, 126, -126, -279, 126, 0, 0, 255
L -126, -279, 126, -126, -235, 126, 0, 0, 255
L -126, -235, 126, -132, -235, 126, 0, 0, 255
L -132, -235, 126, -132, -228, 126, 0, 0, 255
L -132, -228, 126, -126, -228, 126, 0, 0, 255
L -126, -228, 126, -126, -185, 126, 0, 0, 255
L -126, -185, 126, -115, -174, 126, 0, 0, 255
L -115, -174, 126, -115, -130, 126, 0, 0, 255
L -115, -130, 126, -126, -120, 126, 0, 0, 255
L -126, -120, 126, -126, -76, 126, 0, 0, 255
L -126, -76, 126, -132, -76, 126, 0, 0, 255
L -132, -76, 126, -132, -68, 126, 0, 0, 255
L -132, -68, 126, -107, -68, 126, 0, 0, 255
L -107, -68, 126, -107, -37, 126, 0, 0, 255
L -107, -37, 126, -100, -37, 126, 0, 0, 255
L -100, -37, 126, -100, -68, 130, 0, 0, 255
L -100, -68, 130, 62, -68, 130, 0, 0, 255
L 62, -68, 130, 62, -37, 130, 0, 0, 255
L 62, -37, 130, 67, -37, 130, 0, 0, 255
L 67, -37, 130, 67, 37, 130, 0, 0, 255
L 67, 37, 130, 62, 37, 130, 0, 0, 255
L 62, 37, 130, 62, 69, 130, 0, 0, 255
L 62, 69, 130, -100, 69, 130, 0, 0, 255
L -100, 69, 130, -100, 36, 126, 0, 0, 255
L -100, 36, 126, -107, 36, 126, 0, 0, 255
L -107, 36, 126, -107, 69, 126, 0, 0, 255
L -107, 69, 126, -132, 69, 126, 0, 0, 255
L -132, 69, 126, -132, 76, 126, 0, 0, 255
L -132, 76, 126, -126, 76, 126, 0, 0, 255
L -126, 76, 126, -126, 120, 126, 0, 0, 255
L -126, 120, 126, -115, 131, 126, 0, 0, 255
L -115, 131, 126, -115, 175, 126, 0, 0, 255
L -115, 175, 126, -126, 185, 126, 0, 0, 255
L -126, 185, 126, -126, 228, 126, 0, 0, 255
L -126, 228, 126, -132, 228, 126, 0, 0, 255
L -132, 228, 126, -132, 236, 126, 0, 0, 255
L -132, 236, 126, -126, 236, 126, 0, 0, 255
L -126, 236, 126, -126, 279, 126, 0, 0, 255
L -126, 279, 126, -76, 279, 126, 0, 0, 255
L -76, 279, 126, -76, 362, 126, 0, 0, 255
L -76, 362, 126, -110, 362, 126, 0, 0, 255
L -110, 362, 126, -114, 366, 130, 0, 0, 255
L -114, 366, 130, -115, 371, 130, 0, 0, 255
L -115, 371, 130, -115, 393, 130, 0, 0, 255
L -115, 393, 130, -119, 397, 130, 0, 0, 255
L -119, 397, 130, -165, 397, 130, 0, 0, 255
L -165, 397, 130, -169, 393, 130, 0, 0, 255
L -169, 393, 130, -169, 371, 130, 0, 0, 255
L -169, 371, 130, -170, 366, 130, 0, 0, 255
L -170, 366, 130, -174, 362, 126, 0, 0, 255
L -174, 362, 126, -208, 362, 126, 0, 0, 255
L -208, 362, 126, -208, 279, 126, 0, 0, 255
L -208, 279, 126, -159, 279, 126, 0, 0, 255
L -159, 279, 126, -159, 236, 126, 0, 0, 255
L -159, 236, 126, -153, 236, 126, 0, 0, 255
L -153, 236, 126, -153, 228, 126, 0, 0, 255
L -153, 228, 126, -159, 228, 126, 0, 0, 255
L -159, 228, 126, -159, 185, 126, 0, 0, 255
L -159, 185, 126, -170, 175, 126, 0, 0, 255
L -170, 175, 126, -170, 131, 126, 0, 0, 255
L -170, 131, 126, -159, 120, 126, 0, 0, 255
L -159, 120, 126, -159, 76, 126, 0, 0, 255
L -159, 76, 126, -153, 76, 126, 0, 0, 255
L -153, 76, 126, -153, 69, 126, 0, 0, 255
L -153, 69, 126, -181, 69, 126, 0, 0, 255
L -181, 69, 126, -181, 36, 126, 0, 0, 255
L -181, 36, 126, -188, 36, 126, 0, 0, 255
L -188, 36, 126, -188, 69, 130, 0, 0, 255
L -188, 69, 130, -349, 69, 130, 0, 0, 255
L -349, 69, 130, -349, 36, 126, 0, 0, 255
L -349, 36, 126, -354, 36, 126, 0, 0, 255
L -354, 36, 126, -354, 9, 126, 0, 0, 255
L -354, 9, 126, -361, 9, 126, 0, 0, 255
L -361, 9, 126, -361, 15, 126, 0, 0, 255
L -361, 15, 126, -403, 15, 126, 0, 0, 255
L -403, 15, 126, -415, 26, 126, 0, 0, 255
L -415, 26, 126, -459, 26, 126, 0, 0, 255
L -459, 26, 126, -470, 15, 126, 0, 0, 255
L -470, 15, 126, -557, 15, 126, 0, 0, 255
L -557, 15, 126, -568, 26, 126, 0, 0, 255
L -568, 26, 126, -612, 26, 126, 0, 0, 255
L -612, 26, 126, -624, 15, 126, 0, 0, 255
L -624, 15, 126, -666, 15, 126, 0, 0, 255
L -666, 15, 126, -666, 10, 126, 0, 0, 255
L -666, 10, 126, -673, 10, 126, 0, 0, 255
L -673, 10, 126, -678, 20, 126, 0, 0, 255
L -678, 20, 126, -687, 30, 126, 0, 0, 255
L -687, 30, 126, -700, 41, 126, 0, 0, 255
L -700, 41, 126, -708, 41, 125, 0, 0, 255
L -708, 41, 125, -723, 56, 124, 0, 0, 255
L -723, 56, 124, -730, 63, 124, 0, 0, 255
L -730, 63, 124, -735, 78, 124, 0, 0, 255
L -735, 78, 124, -745, 88, 124, 0, 0, 255
L -745, 88, 124, -755, 93, 124, 0, 0, 255
L -755, 93, 124, -778, 93, 124, 0, 0, 255
L -778, 93, 124, -788, 88, 124, 0, 0, 255
L -788, 88, 124, -798, 78, 124, 0, 0, 255
L -798, 78, 124, -804, 62, 124, 0, 0, 255
L -804, 62, 124, -809, 56, 124, 0, 0, 255
L -809, 56, 124, -824, 41, 124, 0, 0, 255
L -824, 41, 124, -833, 36, 124, 0, 0, 255
L -833, 36, 124, -845, 31, 124, 0, 0, 255
L -845, 31, 124, -855, 20, 124, 0, 0, 255
L -855, 20, 124, -859, 11, 124, 0, 0, 255
L -859, 11, 124, -859, 9, 124, 0, 0, 255
L -859, 9, 124, -867, 9, 124, 0, 0, 255
L -867, 9, 124, -867, 45, 124, 0, 0, 255
L -867, 45, 124, -922, 45, 124, 0, 0, 255
L -922, 45, 124, -922, 26, 124, 0, 0, 255
L -922, 26, 124, -930, 24, 124, 0, 0, 255
L -930, 24, 124, -936, 21, 124, 0, 0, 255
L -936, 21, 124, -941, 17, 124, 0, 0, 255
L -941, 17, 124, -945, 10, 124, 0, 0, 255
L -945, 10, 124, -948, 2, 124, 0, 0, 255
L -948, 2, 124, -948, -3, 124, 0, 0, 255
L -948, -3, 124, -946, -10, 124, 0, 0, 255
L -946, -10, 124, -941, -17, 124, 0, 0, 255
L -941, -17, 124, -935, -23, 124, 0, 0, 255
L -935, -23, 124, -930, -25, 124, 0, 0, 255
L -930, -25, 124, -926, -26, 124, 0, 0, 255
L -926, -26, 124, -922, -26, 124, 0, 0, 255
L -922, -26, 124, -922, -46, 124, 0, 0, 255
L -1452, -66, 2370, -1452, -66, 237, 0, 255, 0
L -1452, -66, 237, -1452, 65, 237, 0, 255, 0
L -1452, 65, 237, -1380, 137, 237, 0, 255, 0
L -1380, 137, 237, -1249, 137, 237, 0, 255, 0
L -1249, 137, 237, -1177, 65, 237, 0, 255, 0
L -1177, 65, 237, -1177, 10, 237, 0, 255, 0
L -1177, 10, 237, -1168, 10, 237, 0, 255, 0
L -1168, 10, 237, -1168, 44, 237, 0, 255, 0
L -1168, 44, 237, -1115, 44, 237, 0, 255, 0
L -1115, 44, 237, -1115, 23, 237, 0, 255, 0
L -1115, 23, 237, -1106, 23, 237, 0, 255, 0
L -1106, 23, 237, -1101, 20, 237, 0, 255, 0
L -1101, 20, 237, -1096, 16, 237, 0, 255, 0
L -1096, 16, 237, -1091, 8, 237, 0, 255, 0
L -1091, 8, 237, -1089, -1, 237, 0, 255, 0
L -1089, -1, 237, -1091, -9, 237, 0, 255, 0
L -1091, -9, 237, -1096, -17, 237, 0, 255, 0
L -1096, -17, 237, -1101, -21, 237, 0, 255, 0
L -1101, -21, 237, -1106, -24, 237, 0, 255, 0
L -1106, -24, 237, -1115, -27, 237, 0, 255, 0
L -1115, -27, 237, -1115, -45, 237, 0, 255, 0
L -1115, -45, 237, -1168, -45, 237, 0, 255, 0
L -1168, -45, 237, -1168, -11, 237, 0, 255, 0
L -1168, -11, 237, -1177, -11, 237, 0, 255, 0
L -1177, -11, 237, -1177, -66, 237, 0, 255, 0
L -1177, -66, 237, -1249, -138, 237, 0, 255, 0
L -1249, -138, 237, -1380, -138, 237, 0, 255, 0
L -1380, -138, 237, -1452, -66, 237, 0, 255, 0
L -1603, 67, 640, -1603, 67, 64, 0, 153, 153
L -1603, 67, 64, -1671, 136, 64, 0, 153, 153
L -1671, 136, 64, -1803, 136, 64, 0, 153, 153
L -1803, 136, 64, -1871, 67, 64, 0, 153, 153
L -1871, 67, 64, -1806, 67, 64, 0, 153, 153
L -1806, 67, 64, -1785, 87, 64, 0, 153, 153
L -1785, 87, 64, -1785, 107, 64, 0, 153, 153
L -1785, 107, 64, -1748, 107, 64, 0, 153, 153
L -1748, 107, 64, -1748, 97, 64, 0, 153, 153
L -1748, 97, 64, -1776, 97, 64, 0, 153, 153
L -1776, 97, 64, -1776, 83, 64, 0, 153, 153
L -1776, 83, 64, -1804, 57, 64, 0, 153, 153
L -1804, 57, 64, -1875, 57, 64, 0, 153, 153
L -1875, 57, 64, -1875, 8, 64, 0, 153, 153
L -1875, 8, 64, -1885, 8, 67, 0, 153, 153
L -1884, -13, 664, -1875, -13, 64, 0, 153, 153
L -1875, -13, 64, -1875, -61, 64, 0, 153, 153
L -1875, -61, 64, -1801, -61, 64, 0, 153, 153
L -1801, -61, 64, -1776, -90, 64, 0, 153, 153
L -1776, -90, 64, -1776, -102, 64, 0, 153, 153
L -1776, -102, 64, -1748, -102, 64, 0, 153, 153
L -1748, -102, 64, -1748, -111, 64, 0, 153, 153
L -1748, -111, 64, -1785, -111, 64, 0, 153, 153
L -1785, -111, 64, -1785, -91, 64, 0, 153, 153
L -1785, -91, 64, -1806, -71, 64, 0, 153, 153
L -1806, -71, 64, -1871, -71, 64, 0, 153, 153
L -1871, -71, 64, -1803, -139, 64, 0, 153, 153
L -1803, -139, 64, -1671, -139, 64, 0, 153, 153
L -1671, -139, 64, -1603, -71, 64, 0, 153, 153
L -1603, -71, 64, -1668, -71, 64, 0, 153, 153
L -1668, -71, 64, -1689, -91, 64, 0, 153, 153
L -1689, -91, 64, -1689, -111, 64, 0, 153, 153
L -1689, -111, 64, -1726, -111, 64, 0, 153, 153
L -1726, -111, 64, -1726, -102, 64, 0, 153, 153
L -1726, -102, 64, -1698, -102, 64, 0, 153, 153
L -1698, -102, 64, -1698, -85, 64, 0, 153, 153
L -1698, -85, 64, -1672, -62, 64, 0, 153, 153
L -1672, -62, 64, -1672, -27, 64, 0, 153, 153
L -1672, -27, 64, -1648, -27, 64, 0, 153, 153
L -1648, -27, 64, -1648, -13, 64, 0, 153, 153
L -1648, -13, 64, -1638, -13, 64, 0, 153, 153
L -1638, -13, 64, -1638, -37, 64, 0, 153, 153
L -1638, -37, 64, -1662, -37, 64, 0, 153, 153
L -1662, -37, 64, -1662, -61, 64, 0, 153, 153
L -1662, -61, 64, -1505, -61, 64, 0, 153, 153
L -1505, -61, 64, -1505, 57, 64, 0, 153, 153
L -1505, 57, 64, -1662, 57, 64, 0, 153, 153
L -1662, 57, 64, -1662, 33, 64, 0, 153, 153
L -1662, 33, 64, -1638, 33, 64, 0, 153, 153
L -1638, 33, 64, -1638, 8, 64, 0, 153, 153
L -1638, 8, 64, -1648, 8, 64, 0, 153, 153
L -1648, 8, 64, -1648, 23, 64, 0, 153, 153
L -1648, 23, 64, -1672, 23, 64, 0, 153, 153
L -1672, 23, 64, -1672, 58, 64, 0, 153, 153
L -1672, 58, 64, -1698, 86, 64, 0, 153, 153
L -1698, 86, 64, -1698, 97, 64, 0, 153, 153
L -1698, 97, 64, -1726, 97, 64, 0, 153, 153
L -1726, 97, 64, -1726, 107, 64, 0, 153, 153
L -1726, 107, 64, -1689, 107, 64, 0, 153, 153
L -1689, 107, 64, -1689, 87, 64, 0, 153, 153
L -1689, 87, 64, -1668, 67, 64, 0, 153, 153
L -1668, 67, 64, -1603, 67, 64, 0, 153, 153
L -1132, -621, 640, -1132, -621, 64, 0, 153, 153
L -1132, -621, 64, -1134, -612, 64, 0, 153, 153
L -1134, -612, 64, -1183, -612, 64, 0, 153, 153
L -1183, -612, 64, -1183, -541, 64, 0, 153, 153
L -1183, -541, 64, -1212, -513, 64, 0, 153, 153
L -1212, -513, 64, -1223, -513, 64, 0, 153, 153
L -1223, -513, 64, -1223, -485, 64, 0, 153, 153
L -1223, -485, 64, -1232, -485, 64, 0, 153, 153
L -1232, -485, 64, -1232, -522, 64, 0, 153, 153
L -1232, -522, 64, -1213, -522, 64, 0, 153, 153
L -1213, -522, 64, -1192, -543, 64, 0, 153, 153
L -1192, -543, 64, -1192, -608, 64, 0, 153, 153
L -1192, -608, 64, -1261, -540, 64, 0, 153, 153
L -1261, -540, 64, -1261, -408, 64, 0, 153, 153
L -1261, -408, 64, -1192, -340, 64, 0, 153, 153
L -1192, -340, 64, -1192, -405, 64, 0, 153, 153
L -1192, -405, 64, -1213, -426, 64, 0, 153, 153
L -1213, -426, 64, -1232, -426, 64, 0, 153, 153
L -1232, -426, 64, -1232, -463, 64, 0, 153, 153
L -1232, -463, 64, -1223, -463, 64, 0, 153, 153
L -1223, -463, 64, -1223, -435, 64, 0, 153, 153
L -1223, -435, 64, -1210, -435, 64, 0, 153, 153
L -1210, -435, 64, -1184, -409, 64, 0, 153, 153
L -1184, -409, 64, -1149, -409, 64, 0, 153, 153
L -1149, -409, 64, -1149, -385, 64, 0, 153, 153
L -1149, -385, 64, -1134, -385, 64, 0, 153, 153
L -1134, -385, 64, -1134, -375, 64, 0, 153, 153
L -1134, -375, 64, -1158, -375, 64, 0, 153, 153
L -1158, -375, 64, -1158, -399, 64, 0, 153, 153
L -1158, -399, 64, -1183, -399, 64, 0, 153, 153
L -1183, -399, 64, -1183, -242, 64, 0, 153, 153
L -1183, -242, 64, -1063, -242, 64, 0, 153, 153
L -1063, -242, 64, -1063, -399, 64, 0, 153, 153
L -1063, -399, 64, -1088, -399, 64, 0, 153, 153
L -1088, -399, 64, -1088, -375, 64, 0, 153, 153
L -1088, -375, 64, -1111, -375, 64, 0, 153, 153
L -1111, -375, 64, -1111, -385, 64, 0, 153, 153
L -1111, -385, 64, -1097, -385, 64, 0, 153, 153
L -1097, -385, 64, -1097, -409, 64, 0, 153, 153
L -1097, -409, 64, -1062, -409, 64, 0, 153, 153
L -1062, -409, 64, -1036, -435, 64, 0, 153, 153
L -1036, -435, 64, -1023, -435, 64, 0, 153, 153
L -1023, -435, 64, -1023, -463, 64, 0, 153, 153
L -1023, -463, 64, -1013, -463, 64, 0, 153, 153
L -1013, -463, 64, -1013, -426, 64, 0, 153, 153
L -1013, -426, 64, -1033, -426, 64, 0, 153, 153
L -1033, -426, 64, -1054, -405, 64, 0, 153, 153
L -1054, -405, 64, -1054, -340, 64, 0, 153, 153
L -1054, -340, 64, -986, -408, 64, 0, 153, 153
L -986, -408, 64, -986, -540, 64, 0, 153, 153
L -986, -540, 64, -1054, -608, 64, 0, 153, 153
L -1054, -608, 64, -1054, -543, 64, 0, 153, 153
L -1054, -543, 64, -1033, -522, 64, 0, 153, 153
L -1033, -522, 64, -1013, -522, 64, 0, 153, 153
L -1013, -522, 64, -1013, -485, 64, 0, 153, 153
L -1013, -485, 64, -1023, -485, 64, 0, 153, 153
L -1023, -485, 64, -1023, -513, 64, 0, 153, 153
L -1023, -513, 64, -1036, -513, 64, 0, 153, 153
L -1036, -513, 64, -1063, -543, 64, 0, 153, 153
L -1063, -543, 64, -1063, -612, 64, 0, 153, 153
L -1063, -612, 64, -1111, -612, 64, 0, 153, 153
L -1111, -612, 64, -1114, -621, 64, 0, 153, 153
L -1131, 618, 640, -1131, 618, 64, 0, 153, 153
L -1131, 618, 64, -1134, 609, 64, 0, 153, 153
L -1134, 609, 64, -1183, 609, 64, 0, 153, 153
L -1183, 609, 64, -1183, 538, 64, 0, 153, 153
L -1183, 538, 64, -1210, 510, 64, 0, 153, 153
L -1210, 510, 64, -1223, 510, 64, 0, 153, 153
L -1223, 510, 64, -1223, 482, 64, 0, 153, 153
L -1223, 482, 64, -1232, 482, 64, 0, 153, 153
L -1232, 482, 64, -1232, 519, 64, 0, 153, 153
L -1232, 519, 64, -1213, 519, 64, 0, 153, 153
L -1213, 519, 64, -1192, 540, 64, 0, 153, 153
L -1192, 540, 64, -1192, 605, 64, 0, 153, 153
L -1192, 605, 64, -1261, 537, 64, 0, 153, 153
L -1261, 537, 64, -1261, 405, 64, 0, 153, 153
L -1261, 405, 64, -1192, 337, 64, 0, 153, 153
L -1192, 337, 64, -1192, 402, 64, 0, 153, 153
L -1192, 402, 64, -1213, 423, 64, 0, 153, 153
L -1213, 423, 64, -1232, 423, 64, 0, 153, 153
L -1232, 423, 64, -1232, 460, 64, 0, 153, 153
L -1232, 460, 64, -1223, 460, 64, 0, 153, 153
L -1223, 460, 64, -1223, 432, 64, 0, 153, 153
L -1223, 432, 64, -1213, 432, 64, 0, 153, 153
L -1213, 432, 64, -1184, 406, 64, 0, 153, 153
L -1184, 406, 64, -1149, 406, 64, 0, 153, 153
L -1149, 406, 64, -1149, 382, 64, 0, 153, 153
L -1149, 382, 64, -1134, 382, 64, 0, 153, 153
L -1134, 382, 64, -1134, 372, 64, 0, 153, 153
L -1134, 372, 64, -1158, 372, 64, 0, 153, 153
L -1158, 372, 64, -1158, 396, 64, 0, 153, 153
L -1158, 396, 64, -1183, 396, 64, 0, 153, 153
L -1183, 396, 64, -1183, 239, 64, 0, 153, 153
L -1183, 239, 64, -1063, 239, 64, 0, 153, 153
L -1063, 239, 64, -1063, 396, 64, 0, 153, 153
L -1063, 396, 64, -1088, 396, 64, 0, 153, 153
L -1088, 396, 64, -1088, 372, 64, 0, 153, 153
L -1088, 372, 64, -1111, 372, 64, 0, 153, 153
L -1111, 372, 64, -1111, 382, 64, 0, 153, 153
L -1111, 382, 64, -1097, 382, 64, 0, 153, 153
L -1097, 382, 64, -1097, 406, 64, 0, 153, 153
L -1097, 406, 64, -1062, 406, 64, 0, 153, 153
L -1062, 406, 64, -1035, 432, 64, 0, 153, 153
L -1035, 432, 64, -1023, 432, 64, 0, 153, 153
L -1023, 432, 64, -1023, 460, 64, 0, 153, 153
L -1023, 460, 64, -1013, 460, 64, 0, 153, 153
L -1013, 460, 64, -1013, 423, 64, 0, 153, 153
L -1013, 423, 64, -1033, 423, 64, 0, 153, 153
L -1033, 423, 64, -1054, 402, 64, 0, 153, 153
L -1054, 402, 64, -1054, 337, 64, 0, 153, 153
L -1054, 337, 64, -986, 405, 64, 0, 153, 153
L -986, 405, 64, -986, 537, 64, 0, 153, 153
L -986, 537, 64, -1054, 605, 64, 0, 153, 153
L -1054, 605, 64, -1054, 540, 64, 0, 153, 153
L -1054, 540, 64, -1033, 519, 64, 0, 153, 153
L -1033, 519, 64, -1013, 519, 64, 0, 153, 153
L -1013, 519, 64, -1013, 482, 64, 0, 153, 153
L -1013, 482, 64, -1023, 482, 64, 0, 153, 153
L -1023, 482, 64, -1023, 510, 64, 0, 153, 153
L -1023, 510, 64, -1036, 510, 64, 0, 153, 153
L -1036, 510, 64, -1063, 537, 64, 0, 153, 153
L -1063, 537, 64, -1063, 609, 64, 0, 153, 153
L -1063, 609, 64, -1111, 609, 64, 0, 153, 153
L -1111, 609, 64, -1113, 618, 64, 0, 153, 153
L -840, -438, 1205, -840, -438, 120, 0, 0, 255
L -840, -438, 120, -845, -438, 120, 0, 0, 255
L -845, -438, 120, -845, -407, 120, 0, 0, 255
L -845, -407, 120, -1006, -407, 120, 0, 0, 255
L -1006, -407, 120, -1006, -438, 116, 0, 0, 255
L -1006, -438, 116, -1017, -437, 116, 0, 0, 255
L -1017, -437, 116, -1016, -404, 116, 0, 0, 255
L -1016, -404, 116, -1021, -390, 116, 0, 0, 255
L -1021, -390, 116, -1031, -381, 116, 0, 0, 255
L -1031, -381, 116, -1040, -377, 116, 0, 0, 255
L -1040, -377, 116, -1063, -376, 116, 0, 0, 255
L -1063, -376, 116, -1069, -380, 116, 0, 0, 255
L -1069, -380, 116, -1076, -385, 116, 0, 0, 255
L -1076, -385, 116, -1082, -391, 116, 0, 0, 255
L -1082, -391, 116, -1085, -399, 116, 0, 0, 255
L -1085, -399, 116, -1087, -413, 116, 0, 0, 255
L -1087, -413, 116, -1087, -438, 116, 0, 0, 255
L -1087, -438, 116, -1097, -437, 116, 0, 0, 255
L -1097, -437, 116, -1097, -407, 120, 0, 0, 255
L -1097, -407, 120, -1255, -407, 120, 0, 0, 255
L -1255, -407, 120, -1255, -438, 116, 0, 0, 255
L -1255, -438, 116, -1260, -438, 116, 0, 0, 255
L -1260, -438, 116, -1260, -463, 116, 0, 0, 255
L -1260, -463, 116, -1270, -463, 116, 0, 0, 255
L -1270, -463, 116, -1270, -459, 116, 0, 0, 255
L -1270, -459, 116, -1311, -459, 116, 0, 0, 255
L -1311, -459, 116, -1324, -448, 116, 0, 0, 255
L -1324, -448, 116, -1366, -448, 116, 0, 0, 255
L -1366, -448, 116, -1378, -459, 116, 0, 0, 255
L -1378, -459, 116, -1419, -459, 116, 0, 0, 255
L -1419, -459, 116, -1419, -463, 116, 0, 0, 255
L -1419, -463, 116, -1429, -463, 116, 0, 0, 255
L -1429, -463, 116, -1429, -408, 116, 0, 0, 255
L -1429, -408, 116, -1437, -408, 116, 0, 0, 255
L -1437, -408, 116, -1442, -404, 119, 0, 0, 255
L -1442, -404, 119, -1443, -397, 120, 0, 0, 255
L -1443, -397, 120, -1443, -377, 120, 0, 0, 255
L -1443, -377, 120, -1447, -373, 120, 0, 0, 255
L -1447, -373, 120, -1491, -373, 120, 0, 0, 255
L -1491, -373, 120, -1495, -377, 120, 0, 0, 255
L -1495, -377, 120, -1495, -397, 120, 0, 0, 255
L -1495, -397, 120, -1496, -404, 119, 0, 0, 255
L -1496, -404, 119, -1502, -408, 116, 0, 0, 255
L -1502, -408, 116, -1509, -408, 116, 0, 0, 255
L -1509, -408, 116, -1509, -441, 116, 0, 0, 255
L -1509, -441, 116, -1514, -447, 119, 0, 0, 255
L -1514, -447, 119, -1520, -448, 120, 0, 0, 255
L -1520, -448, 120, -1540, -448, 120, 0, 0, 255
L -1540, -448, 120, -1544, -452, 120, 0, 0, 255
L -1544, -452, 120, -1544, -463, 120, 0, 0, 255
L -1544, -463, 120, -1554, -463, 120, 0, 0, 255
L -1554, -463, 120, -1554, -458, 120, 0, 0, 255
L -1554, -458, 120, -1595, -458, 120, 0, 0, 255
L -1595, -458, 120, -1607, -447, 120, 0, 0, 255
L -1607, -447, 120, -1649, -447, 120, 0, 0, 255
L -1649, -447, 120, -1662, -458, 120, 0, 0, 255
L -1662, -458, 120, -1708, -458, 120, 0, 0, 255
L -1708, -458, 120, -1721, -447, 120, 0, 0, 255
L -1721, -447, 120, -1721, -401, 120, 0, 0, 255
L -1721, -401, 120, -1726, -401, 120, 0, 0, 255
L -1726, -401, 120, -1726, -391, 120, 0, 0, 255
L -1726, -391, 120, -1715, -391, 120, 0, 0, 255
L -1715, -391, 120, -1711, -387, 120, 0, 0, 255
L -1711, -387, 120, -1711, -367, 120, 0, 0, 255
L -1711, -367, 120, -1709, -361, 119, 0, 0, 255
L -1709, -361, 119, -1703, -356, 116, 0, 0, 255
L -1703, -356, 116, -1671, -356, 116, 0, 0, 255
L -1671, -356, 116, -1671, -348, 116, 0, 0, 255
L -1671, -348, 116, -1667, -343, 119, 0, 0, 255
L -1667, -343, 119, -1660, -342, 120, 0, 0, 255
L -1660, -342, 120, -1640, -342, 120, 0, 0, 255
L -1640, -342, 120, -1636, -338, 120, 0, 0, 255
L -1636, -338, 120, -1636, -294, 120, 0, 0, 255
L -1636, -294, 120, -1640, -290, 120, 0, 0, 255
L -1640, -290, 120, -1660, -290, 120, 0, 0, 255
L -1660, -290, 120, -1667, -289, 119, 0, 0, 255
L -1667, -289, 119, -1671, -283, 116, 0, 0, 255
L -1671, -283, 116, -1671, -276, 116, 0, 0, 255
L -1671, -276, 116, -1726, -276, 116, 0, 0, 255
L -1726, -276, 116, -1726, -266, 116, 0, 0, 255
L -1726, -266, 116, -1722, -266, 116, 0, 0, 255
L -1722, -266, 116, -1722, -242, 116, 0, 0, 255
L -1722, -242, 116, -1711, -229, 116, 0, 0, 255
L -1711, -229, 116, -1711, -187, 116, 0, 0, 255
L -1711, -187, 116, -1722, -175, 116, 0, 0, 255
L -1722, -175, 116, -1722, -111, 116, 0, 0, 255
L -1722, -111, 116, -1726, -111, 116, 0, 0, 255
L -1726, -111, 116, -1726, -102, 116, 0, 0, 255
L -1726, -102, 116, -1716, -97, 116, 0, 0, 255
L -1716, -97, 116, -1707, -88, 116, 0, 0, 255
L -1707, -88, 116, -1701, -73, 116, 0, 0, 255
L -1701, -73, 116, -1701, -38, 116, 0, 0, 255
L -1701, -38, 116, -1692, -38, 116, 0, 0, 255
L -1692, -38, 116, -1692, -71, 120, 0, 0, 255
L -1692, -71, 120, -1533, -71, 120, 0, 0, 255
L -1533, -71, 120, -1533, -38, 116, 0, 0, 255
L -1533, -38, 116, -1528, -38, 116, 0, 0, 255
L -1528, -38, 116, -1528, -13, 116, 0, 0, 255
L -1528, -13, 116, -1519, -13, 116, 0, 0, 255
L -1519, -13, 116, -1519, -48, 116, 0, 0, 255
L -1519, -48, 116, -1466, -48, 116, 0, 0, 255
L -1466, -48, 116, -1465, -27, 116, 0, 0, 255
L -1465, -27, 116, -1457, -26, 116, 0, 0, 255
L -1457, -26, 116, -1447, -20, 116, 0, 0, 255
L -1447, -20, 116, -1442, -11, 116, 0, 0, 255
L -1442, -11, 116, -1441, 2, 116, 0, 0, 255
L -1441, 2, 116, -1445, 11, 116, 0, 0, 255
L -1445, 11, 116, -1452, 18, 116, 0, 0, 255
L -1452, 18, 116, -1462, 21, 116, 0, 0, 255
L -1462, 21, 116, -1463, 21, 116, 0, 0, 255
L -1463, 21, 116, -1466, 22, 116, 0, 0, 255
L -1466, 22, 116, -1466, 42, 116, 0, 0, 255
L -1466, 42, 116, -1519, 42, 116, 0, 0, 255
L -1519, 42, 116, -1519, 7, 116, 0, 0, 255
L -1519, 7, 116, -1528, 7, 116, 0, 0, 255
L -1528, 7, 116, -1528, 32, 116, 0, 0, 255
L -1528, 32, 116, -1533, 32, 116, 0, 0, 255
L -1533, 32, 116, -1533, 64, 120, 0, 0, 255
L -1533, 64, 120, -1692, 64, 120, 0, 0, 255
L -1692, 64, 120, -1692, 32, 116, 0, 0, 255
L -1692, 32, 116, -1701, 33, 116, 0, 0, 255
L -1701, 33, 116, -1701, 65, 116, 0, 0, 255
L -1701, 65, 116, -1706, 77, 116, 0, 0, 255
L -1706, 77, 116, -1713, 87, 116, 0, 0, 255
L -1713, 87, 116, -1723, 93, 116, 0, 0, 255
L -1723, 93, 116, -1726, 94, 116, 0, 0, 255
L -1726, 94, 116, -1726, 104, 116, 0, 0, 255
L -1726, 104, 116, -1722, 104, 116, 0, 0, 255
L -1722, 104, 116, -1722, 170, 116, 0, 0, 255
L -1722, 170, 116, -1711, 184, 116, 0, 0, 255
L -1711, 184, 116, -1711, 226, 116, 0, 0, 255
L -1711, 226, 116, -1722, 238, 116, 0, 0, 255
L -1722, 238, 116, -1722, 263, 116, 0, 0, 255
L -1722, 263, 116, -1726, 263, 116, 0, 0, 255
L -1726, 263, 116, -1726, 273, 116, 0, 0, 255
L -1726, 273, 116, -1671, 273, 116, 0, 0, 255
L -1671, 273, 116, -1671, 280, 116, 0, 0, 255
L -1671, 280, 116, -1667, 286, 119, 0, 0, 255
L -1667, 286, 119, -1660, 287, 120, 0, 0, 255
L -1660, 287, 120, -1640, 287, 120, 0, 0, 255
L -1640, 287, 120, -1636, 291, 120, 0, 0, 255
L -1636, 291, 120, -1636, 335, 120, 0, 0, 255
L -1636, 335, 120, -1640, 339, 120, 0, 0, 255
L -1640, 339, 120, -1660, 339, 120, 0, 0, 255
L -1660, 339, 120, -1667, 340, 119, 0, 0, 255
L -1667, 340, 119, -1671, 346, 116, 0, 0, 255
L -1671, 346, 116, -1671, 353, 116, 0, 0, 255
L -1671, 353, 116, -1703, 353, 116, 0, 0, 255
L -1703, 353, 116, -1710, 358, 119, 0, 0, 255
L -1710, 358, 119, -1711, 364, 120, 0, 0, 255
L -1711, 364, 120, -1711, 384, 120, 0, 0, 255
L -1711, 384, 120, -1715, 388, 120, 0, 0, 255
L -1715, 388, 120, -1726, 388, 120, 0, 0, 255
L -1726, 388, 120, -1726, 398, 120, 0, 0, 255
L -1726, 398, 120, -1721, 398, 120, 0, 0, 255
L -1721, 398, 120, -1721, 441, 120, 0, 0, 255
L -1721, 441, 120, -1710, 455, 120, 0, 0, 255
L -1710, 455, 120, -1663, 455, 120, 0, 0, 255
L -1663, 455, 120, -1649, 444, 120, 0, 0, 255
L -1649, 444, 120, -1607, 444, 120, 0, 0, 255
L -1607, 444, 120, -1595, 455, 120, 0, 0, 255
L -1595, 455, 120, -1554, 455, 120, 0, 0, 255
L -1554, 455, 120, -1554, 460, 120, 0, 0, 255
L -1554, 460, 120, -1544, 460, 120, 0, 0, 255
L -1544, 460, 120, -1544, 449, 120, 0, 0, 255
L -1544, 449, 120, -1540, 445, 120, 0, 0, 255
L -1540, 445, 120, -1520, 445, 120, 0, 0, 255
L -1520, 444, 1205, -1520, 444, 120, 0, 0, 255
L -1520, 444, 120, -1514, 444, 119, 0, 0, 255
L -1514, 444, 119, -1509, 438, 116, 0, 0, 255
L -1509, 438, 116, -1509, 405, 116, 0, 0, 255
L -1509, 405, 116, -1501, 405, 116, 0, 0, 255
L -1501, 405, 116, -1496, 401, 119, 0, 0, 255
L -1496, 401, 119, -1495, 394, 120, 0, 0, 255
L -1495, 394, 120, -1495, 374, 120, 0, 0, 255
L -1495, 374, 120, -1491, 370, 120, 0, 0, 255
L -1491, 370, 120, -1447, 370, 120, 0, 0, 255
L -1447, 370, 120, -1443, 374, 120, 0, 0, 255
L -1443, 374, 120, -1443, 394, 120, 0, 0, 255
L -1443, 394, 120, -1442, 401, 119, 0, 0, 255
L -1442, 401, 119, -1437, 405, 116, 0, 0, 255
L -1437, 405, 116, -1429, 405, 116, 0, 0, 255
L -1429, 405, 116, -1429, 460, 116, 0, 0, 255
L -1429, 460, 116, -1419, 460, 116, 0, 0, 255
L -1419, 460, 116, -1419, 456, 116, 0, 0, 255
L -1419, 456, 116, -1378, 456, 116, 0, 0, 255
L -1378, 456, 116, -1366, 445, 116, 0, 0, 255
L -1366, 445, 116, -1324, 445, 116, 0, 0, 255
L -1324, 445, 116, -1311, 456, 116, 0, 0, 255
L -1311, 456, 116, -1270, 456, 116, 0, 0, 255
L -1270, 456, 116, -1270, 460, 116, 0, 0, 255
L -1270, 460, 116, -1260, 460, 116, 0, 0, 255
L -1260, 460, 116, -1260, 435, 116, 0, 0, 255
L -1260, 435, 116, -1255, 435, 116, 0, 0, 255
L -1255, 435, 116, -1255, 404, 120, 0, 0, 255
L -1255, 404, 120, -1097, 404, 120, 0, 0, 255
L -1097, 404, 120, -1097, 435, 116, 0, 0, 255
L -1097, 435, 116, -1087, 435, 116, 0, 0, 255
L -1087, 435, 116, -1087, 402, 116, 0, 0, 255
L -1087, 402, 116, -1082, 387, 116, 0, 0, 255
L -1082, 387, 116, -1072, 378, 116, 0, 0, 255
L -1072, 378, 116, -1064, 374, 116, 0, 0, 255
L -1064, 374, 116, -1039, 374, 116, 0, 0, 255
L -1039, 374, 116, -1031, 378, 116, 0, 0, 255
L -1031, 378, 116, -1021, 387, 116, 0, 0, 255
L -1021, 387, 116, -1016, 404, 116, 0, 0, 255
L -1016, 404, 116, -1016, 435, 116, 0, 0, 255
L -1016, 435, 116, -1006, 435, 116, 0, 0, 255
L -1006, 435, 116, -1006, 404, 120, 0, 0, 255
L -1006, 404, 120, -845, 404, 120, 0, 0, 255
L -845, 404, 120, -845, 435, 120, 0, 0, 255
L -845, 435, 120, -840, 435, 120, 0, 0, 255
L -840, 435, 120, -840, 507, 120, 0, 0, 255
L -840, 507, 120, -845, 507, 120, 0, 0, 255
L -845, 507, 120, -845, 540, 120, 0, 0, 255
L -845, 540, 120, -1006, 540, 120, 0, 0, 255
L -1006, 540, 120, -1006, 507, 116, 0, 0, 255
L -1006, 507, 116, -1016, 507, 116, 0, 0, 255
L -1016, 507, 116, -1016, 542, 116, 0, 0, 255
L -1016, 542, 116, -1021, 556, 116, 0, 0, 255
L -1021, 556, 116, -1031, 565, 116, 0, 0, 255
L -1031, 565, 116, -1039, 570, 116, 0, 0, 255
L -1039, 570, 116, -1064, 569, 116, 0, 0, 255
L -1064, 569, 116, -1074, 563, 116, 0, 0, 255
L -1074, 563, 116, -1082, 556, 116, 0, 0, 255
L -1082, 556, 116, -1087, 537, 116, 0, 0, 255
L -1087, 537, 116, -1087, 507, 116, 0, 0, 255
L -1087, 507, 116, -1097, 507, 116, 0, 0, 255
L -1097, 507, 116, -1097, 540, 120, 0, 0, 255
L -1097, 540, 120, -1255, 540, 120, 0, 0, 255
L -1255, 540, 120, -1255, 507, 116, 0, 0, 255
L -1255, 507, 116, -1260, 507, 116, 0, 0, 255
L -1260, 507, 116, -1260, 482, 116, 0, 0, 255
L -1260, 482, 116, -1270, 482, 116, 0, 0, 255
L -1270, 482, 116, -1270, 486, 116, 0, 0, 255
L -1270, 486, 116, -1312, 486, 116, 0, 0, 255
L -1312, 486, 116, -1324, 497, 116, 0, 0, 255
L -1324, 497, 116, -1366, 497, 116, 0, 0, 255
L -1366, 497, 116, -1379, 486, 116, 0, 0, 255
L -1379, 486, 116, -1419, 486, 116, 0, 0, 255
L -1419, 486, 116, -1419, 481, 116, 0, 0, 255
L -1419, 481, 116, -1429, 481, 116, 0, 0, 255
L -1429, 481, 116, -1429, 536, 116, 0, 0, 255
L -1429, 536, 116, -1436, 536, 116, 0, 0, 255
L -1436, 536, 116, -1442, 540, 119, 0, 0, 255
L -1442, 540, 119, -1443, 547, 120, 0, 0, 255
L -1443, 547, 120, -1443, 567, 120, 0, 0, 255
L -1443, 567, 120, -1447, 571, 120, 0, 0, 255
L -1447, 571, 120, -1491, 571, 120, 0, 0, 255
L -1491, 571, 120, -1495, 567, 120, 0, 0, 255
L -1495, 567, 120, -1495, 547, 120, 0, 0, 255
L -1495, 547, 120, -1496, 540, 119, 0, 0, 255
L -1496, 540, 119, -1502, 536, 116, 0, 0, 255
L -1502, 536, 116, -1509, 536, 116, 0, 0, 255
L -1509, 536, 116, -1509, 503, 116, 0, 0, 255
L -1509, 503, 116, -1514, 497, 119, 0, 0, 255
L -1514, 497, 119, -1520, 496, 120, 0, 0, 255
L -1520, 496, 120, -1540, 496, 120, 0, 0, 255
L -1540, 496, 120, -1544, 492, 120, 0, 0, 255
L -1544, 492, 120, -1544, 481, 120, 0, 0, 255
L -1544, 481, 120, -1554, 481, 120, 0, 0, 255
L -1554, 481, 120, -1554, 486, 120, 0, 0, 255
L -1554, 486, 120, -1594, 486, 120, 0, 0, 255
L -1594, 486, 120, -1607, 497, 120, 0, 0, 255
L -1607, 497, 120, -1649, 497, 120, 0, 0, 255
L -1649, 497, 120, -1662, 486, 120, 0, 0, 255
L -1662, 486, 120, -1704, 486, 120, 0, 0, 255
L -1704, 486, 120, -1752, 438, 120, 0, 0, 255
L -1752, 438, 120, -1752, 398, 120, 0, 0, 255
L -1752, 398, 120, -1747, 398, 120, 0, 0, 255
L -1747, 398, 120, -1747, 388, 120, 0, 0, 255
L -1747, 388, 120, -1758, 388, 120, 0, 0, 255
L -1758, 388, 120, -1762, 384, 120, 0, 0, 255
L -1762, 384, 120, -1762, 364, 120, 0, 0, 255
L -1762, 364, 120, -1763, 358, 119, 0, 0, 255
L -1763, 358, 119, -1769, 353, 116, 0, 0, 255
L -1769, 353, 116, -1802, 353, 116, 0, 0, 255
L -1802, 353, 116, -1802, 346, 116, 0, 0, 255
L -1802, 346, 116, -1806, 340, 119, 0, 0, 255
L -1806, 340, 119, -1813, 339, 120, 0, 0, 255
L -1813, 339, 120, -1833, 339, 120, 0, 0, 255
L -1833, 339, 120, -1837, 335, 120, 0, 0, 255
L -1837, 335, 120, -1837, 291, 120, 0, 0, 255
L -1837, 291, 120, -1833, 287, 120, 0, 0, 255
L -1833, 287, 120, -1813, 287, 120, 0, 0, 255
L -1813, 287, 120, -1806, 286, 119, 0, 0, 255
L -1806, 286, 119, -1802, 281, 116, 0, 0, 255
L -1802, 281, 116, -1802, 273, 116, 0, 0, 255
L -1802, 273, 116, -1747, 273, 116, 0, 0, 255
L -1747, 273, 116, -1747, 263, 116, 0, 0, 255
L -1747, 263, 116, -1752, 263, 116, 0, 0, 255
L -1752, 263, 116, -1752, 238, 116, 0, 0, 255
L -1752, 238, 116, -1763, 226, 116, 0, 0, 255
L -1763, 226, 116, -1763, 184, 116, 0, 0, 255
L -1763, 184, 116, -1752, 172, 116, 0, 0, 255
L -1752, 172, 116, -1752, 104, 116, 0, 0, 255
L -1752, 104, 116, -1748, 104, 116, 0, 0, 255
L -1748, 104, 116, -1748, 94, 116, 0, 0, 255
L -1748, 94, 116, -1758, 89, 116, 0, 0, 255
L -1758, 89, 116, -1767, 80, 116, 0, 0, 255
L -1767, 80, 116, -1773, 66, 116, 0, 0, 255
L -1773, 66, 116, -1773, 32, 116, 0, 0, 255
L -1773, 32, 116, -1782, 32, 116, 0, 0, 255
L -1782, 32, 116, -1782, 64, 120, 0, 0, 255
L -1782, 64, 120, -1943, 64, 120, 0, 0, 255
L -1943, 64, 120, -1943, 32, 120, 0, 0, 255
L -1943, 32, 120, -1948, 32, 120, 0, 0, 255
L -1948, 32, 120, -1948, -39, 120, 0, 0, 255
L -1948, -39, 120, -1943, -39, 120, 0, 0, 255
L -1943, -39, 120, -1943, -71, 120, 0, 0, 255
L -1943, -71, 120, -1782, -71, 120, 0, 0, 255
L -1782, -71, 120, -1782, -38, 116, 0, 0, 255
L -1782, -38, 116, -1773, -38, 116, 0, 0, 255
L -1773, -38, 116, -1773, -65, 116, 0, 0, 255
L -1773, -65, 116, -1772, -74, 116, 0, 0, 255
L -1772, -74, 116, -1767, -88, 116, 0, 0, 255
L -1767, -88, 116, -1758, -96, 116, 0, 0, 255
L -1758, -96, 116, -1752, -100, 116, 0, 0, 255
L -1752, -100, 116, -1748, -102, 116, 0, 0, 255
L -1748, -102, 116, -1748, -111, 116, 0, 0, 255
L -1748, -111, 116, -1752, -111, 116, 0, 0, 255
L -1752, -111, 116, -1752, -175, 116, 0, 0, 255
L -1752, -175, 116, -1763, -187, 116, 0, 0, 255
L -1763, -187, 116, -1763, -229, 116, 0, 0, 255
L -1763, -229, 116, -1752, -241, 116, 0, 0, 255
L -1752, -241, 116, -1752, -266, 116, 0, 0, 255
L -1752, -266, 116, -1747, -266, 116, 0, 0, 255
L -1747, -266, 116, -1747, -276, 116, 0, 0, 255
L -1747, -276, 116, -1802, -276, 116, 0, 0, 255
L -1802, -276, 116, -1802, -284, 116, 0, 0, 255
L -1802, -284, 116, -1806, -289, 119, 0, 0, 255
L -1806, -289, 119, -1813, -290, 120, 0, 0, 255
L -1813, -290, 120, -1833, -290, 120, 0, 0, 255
L -1833, -290, 120, -1837, -294, 120, 0, 0, 255
L -1837, -294, 120, -1837, -338, 120, 0, 0, 255
L -1837, -338, 120, -1833, -342, 120, 0, 0, 255
L -1833, -342, 120, -1813, -342, 120, 0, 0, 255
L -1813, -342, 120, -1806, -343, 119, 0, 0, 255
L -1806, -343, 119, -1802, -349, 116, 0, 0, 255
L -1802, -349, 116, -1802, -356, 116, 0, 0, 255
L -1802, -356, 116, -1769, -356, 116, 0, 0, 255
L -1769, -356, 116, -1763, -361, 119, 0, 0, 255
L -1763, -361, 119, -1762, -367, 120, 0, 0, 255
L -1762, -367, 120, -1762, -387, 120, 0, 0, 255
L -1762, -387, 120, -1758, -391, 120, 0, 0, 255
L -1758, -391, 120, -1747, -391, 120, 0, 0, 255
L -1747, -391, 120, -1747, -401, 120, 0, 0, 255
L -1747, -401, 120, -1752, -401, 120, 0, 0, 255
L -1752, -401, 120, -1752, -441, 120, 0, 0, 255
L -1752, -441, 120, -1704, -489, 120, 0, 0, 255
L -1704, -489, 120, -1662, -489, 120, 0, 0, 255
L -1662, -489, 120, -1649, -500, 120, 0, 0, 255
L -1649, -500, 120, -1607, -500, 120, 0, 0, 255
L -1607, -500, 120, -1594, -489, 120, 0, 0, 255
L -1594, -489, 120, -1554, -489, 120, 0, 0, 255
L -1554, -489, 120, -1554, -484, 120, 0, 0, 255
L -1554, -484, 120, -1544, -484, 120, 0, 0, 255
L -1544, -484, 120, -1544, -495, 120, 0, 0, 255
L -1544, -495, 120, -1540, -499, 120, 0, 0, 255
L -1540, -499, 120, -1520, -499, 120, 0, 0, 255
L -1520, -499, 120, -1514, -500, 119, 0, 0, 255
L -1514, -500, 119, -1509, -506, 116, 0, 0, 255
L -1509, -506, 116, -1509, -539, 116, 0, 0, 255
L -1509, -539, 116, -1502, -539, 116, 0, 0, 255
L -1502, -539, 116, -1496, -543, 119, 0, 0, 255
L -1496, -543, 119, -1495, -550, 120, 0, 0, 255
L -1495, -550, 120, -1495, -570, 120, 0, 0, 255
L -1495, -570, 120, -1491, -574, 120, 0, 0, 255
L -1491, -574, 120, -1447, -574, 120, 0, 0, 255
L -1447, -574, 120, -1443, -570, 120, 0, 0, 255
L -1443, -570, 120, -1443, -550, 120, 0, 0, 255
L -1443, -550, 120, -1442, -543, 119, 0, 0, 255
L -1442, -543, 119, -1436, -539, 116, 0, 0, 255
L -1436, -539, 116, -1429, -539, 116, 0, 0, 255
L -1429, -539, 116, -1429, -484, 116, 0, 0, 255
L -1429, -484, 116, -1419, -484, 116, 0, 0, 255
L -1419, -484, 116, -1419, -489, 116, 0, 0, 255
L -1419, -489, 116, -1378, -489, 116, 0, 0, 255
L -1378, -489, 116, -1366, -500, 116, 0, 0, 255
L -1366, -500, 116, -1324, -500, 116, 0, 0, 255
L -1324, -500, 116, -1312, -489, 116, 0, 0, 255
L -1312, -489, 116, -1270, -489, 116, 0, 0, 255
L -1270, -489, 116, -1270, -485, 116, 0, 0, 255
L -1270, -485, 116, -1260, -485, 116, 0, 0, 255
L -1260, -485, 116, -1260, -510, 116, 0, 0, 255
L -1260, -510, 116, -1255, -510, 116, 0, 0, 255
L -1255, -510, 116, -1255, -543, 120, 0, 0, 255
L -1255, -543, 120, -1097, -543, 120, 0, 0, 255
L -1097, -543, 120, -1097, -510, 116, 0, 0, 255
L -1097, -510, 116, -1087, -510, 116, 0, 0, 255
L -1087, -510, 116, -1087, -545, 116, 0, 0, 255
L -1087, -545, 116, -1082, -559, 116, 0, 0, 255
L -1082, -559, 116, -1072, -568, 116, 0, 0, 255
L -1072, -568, 116, -1062, -573, 116, 0, 0, 255
L -1062, -573, 116, -1039, -573, 116, 0, 0, 255
L -1039, -573, 116, -1031, -569, 116, 0, 0, 255
L -1031, -569, 116, -1021, -559, 116, 0, 0, 255
L -1021, -559, 116, -1016, -545, 116, 0, 0, 255
L -1016, -545, 116, -1016, -510, 116, 0, 0, 255
L -1016, -510, 116, -1006, -510, 116, 0, 0, 255
L -1006, -510, 116, -1006, -543, 120, 0, 0, 255
L -1006, -543, 120, -845, -543, 120, 0, 0, 255
L -845, -543, 120, -845, -510, 120, 0, 0, 255
L -845, -510, 120, -840, -510, 120, 0, 0, 255
L -840, -510, 120, -840, -438, 120, 0, 0, 255
