L 165, -53, -474, 161, -49, -50, 153, 0, 153
L 161, -49, -50, 161, -46, -56, 153, 0, 153
L 161, -46, -56, 166, -41, -56, 153, 0, 153
L 166, -41, -56, 166, -37, -54, 153, 0, 153
L 166, -37, -54, 180, -37, -55, 153, 0, 153
L 180, -37, -55, 186, -26, -55, 153, 0, 153
L 186, -26, -55, 185, -8, -55, 153, 0, 153
L 185, -8, -55, 178, -13, -55, 153, 0, 153
L 178, -13, -55, 165, -13, -56, 153, 0, 153
L 165, -13, -56, 161, -9, -55, 153, 0, 153
L 161, -9, -55, 157, -1, -54, 153, 0, 153
L 157, -1, -54, 164, 2, -56, 153, 0, 153
L 164, 2, -56, 178, 2, -56, 153, 0, 153
L 178, 2, -56, 183, -2, -56, 153, 0, 153
L 183, -2, -56, 190, 2, -53, 153, 0, 153
L 190, 2, -53, 215, 2, -55, 153, 0, 153
L 215, 2, -55, 231, 23, -56, 153, 0, 153
L 231, 23, -56, 231, 44, -55, 153, 0, 153
L 231, 44, -55, 225, 56, -55, 153, 0, 153
L 225, 56, -55, 218, 51, -56, 153, 0, 153
L 218, 51, -56, 205, 51, -54, 153, 0, 153
L 205, 51, -54, 191, 60, -53, 153, 0, 153
L 191, 60, -53, 191, 62, -53, 153, 0, 153
L 191, 62, -53, 202, 66, -56, 153, 0, 153
L 202, 66, -56, 218, 67, -55, 153, 0, 153
L 218, 67, -55, 222, 63, -55, 153, 0, 153
L 222, 63, -55, 237, 43, -55, 153, 0, 153
L 237, 43, -55, 241, 24, -54, 153, 0, 153
L 241, 24, -54, 227, 5, -55, 153, 0, 153
L 227, 5, -55, 213, -8, -56, 153, 0, 153
L 213, -8, -56, 198, -8, -56, 153, 0, 153
L 198, -8, -56, 197, -25, -55, 153, 0, 153
L 197, -25, -55, 192, -39, -55, 153, 0, 153
L 192, -39, -55, 188, -43, -56, 153, 0, 153
L 188, -43, -56, 183, -43, -56, 153, 0, 153
L 183, -43, -56, 178, -52, -50, 153, 0, 153
L 178, -52, -50, 165, -53, -47, 153, 0, 153
L 237, -183, -362, 236, -159, -31, 255, 0, 255
L 236, -159, -31, 231, -154, -31, 255, 0, 255
L 231, -154, -31, 208, -152, -31, 255, 0, 255
L 208, -152, -31, 203, -158, -32, 255, 0, 255
L 203, -158, -32, 198, -158, -36, 255, 0, 255
L 198, -158, -36, 193, -163, -36, 255, 0, 255
L 193, -163, -36, 184, -163, -34, 255, 0, 255
L 184, -163, -34, 174, -167, -30, 255, 0, 255
L 174, -167, -30, 165, -158, -36, 255, 0, 255
L 165, -158, -36, 155, -158, -33, 255, 0, 255
L 155, -158, -33, 146, -149, -36, 255, 0, 255
L 146, -149, -36, 146, -146, -36, 255, 0, 255
L 146, -146, -36, 150, -142, -36, 255, 0, 255
L 150, -142, -36, 151, -133, -36, 255, 0, 255
L 151, -133, -36, 147, -125, -36, 255, 0, 255
L 147, -125, -36, 136, -119, -56, 255, 0, 255
L 136, -119, -56, 136, -115, -56, 255, 0, 255
L 136, -115, -56, 141, -101, -56, 255, 0, 255
L 141, -101, -56, 145, -97, -56, 255, 0, 255
L 145, -97, -56, 151, -91, -36, 255, 0, 255
L 151, -91, -36, 158, -83, -30, 255, 0, 255
L 158, -83, -30, 165, -77, -36, 255, 0, 255
L 165, -77, -36, 166, 23, -35, 255, 0, 255
L 166, 23, -35, 185, 42, -35, 255, 0, 255
L 185, 42, -35, 198, 42, -36, 255, 0, 255
L 198, 42, -36, 206, 48, -35, 255, 0, 255
L 206, 48, -35, 216, 49, -36, 255, 0, 255
L 216, 49, -36, 198, 31, -36, 255, 0, 255
L 198, 31, -36, 183, 31, -35, 255, 0, 255
L 183, 31, -35, 177, 25, -35, 255, 0, 255
L 177, 25, -35, 177, -76, -36, 255, 0, 255
L 177, -76, -36, 196, -86, -34, 255, 0, 255
L 196, -86, -34, 207, -97, -36, 255, 0, 255
L 207, -97, -36, 217, -101, -43, 255, 0, 255
L 217, -101, -43, 217, -104, -42, 255, 0, 255
L 217, -104, -42, 208, -108, -41, 255, 0, 255
L 208, -108, -41, 207, -123, -41, 255, 0, 255
L 207, -123, -41, 212, -131, -35, 255, 0, 255
L 212, -131, -35, 212, -134, -35, 255, 0, 255
L 212, -134, -35, 207, -139, -31, 255, 0, 255
L 207, -139, -31, 228, -142, -31, 255, 0, 255
L 228, -142, -31, 247, -161, -30, 255, 0, 255
L 247, -161, -30, 246, -182, -33, 255, 0, 255
L 246, -182, -33, 236, -182, -35, 255, 0, 255
L 217, 69, -358, 206, 70, -35, 255, 0, 255
L 206, 70, -35, 206, 89, -36, 255, 0, 255
L 206, 89, -36, 200, 96, -35, 255, 0, 255
L 200, 96, -35, 188, 96, -35, 255, 0, 255
L 188, 96, -35, 183, 91, -34, 255, 0, 255
L 183, 91, -34, 180, 91, -33, 255, 0, 255
L 180, 91, -33, 176, 95, -36, 255, 0, 255
L 176, 95, -36, 176, 104, -36, 255, 0, 255
L 176, 104, -36, 171, 115, -35, 255, 0, 255
L 171, 115, -35, 153, 111, -36, 255, 0, 255
L 153, 111, -36, 138, 111, -35, 255, 0, 255
L 138, 111, -35, 131, 104, -36, 255, 0, 255
L 131, 104, -36, 132, 90, -35, 255, 0, 255
L 132, 90, -35, 113, 71, -36, 255, 0, 255
L 113, 71, -36, 94, 71, -36, 255, 0, 255
L 94, 71, -36, 83, 61, -29, 255, 0, 255
L 83, 61, -29, 75, 61, -29, 255, 0, 255
L 75, 61, -29, 71, 65, -30, 255, 0, 255
L 71, 65, -30, 66, 75, -34, 255, 0, 255
L 66, 75, -34, 66, 83, -33, 255, 0, 255
L 66, 83, -33, 70, 87, -34, 255, 0, 255
L 70, 87, -34, 71, 93, -35, 255, 0, 255
L 71, 93, -35, 75, 97, -33, 255, 0, 255
L 75, 97, -33, 82, 97, -35, 255, 0, 255
L 82, 97, -35, 87, 92, -35, 255, 0, 255
L 87, 92, -35, 93, 82, -36, 255, 0, 255
L 93, 82, -36, 115, 82, -35, 255, 0, 255
L 115, 82, -35, 121, 88, -36, 255, 0, 255
L 121, 88, -36, 122, 102, -30, 255, 0, 255
L 122, 102, -30, 140, 122, -34, 255, 0, 255
L 140, 122, -34, 154, 122, -35, 255, 0, 255
L 154, 122, -35, 170, 127, -35, 255, 0, 255
L 170, 127, -35, 177, 134, -35, 255, 0, 255
L 177, 134, -35, 177, 144, -36, 255, 0, 255
L 177, 144, -36, 186, 144, -36, 255, 0, 255
L 186, 144, -36, 189, 142, -35, 255, 0, 255
L 189, 142, -35, 197, 143, -35, 255, 0, 255
L 197, 143, -35, 205, 147, -35, 255, 0, 255
L 205, 147, -35, 206, 169, -36, 255, 0, 255
L 206, 169, -36, 197, 190, -30, 255, 0, 255
L 197, 190, -30, 196, 209, -36, 255, 0, 255
L 196, 209, -36, 190, 216, -36, 255, 0, 255
L 190, 216, -36, 175, 226, -35, 255, 0, 255
L 175, 226, -35, 154, 221, -36, 255, 0, 255
L 154, 221, -36, 139, 221, -36, 255, 0, 255
L 139, 221, -36, 127, 214, -33, 255, 0, 255
L 127, 214, -33, 103, 211, -34, 255, 0, 255
L 103, 211, -34, 102, 205, -35, 255, 0, 255
L 102, 205, -35, 93, 196, -36, 255, 0, 255
L 93, 196, -36, 89, 196, -36, 255, 0, 255
L 89, 196, -36, 80, 201, -36, 255, 0, 255
L 80, 201, -36, 73, 209, -34, 255, 0, 255
L 73, 209, -34, 73, 219, -29, 255, 0, 255
L 73, 219, -29, 76, 227, -31, 255, 0, 255
L 76, 227, -31, 85, 227, -32, 255, 0, 255
L 85, 227, -32, 90, 232, -34, 255, 0, 255
L 90, 232, -34, 98, 232, -36, 255, 0, 255
L 98, 232, -36, 102, 228, -35, 255, 0, 255
L 102, 228, -35, 102, 223, -35, 255, 0, 255
L 102, 223, -35, 124, 222, -36, 255, 0, 255
L 124, 222, -36, 140, 232, -35, 255, 0, 255
L 140, 232, -35, 155, 232, -35, 255, 0, 255
L 155, 232, -35, 173, 236, -34, 255, 0, 255
L 173, 236, -34, 196, 253, -34, 255, 0, 255
L 196, 253, -34, 191, 260, -34, 255, 0, 255
L 191, 260, -34, 191, 268, -36, 255, 0, 255
L 191, 268, -36, 193, 270, -35, 255, 0, 255
L 193, 270, -35, 212, 267, -35, 255, 0, 255
L 212, 267, -35, 211, 263, -36, 255, 0, 255
L 211, 263, -36, 207, 255, -32, 255, 0, 255
L 207, 255, -32, 187, 235, -33, 255, 0, 255
L 187, 235, -33, 187, 228, -33, 255, 0, 255
L 187, 228, -33, 207, 208, -35, 255, 0, 255
L 207, 208, -35, 207, 188, -35, 255, 0, 255
L 207, 188, -35, 217, 168, -36, 255, 0, 255
L 217, 168, -36, 216, 148, -31, 255, 0, 255
L 216, 148, -31, 229, 142, -33, 255, 0, 255
L 229, 142, -33, 233, 141, -33, 255, 0, 255
L 233, 141, -33, 237, 138, -34, 255, 0, 255
L 237, 138, -34, 237, 135, -34, 255, 0, 255
L 237, 135, -34, 232, 130, -35, 255, 0, 255
L 232, 130, -35, 232, 123, -36, 255, 0, 255
L 232, 123, -36, 237, 117, -36, 255, 0, 255
L 237, 117, -36, 253, 112, -36, 255, 0, 255
L 253, 112, -36, 261, 132, -36, 255, 0, 255
L 261, 132, -36, 261, 147, -35, 255, 0, 255
L 261, 147, -35, 277, 164, -36, 255, 0, 255
L 277, 164, -36, 292, 167, -35, 255, 0, 255
L 292, 167, -35, 312, 148, -35, 255, 0, 255
L 312, 148, -35, 321, 129, -36, 255, 0, 255
L 321, 129, -36, 322, 120, -36, 255, 0, 255
L 322, 120, -36, 313, 111, -36, 255, 0, 255
L 313, 111, -36, 305, 111, -36, 255, 0, 255
L 305, 111, -36, 300, 116, -35, 255, 0, 255
L 300, 116, -35, 298, 120, -35, 255, 0, 255
L 298, 120, -35, 296, 141, -35, 255, 0, 255
L 296, 141, -35, 301, 150, -35, 255, 0, 255
L 301, 150, -35, 296, 155, -35, 255, 0, 255
L 296, 155, -35, 279, 156, -36, 255, 0, 255
L 279, 156, -36, 273, 151, -36, 255, 0, 255
L 273, 151, -36, 272, 142, -35, 255, 0, 255
L 272, 142, -35, 272, 135, -36, 255, 0, 255
L 272, 135, -36, 267, 114, -36, 255, 0, 255
L 267, 114, -36, 282, 102, -35, 255, 0, 255
L 282, 102, -35, 302, 102, -36, 255, 0, 255
L 302, 102, -36, 318, 86, -35, 255, 0, 255
L 318, 86, -35, 322, 79, -36, 255, 0, 255
L 322, 79, -36, 322, 60, -36, 255, 0, 255
L 322, 60, -36, 327, 52, -35, 255, 0, 255
L 327, 52, -35, 340, 57, -36, 255, 0, 255
L 340, 57, -36, 345, 62, -36, 255, 0, 255
L 345, 62, -36, 348, 61, -36, 255, 0, 255
L 348, 61, -36, 352, 58, -34, 255, 0, 255
L 352, 58, -34, 352, 54, -34, 255, 0, 255
L 352, 54, -34, 357, 48, -35, 255, 0, 255
L 357, 48, -35, 357, 46, -34, 255, 0, 255
L 357, 46, -34, 353, 43, -35, 255, 0, 255
L 353, 43, -35, 348, 41, -35, 255, 0, 255
L 348, 41, -35, 343, 37, -35, 255, 0, 255
L 343, 37, -35, 340, 36, -36, 255, 0, 255
L 340, 36, -36, 331, 40, -36, 255, 0, 255
L 331, 40, -36, 312, 59, -34, 255, 0, 255
L 312, 59, -34, 311, 84, -35, 255, 0, 255
L 311, 84, -35, 305, 91, -35, 255, 0, 255
L 305, 91, -35, 285, 91, -35, 255, 0, 255
L 285, 91, -35, 268, 101, -35, 255, 0, 255
L 268, 101, -35, 253, 102, -34, 255, 0, 255
L 253, 102, -34, 239, 106, -36, 255, 0, 255
L 239, 106, -36, 235, 101, -35, 255, 0, 255
L 235, 101, -35, 227, 96, -36, 255, 0, 255
L 227, 96, -36, 222, 95, -35, 255, 0, 255
L 222, 95, -35, 217, 89, -36, 255, 0, 255
L 217, 89, -36, 217, 69, -35, 255, 0, 255
L 184, -158, -112, 174, -162, -11, 0, 153, 153
L 174, -162, -11, 155, -163, -11, 0, 153, 153
L 155, -163, -11, 142, -174, -11, 0, 153, 153
L 142, -174, -11, 147, -185, -11, 0, 153, 153
L 147, -185, -11, 147, -210, -11, 0, 153, 153
L 147, -210, -11, 142, -223, -11, 0, 153, 153
L 142, -223, -11, 124, -237, -7, 0, 153, 153
L 124, -237, -7, 121, -231, -11, 0, 153, 153
L 121, -231, -11, 133, -224, -11, 0, 153, 153
L 133, -224, -11, 136, -211, -11, 0, 153, 153
L 136, -211, -11, 135, -193, -11, 0, 153, 153
L 135, -193, -11, 130, -193, -11, 0, 153, 153
L 130, -193, -11, 123, -186, -11, 0, 153, 153
L 123, -186, -11, 111, -188, -11, 0, 153, 153
L 111, -188, -11, 96, -192, -11, 0, 153, 153
L 96, -192, -11, 80, -193, -11, 0, 153, 153
L 80, -193, -11, 70, -182, -11, 0, 153, 153
L 70, -182, -11, 61, -165, -11, 0, 153, 153
L 61, -165, -11, 51, -150, -11, 0, 153, 153
L 51, -150, -11, 46, -135, -11, 0, 153, 153
L 46, -135, -11, 46, -118, -11, 0, 153, 153
L 46, -118, -11, 42, -106, -11, 0, 153, 153
L 42, -106, -11, 27, -89, -11, 0, 153, 153
L 27, -89, -11, 31, -73, -11, 0, 153, 153
L 31, -73, -11, 42, -75, -11, 0, 153, 153
L 42, -75, -11, 39, -84, -11, 0, 153, 153
L 39, -84, -11, 41, -93, -4, 0, 153, 153
L 41, -93, -4, 46, -87, -11, 0, 153, 153
L 46, -87, -11, 46, -81, -11, 0, 153, 153
L 46, -81, -11, 51, -77, -11, 0, 153, 153
L 51, -77, -11, 56, -61, -11, 0, 153, 153
L 56, -61, -11, 70, -47, -11, 0, 153, 153
L 70, -47, -11, 83, -47, -11, 0, 153, 153
L 83, -47, -11, 97, -61, -11, 0, 153, 153
L 97, -61, -11, 102, -75, -11, 0, 153, 153
L 102, -75, -11, 113, -92, -11, 0, 153, 153
L 113, -92, -11, 124, -83, -11, 0, 153, 153
L 124, -83, -11, 129, -82, -11, 0, 153, 153
L 129, -82, -11, 136, -86, -11, 0, 153, 153
L 136, -86, -11, 142, -91, -11, 0, 153, 153
L 142, -91, -11, 158, -97, -11, 0, 153, 153
L 158, -97, -11, 167, -102, -11, 0, 153, 153
L 167, -102, -11, 171, -110, -11, 0, 153, 153
L 171, -110, -11, 167, -123, -11, 0, 153, 153
L 167, -123, -11, 154, -137, -11, 0, 153, 153
L 154, -137, -11, 138, -143, -11, 0, 153, 153
L 138, -143, -11, 123, -157, -11, 0, 153, 153
L 123, -157, -11, 109, -163, -11, 0, 153, 153
L 109, -163, -11, 95, -163, -11, 0, 153, 153
L 95, -163, -11, 86, -149, -11, 0, 153, 153
L 86, -149, -11, 71, -134, -11, 0, 153, 153
L 71, -134, -11, 71, -120, -11, 0, 153, 153
L 71, -120, -11, 63, -113, -11, 0, 153, 153
L 63, -113, -11, 58, -118, -11, 0, 153, 153
L 58, -118, -11, 57, -134, -11, 0, 153, 153
L 57, -134, -11, 61, -149, -11, 0, 153, 153
L 61, -149, -11, 72, -166, -11, 0, 153, 153
L 72, -166, -11, 77, -181, -11, 0, 153, 153
L 77, -181, -11, 94, -182, -11, 0, 153, 153
L 94, -182, -11, 108, -178, -11, 0, 153, 153
L 108, -178, -11, 129, -177, -11, 0, 153, 153
L 129, -177, -11, 155, -152, -11, 0, 153, 153
L 155, -152, -11, 174, -152, -11, 0, 153, 153
L 174, -152, -11, 184, -147, -11, 0, 153, 153
L 184, -147, -11, 189, -147, -11, 0, 153, 153
L 98, -92, -112, 100, -98, -11, 0, 153, 153
L 100, -98, -11, 111, -103, -11, 0, 153, 153
L 111, -103, -11, 116, -113, -11, 0, 153, 153
L 116, -113, -11, 116, -130, -11, 0, 153, 153
L 116, -130, -11, 104, -132, -11, 0, 153, 153
L 104, -132, -11, 102, -117, -11, 0, 153, 153
L 102, -117, -11, 87, -101, -11, 0, 153, 153
L 87, -101, -11, 77, -87, -11, 0, 153, 153
L 77, -87, -11, 62, -81, -11, 0, 153, 153
L 62, -81, -11, 63, -70, -11, 0, 153, 153
L 63, -70, -11, 68, -58, -11, 0, 153, 153
L 68, -58, -11, 85, -58, -11, 0, 153, 153
L 85, -58, -11, 98, -92, -11, 0, 153, 153
L 62, -101, -112, 62, -93, -11, 0, 153, 153
L 62, -93, -11, 80, -98, -11, 0, 153, 153
L 80, -98, -11, 91, -113, -11, 0, 153, 153
L 91, -113, -11, 91, -129, -11, 0, 153, 153
L 91, -129, -11, 105, -143, -11, 0, 153, 153
L 105, -143, -11, 113, -142, -11, 0, 153, 153
L 113, -142, -11, 127, -129, -11, 0, 153, 153
L 127, -129, -11, 125, -114, -11, 0, 153, 153
L 125, -114, -11, 123, -107, -11, 0, 153, 153
L 123, -107, -11, 125, -102, -11, 0, 153, 153
L 125, -102, -11, 134, -103, -11, 0, 153, 153
L 134, -103, -11, 138, -107, -11, 0, 153, 153
L 138, -107, -11, 143, -102, -11, 0, 153, 153
L 143, -102, -11, 161, -109, -11, 0, 153, 153
L 161, -109, -11, 156, -126, -11, 0, 153, 153
L 156, -126, -11, 140, -132, -11, 0, 153, 153
L 140, -132, -11, 126, -146, -11, 0, 153, 153
L 126, -146, -11, 109, -152, -11, 0, 153, 153
L 109, -152, -11, 92, -152, -11, 0, 153, 153
L 92, -152, -11, 82, -136, -11, 0, 153, 153
L 82, -136, -11, 82, -121, -11, 0, 153, 153
L 82, -121, -11, 62, -101, -11, 0, 153, 153
L 209, -115, -82, 211, -119, -7, 0, 0, 0
L 211, -119, -7, 211, -130, -11, 0, 0, 0
L 211, -130, -11, 217, -136, -11, 0, 0, 0
L 217, -136, -11, 217, -142, -11, 0, 0, 0
L 217, -142, -11, 229, -142, -11, 0, 0, 0
L 229, -142, -11, 242, -147, -11, 0, 0, 0
L 242, -147, -11, 247, -161, -11, 0, 0, 0
L 247, -161, -11, 246, -182, -36, 0, 0, 0
L 246, -182, -36, 236, -182, -36, 0, 0, 0
L 236, -182, -36, 236, -159, -11, 0, 0, 0
L 236, -159, -11, 230, -153, -11, 0, 0, 0
L 230, -153, -11, 217, -154, -11, 0, 0, 0
L 217, -154, -11, 212, -163, -11, 0, 0, 0
L 212, -163, -11, 207, -188, -7, 0, 0, 0
L 207, -188, -7, 206, -204, -6, 0, 0, 0
L 206, -204, -6, 193, -218, -5, 0, 0, 0
L 193, -218, -5, 180, -222, 2, 0, 0, 0
L 180, -222, 2, 171, -223, 3, 0, 0, 0
L 171, -223, 3, 166, -210, 3, 0, 0, 0
L 166, -210, 3, 166, -196, 8, 0, 0, 0
L 166, -196, 8, 156, -179, 8, 0, 0, 0
L 156, -179, 8, 156, -166, 8, 0, 0, 0
L 156, -166, 8, 170, -152, 8, 0, 0, 0
L 170, -152, 8, 171, -131, 8, 0, 0, 0
L 171, -131, 8, 155, -113, 8, 0, 0, 0
L 155, -113, 8, 135, -113, 8, 0, 0, 0
L 135, -113, 8, 117, -124, 8, 0, 0, 0
L 117, -124, 8, 117, -144, 8, 0, 0, 0
L 117, -144, 8, 104, -157, 9, 0, 0, 0
L 104, -157, 9, 44, -158, 8, 0, 0, 0
L 44, -158, 8, 32, -168, 0, 0, 0, 0
L 32, -168, 0, 27, -168, -6, 0, 0, 0
L 27, -168, -6, 21, -164, -5, 0, 0, 0
L 21, -164, -5, 21, -147, -6, 0, 0, 0
L 21, -147, -6, 32, -147, -6, 0, 0, 0
L 32, -147, -6, 43, -152, 8, 0, 0, 0
L 43, -152, 8, 105, -152, 8, 0, 0, 0
L 105, -152, 8, 111, -145, 8, 0, 0, 0
L 111, -145, 8, 111, -124, 8, 0, 0, 0
L 111, -124, 8, 105, -118, 8, 0, 0, 0
L 105, -118, 8, 94, -119, 8, 0, 0, 0
L 94, -119, 8, 79, -123, 8, 0, 0, 0
L 79, -123, 8, 63, -138, 8, 0, 0, 0
L 63, -138, 8, 50, -138, 8, 0, 0, 0
L 50, -138, 8, 26, -109, 8, 0, 0, 0
L 26, -109, 8, 26, -92, 8, 0, 0, 0
L 26, -92, 8, 31, -77, 8, 0, 0, 0
L 31, -77, 8, 37, -78, 8, 0, 0, 0
L 37, -78, 8, 37, -110, 8, 0, 0, 0
L 37, -110, 8, 47, -127, 8, 0, 0, 0
L 47, -127, 8, 65, -127, 8, 0, 0, 0
L 65, -127, 8, 80, -112, 8, 0, 0, 0
L 80, -112, 8, 101, -106, 8, 0, 0, 0
L 101, -106, 8, 106, -97, 8, 0, 0, 0
L 106, -97, 8, 116, -92, 8, 0, 0, 0
L 116, -92, 8, 117, -86, 8, 0, 0, 0
L 117, -86, 8, 113, -85, 8, 0, 0, 0
L 113, -85, 8, 106, -79, 8, 0, 0, 0
L 106, -79, 8, 89, -78, 8, 0, 0, 0
L 89, -78, 8, 82, -85, 8, 0, 0, 0
L 82, -85, 8, 86, -90, 8, 0, 0, 0
L 86, -90, 8, 83, -98, 8, 0, 0, 0
L 83, -98, 8, 80, -98, 8, 0, 0, 0
L 80, -98, 8, 59, -107, 8, 0, 0, 0
L 59, -107, 8, 56, -104, 8, 0, 0, 0
L 56, -104, 8, 56, -100, 8, 0, 0, 0
L 56, -100, 8, 51, -94, 8, 0, 0, 0
L 51, -94, 8, 51, -91, 8, 0, 0, 0
L 51, -91, 8, 55, -87, 8, 0, 0, 0
L 55, -87, 8, 69, -87, 8, 0, 0, 0
L 69, -87, 8, 90, -67, 8, 0, 0, 0
L 90, -67, 8, 103, -67, 8, 0, 0, 0
L 103, -67, 8, 113, -77, 8, 0, 0, 0
L 113, -77, 8, 128, -77, 8, 0, 0, 0
L 128, -77, 8, 144, -72, 8, 0, 0, 0
L 144, -72, 8, 150, -67, 8, 0, 0, 0
L 150, -67, 8, 158, -67, 8, 0, 0, 0
L 158, -67, 8, 162, -71, 8, 0, 0, 0
L 162, -71, 8, 162, -74, 8, 0, 0, 0
L 162, -74, 8, 157, -78, 8, 0, 0, 0
L 157, -78, 8, 157, -84, 8, 0, 0, 0
L 157, -84, 8, 153, -88, 8, 0, 0, 0
L 153, -88, 8, 150, -88, 8, 0, 0, 0
L 150, -88, 8, 145, -83, 8, 0, 0, 0
L 145, -83, 8, 125, -89, 8, 0, 0, 0
L 125, -89, 8, 128, -97, 8, 0, 0, 0
L 128, -97, 8, 132, -101, 8, 0, 0, 0
L 132, -101, 8, 153, -102, 8, 0, 0, 0
L 153, -102, 8, 182, -131, 8, 0, 0, 0
L 182, -131, 8, 182, -149, 8, 0, 0, 0
L 182, -149, 8, 167, -163, 8, 0, 0, 0
L 167, -163, 8, 167, -181, 8, 0, 0, 0
L 167, -181, 8, 177, -196, 8, 0, 0, 0
L 177, -196, 8, 177, -210, 3, 0, 0, 0
L 177, -210, 3, 195, -207, -6, 0, 0, 0
L 195, -207, -6, 196, -191, -6, 0, 0, 0
L 196, -191, -6, 201, -176, -10, 0, 0, 0
L 201, -176, -10, 200, -163, -11, 0, 0, 0
L 200, -163, -11, 196, -159, -11, 0, 0, 0
L 196, -159, -11, 184, -158, -11, 0, 0, 0
L 195, -112, 112, 201, -118, -7, 0, 255, 255
L 201, -118, -7, 202, -125, -10, 0, 255, 255
L 202, -125, -10, 201, -135, -11, 0, 255, 255
L 201, -135, -11, 195, -148, -11, 0, 255, 255
L 195, -148, -11, 189, -147, -11, 0, 255, 255
L 27, 1215, -15, 0, 1215, -1, 255, 255, 255
L 0, 1215, -1, -2, 1214, -1, 255, 255, 255
L -2, 1214, -1, -7, 1193, -1, 255, 255, 255
L -7, 1193, -1, -7, 1173, -1, 255, 255, 255
L -7, 1173, -1, 12, 1133, -1, 255, 255, 255
L 12, 1133, -1, 12, 1114, 3, 255, 255, 255
L 12, 1114, 3, 2, 1094, 3, 255, 255, 255
L 2, 1094, 3, -2, 1073, 3, 255, 255, 255
L -2, 1073, 3, 12, 1053, 3, 255, 255, 255
L 12, 1053, 3, 2, 1034, 3, 255, 255, 255
L 2, 1034, 3, -2, 1013, 3, 255, 255, 255
L -2, 1013, 3, 7, 976, 12, 255, 255, 255
L 7, 976, 12, 7, 967, 13, 255, 255, 255
L 7, 967, 13, 7, 964, 13, 255, 255, 255
L -18, 964, 134, -18, 967, 13, 255, 255, 255
L -18, 967, 13, -19, 976, 12, 255, 255, 255
L -19, 976, 12, -18, 1013, 3, 255, 255, 255
L -18, 1013, 3, 1, 1053, 3, 255, 255, 255
L 1, 1053, 3, 1, 1054, 3, 255, 255, 255
L 1, 1054, 3, -8, 1074, 3, 255, 255, 255
L -8, 1074, 3, -3, 1093, 3, 255, 255, 255
L -3, 1093, 3, 6, 1113, 3, 255, 255, 255
L 6, 1113, 3, 6, 1134, -1, 255, 255, 255
L 6, 1134, -1, -13, 1174, -1, 255, 255, 255
L -13, 1174, -1, -13, 1227, -1, 255, 255, 255
L -13, 1227, -1, 14, 1227, -1, 255, 255, 255
L 14, 1227, -1, 16, 1228, -1, 255, 255, 255
L 16, 1228, -1, 16, 1230, -1, 255, 255, 255
L 27, 1215, -15, 27, 1226, -1, 255, 255, 255
L 2, 933, 134, 2, 755, 13, 153, 0, 0
L -13, 933, 134, -13, 754, 13, 153, 0, 0
L 7, 721, 169, 0, 721, 13, 255, 255, 255
L 0, 721, 13, -2, 719, 13, 255, 255, 255
L -2, 719, 13, -2, 685, 13, 255, 255, 255
L -18, 721, 169, -10, 721, 13, 255, 255, 255
L -10, 721, 13, -8, 719, 13, 255, 255, 255
L -8, 719, 13, -8, 685, 13, 255, 255, 255
L -2, 681, 134, -2, 673, 13, 255, 255, 255
L -2, 673, 13, 9, 667, 13, 255, 255, 255
L 9, 667, 13, 13, 667, 13, 255, 255, 255
L 13, 667, 13, 17, 663, 13, 255, 255, 255
L 17, 663, 13, 17, 660, 13, 255, 255, 255
L 17, 660, 13, 13, 655, 13, 255, 255, 255
L 13, 655, 13, 12, 653, 13, 255, 255, 255
L 12, 653, 13, 12, 648, 13, 255, 255, 255
L 12, 648, 13, 17, 643, 13, 255, 255, 255
L 17, 643, 13, 17, 640, 13, 255, 255, 255
L 17, 640, 13, 13, 636, 13, 255, 255, 255
L 13, 636, 13, 0, 636, 13, 255, 255, 255
L 0, 636, 13, -2, 634, 13, 255, 255, 255
L -2, 634, 13, -2, 631, 13, 255, 255, 255
L -8, 631, 134, -8, 634, 13, 255, 255, 255
L -8, 634, 13, -10, 636, 13, 255, 255, 255
L -10, 636, 13, -24, 636, 13, 255, 255, 255
L -24, 636, 13, -28, 640, 13, 255, 255, 255
L -28, 640, 13, -28, 643, 13, 255, 255, 255
L -28, 643, 13, -23, 648, 13, 255, 255, 255
L -23, 648, 13, -23, 655, 13, 255, 255, 255
L -23, 655, 13, -28, 660, 13, 255, 255, 255
L -28, 660, 13, -28, 663, 13, 255, 255, 255
L -28, 663, 13, -24, 667, 13, 255, 255, 255
L -24, 667, 13, -20, 667, 13, 255, 255, 255
L -20, 667, 13, -8, 673, 13, 255, 255, 255
L -8, 673, 13, -8, 681, 13, 255, 255, 255
L -2, 627, 134, -2, 584, 8, 255, 255, 255
L -2, 584, 8, 7, 563, 3, 255, 255, 255
L 7, 563, 3, 7, 562, 3, 255, 255, 255
L 7, 562, 3, 10, 560, 3, 255, 255, 255
L 10, 560, 3, 10, 554, 3, 255, 255, 255
L 10, 554, 3, 12, 552, 3, 255, 255, 255
L 12, 552, 3, 13, 552, 4, 255, 255, 255
L 13, 552, 4, 16, 554, 8, 255, 255, 255
L 16, 554, 8, 16, 564, 13, 255, 255, 255
L 16, 564, 13, 14, 566, 13, 255, 255, 255
L 14, 566, 13, 11, 566, 13, 255, 255, 255
L 11, 566, 13, 2, 584, 15, 255, 255, 255
L 2, 584, 15, 2, 622, 16, 255, 255, 255
L 2, 622, 16, 2, 622, 13, 255, 255, 255
L 2, 622, 13, 11, 613, 13, 255, 255, 255
L 11, 613, 13, 11, 603, 13, 255, 255, 255
L 11, 603, 13, 13, 601, 13, 255, 255, 255
L 13, 601, 13, 14, 601, 13, 255, 255, 255
L 14, 601, 13, 16, 603, 13, 255, 255, 255
L 16, 603, 13, 16, 615, 18, 255, 255, 255
L 16, 615, 18, 6, 625, 23, 255, 255, 255
L 6, 625, 23, 6, 631, 23, 255, 255, 255
L 6, 631, 23, 12, 631, 23, 255, 255, 255
L 12, 631, 23, 12, 623, 22, 255, 255, 255
L 12, 623, 22, 22, 613, 17, 255, 255, 255
L 22, 613, 17, 22, 596, 13, 255, 255, 255
L 22, 596, 13, 16, 596, 13, 255, 255, 255
L 16, 596, 13, 11, 595, 13, 255, 255, 255
L 11, 595, 13, 11, 584, 13, 255, 255, 255
L 11, 584, 13, 13, 582, 13, 255, 255, 255
L 13, 582, 13, 67, 582, 13, 255, 255, 255
L 67, 582, 13, 67, 576, 13, 255, 255, 255
L 67, 576, 13, 26, 576, 13, 255, 255, 255
L 26, 576, 13, 21, 575, 13, 255, 255, 255
L 21, 575, 13, 22, 572, 13, 255, 255, 255
L 22, 572, 13, 22, 546, 6, 255, 255, 255
L 22, 546, 6, 12, 546, 3, 255, 255, 255
L 12, 546, 3, 10, 544, 3, 255, 255, 255
L 10, 544, 3, 10, 536, 8, 255, 255, 255
L 10, 536, 8, 3, 536, 3, 255, 255, 255
L 3, 536, 3, 2, 534, 3, 255, 255, 255
L 2, 534, 3, 2, 519, 3, 255, 255, 255
L 2, 519, 3, 4, 517, 3, 255, 255, 255
L 4, 517, 3, 23, 517, 3, 255, 255, 255
L 23, 517, 3, 26, 527, 3, 255, 255, 255
L -45, 522, 34, -34, 527, 9, 255, 255, 255
L -34, 527, 9, -34, 517, 3, 255, 255, 255
L -34, 517, 3, -15, 517, 3, 255, 255, 255
L -15, 517, 3, -13, 519, 3, 255, 255, 255
L -13, 519, 3, -13, 534, 3, 255, 255, 255
L -13, 534, 3, -14, 536, 3, 255, 255, 255
L -14, 536, 3, -21, 536, 12, 255, 255, 255
L -21, 536, 12, -21, 544, 3, 255, 255, 255
L -21, 544, 3, -23, 546, 3, 255, 255, 255
L -23, 546, 3, -33, 546, 6, 255, 255, 255
L -33, 546, 6, -33, 572, 13, 255, 255, 255
L -33, 572, 13, -37, 576, 13, 255, 255, 255
L -37, 576, 13, -71, 576, 13, 255, 255, 255
L -71, 576, 13, -71, 571, 13, 255, 255, 255
L -71, 571, 13, -67, 571, 13, 255, 255, 255
L -67, 571, 13, -67, 526, 8, 255, 255, 255
L -67, 526, 8, -113, 526, 8, 255, 255, 255
L -113, 526, 8, -113, 571, 8, 255, 255, 255
L -113, 571, 8, -79, 571, 13, 255, 255, 255
L -79, 571, 13, -78, 575, 13, 255, 255, 255
L -78, 575, 13, -78, 582, 13, 255, 255, 255
L -78, 582, 13, -77, 584, 13, 255, 255, 255
L -73, 584, 134, -71, 582, 13, 255, 255, 255
L -71, 582, 13, -24, 582, 13, 255, 255, 255
L -24, 582, 13, -22, 584, 13, 255, 255, 255
L -22, 584, 13, -22, 595, 13, 255, 255, 255
L -22, 595, 13, -27, 596, 13, 255, 255, 255
L -27, 596, 13, -33, 596, 13, 255, 255, 255
L -33, 596, 13, -33, 613, 17, 255, 255, 255
L -33, 613, 17, -24, 622, 22, 255, 255, 255
L -24, 622, 22, -23, 631, 23, 255, 255, 255
L -23, 631, 23, -17, 631, 23, 255, 255, 255
L -17, 631, 23, -17, 625, 23, 255, 255, 255
L -17, 625, 23, -26, 615, 19, 255, 255, 255
L -26, 615, 19, -27, 603, 13, 255, 255, 255
L -27, 603, 13, -22, 603, 13, 255, 255, 255
L -22, 603, 13, -22, 613, 13, 255, 255, 255
L -22, 613, 13, -13, 622, 13, 255, 255, 255
L -13, 622, 13, -13, 584, 13, 255, 255, 255
L -13, 584, 13, -22, 566, 13, 255, 255, 255
L -22, 566, 13, -25, 566, 13, 255, 255, 255
L -25, 566, 13, -27, 564, 13, 255, 255, 255
L -27, 564, 13, -27, 554, 8, 255, 255, 255
L -27, 554, 8, -25, 552, 4, 255, 255, 255
L -25, 552, 4, -21, 554, 3, 255, 255, 255
L -21, 554, 3, -21, 560, 3, 255, 255, 255
L -21, 560, 3, -18, 561, 3, 255, 255, 255
L -18, 561, 3, -18, 563, 3, 255, 255, 255
L -18, 563, 3, -8, 584, 8, 255, 255, 255
L -8, 584, 8, -8, 627, 13, 255, 255, 255
L -76, 544, 103, -76, 554, 16, 255, 255, 255
L -76, 554, 16, -85, 562, 16, 255, 255, 255
L -85, 562, 16, -94, 562, 10, 255, 255, 255
L -77, 589, 134, -78, 590, 13, 255, 255, 255
L -78, 590, 13, -78, 704, 13, 255, 255, 255
L -78, 704, 13, -88, 724, 13, 255, 255, 255
L -88, 724, 13, -88, 777, 13, 255, 255, 255
L -88, 777, 13, -87, 779, 13, 255, 255, 255
L -87, 783, 134, -88, 785, 13, 255, 255, 255
L -88, 785, 13, -88, 902, 13, 255, 255, 255
L -88, 902, 13, -81, 902, 13, 255, 255, 255
L -81, 902, 13, -79, 898, 13, 255, 255, 255
L -79, 898, 13, -79, 789, 13, 255, 255, 255
L -79, 789, 13, -81, 786, 13, 255, 255, 255
L -81, 786, 13, -83, 784, 13, 255, 255, 255
L -83, 779, 134, -82, 777, 13, 255, 255, 255
L -82, 777, 13, -82, 724, 13, 255, 255, 255
L -82, 724, 13, -72, 703, 13, 255, 255, 255
L -72, 703, 13, -72, 653, 13, 255, 255, 255
L -72, 653, 13, -63, 653, 13, 255, 255, 255
L -63, 653, 13, -63, 672, 15, 255, 255, 255
L -63, 672, 15, -42, 672, 13, 255, 255, 255
L -42, 672, 13, -42, 628, 13, 255, 255, 255
L -42, 628, 13, -52, 626, 13, 255, 255, 255
L -52, 626, 13, -53, 626, 13, 255, 255, 255
L -53, 626, 13, -63, 628, 13, 255, 255, 255
L -63, 628, 13, -63, 645, 13, 255, 255, 255
L -63, 645, 13, -65, 647, 13, 255, 255, 255
L -65, 647, 13, -70, 647, 13, 255, 255, 255
L -70, 647, 13, -72, 645, 13, 255, 255, 255
L -72, 645, 13, -72, 590, 13, 255, 255, 255
L -72, 590, 13, -73, 589, 13, 255, 255, 255
L 26, 527, 34, 39, 527, 3, 255, 255, 255
L 39, 527, 3, 69, 542, 3, 255, 255, 255
L 69, 542, 3, 79, 542, 3, 255, 255, 255
L 79, 542, 3, 118, 522, 3, 255, 255, 255
L 118, 522, 3, 127, 504, 3, 255, 255, 255
L 127, 504, 3, 147, 497, -1, 255, 255, 255
L 147, 497, -15, 129, 502, -1, 0, 153, 153
L 129, 502, -1, 49, 502, -1, 0, 153, 153
L 49, 502, -1, 19, 492, -1, 0, 153, 153
L 19, 492, -1, -21, 493, -1, 0, 153, 153
L -21, 493, -1, -50, 492, -1, 0, 153, 153
L -50, 492, -1, -80, 482, -1, 0, 153, 153
L -80, 482, -1, -109, 482, -1, 0, 153, 153
L -109, 482, -1, -124, 467, -1, 0, 153, 153
L -124, 467, -1, -133, 464, -1, 0, 153, 153
L -133, 464, -1, -133, 461, -1, 0, 153, 153
L -133, 461, -1, -80, 461, -1, 0, 153, 153
L -80, 461, -1, -51, 471, -1, 0, 153, 153
L -51, 471, -1, 19, 471, -1, 0, 153, 153
L 19, 471, -1, 48, 481, -1, 0, 153, 153
L 48, 481, -1, 129, 481, -1, 0, 153, 153
L 129, 481, -1, 147, 485, -1, 0, 153, 153
L 147, 485, -1, 149, 495, -1, 0, 153, 153
L -45, 522, 34, -50, 522, 3, 255, 255, 255
L -50, 522, 3, -69, 512, 3, 255, 255, 255
L -69, 512, 3, -79, 502, 3, 255, 255, 255
L -79, 502, 3, -89, 502, 3, 255, 255, 255
L -89, 502, 3, -98, 483, 3, 255, 255, 255
L -13, 504, 45, -13, 459, 4, 153, 0, 0
L 2, 504, 44, 2, 459, 4, 153, 0, 0
L 107, 479, 34, 88, 451, 3, 255, 255, 255
L 88, 451, 3, 79, 451, 3, 255, 255, 255
L 79, 451, 3, 68, 441, 3, 255, 255, 255
L 68, 441, 3, 48, 440, 3, 255, 255, 255
L 48, 440, 3, 28, 426, 3, 255, 255, 255
L 28, 426, 3, 18, 425, 3, 255, 255, 255
L 18, 425, 3, 13, 415, 3, 255, 255, 255
L 13, 415, 3, 2, 415, 2, 255, 255, 255
L 2, 415, 2, 2, 404, 2, 255, 255, 255
L 2, 404, 2, 4, 402, 3, 255, 255, 255
L 4, 402, 3, 13, 402, 3, 255, 255, 255
L 13, 402, 3, 18, 393, 3, 255, 255, 255
L 18, 393, 3, 30, 392, 3, 255, 255, 255
L 30, 392, 3, 35, 397, 3, 255, 255, 255
L -88, 459, 32, -79, 450, 3, 255, 255, 255
L -79, 450, 3, -49, 440, 3, 255, 255, 255
L -49, 440, 3, -42, 430, 3, 255, 255, 255
L -42, 430, 3, -35, 435, 3, 255, 255, 255
L -35, 435, 3, -18, 426, 3, 255, 255, 255
L -18, 426, 3, -19, 419, 3, 255, 255, 255
L -19, 419, 3, -23, 415, 3, 255, 255, 255
L -23, 415, 3, -15, 415, 3, 255, 255, 255
L -15, 415, 3, -13, 414, 2, 255, 255, 255
L -13, 414, 2, -13, 404, 2, 255, 255, 255
L -13, 404, 2, -15, 402, 3, 255, 255, 255
L -15, 402, 3, -24, 402, 3, 255, 255, 255
L -24, 402, 3, -29, 392, 3, 255, 255, 255
L -29, 392, 3, -41, 392, 3, 255, 255, 255
L -41, 392, 3, -46, 397, 3, 255, 255, 255
L 35, 397, 34, 43, 397, 3, 255, 255, 255
L 43, 397, 3, 49, 392, 3, 255, 255, 255
L 49, 392, 3, 60, 402, 3, 255, 255, 255
L 60, 402, 3, 84, 402, 3, 255, 255, 255
L 84, 402, 3, 98, 397, 3, 255, 255, 255
L 98, 397, 3, 110, 398, 3, 255, 255, 255
L 110, 398, 3, 115, 397, 3, 255, 255, 255
L 115, 397, 3, 126, 397, 3, 255, 255, 255
L 126, 402, 34, 117, 402, 3, 255, 255, 255
L 117, 402, 3, 117, 409, 3, 255, 255, 255
L 117, 409, 3, 115, 411, 3, 255, 255, 255
L 115, 411, 3, 111, 411, 3, 255, 255, 255
L 111, 411, 3, 111, 437, 3, 255, 255, 255
L 111, 437, 3, 147, 437, 3, 255, 255, 255
L 147, 437, 3, 147, 411, 3, 255, 255, 255
L 147, 411, 3, 143, 411, 3, 255, 255, 255
L 143, 411, 3, 141, 409, 3, 255, 255, 255
L 141, 409, 3, 141, 402, 3, 255, 255, 255
L 141, 402, 3, 133, 402, 3, 255, 255, 255
L 132, 397, 34, 137, 397, 3, 255, 255, 255
L 137, 397, 3, 143, 397, 3, 255, 255, 255
L 143, 397, 3, 146, 400, 3, 255, 255, 255
L 146, 400, 3, 146, 405, 3, 255, 255, 255
L 146, 405, 3, 147, 405, 4, 255, 255, 255
L 147, 405, 4, 158, 397, 3, 255, 255, 255
L 158, 397, 3, 173, 397, 3, 255, 255, 255
L 173, 397, 3, 178, 387, 3, 255, 255, 255
L 178, 387, 3, 188, 387, 3, 255, 255, 255
L 188, 387, 3, 198, 382, 3, 255, 255, 255
L 198, 382, 3, 208, 382, 3, 255, 255, 255
L 208, 382, 3, 212, 378, 3, 255, 255, 255
L 212, 378, 3, 214, 375, 3, 255, 255, 255
L 214, 375, 3, 212, 372, 3, 255, 255, 255
L 212, 372, 3, 213, 368, 3, 255, 255, 255
L 213, 368, 3, 216, 365, 3, 255, 255, 255
L 216, 365, 3, 219, 363, 3, 255, 255, 255
L 219, 363, 3, 225, 361, 3, 255, 255, 255
L 225, 361, 3, 230, 365, 3, 255, 255, 255
L 230, 365, 3, 237, 362, 3, 255, 255, 255
L 237, 362, 3, 242, 353, 3, 255, 255, 255
L 242, 353, 3, 253, 347, 3, 255, 255, 255
L 253, 347, 3, 257, 343, 3, 255, 255, 255
L 257, 343, 3, 257, 340, 3, 255, 255, 255
L 257, 340, 3, 247, 329, 3, 255, 255, 255
L 247, 329, 3, 252, 314, 3, 255, 255, 255
L 252, 314, 3, 252, 308, 3, 255, 255, 255
L 252, 308, 3, 257, 298, 3, 255, 255, 255
L 257, 298, 3, 257, 295, 3, 255, 255, 255
L 257, 295, 3, 252, 288, 3, 255, 255, 255
L 252, 288, 3, 262, 268, 3, 255, 255, 255
L 262, 268, 3, 262, 249, 3, 255, 255, 255
L 262, 249, 3, 272, 238, 3, 255, 255, 255
L 272, 238, 3, 277, 219, 3, 255, 255, 255
L 277, 219, 3, 274, 216, 3, 255, 255, 255
L 274, 216, 34, 267, 214, 3, 153, 0, 0
L 267, 214, 3, 268, 205, 7, 153, 0, 0
L 268, 205, 7, 263, 205, 3, 153, 0, 0
L 272, 214, 84, 272, 203, 7, 153, 0, 0
L 272, 203, 7, 277, 203, 8, 153, 0, 0
L 277, 203, 8, 277, 211, 10, 153, 0, 0
L 277, 211, 10, 312, 212, 11, 153, 0, 0
L 312, 212, 11, 312, 176, 8, 153, 0, 0
L 312, 176, 8, 277, 176, 8, 153, 0, 0
L 277, 176, 8, 277, 194, 8, 153, 0, 0
L 272, 195, 74, 272, 174, 8, 153, 0, 0
L 274, 172, 34, 269, 172, 3, 153, 0, 0
L 269, 172, 3, 267, 192, 3, 153, 0, 0
L 267, 192, 3, 264, 192, 3, 153, 0, 0
L 274, 172, 34, 282, 168, 3, 255, 255, 255
L 282, 168, 3, 282, 165, 3, 255, 255, 255
L 282, 165, 3, 272, 154, 3, 255, 255, 255
L 272, 154, 3, 287, 123, 3, 255, 255, 255
L 287, 123, 3, 287, 120, 3, 255, 255, 255
L 287, 120, 3, 282, 114, 3, 255, 255, 255
L 282, 114, 3, 293, 102, 3, 255, 255, 255
L 293, 102, 3, 293, 96, 3, 255, 255, 255
L 293, 96, 3, 288, 96, 3, 255, 255, 255
L 288, 96, 3, 287, 94, 3, 255, 255, 255
L 287, 94, 3, 287, 88, 3, 255, 255, 255
L 292, 86, 34, 296, 87, 3, 255, 255, 255
L 296, 87, 3, 322, 87, 3, 255, 255, 255
L 322, 87, 3, 322, 51, 3, 255, 255, 255
L 322, 51, 3, 296, 51, 3, 255, 255, 255
L 296, 51, 3, 296, 80, 3, 255, 255, 255
L 296, 80, 3, 294, 82, 3, 255, 255, 255
L 294, 82, 3, 292, 82, 3, 255, 255, 255
L 287, 80, 34, 287, 59, 3, 255, 255, 255
L 287, 59, 3, 287, 49, 3, 255, 255, 255
L 287, 49, 3, 282, 34, 3, 255, 255, 255
L 282, 34, 3, 287, 28, 3, 255, 255, 255
L 287, 28, 3, 287, 25, 3, 255, 255, 255
L 287, 25, 3, 282, 19, 4, 255, 255, 255
L 282, 19, 4, 282, 15, 3, 255, 255, 255
L 282, 15, 3, 278, 11, 3, 255, 255, 255
L 278, 11, 3, 270, 11, 3, 255, 255, 255
L 270, 11, 3, 265, 16, 3, 255, 255, 255
L 265, 16, 3, 243, 6, 3, 255, 255, 255
L 243, 6, 3, 234, 6, 3, 255, 255, 255
L 234, 6, 3, 212, 10, 3, 255, 255, 255
L 212, 10, 3, 212, 3, 3, 255, 255, 255
L 212, 3, 3, 252, -16, 3, 255, 255, 255
L 252, -16, 3, 256, -23, 3, 255, 255, 255
L 256, -23, 3, 248, -24, 3, 255, 255, 255
L 248, -24, 3, 248, -36, 2, 255, 255, 255
L 248, -36, 2, 257, -37, 3, 255, 255, 255
L 257, -37, 3, 257, -56, 3, 255, 255, 255
L 257, -56, 3, 263, -57, 3, 255, 255, 255
L 263, -57, 3, 284, -67, 3, 255, 255, 255
L 284, -67, 3, 285, -67, 3, 255, 255, 255
L 285, -67, 3, 294, -62, 9, 255, 255, 255
L 294, -62, 9, 298, -62, 13, 255, 255, 255
L 298, -62, 13, 305, -67, 3, 255, 255, 255
L 305, -67, 3, 320, -61, 3, 255, 255, 255
L 320, -61, 3, 321, 3, 3, 255, 255, 255
L 321, 3, 3, 350, 28, 3, 255, 255, 255
L 350, 28, 3, 351, 33, 3, 255, 255, 255
L 351, 40, 34, 351, 57, 4, 153, 153, 153
L 351, 57, 4, 362, 57, 3, 153, 153, 153
L 362, 57, 3, 362, 41, 3, 153, 153, 153
L 362, 41, 3, 357, 40, 3, 153, 153, 153
L 357, 33, 34, 357, 29, 3, 255, 255, 255
L 357, 29, 3, 360, 27, 3, 255, 255, 255
L 360, 27, 3, 369, 32, 3, 255, 255, 255
L 369, 32, 3, 390, 33, 3, 255, 255, 255
L 390, 33, 3, 391, 39, 3, 255, 255, 255
L 391, 39, 3, 373, 57, 3, 255, 255, 255
L 373, 57, 3, 389, 57, 3, 255, 255, 255
L 389, 57, 3, 391, 58, 3, 255, 255, 255
L 391, 58, 3, 391, 65, 3, 255, 255, 255
L 391, 65, 3, 389, 66, 3, 255, 255, 255
L 389, 66, 3, 376, 66, 3, 255, 255, 255
L 376, 66, 3, 376, 102, 3, 255, 255, 255
L 376, 102, 3, 402, 102, 3, 255, 255, 255
L 402, 102, 3, 402, 66, 3, 255, 255, 255
L 402, 66, 3, 397, 65, 3, 255, 255, 255
L 397, 65, 3, 397, 58, 3, 255, 255, 255
L 397, 58, 3, 399, 57, 3, 255, 255, 255
L 399, 57, 3, 409, 57, 3, 255, 255, 255
L 409, 57, 3, 411, 59, 3, 255, 255, 255
L 411, 59, 3, 411, 108, 3, 255, 255, 255
L 411, 108, 3, 416, 113, 3, 255, 255, 255
L 416, 120, 34, 411, 121, 3, 153, 153, 153
L 411, 121, 3, 411, 137, 3, 153, 153, 153
L 411, 137, 3, 422, 137, 3, 153, 153, 153
L 422, 137, 3, 422, 120, 3, 153, 153, 153
L 422, 113, 34, 422, 108, 3, 255, 255, 255
L 422, 108, 3, 430, 102, 3, 255, 255, 255
L 430, 102, 3, 431, 108, 3, 255, 255, 255
L 437, 108, 34, 438, 102, 3, 255, 255, 255
L 438, 102, 3, 450, 103, 3, 255, 255, 255
L 450, 103, 3, 451, 113, 3, 255, 255, 255
L 457, 113, 34, 457, 108, 3, 255, 255, 255
L 457, 108, 3, 465, 108, 3, 255, 255, 255
L 465, 108, 3, 466, 113, 3, 255, 255, 255
L 472, 113, 34, 472, 108, 3, 255, 255, 255
L 472, 108, 3, 480, 108, 3, 255, 255, 255
L 480, 108, 3, 481, 113, 3, 255, 255, 255
L 487, 113, 34, 488, 107, 3, 255, 255, 255
L 488, 107, 3, 495, 112, 3, 255, 255, 255
L 495, 112, 3, 498, 112, 3, 255, 255, 255
L 498, 112, 3, 504, 107, 3, 255, 255, 255
L 504, 107, 3, 513, 107, 3, 255, 255, 255
L 513, 101, 34, 507, 99, 3, 255, 255, 255
L 507, 99, 3, 518, 87, 3, 255, 255, 255
L 518, 87, 3, 523, 87, 3, 255, 255, 255
L 523, 81, 34, 518, 81, 3, 255, 255, 255
L 518, 81, 3, 507, 75, 3, 255, 255, 255
L 507, 75, 3, 502, 63, 3, 255, 255, 255
L 502, 63, 3, 508, 62, 3, 255, 255, 255
L 508, 56, 34, 512, 39, 3, 255, 255, 255
L 512, 39, 3, 513, 37, 3, 255, 255, 255
L 513, 37, 3, 522, 28, 3, 255, 255, 255
L 522, 28, 3, 533, 27, 3, 255, 255, 255
L 533, 21, 34, 528, 20, 3, 255, 255, 255
L 528, 20, 3, 527, 10, 3, 255, 255, 255
L 527, 10, 3, 522, 4, 3, 255, 255, 255
L 522, 4, 3, 528, 2, 3, 255, 255, 255
L 528, -3, 34, 522, -4, 3, 255, 255, 255
L 522, -4, 3, 517, -15, 3, 255, 255, 255
L 517, -15, 3, 517, -18, 3, 255, 255, 255
L 517, -18, 3, 518, -32, 8, 255, 255, 255
L 518, -32, 8, 524, -32, 3, 255, 255, 255
L 524, -32, 3, 528, -32, 3, 255, 255, 255
L 528, -32, 3, 534, -37, 3, 255, 255, 255
L 534, -37, 3, 550, -31, 0, 255, 255, 255
L 550, -31, 0, 555, -21, -1, 255, 255, 255
L 555, -21, -1, 556, -16, -1, 255, 255, 255
L 556, -16, -1, 564, -12, -1, 255, 255, 255
L 564, -12, -1, 573, -12, -1, 255, 255, 255
L 573, -12, -1, 582, -16, -1, 255, 255, 255
L 582, -16, -1, 587, -30, -1, 255, 255, 255
L 587, -30, -1, 592, -40, -1, 255, 255, 255
L 592, -40, -1, 592, -54, -1, 255, 255, 255
L 592, -54, -1, 587, -59, -1, 255, 255, 255
L 587, -59, -1, 582, -69, -1, 255, 255, 255
L 582, -69, -1, 574, -73, -1, 255, 255, 255
L 574, -73, -1, 560, -68, -1, 255, 255, 255
L 560, -68, -1, 555, -59, -1, 255, 255, 255
L 555, -59, -1, 534, -53, 3, 255, 255, 255
L 534, -53, 3, 524, -50, 3, 255, 255, 255
L 524, -50, 3, 513, -48, 3, 255, 255, 255
L 513, -48, 3, 507, -60, 3, 255, 255, 255
L 507, -60, 3, 507, -64, 3, 255, 255, 255
L 501, -64, 34, 499, -58, 3, 255, 255, 255
L 499, -58, 3, 487, -59, 3, 255, 255, 255
L 487, -59, 3, 487, -64, 3, 255, 255, 255
L 481, -64, 34, 480, -59, 3, 255, 255, 255
L 480, -59, 3, 469, -53, 3, 255, 255, 255
L 469, -53, 3, 457, -54, 3, 255, 255, 255
L 457, -54, 3, 457, -59, 3, 255, 255, 255
L 451, -59, 34, 450, -54, 3, 255, 255, 255
L 450, -54, 3, 437, -54, 3, 255, 255, 255
L 437, -54, 3, 437, -59, 3, 255, 255, 255
L 431, -59, 34, 430, -53, 3, 255, 255, 255
L 430, -53, 3, 415, -34, 4, 255, 255, 255
L 415, -34, 4, 411, -33, 3, 255, 255, 255
L 411, -33, 3, 410, 0, 2, 255, 255, 255
L 410, 0, 2, 402, 0, 3, 255, 255, 255
L 402, 0, 3, 402, -83, 3, 255, 255, 255
L 402, -83, 3, 398, -83, 3, 255, 255, 255
L 398, -83, 3, 398, -97, -1, 255, 255, 255
L 398, -97, -1, 457, -97, 3, 255, 255, 255
L 457, -97, 3, 457, -123, 2, 255, 255, 255
L 457, -123, 2, 381, -123, -1, 255, 255, 255
L 381, -123, -1, 381, -85, 3, 255, 255, 255
L 381, -85, 3, 376, -83, 3, 255, 255, 255
L 376, -83, 3, 376, -6, 5, 255, 255, 255
L 376, -6, 5, 394, -7, 3, 255, 255, 255
L 394, -7, 3, 396, -5, 3, 255, 255, 255
L 396, -5, 3, 396, 0, 3, 255, 255, 255
L 396, 0, 3, 394, 1, 3, 255, 255, 255
L 394, 1, 3, 369, 1, 3, 255, 255, 255
L 369, 1, 3, 348, 0, 3, 255, 255, 255
L 348, 0, 3, 347, -1, 3, 255, 255, 255
L 347, -1, 3, 352, -10, 7, 255, 255, 255
L 352, -10, 7, 352, -60, 3, 255, 255, 255
L 352, -60, 3, 347, -69, 3, 255, 255, 255
L 347, -69, 3, 343, -73, 3, 255, 255, 255
L 343, -73, 3, 333, -79, 3, 255, 255, 255
L 333, -79, 3, 332, -84, 3, 255, 255, 255
L 431, 115, 34, 431, 132, 3, 153, 153, 153
L 431, 132, 3, 442, 132, 3, 153, 153, 153
L 442, 132, 3, 442, 116, 3, 153, 153, 153
L 442, 116, 3, 438, 116, 3, 153, 153, 153
L 438, 116, 3, 437, 115, 3, 153, 153, 153
L 451, 120, 34, 451, 134, 3, 153, 153, 153
L 451, 134, 3, 449, 136, 3, 153, 153, 153
L 449, 136, 3, 446, 136, 3, 153, 153, 153
L 446, 136, 3, 446, 147, 3, 153, 153, 153
L 446, 147, 3, 457, 147, 3, 153, 153, 153
L 457, 147, 3, 457, 120, 3, 153, 153, 153
L 466, 120, 34, 466, 147, 3, 153, 153, 153
L 466, 147, 3, 472, 147, 4, 153, 153, 153
L 472, 147, 4, 472, 120, 3, 153, 153, 153
L 481, 120, 34, 481, 137, 3, 153, 153, 153
L 481, 137, 3, 497, 137, 3, 153, 153, 153
L 497, 137, 3, 497, 121, 3, 153, 153, 153
L 497, 121, 3, 489, 121, 3, 153, 153, 153
L 489, 121, 3, 487, 120, 3, 153, 153, 153
L 520, 107, 34, 521, 109, 3, 153, 153, 153
L 521, 109, 3, 521, 117, 3, 153, 153, 153
L 521, 117, 3, 537, 117, 3, 153, 153, 153
L 537, 117, 3, 537, 101, 3, 153, 153, 153
L 537, 101, 3, 519, 101, 3, 153, 153, 153
L 529, 87, 34, 547, 87, 4, 153, 153, 153
L 547, 87, 4, 547, 76, 3, 153, 153, 153
L 547, 76, 3, 531, 76, 3, 153, 153, 153
L 531, 76, 3, 531, 79, 3, 153, 153, 153
L 531, 79, 3, 530, 81, 3, 153, 153, 153
L 540, 27, 34, 541, 32, 3, 153, 153, 153
L 541, 32, 3, 557, 32, 4, 153, 153, 153
L 557, 32, 4, 557, 16, 3, 153, 153, 153
L 557, 16, 3, 541, 16, 3, 153, 153, 153
L 541, 16, 3, 541, 19, 3, 153, 153, 153
L 541, 19, 3, 540, 21, 3, 153, 153, 153
L 535, 2, 34, 536, 7, 3, 153, 153, 153
L 536, 7, 3, 552, 7, 3, 153, 153, 153
L 552, 7, 3, 552, -8, 3, 153, 153, 153
L 552, -8, 3, 536, -8, 3, 153, 153, 153
L 536, -8, 3, 535, -3, 3, 153, 153, 153
L 507, -71, 34, 512, -72, 3, 153, 153, 153
L 512, -72, 3, 512, -88, 3, 153, 153, 153
L 512, -88, 3, 496, -88, 3, 153, 153, 153
L 496, -88, 3, 496, -72, 3, 153, 153, 153
L 496, -72, 3, 499, -72, 3, 153, 153, 153
L 499, -72, 3, 501, -71, 3, 153, 153, 153
L 487, -71, 34, 487, -88, 3, 153, 153, 153
L 487, -88, 3, 471, -88, 3, 153, 153, 153
L 471, -88, 3, 471, -72, 3, 153, 153, 153
L 471, -72, 3, 479, -72, 3, 153, 153, 153
L 479, -72, 3, 481, -71, 3, 153, 153, 153
L 457, -66, 34, 462, -67, 3, 153, 153, 153
L 462, -67, 3, 462, -83, 3, 153, 153, 153
L 462, -83, 3, 446, -83, 3, 153, 153, 153
L 446, -83, 3, 446, -67, 3, 153, 153, 153
L 446, -67, 3, 449, -67, 3, 153, 153, 153
L 449, -67, 3, 451, -66, 3, 153, 153, 153
L 437, -66, 34, 437, -83, 4, 153, 153, 153
L 437, -83, 4, 421, -83, 3, 153, 153, 153
L 421, -83, 3, 421, -67, 3, 153, 153, 153
L 421, -67, 3, 431, -66, 3, 153, 153, 153
L 332, -84, 34, 328, -88, 3, 255, 255, 255
L 328, -88, 3, 323, -88, 3, 255, 255, 255
L 323, -88, 3, 318, -93, 3, 255, 255, 255
L 318, -93, 3, 303, -88, 3, 255, 255, 255
L 303, -88, 3, 298, -93, 3, 255, 255, 255
L 298, -93, 3, 294, -93, 3, 255, 255, 255
L 294, -93, 3, 284, -88, 3, 255, 255, 255
L 284, -88, 3, 267, -82, 3, 255, 255, 255
L 267, -82, 3, 264, -78, 3, 255, 255, 255
L 264, -78, 3, 253, -83, 3, 255, 255, 255
L 253, -83, 3, 250, -83, 3, 255, 255, 255
L 250, -83, 3, 230, -69, 3, 255, 255, 255
L 230, -69, 3, 226, -64, 3, 255, 255, 255
L 226, -64, 3, 226, -61, 3, 255, 255, 255
L 226, -61, 3, 231, -56, 3, 255, 255, 255
L 231, -56, 3, 222, -37, 3, 255, 255, 255
L 222, -37, 3, 229, -37, 3, 255, 255, 255
L 229, -37, 3, 231, -35, 2, 255, 255, 255
L 231, -35, 2, 231, -24, 2, 255, 255, 255
L 231, -24, 2, 229, -23, 2, 255, 255, 255
L 229, -23, 2, 221, -23, 3, 255, 255, 255
L 221, -23, 3, 221, -20, 3, 255, 255, 255
L 221, -20, 3, 215, -13, 3, 255, 255, 255
L 215, -13, 3, 208, -14, 3, 255, 255, 255
L 208, -14, 3, 207, -23, 3, 255, 255, 255
L 207, -23, 3, 199, -23, 3, 255, 255, 255
L 199, -23, 3, 197, -25, 2, 255, 255, 255
L 197, -25, 2, 197, -35, 2, 255, 255, 255
L 197, -35, 2, 199, -37, 3, 255, 255, 255
L 199, -37, 3, 207, -36, 3, 255, 255, 255
L 207, -36, 3, 207, -45, 3, 255, 255, 255
L 207, -45, 3, 202, -55, 3, 255, 255, 255
L 202, -55, 3, 212, -75, 3, 255, 255, 255
L 212, -75, 3, 212, -89, 3, 255, 255, 255
L 212, -89, 3, 207, -100, 3, 255, 255, 255
L 207, -100, 3, 212, -110, 7, 255, 255, 255
L 212, -110, 7, 212, -114, 8, 255, 255, 255
L 194, -112, 109, 188, -106, 3, 255, 255, 255
L 188, -106, 3, 181, -99, 3, 255, 255, 255
L 181, -99, 3, 181, -55, 3, 255, 255, 255
L 181, -55, 3, 172, -37, 3, 255, 255, 255
L 172, -37, 3, 179, -37, 3, 255, 255, 255
L 179, -37, 3, 181, -35, 2, 255, 255, 255
L 181, -35, 2, 181, -25, 2, 255, 255, 255
L 181, -25, 2, 179, -23, 3, 255, 255, 255
L 179, -23, 3, 170, -23, 3, 255, 255, 255
L 170, -23, 3, 164, -18, 3, 255, 255, 255
L 164, -18, 3, 146, -27, 3, 255, 255, 255
L 146, -27, 3, 146, -21, 3, 255, 255, 255
L 146, -21, 3, 143, -18, 3, 255, 255, 255
L 143, -18, 3, 122, -18, 3, 255, 255, 255
L 122, -18, 3, 121, -20, 3, 255, 255, 255
L 121, -25, 34, 123, -27, 3, 255, 255, 255
L 123, -27, 3, 137, -27, 3, 255, 255, 255
L 137, -27, 3, 137, -35, 3, 255, 255, 255
L 137, -35, 3, 139, -37, 3, 255, 255, 255
L 139, -37, 3, 142, -37, 6, 255, 255, 255
L 142, -37, 6, 142, -53, 5, 255, 255, 255
L 142, -53, 5, 117, -53, 6, 255, 255, 255
L 117, -53, 6, 106, -53, 3, 255, 255, 255
L 106, -53, 3, 106, -41, 5, 255, 255, 255
L 106, -41, 5, 108, -37, 5, 255, 255, 255
L 108, -37, 5, 109, -37, 5, 255, 255, 255
L 109, -37, 5, 111, -35, 3, 255, 255, 255
L 111, -35, 3, 111, -27, 3, 255, 255, 255
L 111, -27, 3, 115, -27, 3, 255, 255, 255
L 115, -27, 3, 117, -25, 3, 255, 255, 255
L 117, -20, 34, 116, -18, 3, 255, 255, 255
L 116, -18, 3, 105, -18, 3, 255, 255, 255
L 105, -18, 3, 102, -21, 3, 255, 255, 255
L 102, -21, 3, 102, -29, 3, 255, 255, 255
L 102, -29, 3, 98, -33, 3, 255, 255, 255
L 98, -33, 3, 94, -33, 3, 255, 255, 255
L 94, -33, 3, 85, -28, 3, 255, 255, 255
L 85, -28, 3, 44, -28, 3, 255, 255, 255
L 44, -28, 3, 36, -32, 3, 255, 255, 255
L 36, -32, 3, 36, -25, 3, 255, 255, 255
L 36, -25, 3, 34, -23, 2, 255, 255, 255
L 34, -23, 2, 24, -23, 2, 255, 255, 255
L 24, -23, 2, 22, -25, 3, 255, 255, 255
L 22, -25, 3, 22, -34, 3, 255, 255, 255
L 22, -34, 3, 13, -43, 3, 255, 255, 255
L 13, -43, 3, 4, -43, 3, 255, 255, 255
L 4, -43, 3, 2, -45, 2, 255, 255, 255
L 2, -45, 2, 2, -55, 2, 255, 255, 255
L 2, -55, 2, 4, -57, 3, 255, 255, 255
L 4, -57, 3, 11, -57, 3, 255, 255, 255
L 11, -57, 3, 7, -65, 3, 255, 255, 255
L 7, -65, 3, 12, -74, 3, 255, 255, 255
L 12, -74, 3, 4, -74, 3, 255, 255, 255
L 4, -74, 3, 2, -76, 2, 255, 255, 255
L 2, -76, 2, 2, -86, 2, 255, 255, 255
L 2, -86, 2, 4, -88, 3, 255, 255, 255
L 4, -88, 3, 12, -87, 3, 255, 255, 255
L 12, -87, 3, 12, -101, 3, 255, 255, 255
L 12, -101, 3, 14, -104, 3, 255, 255, 255
L 14, -104, 3, 17, -110, 3, 255, 255, 255
L 17, -110, 3, 17, -114, 3, 255, 255, 255
L 17, -114, 3, 16, -116, 3, 255, 255, 255
L 16, -116, 3, 12, -119, 3, 255, 255, 255
L 12, -119, 3, 12, -145, 3, 255, 255, 255
L 12, -145, 3, 7, -160, 3, 255, 255, 255
L 7, -160, 3, 12, -166, 3, 255, 255, 255
L 12, -166, 3, 12, -175, 3, 255, 255, 255
L 12, -175, 3, 8, -193, 3, 255, 255, 255
L 8, -193, 3, 4, -193, 3, 255, 255, 255
L 4, -193, 3, 2, -195, 2, 255, 255, 255
L 2, -195, 2, 2, -233, 2, 255, 255, 255
L 2, -233, 2, -25, -233, 2, 255, 255, 255
L -25, -233, 2, -27, -235, 2, 255, 255, 255
L -27, -235, 2, -27, -245, 2, 255, 255, 255
L -43, -217, 24, -43, -236, 2, 255, 255, 255
L -43, -217, 24, -14, -216, 2, 255, 255, 255
L -14, -216, 2, -13, -195, 2, 255, 255, 255
L -13, -195, 2, -15, -193, 3, 255, 255, 255
L -15, -193, 3, -19, -193, 3, 255, 255, 255
L -19, -193, 3, -23, -175, 3, 255, 255, 255
L -23, -175, 3, -23, -159, 3, 255, 255, 255
L -23, -159, 3, -28, -154, 3, 255, 255, 255
L -28, -154, 3, -28, -151, 3, 255, 255, 255
L -28, -151, 3, -23, -146, 3, 255, 255, 255
L -23, -146, 3, -23, -117, 3, 255, 255, 255
L -23, -117, 3, -15, -117, 3, 255, 255, 255
L -15, -117, 3, -13, -116, 2, 255, 255, 255
L -13, -116, 2, -13, -106, 2, 255, 255, 255
L -13, -106, 2, -15, -104, 3, 255, 255, 255
L -15, -104, 3, -23, -104, 3, 255, 255, 255
L -23, -104, 3, -23, -88, 3, 255, 255, 255
L -23, -88, 3, -15, -88, 3, 255, 255, 255
L -15, -88, 3, -13, -86, 2, 255, 255, 255
L -13, -86, 2, -13, -76, 2, 255, 255, 255
L -13, -76, 2, -15, -74, 3, 255, 255, 255
L -15, -74, 3, -23, -74, 3, 255, 255, 255
L -23, -74, 3, -23, -71, 3, 255, 255, 255
L -23, -71, 3, -18, -65, 3, 255, 255, 255
L -18, -65, 3, -22, -57, 3, 255, 255, 255
L -22, -57, 3, -15, -57, 3, 255, 255, 255
L -15, -57, 3, -13, -55, 2, 255, 255, 255
L -13, -55, 2, -13, -45, 2, 255, 255, 255
L -13, -45, 2, -15, -43, 3, 255, 255, 255
L -15, -43, 3, -24, -43, 3, 255, 255, 255
L -24, -43, 3, -33, -34, 3, 255, 255, 255
L -33, -34, 3, -33, -25, 3, 255, 255, 255
L -33, -25, 3, -35, -23, 2, 255, 255, 255
L -35, -23, 2, -45, -23, 2, 255, 255, 255
L -45, -23, 2, -47, -25, 3, 255, 255, 255
L -47, -25, 3, -46, -32, 3, 255, 255, 255
L -46, -32, 3, -55, -28, 3, 255, 255, 255
L -55, -28, 3, -65, -33, 3, 255, 255, 255
L -65, -33, 3, -75, -33, 3, 255, 255, 255
L -75, -33, 3, -114, -18, 3, 255, 255, 255
L -114, -18, 3, -124, -18, 3, 255, 255, 255
L -124, -18, 3, -134, -13, 3, 255, 255, 255
L -134, -13, 3, -148, -13, 3, 255, 255, 255
L -148, -13, 3, -153, -15, 3, 255, 255, 255
L -153, -15, 3, -152, -21, 3, 255, 255, 255
L -152, -21, 3, -142, -22, 3, 255, 255, 255
L -142, -22, 3, -142, -48, 5, 255, 255, 255
L -142, -48, 5, -160, -48, 3, 255, 255, 255
L -160, -48, 3, -162, -50, 4, 255, 255, 255
L -162, -50, 4, -162, -60, 9, 255, 255, 255
L -162, -60, 9, -160, -62, 13, 255, 255, 255
L -160, -62, 13, -150, -62, 18, 255, 255, 255
L -150, -62, 18, -148, -60, 18, 255, 255, 255
L -148, -60, 18, -148, -50, 18, 255, 255, 255
L -148, -50, 18, -168, -48, 18, 255, 255, 255
L -168, -48, 18, -168, -22, 18, 255, 255, 255
L -168, -22, 18, -142, -22, 20, 255, 255, 255
L -142, -22, 20, -142, -68, 18, 255, 255, 255
L -142, -68, 18, -168, -68, 11, 255, 255, 255
L -168, -68, 11, -168, -49, 3, 255, 255, 255
L -168, -49, 3, -168, -32, 5, 255, 255, 255
L -168, -32, 5, -167, -22, 3, 255, 255, 255
L -167, -22, 3, -159, -22, 3, 255, 255, 255
L -159, -22, 3, -157, -20, 3, 255, 255, 255
L -157, -20, 3, -157, -16, 3, 255, 255, 255
L -157, -16, 3, -162, -13, 3, 255, 255, 255
L -162, -13, 3, -168, -13, 3, 255, 255, 255
L -168, -13, 3, -173, -9, 3, 255, 255, 255
L -173, -9, 3, -184, -3, 3, 255, 255, 255
L -184, -3, 3, -188, 0, 3, 255, 255, 255
L -188, 0, 3, -194, 11, 3, 255, 255, 255
L -194, 11, 3, -210, 6, 3, 255, 255, 255
L -210, 6, 3, -214, 6, 3, 255, 255, 255
L -214, 6, 3, -224, 11, 3, 255, 255, 255
L -224, 11, 3, -229, 16, 3, 255, 255, 255
L -229, 16, 3, -240, 11, 12, 255, 255, 255
L -240, 11, 12, -253, 25, 13, 255, 255, 255
L -253, 25, 13, -253, 28, 11, 255, 255, 255
L -253, 28, 11, -248, 36, 3, 255, 255, 255
L -248, 36, 3, -253, 54, 3, 255, 255, 255
L -253, 54, 3, -257, 62, 3, 255, 255, 255
L -257, 62, 3, -250, 62, 3, 255, 255, 255
L -250, 62, 3, -248, 64, 2, 255, 255, 255
L -248, 64, 2, -248, 74, 2, 255, 255, 255
L -248, 74, 2, -250, 76, 3, 255, 255, 255
L -250, 76, 3, -256, 75, 3, 255, 255, 255
L -256, 75, 3, -253, 79, 3, 255, 255, 255
L -253, 79, 3, -266, 93, 3, 255, 255, 255
L -266, 93, 3, -266, 105, 3, 255, 255, 255
L -266, 105, 3, -271, 107, 3, 255, 255, 255
L -271, 107, 3, -272, 105, 3, 255, 255, 255
L -272, 105, 3, -272, 96, 3, 255, 255, 255
L -272, 96, 3, -298, 96, 3, 255, 255, 255
L -298, 96, 3, -298, 115, 3, 255, 255, 255
L -298, 115, 3, -300, 117, 3, 255, 255, 255
L -300, 117, 3, -310, 117, -1, 255, 255, 255
L -310, 117, -1, -312, 115, -1, 255, 255, 255
L -312, 115, -1, -312, 106, 0, 255, 255, 255
L -312, 106, 0, -328, 106, 0, 255, 255, 255
L -328, 106, 0, -325, 122, -1, 255, 255, 255
L -325, 122, -1, -315, 122, -1, 255, 255, 255
L -315, 122, -1, -310, 121, -1, 255, 255, 255
L -310, 121, -1, -300, 121, 3, 255, 255, 255
L -300, 121, 3, -298, 122, 3, 255, 255, 255
L -298, 122, 3, -272, 122, 3, 255, 255, 255
L -272, 122, 3, -271, 111, 3, 255, 255, 255
L -271, 111, 3, -266, 113, 3, 255, 255, 255
L -266, 113, 3, -266, 124, 3, 255, 255, 255
L -266, 124, 3, -268, 126, 3, 255, 255, 255
L -268, 126, 3, -268, 129, 3, 255, 255, 255
L -268, 129, 3, -269, 131, 3, 255, 255, 255
L -269, 131, 3, -282, 140, 3, 255, 255, 255
L -282, 140, 3, -285, 143, 19, 255, 255, 255
L -285, 143, 19, -284, 156, 5, 255, 255, 255
L -284, 156, 5, -278, 169, 3, 255, 255, 255
L -278, 169, 3, -288, 195, 3, 255, 255, 255
L -288, 195, 3, -293, 200, 3, 255, 255, 255
L -293, 200, 3, -293, 223, 3, 255, 255, 255
L -293, 223, 3, -288, 234, 3, 255, 255, 255
L -288, 234, 3, -293, 240, 3, 255, 255, 255
L -293, 240, 3, -303, 259, 3, 255, 255, 255
L -303, 259, 3, -303, 263, 3, 255, 255, 255
L -303, 263, 3, -298, 273, 3, 255, 255, 255
L -298, 273, 3, -298, 298, 3, 255, 255, 255
L -298, 298, 3, -288, 315, 5, 255, 255, 255
L -288, 315, 5, -325, 316, -1, 255, 255, 255
L -325, 316, -1, -331, 311, -4, 255, 255, 255
L -331, 311, -4, -334, 311, -6, 255, 255, 255
L -334, 311, -6, -345, 316, -11, 255, 255, 255
L -345, 316, -11, -366, 310, -16, 255, 255, 255
L -366, 310, -16, -375, 306, -16, 255, 255, 255
L -375, 306, -16, -379, 306, -16, 255, 255, 255
L -379, 306, -16, -385, 311, -16, 255, 255, 255
L -385, 311, -16, -395, 306, -16, 255, 255, 255
L -395, 306, -16, -406, 305, -17, 255, 255, 255
L -406, 305, -17, -411, 296, -21, 255, 255, 255
L -411, 296, -21, -421, 296, -21, 255, 255, 255
L -421, 296, -21, -426, 290, -21, 255, 255, 255
L -426, 290, -21, -447, 279, -21, 255, 255, 255
L -447, 279, -21, -447, 268, -21, 255, 255, 255
L -447, 268, -21, -441, 263, -21, 255, 255, 255
L -441, 263, -21, -432, 243, -21, 255, 255, 255
L -432, 243, -21, -432, 235, -21, 255, 255, 255
L -432, 235, -21, -440, 231, -21, 255, 255, 255
L -440, 231, -21, -446, 230, -21, 255, 255, 255
L -446, 230, -21, -447, 221, -21, 255, 255, 255
L -447, 221, -21, -453, 221, -21, 255, 255, 255
L -453, 221, -21, -453, 224, -21, 255, 255, 255
L -453, 224, -21, -455, 226, -21, 255, 255, 255
L -455, 226, -21, -458, 226, -21, 255, 255, 255
L -458, 226, -21, -458, 235, -21, 255, 255, 255
L -458, 235, -21, -464, 240, -21, 255, 255, 255
L -464, 240, -21, -466, 241, -21, 255, 255, 255
L -466, 241, -21, -466, 262, -21, 255, 255, 255
L -466, 262, -21, -464, 262, -21, 255, 255, 255
L -464, 262, -21, -464, 275, -21, 255, 255, 255
L -464, 275, -21, -476, 275, -21, 255, 255, 255
L -476, 275, -21, -477, 273, -21, 255, 255, 255
L -477, 273, -21, -493, 273, -21, 255, 255, 255
L -493, 273, -21, -494, 275, -21, 255, 255, 255
L -494, 275, -21, -506, 275, -21, 255, 255, 255
L -506, 275, -21, -506, 263, -21, 255, 255, 255
L -506, 263, -21, -494, 262, -21, 255, 255, 255
L -494, 262, -21, -493, 265, -21, 255, 255, 255
L -493, 265, -21, -477, 265, -21, 255, 255, 255
L -477, 265, -21, -476, 263, -21, 255, 255, 255
L -476, 263, -21, -474, 262, -21, 255, 255, 255
L -474, 262, -21, -474, 241, -21, 255, 255, 255
L -474, 241, -21, -476, 240, -21, 255, 255, 255
L -476, 240, -21, -481, 235, -21, 255, 255, 255
L -481, 235, -21, -482, 226, -21, 255, 255, 255
L -482, 226, -21, -507, 226, -17, 255, 255, 255
L -507, 226, -17, -509, 224, -16, 255, 255, 255
L -509, 224, -16, -509, 214, -16, 255, 255, 255
L -509, 214, -16, -507, 212, -16, 255, 255, 255
L -507, 212, -16, -503, 212, -16, 255, 255, 255
L -503, 212, -16, -500, 210, -16, 255, 255, 255
L -500, 210, -16, -482, 209, -16, 255, 255, 255
L -482, 209, -16, -482, 193, -14, 255, 255, 255
L -482, 193, -14, -480, 187, -16, 255, 255, 255
L -480, 187, -16, -474, 187, -16, 255, 255, 255
L -474, 187, -16, -473, 189, -15, 255, 255, 255
L -473, 189, -15, -473, 217, -6, 255, 255, 255
L -473, 217, -6, -472, 219, -6, 255, 255, 255
L -472, 219, -6, -472, 224, -6, 255, 255, 255
L -472, 224, -6, -474, 226, -6, 255, 255, 255
L -474, 226, -6, -478, 226, -6, 255, 255, 255
L -478, 226, -6, -478, 233, -6, 255, 255, 255
L -478, 233, -6, -474, 237, -6, 255, 255, 255
L -474, 237, -6, -466, 237, -6, 255, 255, 255
L -466, 237, -6, -462, 233, -6, 255, 255, 255
L -462, 233, -6, -462, 226, -6, 255, 255, 255
L -462, 226, -6, -466, 226, -6, 255, 255, 255
L -466, 226, -6, -468, 224, -6, 255, 255, 255
L -468, 224, -6, -468, 219, -6, 255, 255, 255
L -468, 219, -6, -467, 217, -6, 255, 255, 255
L -467, 217, -6, -467, 181, -16, 255, 255, 255
L -467, 181, -16, -480, 181, -16, 255, 255, 255
L -480, 181, -16, -483, 180, -16, 255, 255, 255
L -483, 180, -16, -483, 175, -16, 255, 255, 255
L -483, 175, -16, -482, 175, -16, 255, 255, 255
L -482, 175, -16, -482, 158, -15, 255, 255, 255
L -482, 158, -15, -484, 156, -11, 255, 255, 255
L -484, 156, -11, -546, 156, -11, 255, 255, 255
L -546, 156, -11, -548, 158, -12, 255, 255, 255
L -548, 158, -12, -548, 175, -16, 255, 255, 255
L -548, 175, -16, -549, 181, -16, 255, 255, 255
L -549, 181, -16, -563, 181, -16, 255, 255, 255
L -563, 181, -16, -563, 217, -6, 255, 255, 255
L -563, 217, -6, -562, 219, -6, 255, 255, 255
L -562, 219, -6, -562, 224, -6, 255, 255, 255
L -562, 224, -6, -564, 226, -6, 255, 255, 255
L -564, 226, -6, -568, 226, -6, 255, 255, 255
L -568, 226, -6, -568, 233, -6, 255, 255, 255
L -568, 233, -6, -564, 237, -6, 255, 255, 255
L -564, 237, -6, -556, 237, -6, 255, 255, 255
L -556, 237, -6, -552, 233, -6, 255, 255, 255
L -552, 233, -6, -552, 226, -6, 255, 255, 255
L -552, 226, -6, -556, 226, -6, 255, 255, 255
L -556, 226, -6, -558, 224, -6, 255, 255, 255
L -558, 224, -6, -558, 219, -6, 255, 255, 255
L -558, 219, -6, -557, 217, -6, 255, 255, 255
L -557, 217, -6, -557, 189, -15, 255, 255, 255
L -557, 189, -15, -556, 187, -16, 255, 255, 255
L -556, 187, -16, -549, 187, -16, 255, 255, 255
L -549, 187, -16, -548, 193, -16, 255, 255, 255
L -548, 193, -16, -548, 210, -14, 255, 255, 255
L -548, 210, -14, -546, 212, -16, 255, 255, 255
L -546, 212, -16, -523, 212, -16, 255, 255, 255
L -523, 212, -16, -521, 214, -16, 255, 255, 255
L -521, 214, -16, -521, 224, -16, 255, 255, 255
L -521, 224, -16, -523, 226, -17, 255, 255, 255
L -523, 226, -17, -548, 226, -21, 255, 255, 255
L -548, 226, -21, -548, 234, -21, 255, 255, 255
L -548, 234, -21, -556, 241, -21, 255, 255, 255
L -556, 241, -21, -556, 262, -21, 255, 255, 255
L -556, 262, -21, -553, 265, -21, 255, 255, 255
L -553, 265, -21, -537, 265, -21, 255, 255, 255
L -537, 265, -21, -536, 263, -21, 255, 255, 255
L -536, 263, -21, -535, 262, -21, 255, 255, 255
L -535, 262, -21, -525, 262, -21, 255, 255, 255
L -525, 262, -21, -523, 264, -21, 255, 255, 255
L -523, 264, -21, -523, 274, -21, 255, 255, 255
L -523, 274, -21, -525, 276, -21, 255, 255, 255
L -525, 276, -21, -535, 276, -21, 255, 255, 255
L -535, 276, -21, -537, 273, -21, 255, 255, 255
L -537, 273, -21, -553, 273, -21, 255, 255, 255
L -553, 273, -21, -554, 276, -21, 255, 255, 255
L -554, 276, -21, -565, 276, -21, 255, 255, 255
L -565, 276, -21, -567, 274, -21, 255, 255, 255
L -567, 274, -21, -567, 264, -21, 255, 255, 255
L -567, 264, -21, -566, 263, -21, 255, 255, 255
L -566, 263, -21, -564, 262, -21, 255, 255, 255
L -564, 262, -21, -564, 241, -21, 255, 255, 255
L -564, 241, -21, -566, 241, -21, 255, 255, 255
L -566, 241, -21, -571, 235, -21, 255, 255, 255
L -571, 235, -21, -572, 231, -21, 255, 255, 255
L -572, 231, -21, -583, 245, -21, 255, 255, 255
L -583, 245, -21, -598, 270, -21, 255, 255, 255
L -598, 270, -21, -600, 281, -21, 255, 255, 255
L -600, 281, -21, -610, 296, -20, 255, 255, 255
L -610, 296, -20, -625, 296, -16, 255, 255, 255
L -625, 296, -16, -645, 281, -16, 255, 255, 255
L -645, 281, -16, -666, 260, -16, 255, 255, 255
L -666, 260, -16, -685, 251, -16, 255, 255, 255
L -685, 251, -16, -689, 251, -16, 255, 255, 255
L -689, 251, -16, -694, 256, -16, 255, 255, 255
L -694, 256, -16, -704, 256, -16, 255, 255, 255
L -704, 256, -16, -714, 260, -16, 255, 255, 255
L -714, 260, -16, -728, 275, -16, 255, 255, 255
L -728, 275, -16, -728, 277, -16, 255, 255, 255
L -728, 277, -16, -715, 277, -16, 255, 255, 255
L -715, 277, -16, -713, 279, -11, 255, 255, 255
L -713, 279, -11, -713, 289, -11, 255, 255, 255
L -713, 289, -11, -715, 290, -11, 255, 255, 255
L -715, 290, -11, -723, 290, -11, 255, 255, 255
L -723, 290, -11, -723, 310, -11, 255, 255, 255
L -723, 310, -11, -725, 312, -11, 255, 255, 255
L -725, 312, -11, -731, 311, -11, 255, 255, 255
L -731, 311, -11, -740, 311, -11, 255, 255, 255
L -740, 311, -11, -750, 310, -16, 255, 255, 255
L -750, 310, -16, -750, 305, -16, 255, 255, 255
L -750, 305, -16, -742, 306, -14, 255, 255, 255
L -742, 306, -14, -742, 282, -16, 255, 255, 255
L -742, 282, -16, -743, 281, -16, 255, 255, 255
L -743, 281, -16, -770, 281, -16, 255, 255, 255
L -770, 281, -16, -773, 278, -16, 255, 255, 255
L -773, 278, -16, -773, 275, -16, 255, 255, 255
L -773, 275, -16, -770, 272, -16, 255, 255, 255
L -770, 272, -16, -763, 272, -16, 255, 255, 255
L -763, 272, -16, -762, 270, -16, 255, 255, 255
L -762, 270, -16, -762, 237, -16, 255, 255, 255
L -762, 237, -16, -763, 235, -16, 255, 255, 255
L -763, 235, -16, -762, 232, -16, 255, 255, 255
L -762, 232, -16, -759, 231, -16, 255, 255, 255
L -759, 231, -16, -757, 229, -16, 255, 255, 255
L -757, 229, -16, -745, 229, -16, 255, 255, 255
L -745, 229, -16, -744, 216, -16, 255, 255, 255
L -744, 216, -16, -743, 215, -16, 255, 255, 255
L -743, 215, -16, -743, 213, -16, 255, 255, 255
L -743, 213, -16, -745, 212, -16, 255, 255, 255
L -745, 212, -16, -745, 197, -16, 255, 255, 255
L -745, 197, -16, -743, 195, -16, 255, 255, 255
L -743, 195, -16, -743, 193, -16, 255, 255, 255
L -743, 193, -16, -745, 191, -16, 255, 255, 255
L -745, 191, -16, -745, 177, -16, 255, 255, 255
L -745, 177, -16, -743, 175, -16, 255, 255, 255
L -743, 175, -16, -743, 173, -16, 255, 255, 255
L -743, 173, -16, -745, 172, -16, 255, 255, 255
L -745, 172, -16, -745, 159, -16, 255, 255, 255
L -745, 159, -16, -757, 159, -16, 255, 255, 255
L -757, 159, -16, -759, 157, -16, 255, 255, 255
L -759, 157, -16, -761, 157, -16, 255, 255, 255
L -761, 157, -16, -763, 159, -16, 255, 255, 255
L -763, 159, -16, -777, 159, -16, 255, 255, 255
L -777, 159, -16, -779, 157, -16, 255, 255, 255
L -779, 157, -16, -781, 157, -16, 255, 255, 255
L -781, 157, -16, -782, 159, -16, 255, 255, 255
L -782, 159, -16, -798, 158, -16, 255, 255, 255
L -798, 158, -16, -799, 157, -16, 255, 255, 255
L -799, 157, -16, -801, 157, -16, 255, 255, 255
L -801, 157, -16, -802, 158, -16, 255, 255, 255
L -802, 158, -16, -815, 159, -16, 255, 255, 255
L -815, 159, -16, -815, 172, -16, 255, 255, 255
L -815, 172, -16, -817, 173, -16, 255, 255, 255
L -817, 173, -16, -817, 175, -16, 255, 255, 255
L -817, 175, -16, -815, 176, -16, 255, 255, 255
L -815, 176, -16, -815, 192, -16, 255, 255, 255
L -815, 192, -16, -817, 193, -16, 255, 255, 255
L -817, 193, -16, -817, 195, -16, 255, 255, 255
L -817, 195, -16, -815, 196, -16, 255, 255, 255
L -815, 196, -16, -815, 212, -16, 255, 255, 255
L -815, 212, -16, -817, 213, -16, 255, 255, 255
L -817, 213, -16, -817, 215, -16, 255, 255, 255
L -817, 215, -16, -815, 216, -16, 255, 255, 255
L -815, 216, -16, -815, 229, -14, 255, 255, 255
L -815, 229, -14, -802, 229, -16, 255, 255, 255
L -802, 229, -16, -801, 231, -16, 255, 255, 255
L -801, 231, -16, -797, 232, -16, 255, 255, 255
L -797, 232, -16, -798, 237, -16, 255, 255, 255
L -798, 237, -16, -798, 270, -16, 255, 255, 255
L -767, 214, -165, -770, 213, -16, 255, 255, 255
L -770, 213, -16, -770, 175, -16, 255, 255, 255
L -770, 175, -16, -767, 174, -16, 255, 255, 255
L -767, 174, -16, -758, 174, -16, 255, 255, 255
L -758, 174, -16, -758, 214, -16, 255, 255, 255
L -758, 214, -16, -760, 216, -16, 255, 255, 255
L -760, 216, -16, -767, 214, -16, 255, 255, 255
L -793, 214, -165, -790, 213, -16, 255, 255, 255
L -790, 213, -16, -790, 176, -16, 255, 255, 255
L -790, 176, -16, -793, 174, -16, 255, 255, 255
L -793, 174, -16, -802, 174, -16, 255, 255, 255
L -802, 174, -16, -802, 214, -16, 255, 255, 255
L -802, 214, -16, -793, 214, -16, 255, 255, 255
L -798, 270, -165, -796, 272, -16, 255, 255, 255
L -796, 272, -16, -790, 272, -16, 255, 255, 255
L -790, 272, -16, -788, 273, -16, 255, 255, 255
L -788, 273, -16, -788, 280, -16, 255, 255, 255
L -788, 280, -16, -790, 281, -16, 255, 255, 255
L -790, 281, -16, -818, 281, -16, 255, 255, 255
L -818, 281, -16, -818, 351, -16, 255, 255, 255
L -818, 351, -16, -817, 356, -16, 255, 255, 255
L -817, 356, -16, -817, 357, -16, 255, 255, 255
L -817, 357, -16, -743, 357, -16, 255, 255, 255
L -743, 357, -16, -742, 356, -16, 255, 255, 255
L -742, 356, -16, -742, 332, -10, 255, 255, 255
L -742, 332, -10, -750, 332, -16, 255, 255, 255
L -750, 332, -16, -750, 327, -16, 255, 255, 255
L -750, 327, -16, -731, 327, -11, 255, 255, 255
L -731, 327, -11, -730, 326, -11, 255, 255, 255
L -730, 326, -11, -725, 326, -11, 255, 255, 255
L -725, 326, -11, -723, 327, -11, 255, 255, 255
L -723, 327, -11, -723, 349, -9, 255, 255, 255
L -723, 349, -9, -727, 361, -16, 255, 255, 255
L -727, 361, -16, -713, 392, -16, 255, 255, 255
L -713, 392, -16, -707, 392, -16, 255, 255, 255
L -707, 392, -16, -681, 389, 5, 255, 255, 255
L -681, 389, 5, -671, 383, -8, 255, 255, 255
L -671, 383, -8, -665, 372, -16, 255, 255, 255
L -665, 372, -16, -656, 367, -16, 255, 255, 255
L -656, 367, -16, -651, 363, -16, 255, 255, 255
L -651, 363, -16, -645, 352, -16, 255, 255, 255
L -645, 352, -16, -631, 347, -16, 255, 255, 255
L -631, 347, -16, -626, 343, -16, 255, 255, 255
L -626, 343, -16, -604, 342, -21, 255, 255, 255
L -604, 342, -21, -599, 347, -21, 255, 255, 255
L -599, 347, -21, -589, 352, -21, 255, 255, 255
L -589, 352, -21, -584, 352, -21, 255, 255, 255
L -584, 352, -21, -579, 357, -21, 255, 255, 255
L -579, 357, -21, -572, 362, -21, 255, 255, 255
L -572, 362, -21, -560, 362, -21, 255, 255, 255
L -560, 362, -21, -558, 363, -21, 255, 255, 255
L -558, 363, -21, -557, 365, -21, 255, 255, 255
L -557, 365, -21, -558, 370, -21, 255, 255, 255
L -558, 370, -21, -560, 371, -21, 255, 255, 255
L -560, 371, -21, -583, 371, -21, 255, 255, 255
L -583, 371, -21, -583, 397, -19, 255, 255, 255
L -583, 397, -19, -547, 397, -21, 255, 255, 255
L -547, 397, -21, -547, 371, -21, 255, 255, 255
L -547, 371, -21, -550, 371, -21, 255, 255, 255
L -550, 371, -21, -551, 370, -21, 255, 255, 255
L -551, 370, -21, -553, 365, -21, 255, 255, 255
L -553, 365, -21, -552, 363, -21, 255, 255, 255
L -552, 363, -21, -550, 362, -21, 255, 255, 255
L -550, 362, -21, -540, 362, -21, 255, 255, 255
L -540, 362, -21, -538, 364, -21, 255, 255, 255
L -538, 364, -21, -538, 371, -21, 255, 255, 255
L -538, 371, -21, -531, 367, -21, 255, 255, 255
L -531, 367, -21, -527, 363, -21, 255, 255, 255
L -527, 363, -21, -527, 358, -21, 255, 255, 255
L -527, 358, -21, -525, 357, -21, 255, 255, 255
L -525, 357, -21, -509, 357, -21, 255, 255, 255
L -509, 357, -21, -508, 358, -21, 255, 255, 255
L -508, 358, -21, -507, 360, -21, 255, 255, 255
L -507, 360, -21, -508, 365, -21, 255, 255, 255
L -508, 365, -21, -510, 366, -21, 255, 255, 255
L -510, 366, -21, -518, 366, -19, 255, 255, 255
L -518, 366, -19, -518, 388, -21, 255, 255, 255
L -518, 388, -21, -514, 392, -21, 255, 255, 255
L -514, 392, -21, -495, 392, -21, 255, 255, 255
L -495, 392, -21, -492, 389, -21, 255, 255, 255
L -492, 389, -21, -492, 366, -21, 255, 255, 255
L -492, 366, -21, -500, 366, -21, 255, 255, 255
L -500, 366, -21, -502, 365, -21, 255, 255, 255
L -502, 365, -21, -503, 360, -21, 255, 255, 255
L -503, 360, -21, -502, 358, -21, 255, 255, 255
L -502, 358, -21, -484, 357, -21, 255, 255, 255
L -484, 357, -21, -483, 359, -21, 255, 255, 255
L -483, 359, -21, -483, 362, -21, 255, 255, 255
L -483, 362, -21, -467, 362, -21, 255, 255, 255
L -467, 362, -21, -467, 344, -21, 255, 255, 255
L -467, 344, -21, -465, 342, -21, 255, 255, 255
L -465, 342, -21, -455, 342, -21, 255, 255, 255
L -455, 342, -21, -453, 343, -21, 255, 255, 255
L -453, 343, -21, -452, 345, -21, 255, 255, 255
L -452, 345, -21, -453, 350, -21, 255, 255, 255
L -453, 350, -21, -455, 351, -21, 255, 255, 255
L -455, 351, -21, -458, 351, -21, 255, 255, 255
L -458, 351, -21, -458, 396, -19, 255, 255, 255
L -458, 396, -19, -443, 395, -20, 255, 255, 255
L -443, 395, -20, -442, 396, -18, 255, 255, 255
L -442, 396, -18, -442, 351, -21, 255, 255, 255
L -442, 351, -21, -447, 350, -21, 255, 255, 255
L -447, 350, -21, -448, 345, -21, 255, 255, 255
L -448, 345, -21, -447, 343, -21, 255, 255, 255
L -447, 343, -21, -445, 342, -21, 255, 255, 255
L -445, 342, -21, -435, 342, -21, 255, 255, 255
L -435, 342, -21, -433, 344, -21, 255, 255, 255
L -433, 344, -21, -433, 351, -21, 255, 255, 255
L -433, 351, -21, -426, 347, -21, 255, 255, 255
L -426, 347, -21, -421, 342, -21, 255, 255, 255
L -421, 342, -21, -416, 342, -18, 255, 255, 255
L -416, 342, -18, -413, 342, -11, 255, 255, 255
L -413, 342, -11, -406, 338, -10, 255, 255, 255
L -406, 338, -10, -345, 337, -11, 255, 255, 255
L -345, 337, -11, -339, 342, -8, 255, 255, 255
L -339, 342, -8, -326, 338, -2, 255, 255, 255
L -326, 338, -2, -324, 337, -1, 255, 255, 255
L -324, 337, -1, -319, 342, 0, 255, 255, 255
L -319, 342, 0, -315, 342, 0, 255, 255, 255
L -315, 342, 0, -306, 337, 3, 255, 255, 255
L -306, 337, 3, -300, 337, 3, 255, 255, 255
L -300, 337, 3, -290, 332, 3, 255, 255, 255
L -290, 332, 3, -282, 333, 3, 255, 255, 255
L -282, 333, 3, -269, 337, 3, 255, 255, 255
L -269, 337, 3, -258, 343, 3, 255, 255, 255
L -258, 343, 3, -253, 352, 3, 255, 255, 255
L -253, 352, 3, -247, 356, 3, 255, 255, 255
L -247, 356, 3, -247, 349, 3, 255, 255, 255
L -247, 349, 3, -245, 347, 2, 255, 255, 255
L -245, 347, 2, -235, 347, 2, 255, 255, 255
L -235, 347, 2, -233, 349, 3, 255, 255, 255
L -233, 349, 3, -234, 356, 3, 255, 255, 255
L -234, 356, 3, -225, 352, 3, 255, 255, 255
L -225, 352, 3, -214, 352, 3, 255, 255, 255
L -214, 352, 3, -159, 377, 3, 255, 255, 255
L -159, 377, 3, -140, 377, 3, 255, 255, 255
L -140, 377, 3, -108, 393, 3, 255, 255, 255
L -108, 393, 3, -108, 398, 3, 255, 255, 255
L -108, 398, 3, -105, 401, 3, 255, 255, 255
L -105, 401, 3, -85, 401, 3, 255, 255, 255
L -85, 401, 3, -83, 402, 3, 255, 255, 255
L -83, 402, 3, -82, 407, 3, 255, 255, 255
L -82, 407, 3, -84, 411, 3, 255, 255, 255
L -84, 411, 3, -103, 411, 3, 255, 255, 255
L -103, 411, 3, -103, 442, 3, 255, 255, 255
L -103, 442, 3, -72, 442, 3, 255, 255, 255
L -72, 442, 3, -72, 411, 3, 255, 255, 255
L -72, 411, 3, -76, 411, 3, 255, 255, 255
L -76, 411, 3, -77, 410, 3, 255, 255, 255
L -77, 410, 3, -78, 407, 3, 255, 255, 255
L -78, 407, 3, -77, 402, 3, 255, 255, 255
L -77, 402, 3, -75, 401, 3, 255, 255, 255
L -75, 401, 3, -70, 401, 3, 255, 255, 255
L -70, 401, 3, -66, 397, 3, 255, 255, 255
L -66, 397, 3, -46, 397, 3, 255, 255, 255
L 18, 346, 34, 16, 346, 3, 255, 255, 255
L 14, 348, 3, 2, 348, 3, 255, 255, 255
L 2, 348, 3, 0, 349, 3, 255, 255, 255
L 0, 349, 3, -1, 349, 3, 255, 255, 255
L -1, 349, 3, -3, 347, 3, 255, 255, 255
L -3, 347, 3, -3, 344, 3, 255, 255, 255
L -3, 344, 3, -1, 339, 3, 255, 255, 255
L -1, 339, 3, 1, 340, 6, 255, 255, 255
L 1, 340, 6, 12, 340, 6, 255, 255, 255
L 12, 340, 6, 12, 321, 3, 255, 255, 255
L 12, 321, 3, 12, 312, 3, 255, 255, 255
L 12, 312, 3, 12, 286, -3, 255, 255, 255
L 12, 286, -3, -23, 286, -11, 255, 255, 255
L -23, 286, -11, -23, 332, -11, 255, 255, 255
L -23, 332, -11, 31, 332, -11, 255, 255, 255
L 31, 332, -11, 31, 306, -11, 255, 255, 255
L 31, 306, -11, -15, 306, -11, 255, 255, 255
L -15, 306, -11, -17, 304, -11, 255, 255, 255
L -17, 304, -11, -17, 301, -11, 255, 255, 255
L -17, 301, -11, -16, 292, -11, 255, 255, 255
L -16, 292, -11, 4, 292, -4, 255, 255, 255
L 4, 292, -4, 6, 294, -1, 255, 255, 255
L 6, 294, -1, 6, 312, 3, 255, 255, 255
L 6, 312, 3, 7, 314, 3, 255, 255, 255
L 7, 314, 3, 7, 319, 3, 255, 255, 255
L 7, 319, 3, 5, 321, 3, 255, 255, 255
L 5, 321, 3, 3, 320, 3, 255, 255, 255
L 3, 320, 3, 0, 317, 3, 255, 255, 255
L 0, 317, 3, -10, 317, 3, 255, 255, 255
L -10, 317, 3, -15, 321, 3, 255, 255, 255
L -15, 321, 3, -18, 319, 3, 255, 255, 255
L -18, 319, 3, -17, 312, 3, 255, 255, 255
L -17, 312, 3, -17, 294, 9, 255, 255, 255
L -17, 294, 9, -15, 292, 13, 255, 255, 255
L -15, 292, 13, 5, 292, 18, 255, 255, 255
L 5, 292, 18, 7, 294, 18, 255, 255, 255
L 7, 294, 18, 7, 299, 18, 255, 255, 255
L 7, 299, 18, 5, 301, 18, 255, 255, 255
L 5, 301, 18, -23, 301, 18, 255, 255, 255
L -23, 301, 18, -23, 305, 18, 255, 255, 255
L -23, 305, 18, -25, 307, 18, 255, 255, 255
L -25, 307, 18, -26, 307, 18, 255, 255, 255
L -26, 307, 18, -28, 305, 18, 255, 255, 255
L -28, 305, 18, -28, 291, 18, 255, 255, 255
L -28, 291, 18, -43, 291, 20, 255, 255, 255
L -43, 291, 20, -43, 312, 21, 255, 255, 255
L -43, 312, 21, -28, 312, 18, 255, 255, 255
L -28, 312, 18, -26, 311, 18, 255, 255, 255
L -26, 311, 18, -23, 313, 18, 255, 255, 255
L -23, 313, 18, -23, 318, 18, 255, 255, 255
L -23, 318, 18, -21, 321, 18, 255, 255, 255
L -21, 321, 18, -24, 324, 18, 255, 255, 255
L -24, 324, 18, -28, 321, 18, 255, 255, 255
L -28, 321, 18, -43, 321, 18, 255, 255, 255
L -43, 321, 18, -43, 337, 20, 255, 255, 255
L -43, 337, 20, -17, 337, 21, 255, 255, 255
L -17, 337, 21, -17, 332, 18, 255, 255, 255
L -17, 332, 18, -19, 329, 18, 255, 255, 255
L -19, 329, 18, -16, 326, 18, 255, 255, 255
L -16, 326, 18, -14, 327, 18, 255, 255, 255
L -14, 327, 18, 3, 327, 18, 255, 255, 255
L 3, 327, 18, 5, 325, 18, 255, 255, 255
L 5, 325, 18, 7, 326, 18, 255, 255, 255
L 7, 326, 18, 8, 329, 18, 255, 255, 255
L 8, 329, 18, 6, 332, 18, 255, 255, 255
L 6, 332, 18, 6, 337, 21, 255, 255, 255
L 6, 337, 21, 32, 337, 20, 255, 255, 255
L 32, 337, 20, 32, 321, 18, 255, 255, 255
L 32, 321, 18, 17, 321, 18, 255, 255, 255
L 17, 321, 18, 14, 323, 18, 255, 255, 255
L 14, 323, 18, 11, 319, 18, 255, 255, 255
L 11, 319, 18, 12, 318, 18, 255, 255, 255
L 12, 318, 18, 12, 312, 18, 255, 255, 255
L 12, 312, 18, 17, 312, 18, 255, 255, 255
L 17, 312, 18, 32, 312, 21, 255, 255, 255
L 32, 312, 21, 32, 291, 22, 255, 255, 255
L 32, 291, 22, 17, 291, 18, 255, 255, 255
L 17, 291, 18, 17, 305, 18, 255, 255, 255
L 17, 305, 18, 12, 305, 18, 255, 255, 255
L 12, 305, 18, 12, 286, 18, 255, 255, 255
L 12, 286, 18, -23, 286, 11, 255, 255, 255
L -23, 286, 11, -23, 312, 3, 255, 255, 255
L -23, 312, 3, -23, 340, 3, 255, 255, 255
L -23, 340, 3, -13, 340, 5, 255, 255, 255
L -13, 340, 5, -10, 339, 3, 255, 255, 255
L -10, 339, 3, -7, 344, 3, 255, 255, 255
L -7, 344, 3, -7, 347, 3, 255, 255, 255
L -7, 347, 3, -9, 349, 3, 255, 255, 255
L -9, 349, 3, -13, 348, 3, 255, 255, 255
L -13, 348, 3, -25, 348, 3, 255, 255, 255
L -25, 348, 3, -27, 346, 3, 255, 255, 255
L -27, 346, 3, -29, 346, 3, 255, 255, 255
L -29, 346, 3, -36, 353, 3, 255, 255, 255
L -36, 353, 3, -45, 367, 13, 255, 255, 255
L -45, 367, 13, -111, 371, 3, 255, 255, 255
L -111, 371, 3, -122, 365, 3, 255, 255, 255
L -122, 365, 3, -122, 359, 3, 255, 255, 255
L -122, 359, 3, -126, 350, 3, 255, 255, 255
L -126, 350, 3, -132, 344, 3, 255, 255, 255
L -132, 344, 3, -132, 334, 3, 255, 255, 255
L -132, 334, 3, -136, 325, 3, 255, 255, 255
L -136, 325, 3, -147, 314, 3, 255, 255, 255
L -147, 314, 3, -147, 310, 3, 255, 255, 255
L -147, 310, 3, -148, 308, 3, 255, 255, 255
L -148, 308, 3, -148, 324, 3, 255, 255, 255
L -148, 324, 3, -150, 326, 3, 255, 255, 255
L -150, 326, 3, -185, 326, 3, 255, 255, 255
L -185, 326, 3, -187, 324, 3, 255, 255, 255
L -187, 324, 3, -187, 311, 3, 255, 255, 255
L -187, 311, 3, -191, 311, 3, 255, 255, 255
L -191, 311, 3, -193, 309, 3, 255, 255, 255
L -193, 309, 3, -193, 306, 3, 255, 255, 255
L -193, 306, 3, -191, 301, 3, 255, 255, 255
L -191, 301, 3, -179, 301, 3, 255, 255, 255
L -179, 301, 3, -179, 307, 4, 255, 255, 255
L -179, 307, 4, -182, 307, 4, 255, 255, 255
L -182, 307, 4, -182, 321, 4, 255, 255, 255
L -182, 321, 4, -153, 321, 4, 255, 255, 255
L -153, 321, 4, -153, 307, 5, 255, 255, 255
L -153, 307, 5, -156, 307, 4, 255, 255, 255
L -156, 307, 4, -156, 301, 3, 255, 255, 255
L -156, 301, 3, -142, 302, -1, 255, 255, 255
L -142, 302, -1, -127, 301, -1, 255, 255, 255
L -127, 301, -1, -127, 292, -1, 255, 255, 255
L -127, 292, -1, -140, 292, 0, 255, 255, 255
L -140, 292, 0, -140, 286, 0, 255, 255, 255
L -140, 286, 0, -127, 286, -1, 255, 255, 255
L -127, 286, -1, -127, 277, -1, 255, 255, 255
L -127, 277, -1, -140, 277, 0, 255, 255, 255
L -140, 277, 0, -140, 271, 0, 255, 255, 255
L -140, 271, 0, -127, 271, -1, 255, 255, 255
L -127, 271, -1, -127, 262, -1, 255, 255, 255
L -127, 262, -1, -140, 262, 0, 255, 255, 255
L -140, 262, 0, -140, 256, 0, 255, 255, 255
L -140, 256, 0, -127, 256, -1, 255, 255, 255
L -127, 256, -1, -127, 247, -1, 255, 255, 255
L -127, 247, -1, -148, 246, -1, 255, 255, 255
L -148, 246, -1, -149, 265, -1, 255, 255, 255
L -149, 265, -1, -152, 265, -1, 255, 255, 255
L -152, 265, -1, -152, 246, 3, 255, 255, 255
L -152, 246, 3, -217, 246, 3, 255, 255, 255
L -217, 246, 3, -222, 245, 3, 255, 255, 255
L -222, 245, 3, -222, 231, 5, 255, 255, 255
L -222, 231, 5, -233, 231, 3, 255, 255, 255
L -233, 231, 3, -258, 231, 3, 255, 255, 255
L -258, 231, 3, -258, 240, 3, 255, 255, 255
L -258, 240, 3, -263, 240, 3, 255, 255, 255
L -263, 240, 3, -263, 228, 3, 255, 255, 255
L -263, 228, 3, -261, 226, 3, 255, 255, 255
L -261, 226, 3, -252, 226, 3, 255, 255, 255
L -252, 226, 3, -267, 194, 3, 255, 255, 255
L -267, 194, 3, -251, 168, 3, 255, 255, 255
L -251, 168, 3, -242, 158, 3, 255, 255, 255
L -242, 158, 3, -237, 153, 3, 255, 255, 255
L -237, 153, 3, -237, 151, 3, 255, 255, 255
L -237, 151, 3, -239, 146, 3, 255, 255, 255
L -239, 146, 3, -239, 141, 3, 255, 255, 255
L -239, 141, 3, -237, 141, 3, 255, 255, 255
L -237, 141, 3, -232, 143, 3, 255, 255, 255
L -232, 143, 3, -232, 147, 3, 255, 255, 255
L -232, 147, 3, -217, 147, 3, 255, 255, 255
L -217, 147, 3, -217, 111, 3, 255, 255, 255
L -217, 111, 3, -232, 111, 3, 255, 255, 255
L -232, 111, 3, -232, 135, 3, 255, 255, 255
L -232, 135, 3, -237, 137, 3, 255, 255, 255
L -237, 137, 3, -240, 137, 3, 255, 255, 255
L -240, 137, 3, -239, 132, 3, 255, 255, 255
L -239, 132, 3, -239, 109, 3, 255, 255, 255
L -239, 109, 3, -237, 107, 3, 255, 255, 255
L -237, 107, 3, -242, 89, 3, 255, 255, 255
L -242, 89, 3, -226, 77, 3, 255, 255, 255
L -226, 77, 3, -224, 76, 3, 255, 255, 255
L -224, 76, 3, -230, 76, 3, 255, 255, 255
L -230, 76, 3, -232, 74, 2, 255, 255, 255
L -232, 74, 2, -232, 64, 2, 255, 255, 255
L -232, 64, 2, -230, 62, 3, 255, 255, 255
L -230, 62, 3, -222, 62, 3, 255, 255, 255
L -222, 62, 3, -222, 60, 3, 255, 255, 255
L -222, 60, 3, -226, 52, 6, 255, 255, 255
L -226, 52, 6, -225, 50, 10, 255, 255, 255
L -225, 50, 10, -220, 39, 6, 255, 255, 255
L -220, 39, 6, -217, 33, 3, 255, 255, 255
L -217, 33, 3, -214, 32, 3, 255, 255, 255
L -214, 32, 3, -204, 37, 3, 255, 255, 255
L -204, 37, 3, -201, 37, 3, 255, 255, 255
L -201, 37, 3, -196, 33, 3, 255, 255, 255
L -196, 33, 3, -175, 32, 5, 255, 255, 255
L -175, 32, 5, -141, 17, 3, 255, 255, 255
L -141, 17, 3, -136, 12, 3, 255, 255, 255
L -136, 12, 3, -117, 12, 3, 255, 255, 255
L -117, 12, 3, -117, 9, 3, 255, 255, 255
L -117, 9, 3, -112, 9, 3, 255, 255, 255
L -112, 9, 3, -112, 11, 3, 255, 255, 255
L -112, 11, 3, -113, 16, 3, 255, 255, 255
L -113, 16, 3, -113, 60, 5, 255, 255, 255
L -113, 60, 5, -82, 60, 3, 255, 255, 255
L -82, 60, 3, -82, 16, 3, 255, 255, 255
L -82, 16, 3, -106, 16, 3, 255, 255, 255
L -106, 16, 3, -108, 11, 3, 255, 255, 255
L -108, 11, 3, -108, 9, 3, 255, 255, 255
L -108, 9, 3, -78, 9, 3, 255, 255, 255
L -78, 9, 3, -54, -2, 3, 255, 255, 255
L -54, -2, 3, -47, 1, 3, 255, 255, 255
L -47, 1, 3, -47, -5, 3, 255, 255, 255
L -47, -5, 3, -45, -7, 2, 255, 255, 255
L -45, -7, 2, -35, -7, 2, 255, 255, 255
L -35, -7, 2, -33, -5, 3, 255, 255, 255
L -33, -5, 3, -33, 3, 3, 255, 255, 255
L -33, 3, 3, -24, 13, 3, 255, 255, 255
L -24, 13, 3, -15, 13, 3, 255, 255, 255
L -15, 13, 3, -13, 14, 2, 255, 255, 255
L -13, 14, 2, -13, 24, 2, 255, 255, 255
L -13, 24, 2, -15, 26, 3, 255, 255, 255
L -15, 26, 3, -22, 26, 3, 255, 255, 255
L -22, 26, 3, -18, 34, 3, 255, 255, 255
L -18, 34, 3, -23, 40, 3, 255, 255, 255
L -23, 40, 3, -23, 42, 3, 255, 255, 255
L -23, 42, 3, -15, 42, 3, 255, 255, 255
L -15, 42, 3, -13, 44, 2, 255, 255, 255
L -13, 44, 2, -13, 54, 2, 255, 255, 255
L -13, 54, 2, -15, 56, 3, 255, 255, 255
L -15, 56, 3, -24, 56, 3, 255, 255, 255
L -24, 56, 3, -28, 60, 3, 255, 255, 255
L -28, 60, 3, -33, 69, 3, 255, 255, 255
L -33, 69, 3, -33, 71, 3, 255, 255, 255
L -33, 71, 3, -20, 71, 3, 255, 255, 255
L -20, 71, 3, -18, 73, 3, 255, 255, 255
L -18, 73, 3, -18, 88, 3, 255, 255, 255
L -18, 88, 3, -20, 89, 3, 255, 255, 255
L -20, 89, 3, -33, 89, 3, 255, 255, 255
L -33, 89, 3, -33, 99, 3, 255, 255, 255
L -33, 99, 3, -39, 106, 3, 255, 255, 255
L -39, 106, 3, -48, 118, 3, 255, 255, 255
L -48, 118, 3, -50, 127, 3, 255, 255, 255
L -50, 127, 3, -55, 132, 3, 255, 255, 255
L -55, 132, 3, -61, 136, 3, 255, 255, 255
L -61, 136, 3, -69, 136, 3, 255, 255, 255
L -69, 136, 3, -78, 145, 3, 255, 255, 255
L -78, 145, 3, -78, 164, 3, 255, 255, 255
L -78, 164, 3, -83, 174, 3, 255, 255, 255
L -83, 174, 3, -78, 184, 3, 255, 255, 255
L -78, 184, 3, -78, 193, 3, 255, 255, 255
L -78, 193, 3, -76, 196, 3, 255, 255, 255
L -76, 196, 3, -69, 202, 3, 255, 255, 255
L -69, 202, 3, -47, 225, 3, 255, 255, 255
L -47, 225, 3, -34, 242, 3, 255, 255, 255
L -34, 242, 3, -27, 243, 3, 255, 255, 255
L -27, 243, 3, -24, 245, 3, 255, 255, 255
L -24, 245, 3, -20, 247, 3, 255, 255, 255
L -20, 247, 3, -10, 247, 3, 255, 255, 255
L -10, 247, 3, 0, 242, 3, 255, 255, 255
L 0, 242, 3, 11, 243, 3, 255, 255, 255
L 11, 243, 3, 20, 247, 3, 255, 255, 255
L 20, 247, 3, 29, 247, 3, 255, 255, 255
L 29, 247, 3, 38, 242, 3, 255, 255, 255
L 38, 242, 3, 48, 242, 3, 255, 255, 255
L 48, 242, 3, 57, 223, 3, 255, 255, 255
L 57, 223, 3, 57, 215, 3, 255, 255, 255
L 57, 215, 3, 59, 211, 3, 255, 255, 255
L 59, 211, 3, 67, 203, 3, 255, 255, 255
L 67, 203, 3, 67, 194, 3, 255, 255, 255
L 67, 194, 3, 62, 184, 3, 255, 255, 255
L 62, 184, 3, 67, 164, 3, 255, 255, 255
L 67, 164, 3, 67, 154, 3, 255, 255, 255
L 67, 154, 3, 57, 135, 3, 255, 255, 255
L 57, 135, 3, 47, 125, 3, 255, 255, 255
L 47, 125, 3, 47, 115, 3, 255, 255, 255
L 47, 115, 3, 38, 106, 3, 255, 255, 255
L 38, 106, 3, 22, 100, 3, 255, 255, 255
L 22, 100, 3, 22, 89, 3, 255, 255, 255
L 22, 89, 3, 8, 89, 3, 255, 255, 255
L 8, 89, 3, 7, 88, 3, 255, 255, 255
L 7, 88, 3, 7, 72, 3, 255, 255, 255
L 7, 72, 3, 9, 71, 3, 255, 255, 255
L 9, 71, 3, 13, 71, 3, 255, 255, 255
L 13, 71, 3, 12, 56, 3, 255, 255, 255
L 12, 56, 3, 4, 56, 3, 255, 255, 255
L 4, 56, 3, 2, 54, 2, 255, 255, 255
L 2, 54, 2, 2, 44, 2, 255, 255, 255
L 2, 44, 2, 4, 42, 3, 255, 255, 255
L 4, 42, 3, 12, 42, 3, 255, 255, 255
L 12, 42, 3, 12, 40, 3, 255, 255, 255
L 12, 40, 3, 7, 34, 3, 255, 255, 255
L 7, 34, 3, 11, 26, 3, 255, 255, 255
L 11, 26, 3, 3, 26, 3, 255, 255, 255
L 3, 26, 3, 2, 24, 2, 255, 255, 255
L 2, 24, 2, 2, 14, 2, 255, 255, 255
L 2, 14, 2, 5, 13, 3, 255, 255, 255
L 5, 13, 3, 13, 13, 3, 255, 255, 255
L 13, 13, 3, 22, 3, 3, 255, 255, 255
L 22, 3, 3, 22, -5, 3, 255, 255, 255
L 22, -5, 3, 24, -7, 2, 255, 255, 255
L 24, -7, 2, 34, -7, 2, 255, 255, 255
L 34, -7, 2, 36, -5, 3, 255, 255, 255
L 36, -5, 3, 36, 1, 3, 255, 255, 255
L 36, 1, 3, 44, -2, 3, 255, 255, 255
L 44, -2, 3, 50, 2, 3, 255, 255, 255
L 50, 2, 3, 54, 2, 3, 255, 255, 255
L 54, 2, 3, 65, -2, 3, 255, 255, 255
L 65, -2, 3, 70, 2, 3, 255, 255, 255
L 70, 2, 3, 85, 8, 3, 255, 255, 255
L 85, 8, 3, 86, 18, 3, 255, 255, 255
L 86, 18, 3, 87, 19, 3, 255, 255, 255
L 87, 19, 3, 89, 16, 3, 255, 255, 255
L 89, 16, 3, 105, 17, 3, 255, 255, 255
L 105, 17, 3, 107, 19, 3, 255, 255, 255
L 107, 19, 3, 107, 22, 3, 255, 255, 255
L 107, 22, 3, 105, 27, 3, 255, 255, 255
L 105, 27, 3, 91, 27, 3, 255, 255, 255
L 91, 27, 3, 91, 52, 5, 255, 255, 255
L 91, 52, 5, 127, 52, 5, 255, 255, 255
L 127, 52, 5, 127, 27, 3, 255, 255, 255
L 127, 27, 3, 113, 27, 3, 255, 255, 255
L 113, 27, 3, 111, 22, 3, 255, 255, 255
L 111, 22, 3, 111, 19, 3, 255, 255, 255
L 111, 19, 3, 113, 17, 3, 255, 255, 255
L 113, 17, 3, 129, 17, 3, 255, 255, 255
L 129, 17, 3, 131, 19, 3, 255, 255, 255
L 131, 19, 3, 131, 23, 3, 255, 255, 255
L 131, 23, 3, 135, 27, 3, 255, 255, 255
L 135, 27, 3, 144, 27, 3, 255, 255, 255
L 144, 27, 3, 150, 32, 3, 255, 255, 255
L 150, 32, 3, 180, 32, 3, 255, 255, 255
L 180, 32, 3, 189, 37, 3, 255, 255, 255
L 189, 37, 3, 215, 37, 3, 255, 255, 255
L 215, 37, 3, 234, 42, 3, 255, 255, 255
L 234, 42, 3, 244, 42, 3, 255, 255, 255
L 244, 42, 3, 265, 48, 3, 255, 255, 255
L 265, 48, 3, 266, 54, 3, 255, 255, 255
L 266, 54, 3, 261, 60, 3, 255, 255, 255
L 261, 60, 3, 261, 64, 3, 255, 255, 255
L 261, 64, 3, 266, 75, 3, 255, 255, 255
L 266, 75, 3, 260, 80, 3, 255, 255, 255
L 260, 80, 3, 256, 89, 3, 255, 255, 255
L 256, 89, 3, 256, 128, 3, 255, 255, 255
L 256, 128, 3, 261, 133, 3, 255, 255, 255
L 261, 133, 3, 250, 155, 3, 255, 255, 255
L 250, 155, 3, 246, 160, 3, 255, 255, 255
L 246, 160, 3, 246, 168, 3, 255, 255, 255
L 246, 168, 3, 251, 174, 3, 255, 255, 255
L 251, 174, 3, 236, 190, 3, 255, 255, 255
L 236, 190, 3, 236, 194, 3, 255, 255, 255
L 236, 194, 3, 230, 200, 3, 255, 255, 255
L 230, 200, 3, 225, 201, 3, 255, 255, 255
L 225, 201, 3, 222, 207, 4, 255, 255, 255
L 222, 207, 4, 230, 206, 3, 255, 255, 255
L 230, 206, 3, 232, 208, 3, 255, 255, 255
L 232, 208, 3, 232, 214, 3, 255, 255, 255
L 232, 214, 3, 231, 216, 3, 255, 255, 255
L 231, 216, 3, 226, 215, 3, 255, 255, 255
L 226, 215, 3, 226, 212, 3, 255, 255, 255
L 226, 212, 3, 219, 212, 3, 255, 255, 255
L 219, 212, 3, 217, 211, 3, 255, 255, 255
L 217, 211, 3, 201, 211, 3, 255, 255, 255
L 201, 211, 3, 201, 227, 3, 255, 255, 255
L 201, 227, 3, 217, 227, 3, 255, 255, 255
L 217, 227, 3, 226, 226, 5, 255, 255, 255
L 226, 226, 5, 226, 223, 3, 255, 255, 255
L 226, 223, 3, 231, 222, 3, 255, 255, 255
L 231, 222, 3, 232, 230, 3, 255, 255, 255
L 232, 230, 3, 230, 232, 3, 255, 255, 255
L 230, 232, 3, 222, 231, 4, 255, 255, 255
L 222, 231, 4, 226, 243, 3, 255, 255, 255
L 226, 243, 3, 231, 249, 3, 255, 255, 255
L 231, 249, 3, 226, 264, 3, 255, 255, 255
L 226, 264, 3, 226, 289, 3, 255, 255, 255
L 226, 289, 3, 221, 295, 3, 255, 255, 255
L 221, 295, 3, 220, 330, 3, 255, 255, 255
L 220, 330, 3, 199, 331, 3, 255, 255, 255
L 199, 331, 3, 185, 336, 3, 255, 255, 255
L 185, 336, 3, 181, 340, 3, 255, 255, 255
L 181, 340, 3, 180, 345, 3, 255, 255, 255
L 180, 345, 3, 170, 350, 3, 255, 255, 255
L 170, 350, 3, 165, 355, 3, 255, 255, 255
L 165, 355, 3, 160, 365, 3, 255, 255, 255
L 160, 365, 3, 138, 366, 3, 255, 255, 255
L 138, 366, 3, 128, 361, 3, 255, 255, 255
L 128, 361, 3, 125, 361, 3, 255, 255, 255
L 125, 361, 3, 119, 366, 3, 255, 255, 255
L 119, 366, 3, 109, 366, 3, 255, 255, 255
L 109, 366, 3, 97, 370, 3, 255, 255, 255
L 97, 370, 3, 93, 365, 3, 255, 255, 255
L 93, 365, 3, 84, 361, 3, 255, 255, 255
L 84, 361, 3, 81, 361, 3, 255, 255, 255
L 81, 361, 3, 81, 362, 3, 255, 255, 255
L 81, 362, 3, 77, 366, 3, 255, 255, 255
L 77, 366, 3, 72, 366, 3, 255, 255, 255
L 72, 366, 3, 71, 364, 3, 255, 255, 255
L 71, 364, 3, 71, 359, 3, 255, 255, 255
L 71, 359, 3, 73, 357, 3, 255, 255, 255
L 73, 357, 3, 77, 357, 3, 255, 255, 255
L 77, 357, 3, 77, 331, 3, 255, 255, 255
L 77, 331, 3, 51, 331, 3, 255, 255, 255
L 51, 331, 3, 51, 336, 3, 255, 255, 255
L 51, 336, 3, 53, 338, 3, 255, 255, 255
L 53, 338, 3, 53, 350, 3, 255, 255, 255
L 53, 350, 3, 51, 352, 3, 255, 255, 255
L 51, 352, 3, 51, 357, 3, 255, 255, 255
L 51, 357, 3, 65, 357, 3, 255, 255, 255
L 65, 357, 3, 67, 359, 3, 255, 255, 255
L 67, 359, 3, 67, 364, 3, 255, 255, 255
L 67, 364, 3, 65, 366, 3, 255, 255, 255
L 65, 366, 3, 61, 366, 3, 255, 255, 255
L 61, 366, 3, 57, 367, 3, 255, 255, 255
L 57, 367, 3, 54, 371, 3, 255, 255, 255
L 54, 371, 3, 48, 370, 3, 255, 255, 255
L 48, 370, 3, 18, 346, 3, 255, 255, 255
L 18, 346, 3, 16, 346, 3, 255, 255, 255
L 16, 346, 3, 14, 348, 3, 255, 255, 255
L -203, 311, 34, -199, 311, 3, 255, 255, 255
L -199, 311, 3, -197, 309, 3, 255, 255, 255
L -197, 309, 3, -197, 306, 3, 255, 255, 255
L -197, 306, 3, -198, 301, 3, 255, 255, 255
L -198, 301, 3, -198, 257, -1, 255, 255, 255
L -198, 257, -1, -187, 257, -1, 255, 255, 255
L -187, 257, -1, -187, 263, -1, 255, 255, 255
L -187, 263, -1, -185, 265, -1, 255, 255, 255
L -185, 265, -1, -175, 265, -1, 255, 255, 255
L -175, 265, -1, -173, 263, -1, 255, 255, 255
L -173, 263, -1, -173, 257, -1, 255, 255, 255
L -173, 257, -1, -162, 257, -1, 255, 255, 255
L -162, 257, -1, -161, 264, -1, 255, 255, 255
L -161, 264, -1, -160, 265, -1, 255, 255, 255
L -160, 265, -1, -159, 265, -1, 255, 255, 255
L -159, 265, -1, -158, 264, -1, 255, 255, 255
L -158, 264, -1, -158, 254, 3, 255, 255, 255
L -158, 254, 3, -159, 253, 3, 255, 255, 255
L -159, 253, 3, -176, 253, 3, 255, 255, 255
L -176, 253, 3, -177, 254, 3, 255, 255, 255
L -177, 254, 3, -177, 261, 3, 255, 255, 255
L -177, 261, 3, -183, 261, 3, 255, 255, 255
L -183, 261, 3, -183, 254, 3, 255, 255, 255
L -183, 254, 3, -184, 253, 3, 255, 255, 255
L -184, 253, 3, -198, 253, 3, 255, 255, 255
L -198, 253, 3, -198, 252, 3, 255, 255, 255
L -198, 252, 3, -222, 252, 3, 255, 255, 255
L -222, 252, 3, -233, 252, 5, 255, 255, 255
L -233, 252, 5, -233, 238, 3, 255, 255, 255
L -233, 238, 3, -235, 236, 3, 255, 255, 255
L -235, 236, 3, -240, 236, 3, 255, 255, 255
L -240, 236, 3, -242, 238, 3, 255, 255, 255
L -242, 238, 3, -242, 257, 5, 255, 255, 255
L -242, 257, 5, -258, 257, 3, 255, 255, 255
L -258, 257, 3, -258, 248, 3, 255, 255, 255
L -258, 248, 3, -263, 248, 3, 255, 255, 255
L -263, 248, 3, -263, 260, 3, 255, 255, 255
L -263, 260, 3, -261, 262, 3, 255, 255, 255
L -261, 262, 3, -252, 262, 3, 255, 255, 255
L -252, 262, 3, -252, 263, 3, 255, 255, 255
L -252, 263, 3, -262, 281, 5, 255, 255, 255
L -262, 281, 5, -270, 287, 3, 255, 255, 255
L -270, 287, 3, -272, 288, 3, 255, 255, 255
L -272, 288, 3, -272, 300, 3, 255, 255, 255
L -272, 300, 3, -262, 310, 3, 255, 255, 255
L -262, 310, 3, -262, 320, 3, 255, 255, 255
L -262, 320, 3, -255, 326, 3, 255, 255, 255
L -255, 326, 3, -247, 322, 3, 255, 255, 255
L -247, 322, 3, -247, 329, 3, 255, 255, 255
L -247, 329, 3, -245, 331, 2, 255, 255, 255
L -245, 331, 2, -235, 331, 2, 255, 255, 255
L -235, 331, 2, -233, 329, 3, 255, 255, 255
L -233, 329, 3, -233, 322, 3, 255, 255, 255
L -233, 322, 3, -226, 325, 3, 255, 255, 255
L -226, 325, 3, -214, 326, 3, 255, 255, 255
L -214, 326, 3, -206, 317, 3, 255, 255, 255
L -206, 317, 3, -203, 313, 3, 255, 255, 255
L -203, 313, 3, -203, 311, 3, 255, 255, 255
L 92, 672, -962, 92, 672, -96, 0, 255, 255
L 92, 672, -96, 77, 677, -96, 0, 255, 255
L 77, 677, -96, 77, 703, -96, 0, 255, 255
L 77, 703, -96, 83, 726, -96, 0, 255, 255
L 83, 726, -96, 87, 731, -96, 0, 255, 255
L 87, 731, -96, 83, 741, -95, 0, 255, 255
L 83, 741, -95, 61, 741, -95, 0, 255, 255
L 61, 741, -95, 56, 744, -109, 0, 255, 255
L 56, 744, -109, 57, 961, -69, 0, 255, 255
L 57, 961, -69, -28, 961, -125, 0, 255, 255
L -28, 961, -125, -29, 949, -125, 0, 255, 255
L -29, 949, -125, -68, 918, -125, 0, 255, 255
L -68, 918, -125, -68, 726, -69, 0, 255, 255
L -68, 726, -69, 57, 726, -99, 0, 255, 255
L 57, 726, -99, 57, 730, -100, 0, 255, 255
L 57, 730, -100, 66, 725, -96, 0, 255, 255
L 66, 725, -96, 62, 716, -96, 0, 255, 255
L 62, 716, -96, 61, 690, -96, 0, 255, 255
L 61, 690, -96, 66, 680, -96, 0, 255, 255
L 66, 680, -96, 66, 670, -96, 0, 255, 255
L 66, 670, -96, 78, 666, -96, 0, 255, 255
L 78, 666, -96, 81, 661, -96, 0, 255, 255
P -90, -205, 0, 255, 255, 0, 2, Icewell_Keep
P 87, 664, 0, 255, 255, 0, 2, Icewell_Keep
P 21, 1229, 0, 255, 255, 0, 2, The_Great_Divide
P -134, 278, 0, 255, 255, 255, 2, Milk
P 215, 219, 0, 255, 255, 255, 2, Food
P -173, 319, 0, 0, 0, 255, 2, Bank
P -95, 546, 0, 0, 0, 255, 2, Arena
P -9, 325, 0, 0, 255, 255, 2, Brd
P -221, 111, 0, 0, 255, 255, 2, Dru
P -809, 182, 0, 0, 255, 255, 2, Enc
P -230, 111, 0, 0, 255, 255, 2, Mag
P -470, 226, 0, 0, 255, 255, 2, Pal
P 297, 202, 0, 0, 255, 255, 2, Rng
P 135, -42, 0, 0, 255, 255, 2, Rog
P 127, 434, 0, 0, 255, 255, 2, Shd
P -217, 147, 0, 0, 255, 255, 2, Wiz
P 0, 1222, 0, 255, 255, 255, 2, Succor_Point
