L -649, -544, -94, -656, -349, -120, 0, 0, 0
L -656, -349, -120, -656, -175, -120, 0, 0, 0
L -656, -175, -120, -565, -25, -59, 0, 0, 0
L -565, -25, -59, -554, 20, -59, 0, 0, 0
L -554, 20, -59, -487, 41, -60, 0, 0, 0
L -487, 41, -60, -461, 317, -130, 0, 0, 0
L -461, 317, -130, -389, 346, -120, 0, 0, 0
L -389, 346, -120, -301, 342, -119, 0, 0, 0
L -301, 342, -119, -276, 287, -119, 0, 0, 0
L -276, 287, -119, -242, 291, -119, 0, 0, 0
L -242, 291, -119, -224, 280, -120, 0, 0, 0
L -224, 280, -120, -208, 209, -119, 0, 0, 0
L -229, 222, -119, -167, 183, -119, 0, 0, 0
L -167, 183, -119, -159, 152, -117, 0, 0, 0
L -159, 152, -117, -177, 118, -119, 0, 0, 0
L -177, 118, -119, -232, 110, -118, 0, 0, 0
L -232, 110, -118, -272, 126, -119, 0, 0, 0
L -272, 126, -119, -270, 179, -119, 0, 0, 0
L -270, 179, -119, -229, 222, -119, 0, 0, 0
L -486, 47, -59, -404, -27, -59, 0, 0, 0
L -404, -27, -59, -321, -10, -57, 0, 0, 0
L -321, -10, -57, -306, -1, -60, 0, 0, 0
L -330, -11, -56, -326, -135, -59, 0, 0, 0
L -326, -135, -59, -278, -98, -59, 0, 0, 0
L -306, -1, -60, -237, -1, -7, 0, 0, 0
L -237, -1, -7, -111, 63, 0, 0, 0, 0
L -111, 63, 0, -105, 137, 4, 0, 0, 0
L -105, 137, 4, -82, 165, 0, 0, 0, 0
L -82, 165, 0, -81, 253, 60, 0, 0, 0
L -81, 253, 60, -82, 301, 60, 0, 0, 0
L -82, 301, 60, -86, 329, 60, 0, 0, 0
L -86, 329, 60, -44, 329, 60, 0, 0, 0
L -44, 329, 60, -52, 365, 60, 0, 0, 0
L -52, 365, 60, -84, 369, 60, 0, 0, 0
L -84, 369, 60, -87, 384, 60, 0, 0, 0
L -87, 384, 60, -43, 384, 60, 0, 0, 0
L -43, 384, 60, -42, 457, 60, 0, 0, 0
L -42, 457, 60, -22, 458, 60, 0, 0, 0
L -22, 458, 60, -23, 423, 60, 0, 0, 0
L -23, 423, 60, 145, 423, 0, 0, 0, 0
L 145, 423, 0, 209, 506, 2, 0, 0, 0
L 209, 506, 2, 215, 609, 2, 0, 0, 0
L 215, 609, 2, 337, 610, 2, 0, 0, 0
L 337, 610, 2, 338, 529, -8, 0, 0, 0
L 338, 529, -8, 336, 481, -56, 0, 0, 0
L 336, 481, -56, 336, 460, -60, 0, 0, 0
L 336, 460, -60, 478, 469, 1, 0, 0, 0
L 478, 469, 1, 488, 440, 1, 0, 0, 0
L 488, 440, 1, 620, 439, 61, 0, 0, 0
L 620, 439, 61, 811, 431, 62, 0, 0, 0
L 811, 431, 62, 817, 402, 60, 0, 0, 0
L 817, 402, 60, 906, 415, 64, 0, 0, 0
L 906, 415, 64, 941, 418, 64, 0, 0, 0
L 941, 418, 64, 942, 403, 64, 0, 0, 0
P -641, -549, -94, 255, 0, 255, 3, To_Everfrost_Peaks
P -656, -497, -115, 0, 127, 0, 3, mira
P -487, 41, -60, 127, 64, 0, 3, T_intersect
P -310, 0, -59, 127, 64, 0, 3, T_intersect
P -278, -97, -59, 240, 0, 0, 3, DEAD_END
P -100, 10, 2, 127, 64, 0, 3, T_intersection
P -82, 165, 0, 127, 64, 0, 3, T_intersect_stairs
P 336, 460, -60, 127, 64, 0, 3, T_intersection
P 854, 423, 61, 0, 0, 240, 3, maze
P 940, 405, 64, 0, 0, 240, 3, hostage_(Emili_the_Powerful)
