L 43, -1324, 760, 43, -1324, 76, 153, 153, 153
L 43, -1324, 76, 50, -1336, 72, 153, 153, 153
L 50, -1336, 72, 57, -1353, 71, 153, 153, 153
L 57, -1353, 71, 55, -1378, 66, 153, 153, 153
L 55, -1378, 66, 48, -1389, 64, 153, 153, 153
L 48, -1389, 64, 39, -1398, 62, 153, 153, 153
L 39, -1398, 62, 30, -1403, 61, 153, 153, 153
L 30, -1403, 61, 19, -1406, 59, 153, 153, 153
L 19, -1406, 59, 6, -1407, 57, 153, 153, 153
L -29, -1406, 522, -29, -1406, 52, 153, 153, 153
L -29, -1406, 52, -26, -1401, 53, 153, 153, 153
L -26, -1401, 53, -17, -1391, 55, 153, 153, 153
L -17, -1391, 55, -6, -1384, 56, 153, 153, 153
L -6, -1384, 56, 6, -1381, 58, 153, 153, 153
L 6, -1381, 58, 23, -1378, 61, 153, 153, 153
L 23, -1378, 61, 31, -1367, 66, 153, 153, 153
L 31, -1367, 66, 32, -1358, 68, 153, 153, 153
L 32, -1358, 68, 32, -1347, 66, 153, 153, 153
L 32, -1347, 66, 34, -1341, 66, 153, 153, 153
L 34, -1341, 66, 27, -1336, 70, 153, 153, 153
L 13, -1396, 1420, 13, -1396, 142, 153, 153, 153
L 13, -1396, 142, 25, -1396, 145, 153, 153, 153
L 25, -1396, 145, 36, -1393, 144, 153, 153, 153
L 36, -1393, 144, 74, -1374, 176, 153, 153, 153
L 74, -1374, 176, 73, -1351, 183, 153, 153, 153
L 73, -1351, 183, 71, -1343, 175, 153, 153, 153
L 71, -1343, 175, 68, -1330, 150, 153, 153, 153
L 68, -1330, 150, 63, -1309, 130, 153, 153, 153
L 63, -1309, 130, 59, -1295, 128, 153, 153, 153
L 59, -1295, 128, 55, -1265, 125, 153, 153, 153
L 55, -1265, 125, 65, -1239, 113, 153, 153, 153
L 65, -1239, 113, 94, -1262, 112, 153, 153, 153
L 94, -1262, 112, 96, -1261, 112, 153, 153, 153
L 96, -1261, 112, 106, -1259, 108, 153, 153, 153
L 106, -1259, 108, 110, -1258, 107, 153, 153, 153
L 110, -1258, 107, 154, -1249, 89, 153, 153, 153
L 154, -1249, 89, 168, -1246, 81, 153, 153, 153
L 168, -1246, 81, 193, -1250, 67, 153, 153, 153
L 193, -1250, 67, 266, -1270, 95, 153, 153, 153
L 266, -1270, 95, 278, -1273, 99, 153, 153, 153
L 278, -1273, 99, 290, -1275, 96, 153, 153, 153
L 290, -1275, 96, 305, -1279, 82, 153, 153, 153
L 305, -1279, 82, 311, -1280, 74, 153, 153, 153
L 311, -1280, 74, 319, -1282, 67, 153, 153, 153
L 319, -1282, 67, 343, -1287, 57, 153, 153, 153
L 343, -1287, 57, 366, -1315, 99, 153, 153, 153
L 366, -1315, 99, 373, -1324, 102, 153, 153, 153
L 373, -1324, 102, 387, -1340, 106, 153, 153, 153
L 387, -1340, 106, 413, -1356, 139, 153, 153, 153
L 413, -1356, 139, 421, -1361, 147, 153, 153, 153
L 421, -1361, 147, 432, -1368, 146, 153, 153, 153
L 432, -1368, 146, 463, -1388, 162, 153, 153, 153
L 463, -1388, 162, 472, -1393, 157, 153, 153, 153
L 472, -1393, 157, 476, -1396, 149, 153, 153, 153
L 476, -1396, 149, 478, -1396, 145, 153, 153, 153
L 478, -1396, 145, 481, -1397, 141, 153, 153, 153
L 481, -1397, 141, 495, -1398, 114, 153, 153, 153
L 495, -1398, 114, 504, -1398, 102, 153, 153, 153
L 504, -1398, 102, 512, -1399, 92, 153, 153, 153
L 512, -1399, 92, 518, -1399, 87, 153, 153, 153
L 518, -1399, 87, 525, -1400, 81, 153, 153, 153
L 525, -1400, 81, 532, -1400, 77, 153, 153, 153
L 532, -1400, 77, 549, -1401, 65, 153, 153, 153
L 549, -1401, 65, 570, -1399, 54, 153, 153, 153
L 570, -1399, 54, 579, -1397, 51, 153, 153, 153
L 579, -1397, 51, 600, -1403, 52, 153, 153, 153
L 600, -1403, 52, 611, -1400, 56, 153, 153, 153
L 611, -1400, 56, 617, -1399, 57, 153, 153, 153
L 617, -1399, 57, 635, -1394, 66, 153, 153, 153
L 635, -1394, 66, 646, -1391, 74, 153, 153, 153
L 646, -1391, 74, 674, -1386, 110, 153, 153, 153
L 674, -1386, 110, 696, -1384, 125, 153, 153, 153
L 696, -1384, 125, 715, -1382, 134, 153, 153, 153
L 715, -1382, 134, 728, -1380, 129, 153, 153, 153
L 728, -1380, 129, 741, -1380, 116, 153, 153, 153
L 741, -1380, 116, 752, -1381, 94, 153, 153, 153
L 752, -1381, 94, 778, -1383, 62, 153, 153, 153
L 778, -1383, 62, 790, -1384, 57, 153, 153, 153
L 790, -1384, 57, 817, -1386, 51, 153, 153, 153
L 817, -1386, 51, 845, -1390, 48, 153, 153, 153
L 845, -1390, 48, 870, -1398, 62, 153, 153, 153
L 870, -1398, 62, 884, -1402, 74, 153, 153, 153
L 884, -1402, 74, 918, -1412, 90, 153, 153, 153
L 918, -1412, 90, 926, -1411, 98, 153, 153, 153
L 926, -1411, 98, 941, -1405, 115, 153, 153, 153
L 941, -1405, 115, 960, -1398, 132, 153, 153, 153
L 960, -1398, 132, 967, -1396, 128, 153, 153, 153
L 967, -1396, 128, 977, -1392, 121, 153, 153, 153
L 977, -1392, 121, 1027, -1395, 96, 153, 153, 153
L 1027, -1395, 96, 1050, -1399, 97, 153, 153, 153
L 1050, -1399, 97, 1100, -1409, 122, 153, 153, 153
L 1100, -1409, 122, 1122, -1413, 130, 153, 153, 153
L 1122, -1413, 130, 1201, -1436, 159, 153, 153, 153
L 1201, -1436, 159, 1232, -1431, 164, 153, 153, 153
L 1232, -1431, 164, 1246, -1427, 159, 153, 153, 153
L 1246, -1427, 159, 1298, -1411, 193, 153, 153, 153
L 1298, -1411, 193, 1325, -1403, 201, 153, 153, 153
L 1325, -1403, 201, 1354, -1387, 216, 153, 153, 153
L 1354, -1387, 216, 1357, -1382, 207, 153, 153, 153
L 1357, -1382, 207, 1364, -1370, 187, 153, 153, 153
L 1364, -1370, 187, 1373, -1355, 171, 153, 153, 153
L 1373, -1355, 171, 1382, -1340, 150, 153, 153, 153
L 1382, -1340, 150, 1399, -1311, 114, 153, 153, 153
L 1399, -1311, 114, 1407, -1294, 103, 153, 153, 153
L 1407, -1294, 103, 1407, -1274, 82, 153, 153, 153
L 1407, -1274, 82, 1407, -1263, 77, 153, 153, 153
L 1407, -1263, 77, 1402, -1232, 58, 153, 153, 153
L 1402, -1232, 58, 1396, -1225, 49, 153, 153, 153
L 1396, -1225, 49, 1372, -1192, 26, 153, 153, 153
L 1372, -1192, 26, 1361, -1163, 34, 153, 153, 153
L 1361, -1163, 34, 1348, -1102, 76, 153, 153, 153
L 1348, -1102, 76, 1348, -1094, 73, 153, 153, 153
L 1348, -1094, 73, 1352, -1064, 89, 153, 153, 153
L 1352, -1064, 89, 1361, -1049, 74, 153, 153, 153
L 1361, -1049, 74, 1368, -1036, 55, 153, 153, 153
L 1368, -1036, 55, 1380, -1016, 40, 153, 153, 153
L 1380, -1016, 40, 1387, -1006, 41, 153, 153, 153
L 1387, -1006, 41, 1398, -985, 58, 153, 153, 153
L 1398, -985, 58, 1396, -961, 63, 153, 153, 153
L 1396, -961, 63, 1383, -946, 52, 153, 153, 153
L 1383, -946, 52, 1381, -942, 50, 153, 153, 153
L 1381, -942, 50, 1378, -925, 49, 153, 153, 153
L 1378, -925, 49, 1379, -913, 51, 153, 153, 153
L 1379, -913, 51, 1385, -906, 59, 153, 153, 153
L 1385, -906, 59, 1383, -900, 57, 153, 153, 153
L 1383, -900, 57, 1381, -895, 54, 153, 153, 153
L 1381, -895, 54, 1366, -871, 34, 153, 153, 153
L 1366, -871, 34, 1358, -850, 27, 153, 153, 153
L 1358, -850, 27, 1334, -789, 2, 153, 153, 153
L 1334, -789, 2, 1322, -758, -2, 153, 153, 153
L 1322, -758, -2, 1313, -734, -1, 153, 153, 153
L 1313, -734, -1, 1300, -713, -1, 153, 153, 153
L 1300, -713, -1, 1279, -696, 2, 153, 153, 153
L 1279, -696, 2, 1272, -690, 2, 153, 153, 153
L 1272, -690, 2, 1250, -648, 35, 153, 153, 153
L 1250, -648, 35, 1244, -618, 23, 153, 153, 153
L 1244, -618, 23, 1244, -616, 21, 153, 153, 153
L 1244, -616, 21, 1242, -606, 9, 153, 153, 153
L 1242, -606, 9, 1241, -601, 2, 153, 153, 153
L 1241, -601, 2, 1243, -585, 3, 153, 153, 153
L 1243, -585, 3, 1276, -544, 1, 153, 153, 153
L 1276, -544, 1, 1290, -526, 6, 153, 153, 153
L 1290, -526, 6, 1317, -489, 39, 153, 153, 153
L 1317, -489, 39, 1321, -481, 43, 153, 153, 153
L 1321, -481, 43, 1333, -450, 62, 153, 153, 153
L 1333, -450, 62, 1336, -419, 81, 153, 153, 153
L 1336, -419, 81, 1339, -397, 101, 153, 153, 153
L 1339, -397, 101, 1355, -359, 117, 153, 153, 153
L 12, -1396, 1455, 12, -1396, 145, 153, 153, 153
L 12, -1396, 145, -9, -1396, 145, 153, 153, 153
L -9, -1396, 145, -47, -1396, 152, 153, 153, 153
L -47, -1396, 152, -104, -1396, 154, 153, 153, 153
L -104, -1396, 154, -148, -1396, 153, 153, 153, 153
L -148, -1396, 153, -187, -1396, 145, 153, 153, 153
L -187, -1396, 145, -229, -1388, 139, 153, 153, 153
L -229, -1388, 139, -254, -1381, 138, 153, 153, 153
L -254, -1381, 138, -282, -1381, 139, 153, 153, 153
L -282, -1381, 139, -349, -1385, 146, 153, 153, 153
L -349, -1385, 146, -418, -1390, 136, 153, 153, 153
L -418, -1390, 136, -446, -1394, 135, 153, 153, 153
L -446, -1394, 135, -487, -1399, 130, 153, 153, 153
L -487, -1399, 130, -528, -1404, 123, 153, 153, 153
L -528, -1404, 123, -563, -1399, 105, 153, 153, 153
L -563, -1399, 105, -623, -1389, 70, 153, 153, 153
L -623, -1389, 70, -677, -1378, 45, 153, 153, 153
L -677, -1378, 45, -687, -1376, 43, 153, 153, 153
L -687, -1376, 43, -719, -1370, 40, 153, 153, 153
L -719, -1370, 40, -751, -1364, 68, 153, 153, 153
L -751, -1364, 68, -779, -1358, 88, 153, 153, 153
L -779, -1358, 88, -814, -1358, 78, 153, 153, 153
L -814, -1358, 78, -898, -1381, 73, 153, 153, 153
L -898, -1381, 73, -977, -1402, 64, 153, 153, 153
L -977, -1402, 64, -987, -1404, 84, 153, 153, 153
L -987, -1404, 84, -1017, -1401, 94, 153, 153, 153
L -1017, -1401, 94, -1067, -1396, 83, 153, 153, 153
L -1067, -1396, 83, -1108, -1396, 73, 153, 153, 153
L -1108, -1396, 73, -1143, -1395, 66, 153, 153, 153
L -1143, -1395, 66, -1183, -1390, 80, 153, 153, 153
L -1183, -1390, 80, -1195, -1389, 91, 153, 153, 153
L -1195, -1389, 91, -1223, -1383, 93, 153, 153, 153
L -1223, -1383, 93, -1262, -1371, 97, 153, 153, 153
L -1262, -1371, 97, -1286, -1352, 89, 153, 153, 153
L -1286, -1352, 89, -1310, -1333, 87, 153, 153, 153
L -1310, -1333, 87, -1330, -1317, 86, 153, 153, 153
L -1330, -1317, 86, -1350, -1292, 75, 153, 153, 153
L -1350, -1292, 75, -1371, -1228, 53, 153, 153, 153
L -1371, -1228, 53, -1378, -1207, 66, 153, 153, 153
L -1378, -1207, 66, -1379, -1187, 100, 153, 153, 153
L -1379, -1187, 100, -1379, -1150, 100, 153, 153, 153
L -1379, -1150, 100, -1379, -1132, 92, 153, 153, 153
L -1379, -1132, 92, -1377, -1111, 87, 153, 153, 153
L -1377, -1111, 87, -1374, -1092, 97, 153, 153, 153
L -1374, -1092, 97, -1373, -1085, 96, 153, 153, 153
L -1373, -1085, 96, -1367, -1049, 85, 153, 153, 153
L -1367, -1049, 85, -1364, -1033, 79, 153, 153, 153
L -1364, -1033, 79, -1361, -1014, 97, 153, 153, 153
L -1361, -1014, 97, -1353, -985, 125, 153, 153, 153
L -1353, -985, 125, -1337, -928, 142, 153, 153, 153
L -1337, -928, 142, -1363, -870, 139, 153, 153, 153
L -1363, -870, 139, -1372, -850, 119, 153, 153, 153
L -1372, -850, 119, -1388, -814, 97, 153, 153, 153
L -1388, -814, 97, -1396, -788, 87, 153, 153, 153
L -1396, -788, 87, -1406, -755, 76, 153, 153, 153
L -1406, -755, 76, -1413, -730, 86, 153, 153, 153
L -1413, -730, 86, -1413, -706, 80, 153, 153, 153
L -1413, -706, 80, -1413, -675, 69, 153, 153, 153
L -1413, -675, 69, -1415, -642, 61, 153, 153, 153
L -1415, -642, 61, -1417, -611, 58, 153, 153, 153
L -1417, -611, 58, -1418, -586, 63, 153, 153, 153
L -1418, -586, 63, -1420, -557, 56, 153, 153, 153
L -1420, -557, 56, -1403, -561, 52, 153, 153, 153
L -1403, -561, 52, -1380, -550, 48, 153, 153, 153
L -1380, -550, 48, -1373, -540, 48, 153, 153, 153
L -1373, -540, 48, -1371, -534, 49, 153, 153, 153
L -1371, -534, 49, -1374, -520, 46, 153, 153, 153
L -1374, -520, 46, -1389, -497, 49, 153, 153, 153
L -1389, -497, 49, -1413, -480, 82, 153, 153, 153
L -1413, -480, 82, -1413, -477, 82, 153, 153, 153
L -1413, -477, 82, -1411, -458, 77, 153, 153, 153
L -1411, -458, 77, -1405, -413, 68, 153, 153, 153
L -1405, -413, 68, -1398, -383, 68, 153, 153, 153
L -1398, -383, 68, -1394, -367, 67, 153, 153, 153
L -1394, -367, 67, -1387, -344, 75, 153, 153, 153
L -1387, -344, 75, -1379, -311, 113, 153, 153, 153
L -1379, -311, 113, -1370, -280, 131, 153, 153, 153
L -1370, -280, 131, -1357, -267, 118, 153, 153, 153
L -1357, -267, 118, -1346, -257, 107, 153, 153, 153
L -1346, -257, 107, -1350, -195, 88, 153, 153, 153
L -1350, -195, 88, -1355, -184, 101, 153, 153, 153
L -1355, -184, 101, -1377, -150, 100, 153, 153, 153
L -1377, -150, 100, -1391, -130, 94, 153, 153, 153
L -1391, -130, 94, -1401, -116, 101, 153, 153, 153
L -1401, -116, 101, -1409, -95, 95, 153, 153, 153
L -1409, -95, 95, -1416, -70, 124, 153, 153, 153
L -1416, -70, 124, -1424, -29, 129, 153, 153, 153
L -1424, -29, 129, -1427, -2, 119, 153, 153, 153
L -1427, -2, 119, -1429, 26, 112, 153, 153, 153
L -1429, 26, 112, -1425, 70, 101, 153, 153, 153
L -1425, 70, 101, -1421, 104, 115, 153, 153, 153
L -1421, 104, 115, -1414, 121, 117, 153, 153, 153
L -1414, 121, 117, -1411, 128, 115, 153, 153, 153
L -1411, 128, 115, -1393, 168, 98, 153, 153, 153
L -1393, 168, 98, -1388, 187, 91, 153, 153, 153
L -1388, 187, 91, -1392, 227, 83, 153, 153, 153
L -1392, 227, 83, -1394, 251, 78, 153, 153, 153
L -1394, 251, 78, -1399, 298, 90, 153, 153, 153
L -1399, 298, 90, -1403, 335, 104, 153, 153, 153
L -1403, 335, 104, -1404, 347, 102, 153, 153, 153
L -1404, 347, 102, -1404, 390, 110, 153, 153, 153
L -1404, 390, 110, -1404, 417, 109, 153, 153, 153
L -1404, 417, 109, -1404, 440, 109, 153, 153, 153
L -1404, 440, 109, -1393, 486, 96, 153, 153, 153
L -1393, 486, 96, -1389, 498, 93, 153, 153, 153
L -1389, 498, 93, -1375, 544, 83, 153, 153, 153
L -1375, 544, 83, -1371, 560, 71, 153, 153, 153
L -1371, 560, 71, -1374, 578, 84, 153, 153, 153
L -1374, 578, 84, -1373, 618, 107, 153, 153, 153
L -1373, 618, 107, -1368, 645, 124, 153, 153, 153
L -1368, 645, 124, -1366, 657, 121, 153, 153, 153
L -1366, 657, 121, -1361, 704, 155, 153, 153, 153
L -1361, 704, 155, -1361, 717, 152, 153, 153, 153
L -1361, 717, 152, -1362, 739, 145, 153, 153, 153
L -1362, 739, 145, -1362, 776, 134, 153, 153, 153
L -1362, 776, 134, -1362, 803, 127, 153, 153, 153
L -1362, 803, 127, -1372, 860, 115, 153, 153, 153
L -1372, 860, 115, -1379, 890, 122, 153, 153, 153
L -1379, 890, 122, -1375, 924, 115, 153, 153, 153
L -1375, 924, 115, -1372, 948, 108, 153, 153, 153
L -1372, 948, 108, -1371, 986, 99, 153, 153, 153
L -1371, 986, 99, -1371, 1038, 86, 153, 153, 153
L -1371, 1038, 86, -1379, 1102, 75, 153, 153, 153
L -1379, 1102, 75, -1375, 1141, 106, 153, 153, 153
L -1375, 1141, 106, -1371, 1179, 143, 153, 153, 153
L -1371, 1179, 143, -1367, 1212, 135, 153, 153, 153
L -1367, 1212, 135, -1364, 1251, 134, 153, 153, 153
L -1364, 1251, 134, -1362, 1265, 136, 153, 153, 153
L -1362, 1265, 136, -1317, 1343, 104, 153, 153, 153
L -1317, 1343, 104, -1304, 1365, 97, 153, 153, 153
L -1304, 1365, 97, -1294, 1365, 93, 153, 153, 153
L -1294, 1365, 93, -1283, 1365, 90, 153, 153, 153
L -1283, 1365, 90, -1213, 1365, 69, 153, 153, 153
L -1213, 1365, 69, -1177, 1365, 76, 153, 153, 153
L -1177, 1365, 76, -1163, 1362, 89, 153, 153, 153
L -1163, 1362, 89, -1150, 1358, 100, 153, 153, 153
L -1150, 1358, 100, -1136, 1353, 107, 153, 153, 153
L -1136, 1353, 107, -1120, 1347, 105, 153, 153, 153
L -1120, 1347, 105, -1107, 1343, 102, 153, 153, 153
L -1107, 1343, 102, -1087, 1345, 101, 153, 153, 153
L -1087, 1345, 101, -1075, 1354, 98, 153, 153, 153
L -1075, 1354, 98, -1044, 1375, 90, 153, 153, 153
L -1044, 1375, 90, -996, 1387, 86, 153, 153, 153
L -996, 1387, 86, -984, 1389, 93, 153, 153, 153
L -984, 1389, 93, -964, 1386, 87, 153, 153, 153
L -964, 1386, 87, -940, 1381, 81, 153, 153, 153
L -940, 1381, 81, -896, 1373, 69, 153, 153, 153
L -896, 1373, 69, -858, 1376, 72, 153, 153, 153
L -858, 1376, 72, -827, 1378, 83, 153, 153, 153
L -827, 1378, 83, -790, 1381, 88, 153, 153, 153
L -790, 1381, 88, -779, 1381, 89, 153, 153, 153
L -779, 1381, 89, -730, 1375, 89, 153, 153, 153
L -730, 1375, 89, -699, 1371, 81, 153, 153, 153
L -699, 1371, 81, -687, 1370, 78, 153, 153, 153
L -687, 1370, 78, -658, 1368, 70, 153, 153, 153
L -658, 1368, 70, -621, 1364, 41, 153, 153, 153
L -621, 1364, 41, -582, 1360, 38, 153, 153, 153
L -582, 1360, 38, -545, 1365, 42, 153, 153, 153
L -545, 1365, 42, -542, 1365, 43, 153, 153, 153
L -542, 1365, 43, -509, 1377, 61, 153, 153, 153
L -509, 1377, 61, -492, 1389, 62, 153, 153, 153
L -492, 1389, 62, -469, 1398, 63, 153, 153, 153
L -469, 1398, 63, -466, 1395, 63, 153, 153, 153
L -466, 1395, 63, -441, 1374, 60, 153, 153, 153
L 643, 1215, -268, 643, 1215, -26, 153, 153, 153
L 643, 1215, -26, 647, 1235, -24, 153, 153, 153
L 647, 1235, -24, 637, 1282, -14, 153, 153, 153
L 637, 1282, -14, 614, 1336, 6, 153, 153, 153
L 614, 1336, 6, 615, 1341, 8, 153, 153, 153
L 615, 1341, 8, 617, 1346, 9, 153, 153, 153
L 617, 1346, 9, 620, 1350, 10, 153, 153, 153
L 620, 1350, 10, 628, 1354, 14, 153, 153, 153
L 628, 1354, 14, 652, 1357, 18, 153, 153, 153
L 652, 1357, 18, 695, 1368, 23, 153, 153, 153
L 695, 1368, 23, 715, 1397, 27, 153, 153, 153
L 715, 1397, 27, 716, 1403, 28, 153, 153, 153
L 664, 1396, 202, 664, 1396, 20, 153, 153, 153
L 664, 1396, 20, 647, 1396, 17, 153, 153, 153
L 647, 1396, 17, 631, 1394, 15, 153, 153, 153
L 631, 1394, 15, 617, 1391, 14, 153, 153, 153
L 617, 1391, 14, 605, 1385, 12, 153, 153, 153
L 605, 1385, 12, 586, 1365, 8, 153, 153, 153
L 586, 1365, 8, 575, 1338, 5, 153, 153, 153
L 575, 1338, 5, 574, 1324, 2, 153, 153, 153
L 574, 1324, 2, 582, 1296, -5, 153, 153, 153
L 582, 1296, -5, 588, 1284, -8, 153, 153, 153
L 588, 1284, -8, 596, 1272, -10, 153, 153, 153
L 596, 1272, -10, 605, 1261, -14, 153, 153, 153
L 605, 1261, -14, 612, 1233, -17, 153, 153, 153
L 647, 1210, -298, 647, 1210, -29, 153, 153, 153
L 647, 1210, -29, 685, 1218, -29, 153, 153, 153
L 685, 1218, -29, 718, 1228, -22, 153, 153, 153
L 718, 1228, -22, 744, 1239, -37, 153, 153, 153
L 744, 1239, -37, 812, 1280, -25, 153, 153, 153
L 812, 1280, -25, 836, 1287, -4, 153, 153, 153
L 836, 1287, -4, 856, 1277, -9, 153, 153, 153
L 856, 1277, -9, 876, 1277, -3, 153, 153, 153
L 876, 1277, -3, 883, 1280, 3, 153, 153, 153
L 883, 1280, 3, 883, 1281, 5, 153, 153, 153
L 883, 1281, 5, 901, 1315, 76, 153, 153, 153
L 901, 1315, 76, 917, 1323, 90, 153, 153, 153
L 917, 1323, 90, 955, 1330, 93, 153, 153, 153
L 955, 1330, 93, 962, 1326, 88, 153, 153, 153
L 962, 1326, 88, 967, 1324, 83, 153, 153, 153
L 967, 1324, 83, 987, 1311, 64, 153, 153, 153
L 987, 1311, 64, 1024, 1308, 74, 153, 153, 153
L 1024, 1308, 74, 1057, 1314, 83, 153, 153, 153
L 1057, 1314, 83, 1091, 1314, 82, 153, 153, 153
L 1091, 1314, 82, 1127, 1318, 80, 153, 153, 153
L 1127, 1318, 80, 1148, 1323, 57, 153, 153, 153
L 1148, 1323, 57, 1153, 1323, 53, 153, 153, 153
L 1153, 1323, 53, 1167, 1323, 51, 153, 153, 153
L 1167, 1323, 51, 1214, 1321, 81, 153, 153, 153
L 1214, 1321, 81, 1243, 1317, 82, 153, 153, 153
L 1243, 1317, 82, 1263, 1310, 77, 153, 153, 153
L 1263, 1310, 77, 1296, 1288, 77, 153, 153, 153
L 1296, 1288, 77, 1336, 1256, 88, 153, 153, 153
L 1336, 1256, 88, 1366, 1229, 103, 153, 153, 153
L 1366, 1229, 103, 1372, 1210, 94, 153, 153, 153
L 1372, 1210, 94, 1381, 1183, 89, 153, 153, 153
L 1381, 1183, 89, 1387, 1163, 85, 153, 153, 153
L 1387, 1163, 85, 1397, 1118, 84, 153, 153, 153
L 1397, 1118, 84, 1392, 1082, 74, 153, 153, 153
L 1392, 1082, 74, 1390, 1038, 54, 153, 153, 153
L 1390, 1038, 54, 1390, 937, 72, 153, 153, 153
L 1390, 937, 72, 1388, 901, 79, 153, 153, 153
L 1388, 901, 79, 1385, 876, 79, 153, 153, 153
L 1385, 876, 79, 1380, 843, 73, 153, 153, 153
L 1380, 843, 73, 1373, 810, 60, 153, 153, 153
L 1373, 810, 60, 1361, 756, 59, 153, 153, 153
L 1361, 756, 59, 1353, 726, 53, 153, 153, 153
L 1353, 726, 53, 1347, 712, 53, 153, 153, 153
L 1347, 712, 53, 1304, 661, 42, 153, 153, 153
L 1304, 661, 42, 1273, 622, 53, 153, 153, 153
L 1273, 622, 53, 1265, 611, 60, 153, 153, 153
L 1265, 611, 60, 1239, 563, 107, 153, 153, 153
L 1239, 563, 107, 1240, 519, 177, 153, 153, 153
L 1240, 519, 177, 1249, 491, 189, 153, 153, 153
L 1249, 491, 189, 1265, 448, 191, 153, 153, 153
L 1265, 448, 191, 1279, 406, 168, 153, 153, 153
L 1270, 433, 183, 1270, 433, 183, 153, 153, 153
L 1279, 406, 168, 1296, 363, 141, 153, 153, 153
L 1296, 363, 141, 1320, 333, 121, 153, 153, 153
L 1320, 333, 121, 1330, 339, 130, 153, 153, 153
L 1330, 339, 130, 1343, 301, 197, 153, 153, 153
L 1343, 301, 197, 1352, 278, 178, 153, 153, 153
L 1352, 278, 178, 1367, 253, 75, 153, 153, 153
L 1367, 253, 75, 1390, 203, 70, 153, 153, 153
L 1390, 203, 70, 1390, 162, 67, 153, 153, 153
L 1390, 162, 67, 1390, 120, 84, 153, 153, 153
L 1390, 120, 84, 1390, 74, 97, 153, 153, 153
L 1390, 74, 97, 1390, 10, 80, 153, 153, 153
L 1390, 10, 80, 1383, -21, 80, 153, 153, 153
L 1383, -21, 80, 1363, -59, 114, 153, 153, 153
L 1363, -59, 114, 1334, -120, 180, 153, 153, 153
L 1334, -120, 180, 1317, -145, 184, 153, 153, 153
L 1317, -145, 184, 1278, -185, 146, 153, 153, 153
L 1278, -185, 146, 1268, -194, 151, 153, 153, 153
L 1268, -194, 151, 1236, -218, 171, 153, 153, 153
L 1236, -218, 171, 1232, -238, 191, 153, 153, 153
L 1232, -238, 191, 1241, -260, 196, 153, 153, 153
L 1241, -260, 196, 1253, -267, 196, 153, 153, 153
L 1253, -267, 196, 1365, -215, 148, 153, 153, 153
L 1365, -215, 148, 1365, -247, 126, 153, 153, 153
L 1365, -247, 126, 1365, -269, 105, 153, 153, 153
L 1365, -269, 105, 1365, -295, 89, 153, 153, 153
L 1365, -295, 89, 1365, -307, 85, 153, 153, 153
L 1365, -307, 85, 1365, -339, 89, 153, 153, 153
L 1365, -339, 89, 1352, -365, 118, 153, 153, 153
L 612, 1235, -198, 612, 1235, -19, 153, 153, 153
L 612, 1235, -19, 613, 1233, -18, 153, 153, 153
L 613, 1233, -18, 617, 1208, -11, 153, 153, 153
L 617, 1208, -11, 575, 1216, -1, 153, 153, 153
L 575, 1216, -1, 520, 1238, -1, 153, 153, 153
L 520, 1238, -1, 508, 1229, 0, 153, 153, 153
L 508, 1229, 0, 473, 1260, 26, 153, 153, 153
L 473, 1260, 26, 445, 1276, 13, 153, 153, 153
L 445, 1276, 13, 419, 1307, 51, 153, 153, 153
L 419, 1307, 51, 379, 1313, 96, 153, 153, 153
L 379, 1313, 96, 343, 1317, 119, 153, 153, 153
L 343, 1317, 119, 315, 1319, 127, 153, 153, 153
L 315, 1319, 127, 274, 1323, 94, 153, 153, 153
L 274, 1323, 94, 262, 1321, 86, 153, 153, 153
L 262, 1321, 86, 232, 1315, 85, 153, 153, 153
L 232, 1315, 85, 204, 1311, 72, 153, 153, 153
L 204, 1311, 72, 145, 1308, 97, 153, 153, 153
L 145, 1308, 97, 144, 1308, 91, 153, 153, 153
L 144, 1308, 91, 112, 1310, 51, 153, 153, 153
L 112, 1310, 51, 79, 1315, 29, 153, 153, 153
L 79, 1315, 29, 46, 1360, 60, 153, 153, 153
L 46, 1360, 60, 46, 1360, 59, 153, 153, 153
L 46, 1360, 59, 11, 1371, 57, 153, 153, 153
L 11, 1371, 57, -84, 1346, 44, 153, 153, 153
L -84, 1346, 44, -135, 1345, 55, 153, 153, 153
L -135, 1345, 55, -181, 1324, 80, 153, 153, 153
L -181, 1324, 80, -208, 1311, 97, 153, 153, 153
L -208, 1311, 97, -231, 1314, 101, 153, 153, 153
L -231, 1314, 101, -250, 1324, 102, 153, 153, 153
L -250, 1324, 102, -311, 1323, 59, 153, 153, 153
L -311, 1323, 59, -350, 1351, 52, 153, 153, 153
L -350, 1351, 52, -360, 1359, 63, 153, 153, 153
L -360, 1359, 63, -369, 1360, 61, 153, 153, 153
L -369, 1360, 61, -389, 1362, 63, 153, 153, 153
L -389, 1362, 63, -408, 1355, 59, 153, 153, 153
L -408, 1355, 59, -433, 1365, 56, 153, 153, 153
L -433, 1365, 56, -462, 1384, 53, 153, 153, 153
L -256, -556, -902, -256, -556, -90, 153, 153, 153
L -256, -556, -90, -236, -555, -88, 153, 153, 153
L -236, -555, -88, -228, -556, -81, 153, 153, 153
L -228, -556, -81, -195, -519, -70, 153, 153, 153
L -195, -519, -70, -224, -446, -55, 153, 153, 153
L -224, -446, -55, -181, -425, -55, 153, 153, 153
L -181, -425, -55, -181, -419, -56, 153, 153, 153
L -181, -419, -56, -182, -399, -62, 153, 153, 153
L -182, -399, -62, -182, -353, -53, 153, 153, 153
L -182, -353, -53, -184, -281, -54, 153, 153, 153
L -184, -281, -54, -181, -253, -57, 153, 153, 153
L -181, -253, -57, -181, -215, -55, 153, 153, 153
L -181, -215, -55, -181, -167, -54, 153, 153, 153
L -181, -167, -54, -184, -120, -54, 153, 153, 153
L -184, -120, -54, -202, -87, -47, 153, 153, 153
L -202, -87, -47, -227, -79, -48, 153, 153, 153
L -227, -79, -48, -236, -58, -49, 153, 153, 153
L -236, -58, -49, -230, -47, -49, 153, 153, 153
L -230, -47, -49, -254, -33, -55, 153, 153, 153
L -254, -33, -55, -267, -32, -54, 153, 153, 153
L -267, -32, -54, -287, -20, -51, 153, 153, 153
L -287, -20, -51, -328, -17, -53, 153, 153, 153
L -328, -17, -53, -331, -35, -53, 153, 153, 153
L -331, -35, -53, -345, -40, -45, 153, 153, 153
L -345, -40, -45, -390, -32, -52, 153, 153, 153
L -390, -32, -52, -403, -50, -51, 153, 153, 153
L -403, -50, -51, -433, -50, -51, 153, 153, 153
L -433, -50, -51, -437, -69, -50, 153, 153, 153
L -437, -69, -50, -447, -76, -51, 153, 153, 153
L -447, -76, -51, -465, -78, -49, 153, 153, 153
L -465, -78, -49, -473, -88, -49, 153, 153, 153
L -473, -88, -49, -485, -104, -48, 153, 153, 153
L -485, -104, -48, -504, -127, -48, 153, 153, 153
L -504, -127, -48, -526, -130, -47, 153, 153, 153
L -526, -130, -47, -541, -123, -49, 153, 153, 153
L -541, -123, -49, -553, -122, -49, 153, 153, 153
L -553, -122, -49, -553, -142, -49, 153, 153, 153
L -553, -142, -49, -553, -152, -50, 153, 153, 153
L -553, -152, -50, -568, -152, -53, 153, 153, 153
L -568, -152, -53, -569, -167, -53, 153, 153, 153
L -569, -167, -53, -583, -167, -51, 153, 153, 153
L -583, -167, -51, -583, -251, -52, 153, 153, 153
L -583, -251, -52, -557, -284, -49, 153, 153, 153
L -557, -284, -49, -568, -313, -51, 153, 153, 153
L -568, -313, -51, -553, -335, -49, 153, 153, 153
L -553, -335, -49, -526, -371, -48, 153, 153, 153
L -526, -371, -48, -501, -372, -49, 153, 153, 153
L -501, -372, -49, -489, -360, -49, 153, 153, 153
L -489, -360, -49, -489, -360, -50, 153, 153, 153
L -489, -360, -50, -434, -358, -47, 153, 153, 153
L -434, -358, -47, -423, -352, -42, 153, 153, 153
L -423, -352, -42, -380, -376, -35, 153, 153, 153
L -380, -376, -35, -347, -398, -47, 153, 153, 153
L -347, -398, -47, -307, -417, -58, 153, 153, 153
L -307, -417, -58, -280, -426, -53, 153, 153, 153
L -280, -426, -53, -266, -422, -49, 153, 153, 153
L -266, -422, -49, -241, -432, -50, 153, 153, 153
L -241, -432, -50, -242, -474, -59, 153, 153, 153
L -242, -474, -59, -243, -531, -67, 153, 153, 153
L -243, -531, -67, -258, -527, -66, 153, 153, 153
L -431, -279, 2033, -431, -279, 203, 153, 153, 153
L -431, -279, 203, -441, -254, 203, 153, 153, 153
L -441, -254, 203, -468, -231, 203, 153, 153, 153
L -468, -231, 203, -465, -215, 203, 153, 153, 153
L -465, -215, 203, -432, -199, 203, 153, 153, 153
L -432, -199, 203, -412, -184, 203, 153, 153, 153
L -412, -184, 203, -371, -171, 203, 153, 153, 153
L -371, -171, 203, -364, -184, 203, 153, 153, 153
L -430, -281, 2033, -430, -281, 203, 153, 153, 153
L -430, -281, 203, -413, -244, 203, 153, 153, 153
L -413, -244, 203, -391, -216, 203, 153, 153, 153
L -391, -216, 203, -381, -216, 203, 153, 153, 153
L -381, -216, 203, -364, -236, 203, 153, 153, 153
L -364, -236, 203, -364, -243, 203, 153, 153, 153
L -427, -287, 2035, -427, -287, 203, 153, 153, 153
L -427, -287, 203, -422, -294, 203, 153, 153, 153
L -422, -294, 203, -399, -310, 203, 153, 153, 153
L -399, -310, 203, -369, -313, 203, 153, 153, 153
L -369, -313, 203, -336, -304, 203, 153, 153, 153
L -336, -304, 203, -312, -267, 203, 153, 153, 153
L -312, -267, 203, -321, -211, 203, 153, 153, 153
L -321, -211, 203, -351, -171, 203, 153, 153, 153
L -351, -171, 203, -352, -159, 204, 153, 153, 153
L -345, -241, 2036, -345, -241, 203, 153, 153, 153
L -345, -241, 203, -335, -259, 203, 153, 153, 153
L -335, -259, 203, -334, -267, 203, 153, 153, 153
L -334, -267, 203, -349, -286, 203, 153, 153, 153
L -349, -286, 203, -370, -298, 203, 153, 153, 153
L -370, -298, 203, -391, -301, 203, 153, 153, 153
L -391, -301, 203, -420, -293, 203, 153, 153, 153
L -420, -293, 203, -427, -286, 203, 153, 153, 153
L -351, -159, 2070, -351, -159, 207, 153, 153, 153
L -351, -159, 207, -309, -192, 209, 153, 153, 153
L -309, -192, 209, -307, -209, 203, 153, 153, 153
L -307, -209, 203, -295, -256, 203, 153, 153, 153
L -295, -256, 203, -294, -274, 204, 153, 153, 153
L -294, -274, 204, -317, -308, 203, 153, 153, 153
L -317, -308, 203, -420, -312, 203, 153, 153, 153
L -420, -312, 203, -484, -236, 203, 153, 153, 153
L -484, -236, 203, -480, -204, 203, 153, 153, 153
L -480, -204, 203, -451, -193, 203, 153, 153, 153
L -451, -193, 203, -387, -161, 204, 153, 153, 153
L -387, -161, 204, -365, -160, 204, 153, 153, 153
L -365, -160, 204, -365, -171, 204, 153, 153, 153
L -365, -171, 204, -367, -171, 203, 153, 153, 153
L -367, -171, 203, -377, -172, 203, 153, 153, 153
L -638, -489, 2105, -638, -489, 210, 255, 0, 255
L -638, -489, 210, -140, -489, 210, 255, 0, 255
L -140, -489, 210, -141, 8, 210, 255, 0, 255
L -141, 8, 210, -638, 7, 210, 255, 0, 255
L -638, 7, 210, -637, -490, 210, 255, 0, 255
L -364, -242, 2036, -364, -242, 203, 0, 255, 255
L -364, -242, 203, -391, -272, 173, 0, 255, 255
L -391, -272, 173, -409, -266, 160, 0, 255, 255
L -409, -266, 160, -420, -242, 142, 0, 255, 255
L -420, -242, 142, -397, -215, 116, 0, 255, 255
L -397, -215, 116, -363, -240, 80, 0, 255, 255
L -363, -240, 80, -362, -256, 69, 0, 255, 255
L -362, -256, 69, -363, -267, 62, 0, 255, 255
L -363, -267, 62, -400, -275, 39, 0, 255, 255
L -400, -275, 39, -424, -250, 18, 0, 255, 255
L -424, -250, 18, -424, -221, 2, 0, 255, 255
L -424, -221, 2, -401, -211, -10, 0, 255, 255
L -401, -211, -10, -363, -221, -34, 0, 255, 255
L -363, -221, -34, -356, -242, -47, 0, 255, 255
L -314, -225, -465, -314, -225, -46, 0, 255, 255
L -314, -225, -46, -323, -207, -40, 0, 255, 255
L -323, -207, -40, -343, -187, -32, 0, 255, 255
L -343, -187, -32, -400, -175, -16, 0, 255, 255
L -400, -175, -16, -439, -194, -2, 0, 255, 255
L -439, -194, -2, -455, -250, 15, 0, 255, 255
L -455, -250, 15, -399, -303, 41, 0, 255, 255
L -399, -303, 41, -355, -289, 57, 0, 255, 255
L -355, -289, 57, -338, -221, 85, 0, 255, 255
L -338, -221, 85, -371, -189, 101, 0, 255, 255
L -371, -189, 101, -433, -219, 131, 0, 255, 255
L -433, -219, 131, -433, -223, 131, 0, 255, 255
L -433, -223, 131, -426, -267, 153, 0, 255, 255
L -426, -267, 153, -396, -285, 169, 0, 255, 255
L -396, -285, 169, -373, -282, 181, 0, 255, 255
L -373, -282, 181, -356, -264, 193, 0, 255, 255
L -356, -264, 193, -350, -251, 199, 0, 255, 255
L -350, -251, 199, -348, -245, 203, 0, 255, 255
L -348, -245, 203, -345, -244, 203, 0, 255, 255
L -20, 1026, 462, -20, 1026, 45, 102, 99, 0
L -20, 1026, 45, -26, 1069, 32, 102, 99, 0
L -26, 1069, 32, -46, 1094, 26, 102, 99, 0
L -46, 1094, 26, -70, 1111, 18, 102, 99, 0
L -70, 1111, 18, -75, 1128, 13, 102, 99, 0
L -75, 1128, 13, -71, 1148, 7, 102, 99, 0
L -71, 1148, 7, -42, 1186, -4, 102, 99, 0
L -42, 1186, -4, -38, 1228, -11, 102, 99, 0
L -38, 1228, -11, -90, 1280, -31, 102, 99, 0
L -90, 1280, -31, -74, 1337, -57, 102, 99, 0
L -74, 1337, -57, -79, 1383, -67, 102, 99, 0
L -79, 1383, -67, -99, 1405, -72, 102, 99, 0
L -99, 1405, -72, -127, 1417, -75, 102, 99, 0
L -127, 1417, -75, -178, 1434, -90, 102, 99, 0
L -178, 1434, -90, -198, 1470, -104, 102, 99, 0
L -198, 1470, -104, -186, 1516, -99, 102, 99, 0
L -186, 1516, -99, -174, 1516, -94, 102, 99, 0
L -174, 1516, -94, -164, 1566, -111, 102, 99, 0
L -164, 1566, -111, -136, 1595, -104, 102, 99, 0
L -136, 1595, -104, -132, 1651, -105, 102, 99, 0
L -132, 1651, -105, -83, 1665, -119, 102, 99, 0
L -83, 1665, -119, -54, 1697, -128, 102, 99, 0
L -54, 1697, -128, -9, 1713, -134, 102, 99, 0
L -9, 1713, -134, 14, 1755, -143, 102, 99, 0
L 14, 1755, -143, 8, 1797, -151, 102, 99, 0
L 8, 1797, -151, -8, 1835, -152, 102, 99, 0
L -8, 1835, -152, 33, 1847, -162, 102, 99, 0
L 33, 1847, -162, 61, 1913, -134, 102, 99, 0
L 61, 1913, -134, 44, 1964, -154, 102, 99, 0
L 44, 1964, -154, -14, 2016, -160, 102, 99, 0
L -14, 2016, -160, -60, 2013, -159, 102, 99, 0
L -60, 2013, -159, -105, 1977, -155, 102, 99, 0
L -105, 1977, -155, -116, 1962, -153, 102, 99, 0
L -116, 1962, -153, -145, 1972, -172, 102, 99, 0
L -145, 1972, -172, -158, 1984, -178, 102, 99, 0
L -158, 1984, -178, -162, 2029, -192, 102, 99, 0
L -162, 2029, -192, -159, 2059, -197, 102, 99, 0
L -159, 2059, -197, -181, 2106, -207, 102, 99, 0
L -181, 2106, -207, -207, 2128, -217, 102, 99, 0
L -207, 2128, -217, -220, 2174, -215, 102, 99, 0
L -220, 2174, -215, -194, 2196, -211, 102, 99, 0
L -194, 2196, -211, -191, 2274, -233, 102, 99, 0
L -191, 2274, -233, -205, 2305, -235, 102, 99, 0
L -205, 2305, -235, -258, 2321, -240, 102, 99, 0
L -258, 2321, -240, -298, 2315, -235, 102, 99, 0
L -298, 2315, -2360, -298, 2315, -235, 102, 99, 0
L -298, 2315, -235, -324, 2277, -239, 102, 99, 0
L -324, 2277, -239, -337, 2268, -231, 102, 99, 0
L -337, 2268, -231, -351, 2269, -222, 102, 99, 0
L -351, 2269, -222, -361, 2261, -222, 102, 99, 0
L -361, 2261, -222, -362, 2246, -222, 102, 99, 0
L -362, 2246, -222, -407, 2258, -224, 102, 99, 0
L -407, 2258, -224, -428, 2254, -221, 102, 99, 0
L -428, 2254, -221, -456, 2233, -216, 102, 99, 0
L -456, 2233, -216, -469, 2185, -209, 102, 99, 0
L -469, 2185, -209, -445, 2142, -202, 102, 99, 0
L -445, 2142, -202, -399, 2123, -195, 102, 99, 0
L -399, 2123, -195, -385, 2102, -187, 102, 99, 0
L -385, 2102, -187, -389, 2079, -181, 102, 99, 0
L -389, 2079, -181, -397, 2074, -175, 102, 99, 0
L -397, 2074, -175, -437, 2054, -167, 102, 99, 0
L -437, 2054, -167, -463, 2017, -160, 102, 99, 0
L -463, 2017, -160, -466, 1996, -149, 102, 99, 0
L -466, 1996, -149, -483, 1994, -155, 102, 99, 0
L -483, 1994, -155, -511, 1969, -161, 102, 99, 0
L -511, 1969, -161, -524, 1904, -165, 102, 99, 0
L -524, 1904, -165, -511, 1869, -160, 102, 99, 0
L -511, 1869, -160, -449, 1843, -147, 102, 99, 0
L -449, 1843, -147, -436, 1791, -149, 102, 99, 0
L -436, 1791, -149, -399, 1765, -141, 102, 99, 0
L -399, 1765, -141, -391, 1742, -129, 102, 99, 0
L -391, 1742, -129, -404, 1705, -124, 102, 99, 0
L -404, 1705, -124, -366, 1643, -118, 102, 99, 0
L -366, 1643, -118, -323, 1634, -104, 102, 99, 0
L -323, 1634, -104, -311, 1560, -106, 102, 99, 0
L -311, 1560, -106, -283, 1528, -108, 102, 99, 0
L -283, 1528, -108, -221, 1515, -102, 102, 99, 0
L -221, 1515, -102, -233, 1453, -101, 102, 99, 0
L -233, 1453, -101, -203, 1408, -90, 102, 99, 0
L -203, 1408, -90, -137, 1381, -76, 102, 99, 0
L -137, 1381, -76, -115, 1372, -72, 102, 99, 0
L -115, 1372, -72, -114, 1332, -46, 102, 99, 0
L -114, 1332, -46, -127, 1286, -35, 102, 99, 0
L -127, 1286, -35, -119, 1259, -29, 102, 99, 0
L -119, 1259, -29, -76, 1225, -16, 102, 99, 0
L -76, 1225, -16, -73, 1204, -7, 102, 99, 0
L -73, 1204, -7, -110, 1148, 9, 102, 99, 0
L -110, 1148, 9, -106, 1102, 17, 102, 99, 0
L -106, 1102, 17, -58, 1052, 32, 102, 99, 0
L -58, 1052, 32, -56, 1030, 38, 102, 99, 0
L -311, 1711, -1026, -311, 1711, -102, 102, 99, 0
L -311, 1711, -102, -267, 1734, -106, 102, 99, 0
L -267, 1734, -106, -182, 1732, -117, 102, 99, 0
L -182, 1732, -117, -148, 1715, -115, 102, 99, 0
L -148, 1715, -115, -132, 1686, -102, 102, 99, 0
L -132, 1686, -102, -111, 1691, -109, 102, 99, 0
L -111, 1691, -109, -92, 1708, -119, 102, 99, 0
L -92, 1708, -119, -73, 1727, -127, 102, 99, 0
L -73, 1727, -127, -31, 1741, -135, 102, 99, 0
L -31, 1741, -135, -18, 1762, -143, 102, 99, 0
L -18, 1762, -143, -30, 1795, -154, 102, 99, 0
L -30, 1795, -154, -39, 1833, -142, 102, 99, 0
L -39, 1833, -142, -76, 1843, -139, 102, 99, 0
L -76, 1843, -139, -76, 1883, -155, 102, 99, 0
L -76, 1883, -155, -81, 1904, -161, 102, 99, 0
L -81, 1904, -161, -98, 1908, -154, 102, 99, 0
L -98, 1908, -154, -105, 1926, -150, 102, 99, 0
L -105, 1926, -150, -131, 1928, -154, 102, 99, 0
L -131, 1928, -154, -170, 1946, -172, 102, 99, 0
L -170, 1946, -172, -191, 1968, -178, 102, 99, 0
L -191, 1968, -178, -198, 2001, -184, 102, 99, 0
L -198, 2001, -184, -194, 2054, -195, 102, 99, 0
L -194, 2054, -195, -202, 2075, -205, 102, 99, 0
L -202, 2075, -205, -237, 2106, -216, 102, 99, 0
L -237, 2106, -216, -247, 2131, -223, 102, 99, 0
L -247, 2131, -223, -253, 2173, -221, 102, 99, 0
L -253, 2173, -221, -281, 2174, -223, 102, 99, 0
L -281, 2174, -223, -304, 2188, -224, 102, 99, 0
L -304, 2188, -224, -343, 2190, -224, 102, 99, 0
L -343, 2190, -224, -363, 2221, -211, 102, 99, 0
L -363, 2221, -211, -408, 2221, -218, 102, 99, 0
L -408, 2221, -218, -424, 2215, -218, 102, 99, 0
L -424, 2215, -218, -432, 2186, -208, 102, 99, 0
L -432, 2186, -208, -420, 2170, -201, 102, 99, 0
L -420, 2170, -201, -386, 2158, -196, 102, 99, 0
L -386, 2158, -196, -359, 2134, -191, 102, 99, 0
L -359, 2134, -191, -348, 2094, -185, 102, 99, 0
L -348, 2094, -185, -363, 2056, -179, 102, 99, 0
L -363, 2056, -179, -378, 2044, -176, 102, 99, 0
L -378, 2044, -176, -411, 2028, -169, 102, 99, 0
L -411, 2028, -169, -430, 1998, -147, 102, 99, 0
L -430, 1998, -147, -415, 1997, -143, 102, 99, 0
L -415, 1997, -143, -394, 1972, -147, 102, 99, 0
L -394, 1972, -147, -379, 1945, -152, 102, 99, 0
L -379, 1945, -152, -377, 1881, -155, 102, 99, 0
L -377, 1881, -155, -388, 1859, -157, 102, 99, 0
L -388, 1859, -157, -417, 1842, -146, 102, 99, 0
L -417, 1842, -146, -407, 1811, -146, 102, 99, 0
L -407, 1811, -146, -391, 1803, -142, 102, 99, 0
L -391, 1803, -142, -368, 1784, -138, 102, 99, 0
L -368, 1784, -138, -355, 1758, -133, 102, 99, 0
L -355, 1758, -133, -355, 1745, -131, 102, 99, 0
L -355, 1745, -131, -367, 1705, -125, 102, 99, 0
L -367, 1705, -125, -359, 1681, -119, 102, 99, 0
L -359, 1681, -119, -327, 1672, -103, 102, 99, 0
L -327, 1672, -103, -311, 1711, -103, 102, 99, 0
P 640, 1450, 0, 255, 255, 0, 2, Marus_Seru
P 100, -1350, 0, 255, 255, 0, 2, The_Grey
P 623, 1249, 0, 255, 255, 255, 2, Succor_Point
