L 1416, -1, -286, 1416, -1, -28, 153, 153, 153
L 1416, -1, -28, 1436, -61, -11, 153, 153, 153
L 1436, -61, -11, 1485, -91, 3, 153, 153, 153
L 1485, -91, 3, 1542, -49, 4, 153, 153, 153
L 1542, -49, 4, 1708, 36, 68, 153, 153, 153
L 1708, 36, 68, 1913, 118, 44, 153, 153, 153
L 1913, 118, 44, 2020, 154, 28, 153, 153, 153
L 2020, 154, 28, 2058, 134, 22, 153, 153, 153
L 2058, 134, 22, 2156, 157, 76, 153, 153, 153
L 2156, 157, 76, 2225, 193, 64, 153, 153, 153
L 2225, 193, 64, 2267, 197, 56, 153, 153, 153
L 2267, 197, 56, 2326, 219, 47, 153, 153, 153
L 2326, 219, 47, 2501, 237, 77, 153, 153, 153
L 2501, 237, 77, 2441, 188, 13, 153, 153, 153
L 2441, 188, 13, 2500, 61, 3, 153, 153, 153
L 2500, 61, 3, 2370, 61, 3, 153, 153, 153
L 2370, 61, 3, 2366, 48, 13, 153, 153, 153
L 2366, 48, 13, 2579, 47, 13, 153, 153, 153
L 2579, 47, 13, 2580, 61, 13, 153, 153, 153
L 2580, 61, 13, 2569, 61, 13, 153, 153, 153
L 2569, 61, 13, 2510, 190, 13, 153, 153, 153
L 2510, 190, 13, 2511, 238, 13, 153, 153, 153
L 2511, 238, 13, 2668, 316, 13, 153, 153, 153
L 2668, 316, 13, 2784, 317, 13, 153, 153, 153
L 2784, 317, 13, 2900, 204, 13, 153, 153, 153
L 2900, 204, 13, 2905, 77, 13, 153, 153, 153
L 2905, 77, 13, 2866, -78, 13, 153, 153, 153
L 2866, -78, 13, 2772, -98, 13, 153, 153, 153
L 2772, -98, 13, 2665, -98, 13, 153, 153, 153
L 2665, -98, 13, 2573, -22, 13, 153, 153, 153
L 2573, -22, 13, 2580, -20, 13, 153, 153, 153
L 2580, -20, 13, 2580, -10, 13, 153, 153, 153
L 2580, -10, 13, 2368, -8, 14, 153, 153, 153
L 2368, -8, 14, 2366, -21, 11, 153, 153, 153
L 2366, -21, 11, 2516, -23, 3, 153, 153, 153
L 2516, -23, 3, 2616, -136, 3, 153, 153, 153
L 2616, -136, 3, 2791, -137, 10, 153, 153, 153
L 2791, -137, 10, 2813, -185, 36, 153, 153, 153
L 2813, -185, 36, 2783, -244, 25, 153, 153, 153
L 2783, -244, 25, 2706, -357, 3, 153, 153, 153
L 2706, -357, 3, 2662, -353, 3, 153, 153, 153
L 2662, -353, 3, 2629, -472, 21, 153, 153, 153
L 2629, -472, 21, 2388, -637, 0, 153, 153, 153
L 2388, -637, 0, 2267, -805, 33, 153, 153, 153
L 2267, -805, 33, 2268, -835, 71, 153, 153, 153
L 2268, -835, 71, 2258, -886, 59, 153, 153, 153
L 2258, -886, 59, 2232, -913, 51, 153, 153, 153
L 2232, -913, 51, 2093, -1025, 13, 153, 153, 153
L 2093, -1025, 13, 2067, -1038, 8, 153, 153, 153
L 2067, -1038, 8, 1911, -1116, 3, 153, 153, 153
L 1911, -1116, 3, 1864, -1088, 4, 153, 153, 153
L 1864, -1088, 4, 1807, -1101, 3, 153, 153, 153
L 1807, -1101, 3, 1807, -1196, 15, 153, 153, 153
L 1807, -1196, 15, 1699, -1322, 3, 153, 153, 153
L 1699, -1322, 3, 1643, -1352, 3, 153, 153, 153
L 1643, -1352, 3, 1627, -1397, 3, 153, 153, 153
L 1627, -1397, 3, 1505, -1477, 3, 153, 153, 153
L 1505, -1477, 3, 1452, -1481, 3, 153, 153, 153
L 1452, -1481, 3, 1431, -1553, 73, 153, 153, 153
L 1431, -1553, 73, 1320, -1620, 43, 153, 153, 153
L 1320, -1620, 43, 1151, -1676, 71, 153, 153, 153
L 1151, -1676, 71, 1089, -1704, 55, 153, 153, 153
L 1089, -1704, 55, 979, -1717, 28, 153, 153, 153
L 979, -1717, 28, 902, -1718, 46, 153, 153, 153
L 902, -1718, 46, 743, -1750, 13, 153, 153, 153
L 743, -1750, 13, 530, -1793, 72, 153, 153, 153
L 530, -1793, 72, 487, -1797, 72, 153, 153, 153
L 487, -1797, 72, 421, -1799, 54, 153, 153, 153
L 421, -1799, 54, 341, -1819, 36, 153, 153, 153
L 341, -1819, 36, 190, -1837, 7, 153, 153, 153
L 190, -1837, 7, 166, -1813, 4, 153, 153, 153
L 166, -1813, 4, 133, -1837, 3, 153, 153, 153
L 133, -1837, 3, 95, -1837, 3, 153, 153, 153
L 95, -1837, 3, 102, -1760, 32, 153, 153, 153
L 102, -1760, 32, 92, -1732, 25, 153, 153, 153
L 92, -1732, 25, 81, -1715, 19, 153, 153, 153
L 81, -1715, 19, 69, -1692, 13, 153, 153, 153
L 69, -1692, 13, 77, -1689, 11, 153, 153, 153
L 77, -1689, 11, 77, -1690, 11, 153, 153, 153
L 77, -1690, 11, 281, -1690, 3, 153, 153, 153
L 281, -1690, 3, 281, -1469, 3, 153, 153, 153
L 281, -1469, 3, 148, -1467, 3, 153, 153, 153
L 148, -1467, 3, 147, -1482, 4, 153, 153, 153
L 147, -1482, 4, 147, -1491, 8, 153, 153, 153
L 147, -1491, 8, 247, -1492, 8, 153, 153, 153
L 247, -1492, 8, 247, -1667, 8, 153, 153, 153
L 247, -1667, 8, -8, -1667, 8, 153, 153, 153
L -8, -1667, 8, -8, -1492, 8, 153, 153, 153
L -8, -1492, 8, 87, -1492, 8, 153, 153, 153
L 87, -1492, 8, 91, -1482, 3, 153, 153, 153
L 91, -1482, 3, 91, -1469, 4, 153, 153, 153
L 91, -1469, 4, -28, -1468, 3, 153, 153, 153
L -28, -1468, 3, -28, -1342, 3, 153, 153, 153
L -28, -1342, 3, 31, -1341, 4, 153, 153, 153
L 31, -1341, 4, 31, -1282, 3, 153, 153, 153
L 31, -1282, 3, 74, -1282, 3, 153, 153, 153
L 74, -1282, 3, 76, -1240, 8, 153, 153, 153
L 76, -1240, 8, -43, -1237, 9, 153, 153, 153
L -43, -1237, 9, -43, -1162, 8, 153, 153, 153
L -43, -1162, 8, 75, -1161, 8, 153, 153, 153
L 75, -1161, 8, 76, -1079, 8, 153, 153, 153
L 76, -1079, 8, -43, -1077, 8, 153, 153, 153
L -43, -1077, 8, -43, -1002, 8, 153, 153, 153
L -43, -1002, 8, 75, -1002, 8, 153, 153, 153
L 75, -1002, 8, 75, -918, 9, 153, 153, 153
L 75, -918, 9, -3, -917, 8, 153, 153, 153
L -3, -917, 8, -4, -757, 8, 153, 153, 153
L -4, -757, 8, -87, -825, 8, 153, 153, 153
L -87, -825, 8, -87, -877, 8, 153, 153, 153
L -87, -877, 8, -198, -877, 3, 153, 153, 153
L -198, -877, 3, -207, -882, 3, 153, 153, 153
L -207, -882, 3, -207, -1241, 3, 153, 153, 153
L -207, -1241, 3, -47, -1242, 3, 153, 153, 153
L -47, -1242, 3, -37, -1467, 3, 153, 153, 153
L -37, -1467, 3, -41, -1467, 4, 153, 153, 153
L -41, -1467, 4, -40, -1693, 3, 153, 153, 153
L -40, -1693, 3, -6, -1692, 3, 153, 153, 153
L -6, -1692, 3, -13, -1726, 3, 153, 153, 153
L -13, -1726, 3, -30, -1746, 4, 153, 153, 153
L -30, -1746, 4, -30, -1758, 3, 153, 153, 153
L -30, -1758, 3, -39, -1775, 3, 153, 153, 153
L -39, -1775, 3, -36, -1799, 12, 153, 153, 153
L -36, -1799, 12, -47, -1831, 6, 153, 153, 153
L -47, -1831, 6, -126, -1818, 3, 153, 153, 153
L -126, -1818, 3, -138, -1793, 3, 153, 153, 153
L -138, -1793, 3, -166, -1785, 6, 153, 153, 153
L -166, -1785, 6, -212, -1802, 17, 153, 153, 153
L -212, -1802, 17, -326, -1786, 38, 153, 153, 153
L -326, -1786, 38, -409, -1750, 45, 153, 153, 153
L -409, -1750, 45, -484, -1702, 53, 153, 153, 153
L -484, -1702, 53, -519, -1662, 41, 153, 153, 153
L -519, -1662, 41, -643, -1582, 58, 153, 153, 153
L -643, -1582, 58, -687, -1539, 77, 153, 153, 153
L -687, -1539, 77, -763, -1443, 53, 153, 153, 153
L -763, -1443, 53, -807, -1356, 35, 153, 153, 153
L -807, -1356, 35, -830, -1316, 44, 153, 153, 153
L -830, -1316, 44, -870, -1235, 23, 153, 153, 153
L -870, -1235, 23, -874, -1232, 22, 153, 153, 153
L -874, -1232, 22, -938, -1191, 31, 153, 153, 153
L -938, -1191, 31, -959, -1159, 22, 153, 153, 153
L -959, -1159, 22, -1005, -1130, 56, 153, 153, 153
L -1005, -1130, 56, -1026, -1104, 47, 153, 153, 153
L -1026, -1104, 47, -1094, -1054, 66, 153, 153, 153
L -1094, -1054, 66, -1114, -1042, 61, 153, 153, 153
L -1114, -1042, 61, -1226, -989, 65, 153, 153, 153
L -1226, -989, 65, -1247, -919, 53, 153, 153, 153
L -1247, -919, 53, -1327, -839, 29, 153, 153, 153
L -1327, -839, 29, -1328, -798, 20, 153, 153, 153
L -1328, -798, 20, -1370, -757, 10, 153, 153, 153
L -1370, -757, 10, -1449, -717, 3, 153, 153, 153
L -1449, -717, 3, -1489, -675, 3, 153, 153, 153
L -1489, -675, 3, -1527, -600, 3, 153, 153, 153
L -1527, -600, 3, -1567, -559, 3, 153, 153, 153
L -1567, -559, 3, -1567, -525, 3, 153, 153, 153
L -1567, -525, 3, -1609, -437, 3, 153, 153, 153
L -1609, -437, 3, -1687, -359, 3, 153, 153, 153
L -1687, -359, 3, -1726, -282, 3, 153, 153, 153
L -1726, -282, 3, -1765, -241, 3, 153, 153, 153
L -1765, -241, 3, -1791, -191, 25, 153, 153, 153
L -1791, -191, 25, -1849, -158, 30, 153, 153, 153
L -1849, -158, 30, -1886, -120, 19, 153, 153, 153
L -1886, -120, 19, -1969, -117, 6, 153, 153, 153
L -1969, -117, 6, -2126, 39, 3, 153, 153, 153
L -2126, 39, 3, -2127, 116, 3, 153, 153, 153
L -2127, 116, 3, -1969, 276, 3, 153, 153, 153
L -1969, 276, 3, -1904, 293, 3, 153, 153, 153
L -1904, 293, 3, -1891, 280, 3, 153, 153, 153
L -1891, 280, 3, -1879, 285, 8, 153, 153, 153
L -1879, 285, 8, -1809, 316, 6, 153, 153, 153
L -1809, 316, 6, -1692, 277, 3, 153, 153, 153
L -1692, 277, 3, -1622, 277, 3, 153, 153, 153
L -1622, 277, 3, -1567, 235, 43, 153, 153, 153
L -1567, 235, 43, -1519, 211, 31, 153, 153, 153
L -1519, 211, 31, -1483, 162, 15, 153, 153, 153
L -1483, 162, 15, -1460, 166, 20, 153, 153, 153
L -1460, 166, 20, -1336, -31, 69, 153, 153, 153
L -1336, -31, 69, -1281, -151, 46, 153, 153, 153
L -1281, -151, 46, -1248, -245, 23, 153, 153, 153
L -1248, -245, 23, -1165, -304, 76, 153, 153, 153
L -1165, -304, 76, -1022, -320, 43, 153, 153, 153
L -1022, -320, 43, -932, -322, 25, 153, 153, 153
L -932, -322, 25, -868, -416, 5, 153, 153, 153
L -868, -416, 5, -838, -477, 3, 153, 153, 153
L -838, -477, 3, -779, -493, 39, 153, 153, 153
L -779, -493, 39, -745, -499, 31, 153, 153, 153
L -745, -499, 31, -754, -521, 29, 153, 153, 153
L -754, -521, 29, -676, -518, 40, 153, 153, 153
L -676, -518, 40, -654, -522, 37, 153, 153, 153
L -654, -522, 37, -483, -522, 16, 153, 153, 153
L -483, -522, 16, -417, -491, 39, 153, 153, 153
L -417, -491, 39, -177, -521, 3, 153, 153, 153
L -177, -521, 3, -53, -553, 65, 153, 153, 153
L -53, -553, 65, 95, -598, 49, 153, 153, 153
L 95, -598, 49, -205, -598, 3, 153, 153, 153
L -205, -598, 3, -207, -800, 3, 153, 153, 153
L -207, -800, 3, -166, -802, 5, 153, 153, 153
L -166, -802, 5, -163, -682, 8, 153, 153, 153
L -163, -682, 8, 72, -682, 8, 153, 153, 153
L 72, -682, 8, 72, -799, 8, 153, 153, 153
L 72, -799, 8, 116, -801, 8, 153, 153, 153
L 116, -801, 8, 116, -682, 8, 153, 153, 153
L 116, -682, 8, 192, -682, 8, 153, 153, 153
L 192, -682, 8, 192, -842, 8, 153, 153, 153
L 192, -842, 8, 312, -842, 8, 153, 153, 153
L 312, -842, 8, 312, -917, 8, 153, 153, 153
L 312, -917, 8, 194, -917, 8, 153, 153, 153
L 194, -917, 8, 192, -1000, 8, 153, 153, 153
L 192, -1000, 8, 312, -1002, 8, 153, 153, 153
L 312, -1002, 8, 312, -1077, 8, 153, 153, 153
L 312, -1077, 8, 194, -1077, 8, 153, 153, 153
L 194, -1077, 8, 192, -1160, 8, 153, 153, 153
L 192, -1160, 8, 312, -1162, 8, 153, 153, 153
L 312, -1162, 8, 312, -1232, 8, 153, 153, 153
L 312, -1232, 8, 194, -1237, 8, 153, 153, 153
L 194, -1237, 8, 192, -1279, 4, 153, 153, 153
L 192, -1279, 4, 241, -1282, 3, 153, 153, 153
L 241, -1282, 3, 252, -1340, 3, 153, 153, 153
L 252, -1340, 3, 312, -1342, 3, 153, 153, 153
L 312, -1342, 3, 312, -1380, 3, 153, 153, 153
L 312, -1380, 3, 337, -1381, 3, 153, 153, 153
L 337, -1381, 3, 336, -685, 3, 153, 153, 153
L 336, -685, 3, 352, -682, 3, 153, 153, 153
L 352, -682, 3, 440, -668, 3, 153, 153, 153
L 440, -668, 3, 536, -645, 66, 153, 153, 153
L 536, -645, 66, 631, -602, 53, 153, 153, 153
L 631, -602, 53, 655, -602, 47, 153, 153, 153
L 655, -602, 47, 749, -562, 27, 153, 153, 153
L 749, -562, 27, 831, -482, 13, 153, 153, 153
L 831, -482, 13, 865, -480, 8, 153, 153, 153
L 865, -480, 8, 908, -473, 3, 153, 153, 153
L 908, -473, 3, 951, -406, 65, 153, 153, 153
L 951, -406, 65, 1065, -363, 39, 153, 153, 153
L 1065, -363, 39, 1219, -287, 71, 153, 153, 153
L 1219, -287, 71, 1383, -167, 37, 153, 153, 153
L 1383, -167, 37, 1360, -19, -31, 153, 153, 153
L 506, -1552, 130, 506, -1552, 13, 153, 153, 153
L 506, -1552, 13, 506, -1487, 8, 153, 153, 153
L 506, -1487, 8, 520, -1486, 9, 153, 153, 153
L 520, -1486, 9, 519, -1477, 5, 153, 153, 153
L 519, -1477, 5, 498, -1477, 3, 153, 153, 153
L 498, -1477, 3, 498, -1562, 3, 153, 153, 153
L 498, -1562, 3, 580, -1561, 4, 153, 153, 153
L 580, -1561, 4, 580, -1478, 4, 153, 153, 153
L 580, -1478, 4, 558, -1477, 7, 153, 153, 153
L 558, -1477, 7, 557, -1484, 8, 153, 153, 153
L 557, -1484, 8, 572, -1487, 8, 153, 153, 153
L 572, -1487, 8, 572, -1545, 13, 153, 153, 153
L 572, -1545, 13, 506, -1552, 8, 153, 153, 153
L 1521, -802, 37, 1521, -802, 3, 153, 153, 153
L 1521, -802, 3, 1716, -802, 3, 153, 153, 153
L 1716, -802, 3, 1716, -997, 3, 153, 153, 153
L 1716, -997, 3, 1476, -999, 3, 153, 153, 153
L 1476, -999, 3, 1477, -1041, 8, 153, 153, 153
L 1477, -1041, 8, 1759, -1042, 3, 153, 153, 153
L 1759, -1042, 3, 1761, -759, 3, 153, 153, 153
L 1761, -759, 3, 1478, -758, 4, 153, 153, 153
L 1478, -758, 4, 1476, -920, 3, 153, 153, 153
L 1476, -920, 3, 1521, -920, 3, 153, 153, 153
L 1521, -920, 3, 1521, -803, 3, 153, 153, 153
L -408, -682, 88, -408, -682, 9, 153, 153, 153
L -408, -682, 9, -332, -682, 8, 153, 153, 153
L -332, -682, 8, -332, -807, 8, 153, 153, 153
L -332, -807, 8, -330, -817, 8, 153, 153, 153
L -330, -817, 8, -319, -817, 6, 153, 153, 153
L -319, -817, 6, -318, -670, 3, 153, 153, 153
L -318, -670, 3, -420, -667, 3, 153, 153, 153
L -420, -667, 3, -422, -815, 4, 153, 153, 153
L -422, -815, 4, -411, -817, 3, 153, 153, 153
L -411, -817, 3, -410, -817, 8, 153, 153, 153
L -410, -817, 8, -408, -807, 8, 153, 153, 153
L -408, -807, 8, -408, -682, 8, 153, 153, 153
L -612, -757, 90, -612, -757, 8, 153, 153, 153
L -612, -757, 8, -707, -757, 8, 153, 153, 153
L -707, -757, 8, -708, -717, 8, 153, 153, 153
L -708, -717, 8, -748, -717, 8, 153, 153, 153
L -748, -717, 8, -752, -721, 8, 153, 153, 153
L -752, -721, 8, -751, -782, 4, 153, 153, 153
L -751, -782, 4, -588, -781, 3, 153, 153, 153
L -588, -781, 3, -588, -578, 3, 153, 153, 153
L -588, -578, 3, -750, -578, 3, 153, 153, 153
L -750, -578, 3, -752, -640, 3, 153, 153, 153
L -752, -640, 3, -747, -642, 8, 153, 153, 153
L -747, -642, 8, -708, -642, 8, 153, 153, 153
L -708, -642, 8, -707, -602, 8, 153, 153, 153
L -707, -602, 8, -612, -602, 8, 153, 153, 153
L -612, -602, 8, -612, -757, 8, 153, 153, 153
L -1087, -957, 87, -1087, -957, 9, 153, 153, 153
L -1087, -957, 9, -1087, -862, 8, 153, 153, 153
L -1087, -862, 8, -1090, -857, 4, 153, 153, 153
L -1090, -857, 4, -1112, -859, 3, 153, 153, 153
L -1112, -859, 3, -1111, -981, 3, 153, 153, 153
L -1111, -981, 3, -989, -982, 3, 153, 153, 153
L -989, -982, 3, -988, -858, 3, 153, 153, 153
L -988, -858, 3, -1008, -857, 3, 153, 153, 153
L -1008, -857, 3, -1012, -862, 8, 153, 153, 153
L -1012, -862, 8, -1012, -957, 8, 153, 153, 153
L -1012, -957, 8, -1087, -957, 8, 153, 153, 153
L -1996, 54, 37, -1996, 54, 3, 153, 153, 153
L -1996, 54, 3, -1976, 134, 3, 153, 153, 153
L -1976, 134, 3, -2009, 144, 3, 153, 153, 153
L -2009, 144, 3, -2028, 66, 3, 153, 153, 153
L -2028, 66, 3, -1993, 57, 3, 153, 153, 153
L 2771, 65, -64, 2771, 65, -6, 255, 0, 0
L 2771, 65, -6, 2736, 46, -22, 255, 0, 0
L 2736, 46, -22, 2719, 46, -8, 255, 0, 0
L 2719, 46, -8, 2685, 65, 0, 255, 0, 0
L 2685, 65, 0, 2686, 113, 0, 255, 0, 0
L 2686, 113, 0, 2720, 132, 0, 255, 0, 0
L 2720, 132, 0, 2738, 131, 0, 255, 0, 0
L 2738, 131, 0, 2770, 113, -1, 255, 0, 0
L 2770, 113, -1, 2771, 65, 0, 255, 0, 0
L 2720, 66, -589, 2720, 66, -58, 255, 0, 0
L 2720, 66, -58, 2720, 112, -60, 255, 0, 0
L 2720, 112, -60, 2736, 112, -57, 255, 0, 0
L 2736, 112, -57, 2736, 66, -58, 255, 0, 0
L 2736, 66, -58, 2720, 66, -60, 255, 0, 0
L -738, -1037, 37, -738, -1037, 3, 153, 153, 153
L -738, -1037, 3, -735, -1162, 3, 153, 153, 153
L -735, -1162, 3, -642, -1158, 3, 153, 153, 153
L -642, -1158, 3, -644, -1038, 3, 153, 153, 153
L -644, -1038, 3, -735, -1037, 3, 153, 153, 153
L -1241, -484, 31, -1128, -484, 3, 153, 153, 153
L -1128, -484, 3, -1128, -556, 3, 153, 153, 153
L -1128, -556, 3, -1241, -556, 3, 153, 153, 153
L -1241, -556, 3, -1241, -484, 3, 153, 153, 153
L -748, -1110, 31, -748, -1142, 3, 153, 153, 153
L -748, -1142, 3, -780, -1142, 3, 153, 153, 153
L -780, -1142, 3, -780, -1110, 3, 153, 153, 153
L -780, -1110, 3, -748, -1110, 3, 153, 153, 153
L -209, -921, 31, -248, -921, 3, 153, 153, 153
L -248, -921, 3, -248, -881, 3, 153, 153, 153
L -248, -881, 3, -208, -881, 3, 153, 153, 153
L -208, -881, 3, -208, -921, 3, 153, 153, 153
L -208, -800, 31, -248, -800, 3, 153, 153, 153
L -248, -800, 3, -248, -760, 3, 153, 153, 153
L -248, -760, 3, -209, -760, 3, 153, 153, 153
L -209, -760, 3, -209, -800, 3, 153, 153, 153
L 841, 220, -2558, 841, 220, -255, 0, 0, 0
L 841, 220, -255, 820, 301, -256, 0, 0, 0
L 820, 301, -256, 800, 361, -256, 0, 0, 0
L 800, 361, -256, 758, 361, -256, 0, 0, 0
L 758, 361, -256, 695, 341, -255, 0, 0, 0
L 695, 341, -255, 639, 341, -255, 0, 0, 0
L 639, 341, -255, 615, 299, -255, 0, 0, 0
L 615, 299, -255, 576, 260, -256, 0, 0, 0
L 576, 260, -256, 499, 261, -250, 0, 0, 0
L 499, 261, -250, 476, 179, -256, 0, 0, 0
L 476, 179, -256, 439, 144, -261, 0, 0, 0
L 439, 144, -261, 401, 122, -256, 0, 0, 0
L 401, 122, -256, 358, 141, -256, 0, 0, 0
L 358, 141, -256, 319, 122, -253, 0, 0, 0
L 319, 122, -253, 281, 141, -255, 0, 0, 0
L 281, 141, -255, 259, 142, -256, 0, 0, 0
L 259, 142, -256, 240, 161, -256, 0, 0, 0
L 240, 161, -256, 221, 161, -256, 0, 0, 0
L 221, 161, -256, 221, 217, -256, 0, 0, 0
L 221, 217, -256, 203, 257, -232, 0, 0, 0
L 203, 257, -232, 202, 319, -230, 0, 0, 0
L 202, 319, -230, 221, 347, -239, 0, 0, 0
L 221, 347, -239, 221, 357, -241, 0, 0, 0
L 221, 357, -241, 238, 357, -245, 0, 0, 0
L 238, 357, -245, 241, 377, -250, 0, 0, 0
L 241, 377, -250, 260, 417, -256, 0, 0, 0
L 260, 417, -256, 280, 437, -255, 0, 0, 0
L 280, 437, -255, 322, 437, -251, 0, 0, 0
L 322, 437, -251, 362, 455, -227, 0, 0, 0
L 362, 455, -227, 402, 430, -237, 0, 0, 0
L 402, 430, -237, 427, 393, -248, 0, 0, 0
L 427, 393, -248, 462, 331, -255, 0, 0, 0
L 462, 331, -255, 480, 316, -256, 0, 0, 0
L 480, 316, -256, 500, 317, -256, 0, 0, 0
L 500, 317, -256, 539, 337, -256, 0, 0, 0
L 539, 337, -256, 554, 351, -256, 0, 0, 0
L 554, 351, -256, 601, 378, -251, 0, 0, 0
L 601, 378, -251, 559, 446, -246, 0, 0, 0
L 559, 446, -246, 541, 499, -246, 0, 0, 0
L 541, 499, -246, 562, 542, -246, 0, 0, 0
L 562, 542, -246, 561, 577, -217, 0, 0, 0
L 561, 577, -217, 599, 577, -226, 0, 0, 0
L 599, 577, -226, 645, 592, -237, 0, 0, 0
L 645, 592, -237, 749, 591, -199, 0, 0, 0
L 749, 591, -199, 776, 558, -208, 0, 0, 0
L 776, 558, -208, 776, 538, -214, 0, 0, 0
L 776, 538, -214, 799, 473, -233, 0, 0, 0
L 799, 473, -233, 819, 436, -244, 0, 0, 0
L 819, 436, -244, 849, 437, -250, 0, 0, 0
L 849, 437, -250, 898, 395, -256, 0, 0, 0
L 898, 395, -256, 916, 335, -256, 0, 0, 0
L 916, 335, -256, 917, 278, -256, 0, 0, 0
L 917, 278, -256, 956, 258, -255, 0, 0, 0
L 956, 258, -255, 998, 257, -256, 0, 0, 0
L 998, 257, -256, 1063, 237, -256, 0, 0, 0
L 1060, 237, -2610, 1060, 237, -261, 0, 204, 255
L 1060, 237, -261, 1061, 295, -272, 0, 204, 255
L 1061, 295, -272, 1079, 335, -280, 0, 204, 255
L 1079, 335, -280, 1121, 357, -288, 0, 204, 255
L 1121, 357, -288, 1177, 357, -296, 0, 204, 255
L 1177, 357, -296, 1219, 376, -265, 0, 204, 255
L 1219, 376, -265, 1276, 335, -261, 0, 204, 255
L 1276, 335, -261, 1316, 257, -261, 0, 204, 255
L 1316, 257, -261, 1316, 218, -261, 0, 204, 255
L 1316, 218, -261, 1293, 177, -261, 0, 204, 255
L 1293, 177, -261, 1235, 121, -261, 0, 204, 255
L 1235, 121, -261, 1213, 121, -261, 0, 204, 255
L 1213, 121, -261, 1134, 124, -260, 0, 204, 255
L 1134, 124, -260, 1101, 140, -260, 0, 204, 255
L 1101, 140, -260, 1078, 142, -261, 0, 204, 255
L 1078, 142, -261, 1061, 141, -262, 0, 204, 255
L 1061, 141, -262, 1061, 243, -287, 0, 204, 255
L 1219, 376, -2607, 1219, 376, -261, 0, 0, 0
L 1219, 376, -261, 1259, 416, -256, 0, 0, 0
L 1259, 416, -256, 1321, 437, -256, 0, 0, 0
L 1321, 437, -256, 1357, 437, -256, 0, 0, 0
L 1357, 437, -256, 1399, 396, -255, 0, 0, 0
L 1399, 396, -255, 1437, 377, -255, 0, 0, 0
L 1437, 377, -255, 1477, 396, -256, 0, 0, 0
L 1477, 396, -256, 1558, 356, -256, 0, 0, 0
L 1558, 356, -256, 1577, 337, -256, 0, 0, 0
L 1577, 337, -256, 1597, 297, -256, 0, 0, 0
L 1597, 297, -256, 1622, 298, -255, 0, 0, 0
L 1622, 298, -255, 1658, 316, -256, 0, 0, 0
L 1658, 316, -256, 1677, 297, -256, 0, 0, 0
L 1677, 297, -256, 1663, 286, -256, 0, 0, 0
L 1663, 286, -256, 1681, 251, -255, 0, 0, 0
L 1681, 251, -255, 1676, 240, -256, 0, 0, 0
L 1676, 240, -256, 1695, 219, -256, 0, 0, 0
L 1695, 219, -256, 1758, 216, -256, 0, 0, 0
L 1758, 216, -256, 1778, 197, -255, 0, 0, 0
L 1778, 197, -255, 1822, 197, -256, 0, 0, 0
L 1822, 197, -256, 1840, 216, -226, 0, 0, 0
L 1840, 216, -226, 1922, 172, -237, 0, 0, 0
L 1922, 172, -237, 1941, 142, -242, 0, 0, 0
L 1941, 142, -242, 1953, 108, -246, 0, 0, 0
L 1953, 108, -246, 1975, 79, -239, 0, 0, 0
L 1975, 79, -239, 1975, 77, -239, 0, 0, 0
L 1975, 77, -239, 1913, 1, -249, 0, 0, 0
L 1913, 1, -249, 1878, 1, -253, 0, 0, 0
L 1878, 1, -253, 1876, -12, -255, 0, 0, 0
L 1876, -12, -255, 1857, -77, -256, 0, 0, 0
L 1857, -77, -256, 1836, -100, -255, 0, 0, 0
L 1836, -100, -255, 1835, -142, -256, 0, 0, 0
L 1835, -142, -256, 1817, -178, -256, 0, 0, 0
L 1817, -178, -256, 1832, -213, -256, 0, 0, 0
L 1832, -213, -256, 1856, -240, -245, 0, 0, 0
L 1856, -240, -245, 1856, -280, -248, 0, 0, 0
L 1856, -280, -248, 1880, -304, -252, 0, 0, 0
L 1880, -304, -252, 1931, -320, -256, 0, 0, 0
L 1931, -320, -256, 1972, -356, -256, 0, 0, 0
L 1972, -356, -256, 1976, -419, -256, 0, 0, 0
L 1976, -419, -256, 2019, -466, -256, 0, 0, 0
L 2019, -466, -256, 2035, -498, -256, 0, 0, 0
L 2035, -498, -256, 2036, -541, -256, 0, 0, 0
L 2036, -541, -256, 2056, -580, -256, 0, 0, 0
L 2056, -580, -256, 2077, -601, -255, 0, 0, 0
L 2077, -601, -255, 2106, -586, -231, 0, 0, 0
L 2106, -586, -231, 2139, -602, -235, 0, 0, 0
L 2139, -602, -235, 2161, -561, -242, 0, 0, 0
L 2161, -561, -242, 2200, -541, -247, 0, 0, 0
L 2200, -541, -247, 2191, -510, -251, 0, 0, 0
L 2191, -510, -251, 2180, -442, -256, 0, 0, 0
L 2180, -442, -256, 2170, -418, -256, 0, 0, 0
L 2170, -418, -256, 2181, -403, -255, 0, 0, 0
L 2181, -403, -255, 2181, -379, -248, 0, 0, 0
L 2181, -379, -248, 2200, -320, -254, 0, 0, 0
L 2200, -320, -254, 2179, -278, -256, 0, 0, 0
L 2179, -278, -256, 2137, -258, -256, 0, 0, 0
L 2137, -258, -256, 2063, -258, -256, 0, 0, 0
L 2063, -258, -256, 1959, -237, -256, 0, 0, 0
L 1959, -237, -256, 1943, -204, -256, 0, 0, 0
L 1943, -204, -256, 1942, -179, -256, 0, 0, 0
L 1942, -179, -256, 1960, -161, -256, 0, 0, 0
L 1960, -161, -256, 1980, -121, -256, 0, 0, 0
L 1980, -121, -256, 2023, -80, -256, 0, 0, 0
L 2023, -80, -256, 2065, -60, -256, 0, 0, 0
L 2065, -60, -256, 2119, -42, -253, 0, 0, 0
L 2119, -42, -253, 2237, -22, -246, 0, 0, 0
L 2237, -22, -246, 2300, 37, -246, 0, 0, 0
L 2300, 37, -2461, 2300, 37, -245, 255, 0, 0
L 2300, 37, -245, 2396, 56, -251, 255, 0, 0
L 2396, 56, -251, 2415, -77, -251, 255, 0, 0
L 2415, -77, -251, 2359, -58, -251, 255, 0, 0
L 2359, -58, -251, 2301, 37, -251, 255, 0, 0
L 2359, -58, -2511, 2359, -58, -250, 0, 0, 0
L 2359, -58, -250, 2275, -79, -246, 0, 0, 0
L 2275, -79, -246, 2238, -97, -225, 0, 0, 0
L 2238, -97, -225, 2155, -78, -243, 0, 0, 0
L 2155, -78, -243, 2097, -98, -256, 0, 0, 0
L 2097, -98, -256, 2067, -98, -256, 0, 0, 0
L 2067, -98, -256, 2018, -137, -256, 0, 0, 0
L 2018, -137, -256, 2034, -159, -256, 0, 0, 0
L 2034, -159, -256, 2065, -164, -256, 0, 0, 0
L 2065, -164, -256, 2117, -177, -256, 0, 0, 0
L 2117, -177, -256, 2177, -202, -256, 0, 0, 0
L 2177, -202, -256, 2196, -241, -256, 0, 0, 0
L 2196, -241, -256, 2217, -264, -256, 0, 0, 0
L 2217, -264, -256, 2224, -284, -256, 0, 0, 0
L 2224, -284, -256, 2236, -356, -256, 0, 0, 0
L 2236, -356, -256, 2218, -377, -256, 0, 0, 0
L 2218, -377, -256, 2216, -438, -256, 0, 0, 0
L 2216, -438, -256, 2233, -474, -250, 0, 0, 0
L 2233, -474, -250, 2217, -498, -255, 0, 0, 0
L 2217, -498, -255, 2216, -560, -256, 0, 0, 0
L 2216, -560, -256, 2197, -597, -256, 0, 0, 0
L 2197, -597, -256, 2176, -618, -256, 0, 0, 0
L 2176, -618, -256, 2137, -638, -256, 0, 0, 0
L 2137, -638, -256, 2119, -655, -256, 0, 0, 0
L 2119, -655, -256, 2060, -638, -256, 0, 0, 0
L 2060, -638, -256, 2040, -637, -256, 0, 0, 0
L 2040, -637, -256, 2019, -617, -256, 0, 0, 0
L 2019, -617, -256, 2008, -595, -256, 0, 0, 0
L 2008, -595, -256, 2015, -592, -256, 0, 0, 0
L 2015, -592, -256, 2013, -566, -256, 0, 0, 0
L 2013, -566, -256, 2000, -562, -256, 0, 0, 0
L 2000, -562, -256, 2000, -548, -256, 0, 0, 0
L 2000, -548, -256, 1980, -518, -256, 0, 0, 0
L 1980, -518, -256, 1960, -457, -256, 0, 0, 0
L 1960, -457, -256, 1941, -420, -256, 0, 0, 0
L 1941, -420, -256, 1940, -382, -256, 0, 0, 0
L 1940, -382, -256, 1899, -358, -256, 0, 0, 0
L 1899, -358, -256, 1867, -347, -256, 0, 0, 0
L 1867, -347, -256, 1867, -337, -256, 0, 0, 0
L 1867, -337, -256, 1841, -316, -256, 0, 0, 0
L 1841, -316, -256, 1834, -321, -256, 0, 0, 0
L 1834, -321, -256, 1822, -283, -256, 0, 0, 0
L 1822, -283, -256, 1801, -241, -256, 0, 0, 0
L 1801, -241, -256, 1754, -238, -255, 0, 0, 0
L 1754, -238, -255, 1700, -198, -245, 0, 0, 0
L 1700, -198, -245, 1659, -236, -255, 0, 0, 0
L 1659, -236, -255, 1636, -278, -255, 0, 0, 0
L 1636, -278, -255, 1594, -299, -256, 0, 0, 0
L 1594, -299, -256, 1538, -318, -256, 0, 0, 0
L 1538, -318, -256, 1497, -338, -252, 0, 0, 0
L 1497, -338, -252, 1477, -378, -256, 0, 0, 0
L 1477, -378, -256, 1418, -437, -256, 0, 0, 0
L 1418, -437, -256, 1376, -500, -256, 0, 0, 0
L 1376, -500, -256, 1356, -559, -256, 0, 0, 0
L 1356, -559, -256, 1365, -577, -256, 0, 0, 0
L 1365, -577, -256, 1362, -599, -249, 0, 0, 0
L 1362, -599, -249, 1365, -610, -251, 0, 0, 0
L 1365, -610, -251, 1341, -634, -256, 0, 0, 0
L 1341, -634, -256, 1296, -761, -255, 0, 0, 0
L 1296, -761, -255, 1316, -820, -256, 0, 0, 0
L 1316, -820, -256, 1294, -862, -256, 0, 0, 0
L 1294, -862, -256, 1250, -924, -256, 0, 0, 0
L 1250, -924, -256, 1219, -955, -256, 0, 0, 0
L 1219, -955, -256, 1058, -997, -256, 0, 0, 0
L 1058, -997, -256, 983, -978, -256, 0, 0, 0
L 983, -978, -256, 926, -995, -217, 0, 0, 0
L 926, -995, -217, 876, -977, -225, 0, 0, 0
L 876, -977, -225, 836, -978, -235, 0, 0, 0
L 836, -978, -235, 822, -993, -239, 0, 0, 0
L 822, -993, -239, 778, -977, -247, 0, 0, 0
L 778, -977, -247, 756, -1041, -256, 0, 0, 0
L 756, -1041, -256, 756, -1117, -256, 0, 0, 0
L 756, -1117, -256, 776, -1196, -256, 0, 0, 0
L 776, -1196, -256, 736, -1282, -256, 0, 0, 0
L 736, -1282, -256, 736, -1378, -255, 0, 0, 0
L 736, -1378, -255, 669, -1425, -246, 0, 0, 0
L 669, -1425, -246, 659, -1436, -230, 0, 0, 0
L 659, -1436, -230, 638, -1416, -234, 0, 0, 0
L 638, -1416, -234, 572, -1441, -246, 0, 0, 0
L 572, -1441, -246, 556, -1458, -250, 0, 0, 0
L 556, -1458, -250, 515, -1477, -255, 0, 0, 0
L 515, -1477, -255, 468, -1477, -256, 0, 0, 0
L 468, -1477, -256, 465, -1466, -253, 0, 0, 0
L 465, -1466, -253, 451, -1461, -255, 0, 0, 0
L 451, -1461, -255, 443, -1469, -255, 0, 0, 0
L 443, -1469, -255, 448, -1481, -239, 0, 0, 0
L 448, -1481, -239, 427, -1488, -263, 0, 0, 0
L 428, -1487, -2562, 428, -1487, -256, 0, 204, 255
L 428, -1487, -256, 371, -1512, -275, 0, 204, 255
L 371, -1512, -275, 294, -1516, -288, 0, 204, 255
L 294, -1516, -288, 261, -1483, -292, 0, 204, 255
L 261, -1483, -292, 238, -1497, -294, 0, 204, 255
L 238, -1497, -294, 222, -1488, -296, 0, 204, 255
L 222, -1488, -296, 221, -1480, -295, 0, 204, 255
L 221, -1480, -295, 225, -1467, -296, 0, 204, 255
L 225, -1467, -296, 239, -1462, -295, 0, 204, 255
L 239, -1462, -295, 241, -1446, -296, 0, 204, 255
L 241, -1446, -296, 254, -1437, -296, 0, 204, 255
L 254, -1437, -296, 292, -1418, -293, 0, 204, 255
L 292, -1418, -293, 327, -1389, -296, 0, 204, 255
L 327, -1389, -296, 387, -1382, -285, 0, 204, 255
L 387, -1382, -285, 426, -1386, -281, 0, 204, 255
L 426, -1386, -281, 427, -1488, -281, 0, 204, 255
L 427, -1386, -2642, 427, -1386, -270, 0, 0, 0
L 427, -1386, -270, 435, -1400, -256, 0, 0, 0
L 435, -1400, -256, 466, -1404, -254, 0, 0, 0
L 466, -1404, -254, 519, -1422, -254, 0, 0, 0
L 519, -1422, -254, 540, -1403, -252, 0, 0, 0
L 540, -1403, -252, 622, -1362, -255, 0, 0, 0
L 622, -1362, -255, 658, -1362, -256, 0, 0, 0
L 658, -1362, -256, 681, -1340, -251, 0, 0, 0
L 681, -1340, -251, 681, -1280, -253, 0, 0, 0
L 681, -1280, -253, 701, -1221, -255, 0, 0, 0
L 701, -1221, -255, 679, -1157, -256, 0, 0, 0
L 679, -1157, -256, 640, -1138, -257, 0, 0, 0
L 640, -1138, -257, 597, -1158, -256, 0, 0, 0
L 597, -1158, -256, 579, -1176, -256, 0, 0, 0
L 579, -1176, -256, 539, -1197, -256, 0, 0, 0
L 539, -1197, -256, 510, -1168, -253, 0, 0, 0
L 510, -1168, -253, 502, -1159, -247, 0, 0, 0
L 502, -1159, -247, 520, -1123, -250, 0, 0, 0
L 520, -1123, -250, 561, -1142, -255, 0, 0, 0
L 561, -1142, -255, 585, -1140, -256, 0, 0, 0
L 585, -1140, -256, 639, -1122, -265, 0, 0, 0
L 639, -1122, -265, 679, -1122, -256, 0, 0, 0
L 679, -1122, -256, 700, -1062, -256, 0, 0, 0
L 700, -1062, -256, 723, -959, -253, 0, 0, 0
L 723, -959, -253, 759, -922, -256, 0, 0, 0
L 759, -922, -256, 822, -921, -256, 0, 0, 0
L 822, -921, -256, 820, -898, -256, 0, 0, 0
L 820, -898, -256, 781, -820, -255, 0, 0, 0
L 781, -820, -255, 717, -818, -256, 0, 0, 0
L 717, -818, -256, 679, -836, -256, 0, 0, 0
L 679, -836, -256, 660, -817, -256, 0, 0, 0
L 660, -817, -256, 620, -738, -256, 0, 0, 0
L 620, -738, -256, 597, -716, -255, 0, 0, 0
L 597, -716, -255, 559, -697, -256, 0, 0, 0
L 559, -697, -256, 517, -696, -255, 0, 0, 0
L 517, -696, -255, 480, -678, -256, 0, 0, 0
L 480, -678, -256, 439, -697, -223, 0, 0, 0
L 439, -697, -223, 400, -658, -234, 0, 0, 0
L 400, -658, -234, 382, -657, -238, 0, 0, 0
L 382, -657, -238, 361, -618, -248, 0, 0, 0
L 361, -618, -248, 321, -617, -255, 0, 0, 0
L 321, -617, -255, 299, -597, -256, 0, 0, 0
L 299, -597, -256, 279, -616, -256, 0, 0, 0
L 279, -616, -256, 257, -658, -256, 0, 0, 0
L 257, -658, -256, 257, -761, -256, 0, 0, 0
L 257, -761, -256, 297, -781, -256, 0, 0, 0
L 297, -781, -256, 335, -819, -256, 0, 0, 0
L 335, -819, -256, 356, -858, -236, 0, 0, 0
L 356, -858, -236, 337, -901, -243, 0, 0, 0
L 337, -901, -243, 337, -937, -250, 0, 0, 0
L 337, -937, -250, 278, -997, -256, 0, 0, 0
L 278, -997, -256, 238, -996, -254, 0, 0, 0
L 238, -996, -254, 221, -979, -256, 0, 0, 0
L 221, -979, -256, 208, -977, -255, 0, 0, 0
L 208, -977, -255, 182, -977, -246, 0, 0, 0
L 182, -977, -246, 144, -942, -255, 0, 0, 0
L 144, -942, -255, 122, -899, -253, 0, 0, 0
L 122, -899, -253, 141, -860, -248, 0, 0, 0
L 141, -860, -248, 182, -818, -251, 0, 0, 0
L 182, -818, -251, 221, -741, -255, 0, 0, 0
L 221, -741, -255, 202, -701, -256, 0, 0, 0
L 202, -701, -256, 183, -680, -222, 0, 0, 0
L 183, -680, -222, 203, -640, -225, 0, 0, 0
L 203, -640, -225, 241, -621, -233, 0, 0, 0
L 241, -621, -233, 280, -562, -238, 0, 0, 0
L 280, -562, -238, 282, -519, -242, 0, 0, 0
L 282, -519, -242, 299, -484, -245, 0, 0, 0
L 299, -484, -245, 343, -462, -248, 0, 0, 0
L 343, -462, -248, 360, -462, -249, 0, 0, 0
L 360, -462, -249, 396, -444, -251, 0, 0, 0
L 396, -444, -251, 362, -399, -254, 0, 0, 0
L 362, -399, -254, 380, -363, -256, 0, 0, 0
L 380, -363, -256, 419, -382, -255, 0, 0, 0
L 419, -382, -255, 440, -362, -256, 0, 0, 0
L 440, -362, -256, 477, -343, -256, 0, 0, 0
L 477, -343, -256, 499, -323, -236, 0, 0, 0
L 499, -323, -236, 523, -344, -239, 0, 0, 0
L 523, -344, -239, 558, -362, -242, 0, 0, 0
L 558, -362, -242, 583, -337, -245, 0, 0, 0
L 583, -337, -245, 600, -302, -248, 0, 0, 0
L 600, -302, -248, 601, -259, -249, 0, 0, 0
L 601, -259, -249, 560, -238, -252, 0, 0, 0
L 560, -238, -252, 518, -197, -255, 0, 0, 0
L 518, -197, -255, 517, -236, -256, 0, 0, 0
L 517, -236, -256, 481, -219, -248, 0, 0, 0
L 481, -219, -248, 481, -182, -250, 0, 0, 0
L 481, -182, -250, 515, -182, -252, 0, 0, 0
L 515, -182, -252, 560, -222, -255, 0, 0, 0
L 560, -222, -255, 599, -183, -255, 0, 0, 0
L 599, -183, -255, 600, -176, -256, 0, 0, 0
L 600, -176, -256, 579, -117, -256, 0, 0, 0
L 579, -117, -256, 557, -96, -256, 0, 0, 0
L 557, -96, -256, 519, -97, -256, 0, 0, 0
L 519, -97, -256, 501, -79, -256, 0, 0, 0
L 501, -79, -256, 455, -76, -254, 0, 0, 0
L 455, -76, -254, 401, -58, -256, 0, 0, 0
L 401, -58, -256, 401, -21, -247, 0, 0, 0
L 401, -21, -247, 424, 0, -247, 0, 0, 0
L 424, 0, -247, 459, 16, -245, 0, 0, 0
L 459, 16, -245, 497, -2, -247, 0, 0, 0
L 497, -2, -247, 516, -40, -249, 0, 0, 0
L 516, -40, -249, 596, -81, -254, 0, 0, 0
L 596, -81, -254, 616, -101, -255, 0, 0, 0
L 616, -101, -255, 636, -142, -256, 0, 0, 0
L 636, -142, -256, 637, -178, -256, 0, 0, 0
L 637, -178, -256, 680, -162, -255, 0, 0, 0
L 680, -162, -255, 700, -142, -256, 0, 0, 0
L 700, -142, -256, 736, -142, -249, 0, 0, 0
L 736, -142, -249, 736, -172, -249, 0, 0, 0
L 736, -172, -249, 699, -178, -251, 0, 0, 0
L 699, -178, -251, 655, -202, -254, 0, 0, 0
L 655, -202, -254, 637, -239, -256, 0, 0, 0
L 637, -239, -256, 636, -279, -256, 0, 0, 0
L 636, -279, -256, 616, -320, -252, 0, 0, 0
L 616, -320, -252, 616, -439, -256, 0, 0, 0
L 616, -439, -256, 636, -480, -256, 0, 0, 0
L 636, -480, -256, 674, -465, -256, 0, 0, 0
L 674, -465, -256, 696, -499, -255, 0, 0, 0
L 696, -499, -255, 679, -516, -256, 0, 0, 0
L 679, -516, -256, 676, -559, -256, 0, 0, 0
L 676, -559, -256, 696, -602, -256, 0, 0, 0
L 696, -602, -256, 696, -639, -256, 0, 0, 0
L 696, -639, -256, 658, -658, -256, 0, 0, 0
L 658, -658, -256, 636, -704, -256, 0, 0, 0
L 636, -704, -256, 657, -722, -256, 0, 0, 0
L 657, -722, -256, 677, -761, -256, 0, 0, 0
L 677, -761, -256, 696, -780, -256, 0, 0, 0
L 696, -780, -256, 795, -782, -256, 0, 0, 0
L 795, -782, -256, 818, -803, -256, 0, 0, 0
L 818, -803, -256, 835, -837, -256, 0, 0, 0
L 835, -837, -256, 836, -878, -256, 0, 0, 0
L 836, -878, -256, 855, -900, -256, 0, 0, 0
L 855, -900, -256, 917, -922, -244, 0, 0, 0
L 917, -922, -244, 958, -902, -246, 0, 0, 0
L 958, -902, -246, 1042, -922, -250, 0, 0, 0
L 1042, -922, -250, 1060, -922, -252, 0, 0, 0
L 1060, -922, -252, 1085, -909, -253, 0, 0, 0
L 1085, -909, -253, 1096, -922, -254, 0, 0, 0
L 1096, -922, -254, 1111, -918, -254, 0, 0, 0
L 1111, -918, -254, 1120, -922, -255, 0, 0, 0
L 1120, -922, -255, 1180, -902, -256, 0, 0, 0
L 1180, -902, -256, 1221, -860, -255, 0, 0, 0
L 1221, -860, -255, 1241, -818, -256, 0, 0, 0
L 1241, -818, -256, 1260, -763, -256, 0, 0, 0
L 1260, -763, -256, 1242, -739, -240, 0, 0, 0
L 1242, -739, -240, 1261, -698, -239, 0, 0, 0
L 1261, -698, -239, 1283, -636, -244, 0, 0, 0
L 1283, -636, -244, 1300, -602, -246, 0, 0, 0
L 1300, -602, -246, 1301, -560, -248, 0, 0, 0
L 1301, -560, -248, 1379, -403, -256, 0, 0, 0
L 1379, -403, -256, 1381, -360, -256, 0, 0, 0
L 1381, -360, -256, 1316, -322, -244, 0, 0, 0
L 1316, -322, -244, 1243, -298, -217, 0, 0, 0
L 1243, -298, -217, 1199, -317, -168, 0, 0, 0
L 1199, -317, -168, 1161, -297, -180, 0, 0, 0
L 1161, -297, -180, 1161, -260, -188, 0, 0, 0
L 1161, -260, -188, 1182, -218, -176, 0, 0, 0
L 1182, -218, -176, 1199, -185, -168, 0, 0, 0
L 1199, -185, -168, 1182, -131, -147, 0, 0, 0
L 1182, -131, -147, 1182, -78, -142, 0, 0, 0
L 1182, -78, -142, 1181, -26, -121, 0, 0, 0
L 1181, -26, -121, 1219, 36, -114, 0, 0, 0
L 1219, 36, -114, 1293, 55, -96, 0, 0, 0
L 1293, 55, -96, 1335, 38, -66, 0, 0, 0
L 1335, 38, -66, 1377, 37, -43, 0, 0, 0
L 1377, 37, -43, 1417, -2, -28, 0, 0, 0
L 1417, -2, -28, 1436, -59, -13, 0, 0, 0
L 1436, -59, -13, 1511, -106, 3, 0, 0, 0
L 1390, -155, 28, 1390, -155, 2, 0, 0, 0
L 1390, -155, 2, 1380, -96, -16, 0, 0, 0
L 1380, -96, -16, 1357, -17, -39, 0, 0, 0
L 1357, -17, -39, 1314, 1, -68, 0, 0, 0
L 1314, 1, -68, 1255, 0, -98, 0, 0, 0
L 1255, 0, -98, 1236, -19, -106, 0, 0, 0
L 1236, -19, -106, 1236, -60, -121, 0, 0, 0
L 1236, -60, -121, 1256, -101, -123, 0, 0, 0
L 1256, -101, -123, 1217, -217, -176, 0, 0, 0
L 1217, -217, -176, 1217, -222, -181, 0, 0, 0
L 1217, -222, -181, 1257, -242, -196, 0, 0, 0
L 1257, -242, -196, 1297, -242, -228, 0, 0, 0
L 1297, -242, -228, 1419, -323, -255, 0, 0, 0
L 1419, -323, -255, 1459, -302, -256, 0, 0, 0
L 1459, -302, -256, 1471, -290, -256, 0, 0, 0
L 1471, -290, -256, 1580, -262, -256, 0, 0, 0
L 1580, -262, -256, 1598, -244, -256, 0, 0, 0
L 1598, -244, -256, 1620, -201, -255, 0, 0, 0
L 1620, -201, -255, 1645, -179, -256, 0, 0, 0
L 1645, -179, -256, 1679, -162, -256, 0, 0, 0
L 1679, -162, -256, 1697, -162, -256, 0, 0, 0
L 1697, -162, -256, 1718, -125, -256, 0, 0, 0
L 1718, -125, -256, 1760, -82, -256, 0, 0, 0
L 1760, -82, -256, 1799, -82, -256, 0, 0, 0
L 1799, -82, -256, 1832, -17, -256, 0, 0, 0
L 1832, -17, -256, 1849, -7, -256, 0, 0, 0
L 1849, -7, -256, 1845, 20, -254, 0, 0, 0
L 1845, 20, -254, 1859, 37, -256, 0, 0, 0
L 1859, 37, -256, 1878, 37, -256, 0, 0, 0
L 1878, 37, -256, 1920, 57, -256, 0, 0, 0
L 1920, 57, -256, 1920, 81, -256, 0, 0, 0
L 1920, 81, -256, 1901, 119, -256, 0, 0, 0
L 1901, 119, -256, 1888, 132, -256, 0, 0, 0
L 1888, 132, -256, 1865, 153, -255, 0, 0, 0
L 1865, 153, -255, 1845, 150, -250, 0, 0, 0
L 1845, 150, -250, 1839, 141, -248, 0, 0, 0
L 1839, 141, -248, 1815, 143, -256, 0, 0, 0
L 1815, 143, -256, 1781, 160, -256, 0, 0, 0
L 1781, 160, -256, 1707, 179, -256, 0, 0, 0
L 1707, 179, -256, 1695, 180, -256, 0, 0, 0
L 1695, 180, -256, 1681, 148, -256, 0, 0, 0
L 1681, 148, -256, 1640, 122, -256, 0, 0, 0
L 1640, 122, -256, 1614, 134, -256, 0, 0, 0
L 1614, 134, -256, 1581, 141, -256, 0, 0, 0
L 1581, 141, -256, 1562, 159, -256, 0, 0, 0
L 1562, 159, -256, 1561, 179, -256, 0, 0, 0
L 1561, 179, -256, 1581, 224, -256, 0, 0, 0
L 1581, 224, -256, 1581, 236, -256, 0, 0, 0
L 1581, 236, -256, 1559, 281, -256, 0, 0, 0
L 1559, 281, -256, 1539, 301, -256, 0, 0, 0
L 1539, 301, -256, 1499, 321, -256, 0, 0, 0
L 1499, 321, -256, 1481, 339, -256, 0, 0, 0
L 1481, 339, -256, 1419, 322, -256, 0, 0, 0
L 1419, 322, -256, 1401, 340, -256, 0, 0, 0
L 1401, 340, -256, 1339, 363, -256, 0, 0, 0
L 1339, 363, -256, 1321, 399, -256, 0, 0, 0
L 1321, 399, -256, 1313, 399, -256, 0, 0, 0
L 1313, 399, -256, 1276, 380, -256, 0, 0, 0
L 1276, 380, -256, 1277, 337, -267, 0, 0, 0
L 1061, 141, -2708, 1061, 141, -270, 0, 0, 0
L 1061, 141, -270, 999, 122, -227, 0, 0, 0
L 999, 122, -227, 978, 142, -256, 0, 0, 0
L 978, 142, -256, 910, 166, -256, 0, 0, 0
L 910, 166, -256, 882, 180, -256, 0, 0, 0
L 882, 180, -256, 846, 214, -256, 0, 0, 0
L 846, 214, -256, 841, 220, -256, 0, 0, 0
L 678, -463, -2561, 678, -463, -256, 0, 0, 0
L 678, -463, -256, 718, -462, -216, 0, 0, 0
L 718, -462, -216, 741, -442, -216, 0, 0, 0
L 741, -442, -216, 798, -443, -216, 0, 0, 0
L 798, -443, -216, 840, -483, -216, 0, 0, 0
L 840, -483, -216, 861, -462, -216, 0, 0, 0
L 861, -462, -216, 878, -462, -216, 0, 0, 0
L 878, -462, -216, 885, -469, -216, 0, 0, 0
L 885, -469, -216, 896, -480, -193, 0, 0, 0
L 896, -480, -193, 879, -515, -216, 0, 0, 0
L 879, -515, -216, 850, -513, -196, 0, 0, 0
L 850, -513, -196, 836, -498, -216, 0, 0, 0
L 836, -498, -216, 816, -498, -214, 0, 0, 0
L 816, -498, -214, 816, -531, -210, 0, 0, 0
L 816, -531, -210, 816, -579, -205, 0, 0, 0
L 816, -579, -205, 798, -597, -204, 0, 0, 0
L 798, -597, -204, 759, -617, -198, 0, 0, 0
L 759, -617, -198, 720, -578, -197, 0, 0, 0
L 720, -578, -197, 696, -600, -256, 0, 0, 0
L 696, -499, -2561, 696, -499, -256, 0, 0, 0
L 696, -499, -256, 719, -477, -216, 0, 0, 0
L 719, -477, -216, 760, -458, -216, 0, 0, 0
L 760, -458, -216, 780, -458, -216, 0, 0, 0
L 780, -458, -216, 801, -480, -216, 0, 0, 0
L 801, -480, -216, 801, -559, -205, 0, 0, 0
L 801, -559, -205, 760, -582, -201, 0, 0, 0
L 760, -582, -201, 743, -567, -189, 0, 0, 0
L 743, -567, -189, 722, -563, -196, 0, 0, 0
L 722, -563, -196, 694, -562, -196, 0, 0, 0
L 694, -562, -196, 690, -569, -196, 0, 0, 0
L 690, -569, -196, 677, -561, -256, 0, 0, 0
L 2736, 66, -567, 2736, 66, -56, 255, 0, 0
L 2736, 66, -56, 2720, 66, -56, 255, 0, 0
L 2720, 66, -56, 2720, 112, -57, 255, 0, 0
L 2720, 112, -57, 2736, 112, -59, 255, 0, 0
L 2736, 112, -59, 2736, 66, -62, 255, 0, 0
L 2685, 65, 0, 2685, 113, 0, 255, 0, 0
L 2685, 113, 0, 2719, 132, 0, 255, 0, 0
L 2719, 132, 0, 2737, 132, -1, 255, 0, 0
L 2737, 132, -1, 2771, 113, 0, 255, 0, 0
L 2771, 113, 0, 2771, 65, 0, 255, 0, 0
L 2771, 65, 0, 2737, 46, 0, 255, 0, 0
L 2737, 46, 0, 2685, 65, 1, 255, 0, 0
L 2757, 157, -1958, 2757, 157, -196, 255, 0, 0
L 2757, 157, -196, 2786, 138, -195, 255, 0, 0
L 2786, 138, -195, 2835, 117, -193, 255, 0, 0
L 2835, 117, -193, 2835, 59, -192, 255, 0, 0
L 2835, 59, -192, 2797, 2, -189, 255, 0, 0
L 2797, 2, -189, 2749, 11, -196, 255, 0, 0
L 2749, 11, -196, 2698, 1, -184, 255, 0, 0
L 2698, 1, -184, 2639, -37, -170, 255, 0, 0
L 2639, -37, -170, 2579, -38, -159, 255, 0, 0
L 2579, -38, -159, 2500, -77, -169, 255, 0, 0
L 2500, -77, -169, 2480, 18, -242, 255, 0, 0
L 2480, 18, -242, 2537, 58, -294, 255, 0, 0
L 2537, 58, -294, 2588, 76, -288, 255, 0, 0
L 2588, 76, -288, 2636, 38, -293, 255, 0, 0
L 2636, 38, -293, 2636, -38, -293, 255, 0, 0
L 2640, 41, -1188, 2640, 41, -118, 255, 0, 0
L 2640, 41, -118, 2698, 31, -119, 255, 0, 0
L 2757, 157, -1960, 2757, 157, -195, 255, 0, 0
L 2757, 157, -195, 2700, 147, -196, 255, 0, 0
L 2700, 147, -196, 2640, 156, -196, 255, 0, 0
L 2640, 156, -196, 2636, 38, -262, 255, 0, 0
L 2497, -78, -2844, 2497, -78, -284, 255, 0, 0
L 2497, -78, -284, 2418, -78, -270, 255, 0, 0
L 2398, 57, -2835, 2398, 57, -283, 255, 0, 0
L 2398, 57, -283, 2480, 18, -297, 255, 0, 0
L 2560, 137, -2416, 2560, 137, -241, 255, 0, 0
L 2560, 137, -241, 2636, 156, -240, 255, 0, 0
L 2560, 137, -2461, 2560, 137, -246, 255, 0, 0
L 2560, 137, -246, 2534, 57, -284, 255, 0, 0
L -729, -1048, -15, -729, -1048, -1, 0, 0, 0
L -729, -1048, -1, -730, -1283, -86, 0, 0, 0
L -730, -1283, -86, -811, -1321, -88, 0, 0, 0
L -811, -1321, -88, -1009, -1321, -113, 0, 0, 0
L -1009, -1321, -113, -1087, -1399, -122, 0, 0, 0
L -1087, -1399, -122, -1089, -1486, -138, 0, 0, 0
L -1089, -1486, -138, -1128, -1481, -138, 0, 0, 0
L -1128, -1481, -138, -1128, -1558, -138, 0, 0, 0
L -1128, -1558, -138, -1090, -1557, -138, 0, 0, 0
L -1090, -1557, -138, -1088, -1598, -138, 0, 0, 0
L -1088, -1598, -138, -1011, -1598, -138, 0, 0, 0
L -1011, -1598, -138, -1010, -1559, -138, 0, 0, 0
L -1010, -1559, -138, -784, -1558, -158, 0, 0, 0
L -784, -1558, -158, -783, -1542, -158, 0, 0, 0
L -783, -1542, -158, -778, -1511, -158, 0, 0, 0
L -778, -1511, -158, -749, -1508, -158, 0, 0, 0
L -749, -1508, -158, -732, -1501, -158, 0, 0, 0
L -732, -1501, -158, -717, -1492, -158, 0, 0, 0
L -717, -1492, -158, -709, -1488, -158, 0, 0, 0
L -709, -1488, -158, -696, -1483, -158, 0, 0, 0
L -696, -1483, -158, -683, -1483, -158, 0, 0, 0
L -683, -1483, -158, -656, -1478, -158, 0, 0, 0
L -656, -1478, -158, -594, -1463, -158, 0, 0, 0
L -594, -1463, -158, -571, -1454, -158, 0, 0, 0
L -571, -1454, -158, -566, -1399, -158, 0, 0, 0
L -566, -1399, -158, -571, -1383, -158, 0, 0, 0
L -571, -1383, -158, -566, -1341, -158, 0, 0, 0
L -566, -1341, -158, -550, -1307, -156, 0, 0, 0
L -550, -1307, -156, -541, -1255, -158, 0, 0, 0
L -541, -1255, -158, -540, -1217, -158, 0, 0, 0
L -540, -1217, -158, -497, -1177, -158, 0, 0, 0
L -497, -1177, -158, -439, -1178, -169, 0, 0, 0
L -457, -1101, -1651, -457, -1101, -165, 0, 0, 0
L -457, -1101, -165, -532, -1137, -158, 0, 0, 0
L -532, -1137, -158, -579, -1200, -158, 0, 0, 0
L -579, -1200, -158, -589, -1246, -158, 0, 0, 0
L -589, -1246, -158, -593, -1285, -158, 0, 0, 0
L -593, -1285, -158, -589, -1297, -158, 0, 0, 0
L -589, -1297, -158, -594, -1321, -158, 0, 0, 0
L -594, -1321, -158, -599, -1386, -158, 0, 0, 0
L -599, -1386, -158, -589, -1404, -158, 0, 0, 0
L -589, -1404, -158, -590, -1436, -158, 0, 0, 0
L -590, -1436, -158, -603, -1447, -158, 0, 0, 0
L -603, -1447, -158, -617, -1451, -158, 0, 0, 0
L -617, -1451, -158, -661, -1453, -158, 0, 0, 0
L -661, -1453, -158, -664, -1455, -158, 0, 0, 0
L -664, -1455, -158, -676, -1464, -158, 0, 0, 0
L -676, -1464, -158, -715, -1466, -158, 0, 0, 0
L -715, -1466, -158, -741, -1489, -158, 0, 0, 0
L -741, -1489, -158, -755, -1496, -158, 0, 0, 0
L -755, -1496, -158, -767, -1496, -157, 0, 0, 0
L -767, -1496, -157, -796, -1481, -158, 0, 0, 0
L -796, -1481, -158, -1009, -1481, -138, 0, 0, 0
L -1009, -1481, -138, -1011, -1440, -123, 0, 0, 0
L -1011, -1440, -123, -971, -1399, -113, 0, 0, 0
L -971, -1399, -113, -729, -1398, -84, 0, 0, 0
L -729, -1398, -84, -692, -1360, -83, 0, 0, 0
L -692, -1360, -83, -652, -1281, -83, 0, 0, 0
L -652, -1281, -83, -651, -1048, -1, 0, 0, 0
L -457, -1101, -1709, -457, -1101, -170, 0, 204, 255
L -457, -1101, -170, -438, -1120, -179, 0, 204, 255
L -438, -1120, -179, -439, -1178, -179, 0, 204, 255
L -439, -1178, -179, -341, -1178, -185, 0, 204, 255
L -341, -1178, -185, -218, -1158, -188, 0, 204, 255
L -218, -1158, -188, -199, -1198, -188, 0, 204, 255
L -199, -1198, -188, -161, -1218, -195, 0, 204, 255
L -161, -1218, -195, -104, -1218, -188, 0, 204, 255
L -104, -1218, -188, -60, -1198, -188, 0, 204, 255
L -60, -1198, -188, -42, -1180, -191, 0, 204, 255
L -42, -1180, -191, -41, -1121, -188, 0, 204, 255
L -41, -1121, -188, -22, -1080, -188, 0, 204, 255
L -22, -1080, -188, 7, -1067, -191, 0, 204, 255
L 7, -1067, -191, 37, -1040, -188, 0, 204, 255
L 37, -1040, -188, 38, -1001, -194, 0, 204, 255
L 38, -1001, -194, 15, -958, -189, 0, 204, 255
L 15, -958, -189, -2, -939, -188, 0, 204, 255
L -2, -939, -188, -1, -924, -188, 0, 204, 255
L -1, -924, -188, -19, -884, -188, 0, 204, 255
L -19, -884, -188, -38, -881, -187, 0, 204, 255
L -38, -881, -187, -58, -863, -188, 0, 204, 255
L -58, -863, -188, -100, -861, -187, 0, 204, 255
L -100, -861, -187, -121, -851, -187, 0, 204, 255
L -121, -851, -187, -141, -820, -188, 0, 204, 255
L -141, -820, -188, -161, -786, -187, 0, 204, 255
L -161, -786, -187, -135, -758, -188, 0, 204, 255
L -135, -758, -188, -123, -741, -188, 0, 204, 255
L -123, -741, -188, -121, -704, -188, 0, 204, 255
L -121, -704, -188, -141, -660, -187, 0, 204, 255
L -141, -660, -187, -180, -621, -188, 0, 204, 255
L -180, -621, -188, -141, -619, -188, 0, 204, 255
L -141, -619, -188, -99, -619, -175, 0, 204, 255
L -99, -619, -175, -61, -638, -173, 0, 204, 255
L -61, -638, -173, -61, -620, -168, 0, 204, 255
L -61, -620, -168, -102, -600, -176, 0, 204, 255
L -102, -600, -176, -120, -581, -180, 0, 204, 255
L -120, -581, -180, -143, -583, -184, 0, 204, 255
L -143, -583, -184, -177, -600, -187, 0, 204, 255
L -177, -600, -187, -181, -561, -187, 0, 204, 255
L -181, -561, -187, -221, -521, -188, 0, 204, 255
L -221, -521, -188, -221, -482, -176, 0, 204, 255
L -221, -482, -176, -240, -496, -179, 0, 204, 255
L -240, -496, -179, -254, -483, -183, 0, 204, 255
L -254, -483, -183, -277, -481, -183, 0, 204, 255
L -277, -481, -183, -239, -520, -182, 0, 204, 255
L -239, -520, -182, -199, -599, -187, 0, 204, 255
L -199, -599, -187, -199, -640, -187, 0, 204, 255
L -199, -640, -187, -139, -699, -187, 0, 204, 255
L -139, -699, -187, -139, -720, -187, 0, 204, 255
L -139, -720, -187, -159, -760, -188, 0, 204, 255
L -159, -760, -188, -173, -762, -188, 0, 204, 255
L -173, -762, -188, -181, -767, -188, 0, 204, 255
L -181, -767, -188, -160, -817, -188, 0, 204, 255
L -160, -817, -188, -149, -869, -188, 0, 204, 255
L -149, -869, -188, -160, -881, -188, 0, 204, 255
L -160, -881, -188, -191, -897, -192, 0, 204, 255
L -191, -897, -192, -217, -918, -175, 0, 204, 255
L -217, -918, -175, -220, -985, -164, 0, 204, 255
L -220, -985, -164, -238, -1038, -164, 0, 204, 255
L -238, -1038, -164, -240, -1081, -165, 0, 204, 255
L -240, -1081, -165, -337, -1100, -164, 0, 204, 255
L -337, -1100, -164, -457, -1101, -165, 0, 204, 255
L -61, -638, -1691, -61, -638, -169, 0, 0, 0
L -61, -638, -169, -41, -639, -163, 0, 0, 0
L -41, -639, -163, 0, -619, -162, 0, 0, 0
L 0, -619, -162, 20, -659, -160, 0, 0, 0
L 20, -659, -160, 39, -659, -162, 0, 0, 0
L 39, -659, -162, 77, -639, -163, 0, 0, 0
L 77, -639, -163, 58, -601, -163, 0, 0, 0
L 58, -601, -163, 19, -581, -163, 0, 0, 0
L 19, -581, -163, 0, -601, -162, 0, 0, 0
L 0, -601, -162, -20, -602, -163, 0, 0, 0
L -20, -602, -163, -41, -621, -162, 0, 0, 0
L -41, -621, -162, -61, -620, -173, 0, 0, 0
L -221, -482, -1768, -221, -482, -176, 0, 0, 0
L -221, -482, -176, -241, -461, -162, 0, 0, 0
L -241, -461, -162, -287, -460, -162, 0, 0, 0
L -287, -460, -162, -300, -441, -163, 0, 0, 0
L -300, -441, -163, -320, -441, -162, 0, 0, 0
L -320, -441, -162, -340, -421, -162, 0, 0, 0
L -340, -421, -162, -425, -422, -163, 0, 0, 0
L -425, -422, -163, -434, -431, -162, 0, 0, 0
L -434, -431, -162, -441, -401, -163, 0, 0, 0
L -441, -401, -163, -461, -401, -162, 0, 0, 0
L -461, -401, -162, -523, -379, -162, 0, 0, 0
L -523, -379, -162, -541, -361, -162, 0, 0, 0
L -541, -361, -162, -579, -341, -163, 0, 0, 0
L -579, -341, -163, -618, -380, -162, 0, 0, 0
L -618, -380, -162, -660, -402, -162, 0, 0, 0
L -660, -402, -162, -703, -442, -162, 0, 0, 0
L -703, -442, -162, -719, -441, -162, 0, 0, 0
L -719, -441, -162, -740, -421, -163, 0, 0, 0
L -740, -421, -163, -780, -401, -132, 0, 0, 0
L -780, -401, -132, -799, -420, -144, 0, 0, 0
L -799, -420, -144, -799, -457, -149, 0, 0, 0
L -799, -457, -149, -778, -481, -152, 0, 0, 0
L -778, -481, -152, -779, -498, -152, 0, 0, 0
L -779, -498, -152, -744, -516, -153, 0, 0, 0
L -744, -516, -153, -710, -503, -156, 0, 0, 0
L -710, -503, -156, -639, -436, -162, 0, 0, 0
L -639, -436, -162, -617, -397, -163, 0, 0, 0
L -617, -397, -163, -581, -379, -163, 0, 0, 0
L -581, -379, -163, -535, -399, -163, 0, 0, 0
L -535, -399, -163, -520, -399, -163, 0, 0, 0
L -520, -399, -163, -501, -417, -162, 0, 0, 0
L -501, -417, -162, -457, -420, -163, 0, 0, 0
L -457, -420, -163, -460, -483, -162, 0, 0, 0
L -460, -483, -162, -479, -523, -162, 0, 0, 0
L -479, -523, -162, -479, -559, -163, 0, 0, 0
L -479, -559, -163, -469, -569, -163, 0, 0, 0
L -469, -569, -163, -460, -578, -146, 0, 0, 0
L -460, -578, -146, -435, -556, -149, 0, 0, 0
L -435, -556, -149, -404, -540, -152, 0, 0, 0
L -404, -540, -152, -404, -526, -152, 0, 0, 0
L -404, -526, -152, -415, -496, -155, 0, 0, 0
L -415, -496, -155, -429, -486, -155, 0, 0, 0
L -429, -486, -155, -441, -459, -158, 0, 0, 0
L -441, -459, -158, -414, -436, -160, 0, 0, 0
L -414, -436, -160, -376, -440, -163, 0, 0, 0
L -376, -440, -163, -356, -460, -162, 0, 0, 0
L -356, -460, -162, -318, -479, -162, 0, 0, 0
L -318, -479, -162, -278, -479, -162, 0, 0, 0
L -278, -479, -162, -277, -481, -173, 0, 0, 0
L -160, -1218, -1679, -160, -1218, -167, 0, 0, 0
L -160, -1218, -167, -139, -1240, -158, 0, 0, 0
L -139, -1240, -158, -119, -1282, -158, 0, 0, 0
L -119, -1282, -158, -121, -1463, -149, 0, 0, 0
L -121, -1463, -149, -138, -1479, -153, 0, 0, 0
L -138, -1479, -153, -139, -1539, -158, 0, 0, 0
L -139, -1539, -158, -119, -1559, -158, 0, 0, 0
L -119, -1559, -158, -119, -1601, -158, 0, 0, 0
L -119, -1601, -158, -139, -1659, -158, 0, 0, 0
L -139, -1659, -158, -118, -1700, -155, 0, 0, 0
L -118, -1700, -155, -98, -1740, -158, 0, 0, 0
L -98, -1740, -158, -80, -1757, -158, 0, 0, 0
L -80, -1757, -158, -41, -1757, -158, 0, 0, 0
L -41, -1757, -158, 19, -1738, -158, 0, 0, 0
L 19, -1738, -158, 98, -1658, -158, 0, 0, 0
L 98, -1658, -158, 98, -1617, -158, 0, 0, 0
L 98, -1617, -158, 116, -1601, -158, 0, 0, 0
L 116, -1601, -158, 202, -1557, -158, 0, 0, 0
L 202, -1557, -158, 239, -1578, -158, 0, 0, 0
L 239, -1578, -158, 278, -1559, -158, 0, 0, 0
L 278, -1559, -158, 278, -1557, -139, 0, 0, 0
L 278, -1557, -139, 298, -1479, -158, 0, 0, 0
L 298, -1479, -158, 258, -1401, -158, 0, 0, 0
L 258, -1401, -158, 198, -1421, -158, 0, 0, 0
L 198, -1421, -158, 162, -1439, -158, 0, 0, 0
L 162, -1439, -158, 180, -1479, -158, 0, 0, 0
L 180, -1479, -158, 180, -1518, -158, 0, 0, 0
L 180, -1518, -158, 136, -1541, -158, 0, 0, 0
L 136, -1541, -158, 118, -1539, -153, 0, 0, 0
L 118, -1539, -153, 77, -1461, -158, 0, 0, 0
L 77, -1461, -158, 58, -1462, -158, 0, 0, 0
L 58, -1462, -158, 41, -1481, -158, 0, 0, 0
L 41, -1481, -158, 60, -1518, -158, 0, 0, 0
L 60, -1518, -158, 80, -1519, -158, 0, 0, 0
L 80, -1519, -158, 103, -1567, -155, 0, 0, 0
L 103, -1567, -155, 92, -1568, -158, 0, 0, 0
L 92, -1568, -158, 79, -1582, -158, 0, 0, 0
L 79, -1582, -158, 43, -1654, -158, 0, 0, 0
L 43, -1654, -158, 39, -1661, -154, 0, 0, 0
L 39, -1661, -154, 20, -1680, -154, 0, 0, 0
L 20, -1680, -154, 0, -1680, -158, 0, 0, 0
L 0, -1680, -158, -41, -1721, -158, 0, 0, 0
L -41, -1721, -158, -80, -1720, -158, 0, 0, 0
L -80, -1720, -158, -101, -1656, -158, 0, 0, 0
L -101, -1656, -158, -99, -1595, -158, 0, 0, 0
L -99, -1595, -158, -73, -1551, -158, 0, 0, 0
L -73, -1551, -158, -78, -1537, -158, 0, 0, 0
L -78, -1537, -158, -64, -1525, -158, 0, 0, 0
L -64, -1525, -158, -62, -1486, -158, 0, 0, 0
L -62, -1486, -158, -71, -1470, -144, 0, 0, 0
L -71, -1470, -144, -84, -1449, -158, 0, 0, 0
L -84, -1449, -158, -81, -1420, -158, 0, 0, 0
L -81, -1420, -158, -101, -1359, -158, 0, 0, 0
L -101, -1359, -158, -101, -1318, -158, 0, 0, 0
L -101, -1318, -158, -87, -1292, -158, 0, 0, 0
L -87, -1292, -158, -95, -1279, -158, 0, 0, 0
L -95, -1279, -158, -93, -1268, -158, 0, 0, 0
L -93, -1268, -158, -121, -1240, -158, 0, 0, 0
L -121, -1240, -158, -120, -1218, -168, 0, 0, 0
L -634, -1104, 31, -601, -1104, 3, 153, 153, 153
L -601, -1104, 3, -601, -1136, 3, 153, 153, 153
L -601, -1136, 3, -633, -1137, 3, 153, 153, 153
L -633, -1137, 3, -634, -1105, 3, 153, 153, 153
L -600, -1134, 31, -599, -1147, 3, 153, 153, 153
L -599, -1147, 3, -593, -1154, 3, 153, 153, 153
L -593, -1154, 3, -589, -1146, 3, 153, 153, 153
L -589, -1146, 3, -589, -1121, 3, 153, 153, 153
L -589, -1121, 3, -592, -1117, 3, 153, 153, 153
L -592, -1117, 3, -599, -1117, 3, 153, 153, 153
L -599, -1117, 3, -601, -1120, 3, 153, 153, 153
L -601, -1120, 3, -601, -1133, 3, 153, 153, 153
L 170, -1549, 68, 170, -1630, 6, 153, 153, 153
L 170, -1630, 6, 68, -1630, 6, 153, 153, 153
L 68, -1630, 6, 68, -1549, 6, 153, 153, 153
L 68, -1549, 6, 170, -1549, 6, 153, 153, 153
L 160, -1620, 168, 78, -1620, 16, 153, 153, 153
L 78, -1620, 16, 78, -1559, 16, 153, 153, 153
L 78, -1559, 16, 160, -1559, 16, 153, 153, 153
L 160, -1559, 16, 160, -1620, 16, 153, 153, 153
L 1013, -1334, 18, 1013, -1445, 1, 153, 153, 153
L 1013, -1445, 1, 1084, -1445, 1, 153, 153, 153
L 1084, -1445, 1, 1084, -1334, 1, 153, 153, 153
L 1084, -1334, 1, 1013, -1334, 1, 153, 153, 153
L 1011, -1399, 18, 1011, -1431, 1, 153, 153, 153
L 1011, -1431, 1, 980, -1431, 1, 153, 153, 153
L 980, -1431, 1, 980, -1399, 1, 153, 153, 153
L 980, -1399, 1, 1011, -1399, 1, 153, 153, 153
L 1086, -1431, 18, 1086, -1400, 1, 153, 153, 153
L 1086, -1400, 1, 1117, -1400, 1, 153, 153, 153
L 1117, -1400, 1, 1118, -1431, 1, 153, 153, 153
L 1118, -1431, 1, 1086, -1431, 1, 153, 153, 153
L 1444, -1003, 18, 1475, -1003, 1, 153, 153, 153
L 1475, -1003, 1, 1475, -1035, 1, 153, 153, 153
L 1475, -1035, 1, 1443, -1035, 1, 153, 153, 153
L 1443, -1035, 1, 1443, -1003, 1, 153, 153, 153
L 1457, -1036, 18, 1433, -1039, 1, 153, 153, 153
L 1433, -1039, 1, 1427, -1043, 1, 153, 153, 153
L 1427, -1043, 1, 1433, -1046, 1, 153, 153, 153
L 1433, -1046, 1, 1458, -1046, 1, 153, 153, 153
L 1458, -1046, 1, 1462, -1044, 1, 153, 153, 153
L 1462, -1044, 1, 1462, -1038, 1, 153, 153, 153
L 1462, -1038, 1, 1457, -1037, 1, 153, 153, 153
L 919, -935, 18, 808, -935, 1, 153, 153, 153
L 808, -935, 1, 808, -864, 1, 153, 153, 153
L 808, -864, 1, 919, -864, 1, 153, 153, 153
L 919, -864, 1, 919, -936, 1, 153, 153, 153
L 894, -864, 18, 894, -796, 1, 153, 153, 153
L 894, -796, 1, 824, -796, 1, 153, 153, 153
L 824, -796, 1, 824, -864, 1, 153, 153, 153
L 808, -796, 18, 808, -724, 1, 153, 153, 153
L 808, -724, 1, 919, -724, 1, 153, 153, 153
L 919, -724, 1, 920, -795, 1, 153, 153, 153
L 920, -795, 1, 808, -795, 1, 153, 153, 153
L 2369, -21, 18, 2369, -41, 1, 153, 153, 153
L 2369, -41, 1, 2337, -41, 1, 153, 153, 153
L 2337, -41, 1, 2337, -11, 1, 153, 153, 153
L 2337, -11, 1, 2338, -10, 8, 153, 153, 153
L 2338, -10, 8, 2367, -10, 9, 153, 153, 153
L 2369, 60, 18, 2369, 80, 1, 153, 153, 153
L 2369, 80, 1, 2337, 80, 1, 153, 153, 153
L 2337, 80, 1, 2337, 50, 1, 153, 153, 153
L 2337, 50, 1, 2339, 50, 7, 153, 153, 153
L 2339, 50, 7, 2367, 50, 7, 153, 153, 153
L 2677, 115, 118, 2682, 120, 11, 153, 153, 153
L 2682, 120, 11, 2717, 140, 11, 153, 153, 153
L 2717, 140, 11, 2718, 159, 11, 153, 153, 153
L 2718, 159, 11, 2739, 159, 11, 153, 153, 153
L 2739, 159, 11, 2739, 140, 11, 153, 153, 153
L 2739, 140, 11, 2773, 120, 11, 153, 153, 153
L 2773, 120, 11, 2778, 115, 11, 153, 153, 153
L 2778, 115, 11, 2799, 115, 11, 153, 153, 153
L 2799, 115, 11, 2799, 63, 11, 153, 153, 153
L 2799, 63, 11, 2778, 63, 11, 153, 153, 153
L 2778, 63, 11, 2774, 59, 11, 153, 153, 153
L 2774, 59, 11, 2739, 38, 11, 153, 153, 153
L 2739, 38, 11, 2738, 18, 11, 153, 153, 153
L 2738, 18, 11, 2717, 19, 11, 153, 153, 153
L 2717, 19, 11, 2717, 38, 11, 153, 153, 153
L 2717, 38, 11, 2683, 58, 11, 153, 153, 153
L 2683, 58, 11, 2677, 63, 11, 153, 153, 153
L 2677, 63, 11, 2657, 63, 11, 153, 153, 153
L 2657, 63, 11, 2657, 115, 11, 153, 153, 153
L 2657, 115, 11, 2677, 115, 11, 153, 153, 153
L 482, -585, -2628, 482, -585, -263, 0, 204, 255
L 482, -585, -263, 468, -571, -263, 0, 204, 255
L 468, -571, -263, 455, -562, -263, 0, 204, 255
L 455, -562, -263, 450, -585, -263, 0, 204, 255
L 450, -585, -263, 450, -599, -263, 0, 204, 255
L 450, -599, -263, 459, -618, -263, 0, 204, 255
L 459, -618, -263, 472, -605, -265, 0, 204, 255
L 472, -605, -265, 482, -585, -263, 0, 204, 255
L 553, -498, -2619, 567, -465, -263, 0, 204, 255
L 567, -465, -263, 544, -441, -263, 0, 204, 255
L 544, -441, -263, 520, -460, -263, 0, 204, 255
L 520, -460, -263, 525, -484, -263, 0, 204, 255
L 525, -484, -263, 553, -498, -263, 0, 204, 255
L 491, -225, -2580, 498, -223, -258, 0, 0, 0
L 498, -223, -258, 505, -215, -258, 0, 0, 0
L 505, -215, -258, 503, -208, -258, 0, 0, 0
L 503, -208, -258, 498, -210, -258, 0, 0, 0
L 498, -210, -258, 500, -213, -258, 0, 0, 0
L 500, -213, -258, 499, -214, -258, 0, 0, 0
L 499, -214, -258, 496, -218, -258, 0, 0, 0
L 496, -218, -258, 490, -221, -258, 0, 0, 0
L 490, -221, -258, 489, -221, -258, 0, 0, 0
L 489, -221, -258, 485, -218, -258, 0, 0, 0
L 485, -218, -258, 484, -213, -258, 0, 0, 0
L 484, -213, -258, 484, -210, -258, 0, 0, 0
L 484, -210, -258, 487, -207, -258, 0, 0, 0
L 487, -207, -258, 493, -204, -258, 0, 0, 0
L 493, -204, -258, 491, -199, -258, 0, 0, 0
L 491, -199, -258, 484, -203, -258, 0, 0, 0
L 484, -203, -258, 480, -208, -258, 0, 0, 0
L 480, -208, -258, 480, -209, -258, 0, 0, 0
L 400, -20, -2580, 400, -43, -258, 0, 0, 0
L 400, -43, -258, 405, -47, -258, 0, 0, 0
L 405, -47, -258, 419, -47, -258, 0, 0, 0
L 419, -47, -258, 425, -44, -258, 0, 0, 0
L 425, -44, -258, 425, -39, -258, 0, 0, 0
L 425, -39, -258, 424, -39, -258, 0, 0, 0
L 424, -39, -258, 420, -41, -258, 0, 0, 0
L 420, -41, -258, 417, -42, -258, 0, 0, 0
L 417, -42, -258, 407, -42, -258, 0, 0, 0
L 407, -42, -258, 404, -40, -258, 0, 0, 0
L 404, -40, -258, 404, -21, -258, 0, 0, 0
L 404, -21, -258, 420, -21, -258, 0, 0, 0
L 420, -21, -258, 420, -27, -258, 0, 0, 0
L 420, -27, -258, 424, -28, -258, 0, 0, 0
L 424, -28, -258, 424, -17, -258, 0, 0, 0
L 424, -17, -258, 404, -17, -258, 0, 0, 0
L 459, -79, -2580, 419, -99, -224, 0, 0, 0
L 419, -99, -224, 399, -118, -220, 0, 0, 0
L 399, -118, -220, 398, -160, -218, 0, 0, 0
L 398, -160, -218, 378, -200, -218, 0, 0, 0
L 378, -200, -218, 389, -212, -218, 0, 0, 0
L 389, -212, -218, 398, -220, -218, 0, 0, 0
L 398, -220, -218, 398, -239, -218, 0, 0, 0
L 398, -239, -218, 378, -259, -218, 0, 0, 0
L 378, -259, -218, 339, -279, -218, 0, 0, 0
L 339, -279, -218, 300, -239, -218, 0, 0, 0
L 300, -239, -218, 259, -239, -218, 0, 0, 0
L 259, -239, -218, 179, -199, -218, 0, 0, 0
L 179, -199, -218, 98, -280, -218, 0, 0, 0
L 98, -280, -218, 118, -300, -218, 0, 0, 0
L 118, -300, -218, 157, -320, -207, 0, 0, 0
L 157, -320, -207, 138, -339, -218, 0, 0, 0
L 138, -339, -218, 138, -359, -218, 0, 0, 0
L 138, -359, -218, 159, -381, -218, 0, 0, 0
L 159, -381, -218, 219, -381, -218, 0, 0, 0
L 219, -381, -218, 240, -361, -218, 0, 0, 0
L 240, -361, -218, 240, -301, -218, 0, 0, 0
L 240, -301, -218, 259, -301, -218, 0, 0, 0
L 259, -301, -218, 299, -321, -218, 0, 0, 0
L 299, -321, -218, 319, -321, -218, 0, 0, 0
L 319, -321, -218, 357, -340, -218, 0, 0, 0
L 357, -340, -218, 378, -361, -218, 0, 0, 0
L 378, -361, -218, 379, -361, -258, 0, 0, 0
L 360, -400, -2580, 359, -398, -218, 0, 0, 0
L 359, -398, -218, 339, -359, -218, 0, 0, 0
L 339, -359, -218, 299, -339, -218, 0, 0, 0
L 299, -339, -218, 238, -399, -218, 0, 0, 0
L 238, -399, -218, 199, -419, -218, 0, 0, 0
L 199, -419, -218, 160, -419, -218, 0, 0, 0
L 160, -419, -218, 140, -399, -218, 0, 0, 0
L 140, -399, -218, 100, -379, -218, 0, 0, 0
L 100, -379, -218, 80, -359, -218, 0, 0, 0
L 80, -359, -218, 80, -280, -218, 0, 0, 0
L 80, -280, -218, 100, -241, -218, 0, 0, 0
L 100, -241, -218, 120, -221, -218, 0, 0, 0
L 120, -221, -218, 140, -181, -218, 0, 0, 0
L 140, -181, -218, 238, -181, -218, 0, 0, 0
L 238, -181, -218, 258, -201, -218, 0, 0, 0
L 258, -201, -218, 299, -221, -218, 0, 0, 0
L 299, -221, -218, 340, -201, -218, 0, 0, 0
L 340, -201, -218, 360, -141, -218, 0, 0, 0
L 360, -141, -218, 380, -101, -218, 0, 0, 0
L 380, -101, -218, 400, -81, -223, 0, 0, 0
L 400, -81, -223, 400, -61, -228, 0, 0, 0
L 400, -61, -228, 400, -59, -258, 0, 0, 0
L 389, -212, -2180, 376, -212, -218, 0, 0, 0
L 376, -212, -218, 370, -215, -218, 0, 0, 0
L 370, -215, -218, 371, -220, -218, 0, 0, 0
L 371, -220, -218, 376, -218, -218, 0, 0, 0
L 376, -218, -218, 378, -217, -218, 0, 0, 0
L 378, -217, -218, 388, -217, -218, 0, 0, 0
L 388, -217, -218, 391, -218, -218, 0, 0, 0
L 391, -218, -218, 391, -238, -218, 0, 0, 0
L 391, -238, -218, 376, -238, -218, 0, 0, 0
L 376, -238, -218, 375, -231, -218, 0, 0, 0
L 375, -231, -218, 372, -231, -218, 0, 0, 0
L 372, -231, -218, 371, -242, -218, 0, 0, 0
L 371, -242, -218, 395, -241, -218, 0, 0, 0
L 395, -241, -218, 395, -218, -218, 0, 0, 0
L 357, -270, -2180, 356, -258, -218, 0, 0, 0
L 356, -258, -218, 349, -248, -218, 0, 0, 0
L 349, -248, -218, 340, -248, -218, 0, 0, 0
L 340, -248, -218, 341, -253, -218, 0, 0, 0
L 341, -253, -218, 345, -253, -218, 0, 0, 0
L 345, -253, -218, 347, -254, -218, 0, 0, 0
L 347, -254, -218, 350, -259, -218, 0, 0, 0
L 350, -259, -218, 351, -261, -218, 0, 0, 0
L 351, -261, -218, 352, -267, -218, 0, 0, 0
L 352, -267, -218, 351, -268, -218, 0, 0, 0
L 351, -268, -218, 346, -272, -218, 0, 0, 0
L 346, -272, -218, 341, -272, -218, 0, 0, 0
L 341, -272, -218, 338, -271, -218, 0, 0, 0
L 338, -271, -218, 337, -270, -218, 0, 0, 0
L 337, -270, -218, 334, -264, -218, 0, 0, 0
L 334, -264, -218, 332, -258, -218, 0, 0, 0
L 332, -258, -218, 327, -259, -218, 0, 0, 0
L 327, -259, -218, 329, -267, -218, 0, 0, 0
L 329, -267, -218, 334, -273, -218, 0, 0, 0
L 720, -141, -2580, 714, -148, -258, 0, 0, 0
L 714, -148, -258, 716, -155, -258, 0, 0, 0
L 716, -155, -258, 720, -153, -258, 0, 0, 0
L 720, -153, -258, 719, -150, -258, 0, 0, 0
L 719, -150, -258, 719, -149, -258, 0, 0, 0
L 719, -149, -258, 723, -145, -258, 0, 0, 0
L 723, -145, -258, 729, -142, -258, 0, 0, 0
L 729, -142, -258, 730, -143, -258, 0, 0, 0
L 730, -143, -258, 734, -146, -258, 0, 0, 0
L 734, -146, -258, 735, -150, -258, 0, 0, 0
L 735, -150, -258, 735, -152, -258, 0, 0, 0
L 735, -152, -258, 734, -154, -258, 0, 0, 0
L 734, -154, -258, 731, -156, -258, 0, 0, 0
L 731, -156, -258, 730, -157, -258, 0, 0, 0
L 730, -157, -258, 725, -159, -258, 0, 0, 0
L 725, -159, -258, 727, -164, -258, 0, 0, 0
L 727, -164, -258, 734, -160, -258, 0, 0, 0
L 734, -160, -258, 738, -156, -258, 0, 0, 0
L 123, -895, -2580, 129, -899, -258, 0, 0, 0
L 129, -899, -258, 137, -902, -258, 0, 0, 0
L 137, -902, -258, 139, -898, -258, 0, 0, 0
L 139, -898, -258, 137, -896, -258, 0, 0, 0
L 137, -896, -258, 135, -897, -258, 0, 0, 0
L 135, -897, -258, 135, -898, -258, 0, 0, 0
L 135, -898, -258, 130, -895, -258, 0, 0, 0
L 130, -895, -258, 126, -893, -258, 0, 0, 0
L 126, -893, -258, 126, -892, -258, 0, 0, 0
L 126, -892, -258, 130, -883, -258, 0, 0, 0
L 130, -883, -258, 134, -883, -258, 0, 0, 0
L 134, -883, -258, 139, -885, -258, 0, 0, 0
L 139, -885, -258, 141, -887, -258, 0, 0, 0
L 141, -887, -258, 143, -888, -258, 0, 0, 0
L 143, -888, -258, 145, -886, -258, 0, 0, 0
L 145, -886, -258, 136, -879, -258, 0, 0, 0
L 136, -879, -258, 132, -879, -258, 0, 0, 0
L 132, -879, -258, 131, -878, -258, 0, 0, 0
L 178, -977, -2580, 178, -957, -258, 0, 0, 0
L 178, -957, -258, 189, -957, -258, 0, 0, 0
L 189, -957, -258, 189, -961, -258, 0, 0, 0
L 189, -961, -258, 182, -961, -258, 0, 0, 0
L 182, -961, -258, 182, -977, -258, 0, 0, 0
L 182, -977, -258, 201, -977, -258, 0, 0, 0
L 201, -977, -258, 203, -974, -258, 0, 0, 0
L 203, -974, -258, 203, -964, -258, 0, 0, 0
L 203, -964, -258, 202, -961, -258, 0, 0, 0
L 202, -961, -258, 200, -956, -258, 0, 0, 0
L 200, -956, -258, 204, -956, -258, 0, 0, 0
L 204, -956, -258, 208, -963, -258, 0, 0, 0
L 208, -963, -258, 208, -976, -258, 0, 0, 0
L 208, -976, -258, 207, -978, -258, 0, 0, 0
L 507, -1145, -2580, 512, -1143, -258, 0, 0, 0
L 512, -1143, -258, 522, -1144, -258, 0, 0, 0
L 522, -1144, -258, 528, -1147, -258, 0, 0, 0
L 528, -1147, -258, 529, -1147, -258, 0, 0, 0
L 529, -1147, -258, 526, -1153, -258, 0, 0, 0
L 526, -1153, -258, 521, -1150, -258, 0, 0, 0
L 521, -1150, -258, 518, -1149, -258, 0, 0, 0
L 518, -1149, -258, 514, -1148, -258, 0, 0, 0
L 514, -1148, -258, 512, -1148, -258, 0, 0, 0
L 512, -1148, -258, 510, -1150, -258, 0, 0, 0
L 510, -1150, -258, 507, -1154, -258, 0, 0, 0
L 507, -1154, -258, 506, -1160, -258, 0, 0, 0
L 506, -1160, -258, 507, -1161, -258, 0, 0, 0
L 507, -1161, -258, 511, -1164, -258, 0, 0, 0
L 511, -1164, -258, 513, -1165, -258, 0, 0, 0
L 513, -1165, -258, 520, -1166, -258, 0, 0, 0
L 520, -1166, -258, 521, -1166, -258, 0, 0, 0
L 521, -1166, -258, 523, -1162, -258, 0, 0, 0
L 523, -1162, -258, 528, -1165, -258, 0, 0, 0
L 528, -1165, -258, 524, -1171, -258, 0, 0, 0
L 524, -1171, -258, 511, -1170, -258, 0, 0, 0
L 1754, -189, -2630, 1761, -189, -263, 0, 204, 255
L 1761, -189, -263, 1760, -184, -263, 0, 204, 255
L 1760, -184, -263, 1772, -182, -262, 0, 204, 255
L 1772, -182, -262, 1777, -175, -263, 0, 204, 255
L 1777, -175, -263, 1768, -162, -263, 0, 204, 255
L 1768, -162, -263, 1749, -170, -263, 0, 204, 255
L 1749, -170, -263, 1754, -189, -263, 0, 204, 255
P -2034, 44, 0, 255, 255, 0, 2, Western_Wastes
