L -319, 180, -17, -317, 182, -16, 0, 0, 0
L -320, 178, -18, -319, 180, -17, 0, 0, 0
L -321, 177, -17, -320, 178, -18, 0, 0, 0
L -322, 175, -17, -321, 177, -17, 0, 0, 0
L -322, 174, -16, -322, 175, -17, 0, 0, 0
L -324, 169, -16, -322, 174, -16, 0, 0, 0
L -325, 168, -16, -324, 169, -16, 0, 0, 0
L -325, 166, -16, -325, 168, -16, 0, 0, 0
L -323, 158, -16, -325, 166, -16, 0, 0, 0
L -323, 156, -16, -323, 158, -16, 0, 0, 0
L -321, 154, -18, -323, 156, -16, 0, 0, 0
L -320, 153, -18, -321, 154, -18, 0, 0, 0
L -316, 150, -17, -320, 153, -18, 0, 0, 0
L -314, 148, -17, -316, 150, -17, 0, 0, 0
L -313, 148, -16, -314, 148, -17, 0, 0, 0
L -311, 147, -15, -313, 148, -16, 0, 0, 0
L -309, 147, -15, -311, 147, -15, 0, 0, 0
L -308, 147, -16, -309, 147, -15, 0, 0, 0
L -300, 147, -16, -308, 147, -16, 0, 0, 0
L -295, 150, -16, -300, 147, -16, 0, 0, 0
L -293, 150, -16, -295, 150, -16, 0, 0, 0
L -291, 153, -16, -293, 150, -16, 0, 0, 0
L -289, 157, -17, -291, 153, -16, 0, 0, 0
L -288, 160, -16, -289, 157, -17, 0, 0, 0
L -287, 161, -17, -288, 160, -16, 0, 0, 0
L -287, 169, -17, -287, 161, -17, 0, 0, 0
L -288, 169, -17, -287, 169, -17, 0, 0, 0
L -288, 172, -16, -288, 169, -17, 0, 0, 0
L -289, 174, -16, -288, 172, -16, 0, 0, 0
L -291, 176, -16, -289, 174, -16, 0, 0, 0
L -293, 177, -16, -291, 176, -16, 0, 0, 0
L -294, 180, -16, -293, 177, -16, 0, 0, 0
L -295, 180, -16, -294, 180, -16, 0, 0, 0
L -297, 181, -16, -295, 180, -16, 0, 0, 0
L -298, 181, -16, -297, 181, -16, 0, 0, 0
L -300, 182, -16, -298, 181, -16, 0, 0, 0
L -309, 184, -16, -300, 182, -16, 0, 0, 0
L -310, 184, -16, -309, 184, -16, 0, 0, 0
L -318, 179, -17, -310, 184, -16, 0, 0, 0
L -740, 949, 48, -740, 990, 62, 0, 0, 0
L -740, 947, 48, -740, 949, 48, 0, 0, 0
L -741, 940, 45, -740, 947, 48, 0, 0, 0
L -741, 938, 44, -741, 940, 45, 0, 0, 0
L -741, 934, 44, -741, 938, 44, 0, 0, 0
L -742, 923, 47, -741, 934, 44, 0, 0, 0
L -742, 922, 47, -742, 923, 47, 0, 0, 0
L -741, 921, 44, -742, 922, 47, 0, 0, 0
L -740, 921, 43, -741, 921, 44, 0, 0, 0
L -739, 920, 42, -740, 921, 43, 0, 0, 0
L -738, 918, 42, -739, 920, 42, 0, 0, 0
L -737, 916, 43, -738, 918, 42, 0, 0, 0
L -735, 915, 43, -737, 916, 43, 0, 0, 0
L -734, 913, 43, -735, 915, 43, 0, 0, 0
L -734, 911, 42, -734, 913, 43, 0, 0, 0
L -732, 909, 42, -734, 911, 42, 0, 0, 0
L -731, 907, 44, -732, 909, 42, 0, 0, 0
L -729, 907, 46, -731, 907, 44, 0, 0, 0
L -726, 906, 47, -729, 907, 46, 0, 0, 0
L -724, 905, 47, -726, 906, 47, 0, 0, 0
L -722, 905, 46, -724, 905, 47, 0, 0, 0
L -718, 905, 45, -722, 905, 46, 0, 0, 0
L -704, 906, 43, -718, 905, 45, 0, 0, 0
L -694, 907, 37, -704, 906, 43, 0, 0, 0
L -685, 908, 32, -694, 907, 37, 0, 0, 0
L -675, 907, 30, -685, 908, 32, 0, 0, 0
L -674, 907, 29, -675, 907, 30, 0, 0, 0
L -671, 907, 29, -674, 907, 29, 0, 0, 0
L -669, 907, 28, -671, 907, 29, 0, 0, 0
L -667, 906, 28, -669, 907, 28, 0, 0, 0
L -664, 907, 29, -667, 906, 28, 0, 0, 0
L -662, 907, 28, -664, 907, 29, 0, 0, 0
L -661, 907, 28, -662, 907, 28, 0, 0, 0
L -659, 906, 27, -661, 907, 28, 0, 0, 0
L -657, 906, 28, -659, 906, 27, 0, 0, 0
L -656, 905, 29, -657, 906, 28, 0, 0, 0
L -648, 905, 26, -656, 905, 29, 0, 0, 0
L -635, 907, 18, -648, 905, 26, 0, 0, 0
L -634, 907, 18, -635, 907, 18, 0, 0, 0
L -633, 905, 21, -634, 907, 18, 0, 0, 0
L -632, 903, 21, -633, 905, 21, 0, 0, 0
L -631, 902, 19, -632, 903, 21, 0, 0, 0
L -631, 899, 19, -631, 902, 19, 0, 0, 0
L -630, 897, 18, -631, 899, 19, 0, 0, 0
L -630, 896, 18, -630, 897, 18, 0, 0, 0
L -632, 892, 20, -630, 896, 18, 0, 0, 0
L -632, 884, 19, -632, 892, 20, 0, 0, 0
L -632, 883, 19, -632, 884, 19, 0, 0, 0
L -632, 875, 16, -632, 883, 19, 0, 0, 0
L -632, 873, 14, -632, 875, 16, 0, 0, 0
L -631, 872, 12, -632, 873, 14, 0, 0, 0
L -631, 871, 11, -631, 872, 12, 0, 0, 0
L -631, 865, 8, -631, 871, 11, 0, 0, 0
L -630, 864, 8, -631, 865, 8, 0, 0, 0
L -629, 862, 8, -630, 864, 8, 0, 0, 0
L -629, 858, 8, -629, 862, 8, 0, 0, 0
L -630, 856, 6, -629, 858, 8, 0, 0, 0
L -630, 856, 7, -630, 856, 6, 0, 0, 0
L -632, 855, 7, -630, 856, 7, 0, 0, 0
L -632, 817, 5, -632, 855, 7, 0, 0, 0
L -632, 800, -6, -632, 812, -6, 0, 0, 0
L -630, 795, -6, -632, 800, -6, 0, 0, 0
L -629, 794, -6, -630, 795, -6, 0, 0, 0
L -627, 793, -5, -629, 794, -6, 0, 0, 0
L -625, 793, -5, -627, 793, -5, 0, 0, 0
L -620, 793, -6, -625, 793, -5, 0, 0, 0
L -615, 793, -6, -620, 793, -6, 0, 0, 0
L -613, 794, -6, -615, 793, -6, 0, 0, 0
L -605, 797, -6, -613, 794, -6, 0, 0, 0
L -605, 781, 15, -605, 797, -6, 0, 0, 0
L -605, 779, 15, -605, 781, 15, 0, 0, 0
L -606, 777, 16, -605, 779, 15, 0, 0, 0
L -615, 769, 9, -606, 777, 16, 0, 0, 0
L -637, 751, 14, -615, 769, 9, 0, 0, 0
L -638, 749, 14, -637, 751, 14, 0, 0, 0
L -638, 696, 9, -638, 749, 14, 0, 0, 0
L -638, 694, 9, -638, 696, 9, 0, 0, 0
L -637, 690, 9, -638, 694, 9, 0, 0, 0
L -636, 688, 10, -637, 690, 9, 0, 0, 0
L -636, 679, 10, -636, 688, 10, 0, 0, 0
L -636, 678, 9, -636, 679, 10, 0, 0, 0
L -637, 676, 9, -636, 678, 9, 0, 0, 0
L -636, 666, 7, -637, 676, 9, 0, 0, 0
L -637, 665, 8, -636, 666, 7, 0, 0, 0
L -638, 663, 9, -637, 665, 8, 0, 0, 0
L -639, 662, 9, -638, 663, 9, 0, 0, 0
L -639, 662, 10, -639, 662, 9, 0, 0, 0
L -643, 662, 10, -639, 662, 10, 0, 0, 0
L -645, 663, 8, -643, 662, 10, 0, 0, 0
L -645, 669, 8, -645, 663, 8, 0, 0, 0
L -646, 670, 6, -645, 669, 8, 0, 0, 0
L -648, 670, 6, -646, 670, 6, 0, 0, 0
L -653, 671, 7, -648, 670, 6, 0, 0, 0
L -663, 672, 8, -653, 671, 7, 0, 0, 0
L -667, 672, 8, -663, 672, 8, 0, 0, 0
L -669, 672, 7, -667, 672, 8, 0, 0, 0
L -670, 671, 7, -669, 672, 7, 0, 0, 0
L -670, 669, 7, -670, 671, 7, 0, 0, 0
L -671, 668, 7, -670, 669, 7, 0, 0, 0
L -671, 666, 8, -671, 668, 7, 0, 0, 0
L -671, 635, 8, -671, 666, 8, 0, 0, 0
L -653, 635, 8, -671, 635, 8, 0, 0, 0
L -652, 635, 7, -653, 635, 8, 0, 0, 0
L -643, 641, 10, -652, 635, 7, 0, 0, 0
L -642, 642, 10, -643, 641, 10, 0, 0, 0
L -641, 642, 10, -642, 642, 10, 0, 0, 0
L -639, 643, 9, -641, 642, 10, 0, 0, 0
L -638, 642, 9, -639, 643, 9, 0, 0, 0
L -637, 634, 8, -638, 642, 9, 0, 0, 0
L -637, 627, 8, -637, 634, 8, 0, 0, 0
L -636, 623, 9, -637, 627, 8, 0, 0, 0
L -636, 621, 10, -636, 623, 9, 0, 0, 0
L -635, 615, 10, -636, 621, 10, 0, 0, 0
L -635, 614, 10, -635, 615, 10, 0, 0, 0
L -633, 612, 10, -635, 614, 10, 0, 0, 0
L -633, 608, 9, -633, 612, 10, 0, 0, 0
L -633, 606, 9, -633, 608, 9, 0, 0, 0
L -634, 606, 9, -633, 606, 9, 0, 0, 0
L -643, 601, 12, -634, 606, 9, 0, 0, 0
L -645, 600, 12, -643, 601, 12, 0, 0, 0
L -646, 600, 9, -645, 600, 12, 0, 0, 0
L -647, 603, 9, -646, 600, 9, 0, 0, 0
L -648, 604, 9, -647, 603, 9, 0, 0, 0
L -648, 607, 9, -648, 604, 9, 0, 0, 0
L -646, 609, 9, -648, 607, 9, 0, 0, 0
L -644, 610, 9, -646, 609, 9, 0, 0, 0
L -642, 610, 9, -644, 610, 9, 0, 0, 0
L -646, 608, 9, -642, 610, 9, 0, 0, 0
L -647, 608, 9, -646, 608, 9, 0, 0, 0
L -648, 605, 9, -647, 608, 9, 0, 0, 0
L -647, 595, 9, -648, 605, 9, 0, 0, 0
L -647, 588, 9, -647, 595, 9, 0, 0, 0
L -646, 585, 9, -647, 588, 9, 0, 0, 0
L -646, 583, 9, -646, 585, 9, 0, 0, 0
L -644, 579, 9, -646, 583, 9, 0, 0, 0
L -644, 577, 9, -644, 579, 9, 0, 0, 0
L -643, 576, 9, -644, 577, 9, 0, 0, 0
L -643, 574, 9, -643, 576, 9, 0, 0, 0
L -645, 574, 9, -643, 574, 9, 0, 0, 0
L -648, 573, 9, -645, 574, 9, 0, 0, 0
L -648, 548, 9, -648, 573, 9, 0, 0, 0
L -648, 546, 10, -648, 548, 9, 0, 0, 0
L -649, 545, 10, -648, 546, 10, 0, 0, 0
L -649, 540, 10, -649, 545, 10, 0, 0, 0
L -648, 507, 9, -649, 540, 10, 0, 0, 0
L -646, 508, 8, -648, 507, 9, 0, 0, 0
L -645, 507, 7, -646, 508, 8, 0, 0, 0
L -644, 506, 7, -645, 507, 7, 0, 0, 0
L -643, 504, 8, -644, 506, 7, 0, 0, 0
L -643, 503, 8, -643, 504, 8, 0, 0, 0
L -600, 503, 13, -643, 503, 8, 0, 0, 0
L -598, 503, 14, -600, 503, 13, 0, 0, 0
L -589, 504, 9, -598, 503, 14, 0, 0, 0
L -587, 505, 9, -589, 504, 9, 0, 0, 0
L -585, 505, 11, -587, 505, 9, 0, 0, 0
L -583, 505, 9, -585, 505, 11, 0, 0, 0
L -581, 505, 9, -583, 505, 9, 0, 0, 0
L -580, 503, 10, -581, 505, 9, 0, 0, 0
L -580, 502, 10, -580, 503, 10, 0, 0, 0
L -581, 500, 10, -580, 502, 10, 0, 0, 0
L -578, 499, 12, -581, 500, 10, 0, 0, 0
L -577, 499, 12, -578, 499, 12, 0, 0, 0
L -579, 498, 12, -577, 499, 12, 0, 0, 0
L -581, 498, 9, -579, 498, 12, 0, 0, 0
L -583, 497, 9, -581, 498, 9, 0, 0, 0
L -583, 468, 9, -583, 497, 9, 0, 0, 0
L -580, 468, 9, -583, 468, 9, 0, 0, 0
L -579, 466, 9, -580, 468, 9, 0, 0, 0
L -578, 465, 9, -579, 466, 9, 0, 0, 0
L -576, 464, 9, -578, 465, 9, 0, 0, 0
L -575, 463, 10, -576, 464, 9, 0, 0, 0
L -574, 462, 10, -575, 463, 10, 0, 0, 0
L -574, 457, 10, -574, 462, 10, 0, 0, 0
L -575, 456, 10, -574, 457, 10, 0, 0, 0
L -575, 454, 10, -575, 456, 10, 0, 0, 0
L -575, 453, 9, -575, 454, 10, 0, 0, 0
L -576, 452, 9, -575, 453, 9, 0, 0, 0
L -576, 410, 9, -576, 452, 9, 0, 0, 0
L -575, 409, 9, -576, 410, 9, 0, 0, 0
L -555, 409, 9, -575, 409, 9, 0, 0, 0
L -553, 410, 9, -555, 409, 9, 0, 0, 0
L -552, 410, 9, -553, 410, 9, 0, 0, 0
L -549, 411, 9, -552, 410, 9, 0, 0, 0
L -548, 405, 10, -549, 411, 9, 0, 0, 0
L -548, 403, 8, -548, 405, 10, 0, 0, 0
L -549, 403, 7, -548, 403, 8, 0, 0, 0
L -552, 401, 6, -549, 403, 7, 0, 0, 0
L -554, 403, 8, -552, 401, 6, 0, 0, 0
L -582, 403, 8, -554, 403, 8, 0, 0, 0
L -583, 402, 7, -582, 403, 8, 0, 0, 0
L -583, 401, 6, -583, 402, 7, 0, 0, 0
L -581, 400, 5, -583, 401, 6, 0, 0, 0
L -579, 398, 3, -581, 400, 5, 0, 0, 0
L -581, 392, -3, -579, 398, 3, 0, 0, 0
L -582, 389, -2, -581, 392, -3, 0, 0, 0
L -583, 387, -2, -582, 389, -2, 0, 0, 0
L -582, 386, -6, -583, 387, -2, 0, 0, 0
L -581, 385, -8, -582, 386, -6, 0, 0, 0
L -580, 384, -8, -581, 385, -8, 0, 0, 0
L -580, 382, -10, -580, 384, -8, 0, 0, 0
L -580, 378, -12, -580, 382, -10, 0, 0, 0
L -583, 371, -15, -580, 378, -12, 0, 0, 0
L -584, 368, -17, -583, 371, -15, 0, 0, 0
L -586, 367, -18, -584, 368, -17, 0, 0, 0
L -587, 365, -20, -586, 367, -18, 0, 0, 0
L -588, 363, -21, -587, 365, -20, 0, 0, 0
L -589, 362, -21, -588, 363, -21, 0, 0, 0
L -590, 359, -21, -589, 362, -21, 0, 0, 0
L -594, 350, -11, -590, 359, -21, 0, 0, 0
L -595, 349, -10, -594, 350, -11, 0, 0, 0
L -595, 347, -9, -595, 349, -10, 0, 0, 0
L -596, 346, -8, -595, 347, -9, 0, 0, 0
L -596, 344, -7, -596, 346, -8, 0, 0, 0
L -596, 342, -7, -596, 344, -7, 0, 0, 0
L -595, 341, -7, -596, 342, -7, 0, 0, 0
L -594, 341, -9, -595, 341, -7, 0, 0, 0
L -593, 341, -10, -594, 341, -9, 0, 0, 0
L -590, 337, -12, -593, 341, -10, 0, 0, 0
L -589, 336, -13, -590, 337, -12, 0, 0, 0
L -588, 334, -13, -589, 336, -13, 0, 0, 0
L -586, 331, -14, -588, 334, -13, 0, 0, 0
L -586, 329, -16, -586, 331, -14, 0, 0, 0
L -585, 328, -17, -586, 329, -16, 0, 0, 0
L -585, 326, -19, -585, 328, -17, 0, 0, 0
L -584, 324, -21, -585, 326, -19, 0, 0, 0
L -584, 322, -22, -584, 324, -21, 0, 0, 0
L -583, 321, -21, -584, 322, -22, 0, 0, 0
L -583, 317, -21, -583, 321, -21, 0, 0, 0
L -582, 315, -19, -583, 317, -21, 0, 0, 0
L -582, 313, -19, -582, 315, -19, 0, 0, 0
L -582, 301, 3, -582, 313, -19, 0, 0, 0
L -582, 299, 5, -582, 301, 3, 0, 0, 0
L -582, 297, 6, -582, 299, 5, 0, 0, 0
L -583, 286, -2, -582, 297, 6, 0, 0, 0
L -583, 284, 1, -583, 286, -2, 0, 0, 0
L -583, 275, 8, -583, 284, 1, 0, 0, 0
L -583, 274, 8, -583, 275, 8, 0, 0, 0
L -570, 274, 8, -583, 274, 8, 0, 0, 0
L -569, 275, 7, -570, 274, 8, 0, 0, 0
L -565, 275, 6, -569, 275, 7, 0, 0, 0
L -558, 275, 7, -565, 275, 6, 0, 0, 0
L -557, 275, 7, -558, 275, 7, 0, 0, 0
L -556, 274, 8, -557, 275, 7, 0, 0, 0
L -554, 273, 8, -556, 274, 8, 0, 0, 0
L -553, 272, 10, -554, 273, 8, 0, 0, 0
L -555, 271, 10, -553, 272, 10, 0, 0, 0
L -555, 266, 16, -555, 271, 10, 0, 0, 0
L -554, 264, 17, -555, 266, 16, 0, 0, 0
L -554, 258, 27, -554, 264, 17, 0, 0, 0
L -554, 256, 27, -554, 258, 27, 0, 0, 0
L -552, 254, 27, -554, 256, 27, 0, 0, 0
L -550, 252, 26, -552, 254, 27, 0, 0, 0
L -549, 251, 25, -550, 252, 26, 0, 0, 0
L -542, 251, 12, -549, 251, 25, 0, 0, 0
L -540, 251, 12, -542, 251, 12, 0, 0, 0
L -539, 256, 15, -540, 251, 12, 0, 0, 0
L -539, 259, 15, -539, 256, 15, 0, 0, 0
L -539, 272, 10, -539, 259, 15, 0, 0, 0
L -539, 273, 9, -539, 272, 10, 0, 0, 0
L -538, 274, 8, -539, 273, 9, 0, 0, 0
L -535, 275, 8, -538, 274, 8, 0, 0, 0
L -533, 274, 9, -535, 275, 8, 0, 0, 0
L -530, 274, 9, -533, 274, 9, 0, 0, 0
L -528, 274, 8, -530, 274, 9, 0, 0, 0
L -527, 275, 8, -528, 274, 8, 0, 0, 0
L -522, 277, 6, -527, 275, 8, 0, 0, 0
L -520, 277, 6, -522, 277, 6, 0, 0, 0
L -517, 281, 5, -520, 277, 6, 0, 0, 0
L -512, 289, 1, -517, 281, 5, 0, 0, 0
L -509, 291, 0, -512, 289, 1, 0, 0, 0
L -503, 298, -4, -509, 291, 0, 0, 0, 0
L -502, 300, -5, -503, 298, -4, 0, 0, 0
L -499, 302, -5, -502, 300, -5, 0, 0, 0
L -496, 306, -8, -499, 302, -5, 0, 0, 0
L -495, 308, -9, -496, 306, -8, 0, 0, 0
L -492, 314, -5, -495, 308, -9, 0, 0, 0
L -491, 316, -5, -492, 314, -5, 0, 0, 0
L -491, 318, -6, -491, 316, -5, 0, 0, 0
L -490, 319, -8, -491, 318, -6, 0, 0, 0
L -488, 321, -10, -490, 319, -8, 0, 0, 0
L -487, 323, -10, -488, 321, -10, 0, 0, 0
L -480, 331, -17, -487, 323, -10, 0, 0, 0
L -479, 332, -17, -480, 331, -17, 0, 0, 0
L -479, 357, -17, -479, 332, -17, 0, 0, 0
L -480, 362, -17, -479, 357, -17, 0, 0, 0
L -479, 363, -17, -480, 362, -17, 0, 0, 0
L -478, 364, -15, -479, 363, -17, 0, 0, 0
L -475, 364, -15, -478, 364, -15, 0, 0, 0
L -473, 363, -16, -475, 364, -15, 0, 0, 0
L -472, 361, -16, -473, 363, -16, 0, 0, 0
L -472, 359, -16, -472, 361, -16, 0, 0, 0
L -473, 358, -16, -472, 359, -16, 0, 0, 0
L -473, 336, -16, -473, 358, -16, 0, 0, 0
L -437, 336, -16, -473, 336, -16, 0, 0, 0
L -428, 337, -15, -437, 336, -16, 0, 0, 0
L -426, 337, -15, -428, 337, -15, 0, 0, 0
L -424, 336, -15, -426, 337, -15, 0, 0, 0
L -423, 335, -17, -424, 336, -15, 0, 0, 0
L -406, 335, -17, -423, 335, -17, 0, 0, 0
L -405, 334, -17, -406, 335, -17, 0, 0, 0
L -404, 328, -18, -405, 334, -17, 0, 0, 0
L -404, 327, -18, -404, 328, -18, 0, 0, 0
L -380, 308, -25, -404, 327, -18, 0, 0, 0
L -379, 307, -23, -380, 308, -25, 0, 0, 0
L -376, 306, -21, -379, 307, -23, 0, 0, 0
L -375, 306, -21, -376, 306, -21, 0, 0, 0
L -372, 302, -21, -375, 306, -21, 0, 0, 0
L -370, 301, -21, -372, 302, -21, 0, 0, 0
L -356, 278, -23, -370, 301, -21, 0, 0, 0
L -355, 276, -22, -356, 278, -23, 0, 0, 0
L -354, 275, -22, -355, 276, -22, 0, 0, 0
L -350, 279, -24, -354, 275, -22, 0, 0, 0
L -348, 278, -22, -350, 279, -24, 0, 0, 0
L -347, 277, -22, -348, 278, -22, 0, 0, 0
L -345, 274, -20, -347, 277, -22, 0, 0, 0
L -344, 272, -20, -345, 274, -20, 0, 0, 0
L -343, 271, -19, -344, 272, -20, 0, 0, 0
L -341, 268, -18, -343, 271, -19, 0, 0, 0
L -340, 267, -18, -341, 268, -18, 0, 0, 0
L -340, 266, -18, -340, 267, -18, 0, 0, 0
L -339, 250, -17, -340, 266, -18, 0, 0, 0
L -339, 248, -17, -339, 250, -17, 0, 0, 0
L -337, 249, -17, -339, 248, -17, 0, 0, 0
L -337, 247, -16, -337, 249, -17, 0, 0, 0
L -336, 245, -15, -337, 247, -16, 0, 0, 0
L -336, 242, -15, -336, 245, -15, 0, 0, 0
L -336, 240, -16, -336, 242, -15, 0, 0, 0
L -337, 239, -16, -336, 240, -16, 0, 0, 0
L -340, 238, -17, -337, 239, -16, 0, 0, 0
L -342, 238, -17, -340, 238, -17, 0, 0, 0
L -344, 236, -18, -342, 238, -17, 0, 0, 0
L -345, 235, -18, -344, 236, -18, 0, 0, 0
L -348, 235, -17, -345, 235, -18, 0, 0, 0
L -349, 235, -17, -348, 235, -17, 0, 0, 0
L -349, 202, -13, -349, 235, -17, 0, 0, 0
L -350, 201, -13, -349, 202, -13, 0, 0, 0
L -350, 194, -14, -350, 201, -13, 0, 0, 0
L -350, 193, -15, -350, 194, -14, 0, 0, 0
L -351, 192, -15, -350, 193, -15, 0, 0, 0
L -351, 191, -16, -351, 192, -15, 0, 0, 0
L -350, 184, -16, -351, 191, -16, 0, 0, 0
L -350, 182, -15, -350, 184, -16, 0, 0, 0
L -349, 136, -13, -350, 182, -15, 0, 0, 0
L -349, 133, -12, -349, 136, -13, 0, 0, 0
L -350, 132, -12, -349, 133, -12, 0, 0, 0
L -350, 125, -16, -350, 132, -12, 0, 0, 0
L -350, 123, -16, -350, 125, -16, 0, 0, 0
L -349, 84, -11, -350, 123, -16, 0, 0, 0
L -349, 82, -11, -349, 84, -11, 0, 0, 0
L -347, 80, -13, -349, 82, -11, 0, 0, 0
L -346, 78, -14, -347, 80, -13, 0, 0, 0
L -345, 78, -15, -346, 78, -14, 0, 0, 0
L -343, 78, -15, -345, 78, -15, 0, 0, 0
L -342, 79, -15, -343, 78, -15, 0, 0, 0
L -339, 79, -16, -342, 79, -15, 0, 0, 0
L -338, 79, -16, -339, 79, -16, 0, 0, 0
L -336, 77, -16, -338, 79, -16, 0, 0, 0
L -336, 73, -15, -336, 76, -15, 0, 0, 0
L -337, 71, -15, -336, 73, -15, 0, 0, 0
L -337, 69, -15, -337, 71, -15, 0, 0, 0
L -337, 68, -16, -337, 69, -15, 0, 0, 0
L -338, 67, -16, -337, 68, -16, 0, 0, 0
L -338, 24, -16, -338, 67, -16, 0, 0, 0
L -317, 24, -16, -338, 24, -16, 0, 0, 0
L -315, 25, -16, -317, 24, -16, 0, 0, 0
L -312, 25, -16, -315, 25, -16, 0, 0, 0
L -310, 24, -15, -312, 25, -16, 0, 0, 0
L -310, 21, -15, -310, 24, -15, 0, 0, 0
L -310, 19, -17, -310, 21, -15, 0, 0, 0
L -311, 17, -18, -310, 19, -17, 0, 0, 0
L -315, 17, -18, -311, 17, -18, 0, 0, 0
L -316, 18, -17, -315, 17, -18, 0, 0, 0
L -347, 18, -17, -316, 18, -17, 0, 0, 0
L -348, 19, -18, -347, 18, -17, 0, 0, 0
L -360, 34, -17, -348, 19, -18, 0, 0, 0
L -361, 36, -17, -360, 34, -17, 0, 0, 0
L -366, 41, -17, -361, 36, -17, 0, 0, 0
L -368, 41, -18, -366, 41, -17, 0, 0, 0
L -372, 37, -18, -368, 41, -18, 0, 0, 0
L -372, 36, -19, -372, 37, -18, 0, 0, 0
L -374, 33, -19, -372, 36, -19, 0, 0, 0
L -383, 16, -38, -374, 33, -19, 0, 0, 0
L -384, 15, -39, -383, 16, -38, 0, 0, 0
L -384, 11, -41, -384, 15, -39, 0, 0, 0
L -385, 8, -44, -384, 11, -41, 0, 0, 0
L -385, 6, -45, -385, 8, -44, 0, 0, 0
L -387, 5, -45, -385, 6, -45, 0, 0, 0
L -388, 5, -43, -387, 5, -45, 0, 0, 0
L -390, 5, -43, -388, 5, -43, 0, 0, 0
L -392, 6, -44, -390, 5, -43, 0, 0, 0
L -393, 7, -44, -392, 6, -44, 0, 0, 0
L -393, 11, -44, -393, 7, -44, 0, 0, 0
L -394, 16, -44, -393, 11, -44, 0, 0, 0
L -392, 17, -44, -394, 16, -44, 0, 0, 0
L -392, 30, -44, -392, 17, -44, 0, 0, 0
L -394, 32, -44, -392, 30, -44, 0, 0, 0
L -394, 33, -44, -394, 32, -44, 0, 0, 0
L -404, 33, -44, -394, 33, -44, 0, 0, 0
L -407, 32, -44, -404, 33, -44, 0, 0, 0
L -408, 31, -44, -407, 32, -44, 0, 0, 0
L -412, 31, -44, -408, 31, -44, 0, 0, 0
L -414, 33, -44, -412, 31, -44, 0, 0, 0
L -429, 33, -42, -414, 33, -44, 0, 0, 0
L -431, 33, -41, -429, 33, -42, 0, 0, 0
L -433, 33, -41, -431, 33, -41, 0, 0, 0
L -434, 32, -40, -433, 33, -41, 0, 0, 0
L -443, 32, -39, -434, 32, -40, 0, 0, 0
L -444, 32, -41, -443, 32, -39, 0, 0, 0
L -445, 33, -41, -444, 32, -41, 0, 0, 0
L -464, 33, -41, -445, 33, -41, 0, 0, 0
L -467, 32, -41, -464, 33, -41, 0, 0, 0
L -469, 32, -41, -467, 32, -41, 0, 0, 0
L -470, 33, -41, -469, 32, -41, 0, 0, 0
L -471, 35, -41, -470, 33, -41, 0, 0, 0
L -471, 60, -41, -471, 35, -41, 0, 0, 0
L -485, 60, -41, -471, 60, -41, 0, 0, 0
L -486, 60, -40, -485, 60, -41, 0, 0, 0
L -488, 60, -40, -486, 60, -40, 0, 0, 0
L -489, 59, -40, -488, 60, -40, 0, 0, 0
L -492, 59, -40, -489, 59, -40, 0, 0, 0
L -492, 58, -40, -492, 59, -40, 0, 0, 0
L -494, 58, -42, -492, 58, -40, 0, 0, 0
L -495, 62, -42, -494, 58, -42, 0, 0, 0
L -495, 64, -42, -495, 62, -42, 0, 0, 0
L -494, 65, -42, -495, 64, -42, 0, 0, 0
L -494, 92, -41, -494, 65, -42, 0, 0, 0
L -553, 50, -41, -554, 50, -42, 0, 0, 0
L -552, 50, -41, -553, 50, -41, 0, 0, 0
L -551, 49, -41, -552, 50, -41, 0, 0, 0
L -550, 20, -41, -551, 49, -41, 0, 0, 0
L -546, 20, -37, -550, 20, -41, 0, 0, 0
L -536, 20, -38, -546, 20, -37, 0, 0, 0
L -535, 20, -40, -536, 20, -38, 0, 0, 0
L -534, 18, -40, -535, 20, -40, 0, 0, 0
L -535, 17, -40, -534, 18, -40, 0, 0, 0
L -534, 11, -40, -535, 17, -40, 0, 0, 0
L -534, 9, -41, -534, 11, -40, 0, 0, 0
L -536, 8, -41, -534, 9, -41, 0, 0, 0
L -536, -11, -41, -536, 8, -41, 0, 0, 0
L -535, -13, -40, -536, -11, -41, 0, 0, 0
L -534, -15, -40, -535, -13, -40, 0, 0, 0
L -534, -22, -40, -534, -15, -40, 0, 0, 0
L -536, -23, -40, -534, -22, -40, 0, 0, 0
L -536, -42, -48, -536, -23, -40, 0, 0, 0
L -536, -43, -49, -536, -42, -48, 0, 0, 0
L -535, -45, -50, -536, -43, -49, 0, 0, 0
L -534, -47, -50, -535, -45, -50, 0, 0, 0
L -534, -49, -50, -534, -47, -50, 0, 0, 0
L -534, -51, -51, -534, -49, -50, 0, 0, 0
L -534, -53, -51, -534, -51, -51, 0, 0, 0
L -536, -54, -52, -534, -53, -51, 0, 0, 0
L -538, -54, -52, -536, -54, -52, 0, 0, 0
L -538, -55, -52, -538, -54, -52, 0, 0, 0
L -539, -55, -52, -538, -55, -52, 0, 0, 0
L -541, -54, -52, -539, -55, -52, 0, 0, 0
L -541, -53, -52, -541, -54, -52, 0, 0, 0
L -556, -53, -51, -541, -53, -52, 0, 0, 0
L -558, -55, -51, -556, -53, -51, 0, 0, 0
L -560, -56, -51, -558, -55, -51, 0, 0, 0
L -562, -59, -53, -560, -56, -51, 0, 0, 0
L -564, -60, -53, -562, -59, -53, 0, 0, 0
L -565, -62, -53, -564, -60, -53, 0, 0, 0
L -565, -63, -53, -565, -62, -53, 0, 0, 0
L -565, -78, -51, -565, -63, -53, 0, 0, 0
L -565, -81, -51, -565, -78, -51, 0, 0, 0
L -562, -84, -51, -565, -81, -51, 0, 0, 0
L -561, -84, -51, -562, -84, -51, 0, 0, 0
L -560, -86, -52, -561, -84, -51, 0, 0, 0
L -557, -89, -52, -560, -86, -52, 0, 0, 0
L -555, -90, -52, -557, -89, -52, 0, 0, 0
L -554, -90, -51, -555, -90, -52, 0, 0, 0
L -551, -90, -51, -554, -90, -51, 0, 0, 0
L -529, -90, -52, -551, -90, -51, 0, 0, 0
L -524, -89, -52, -529, -90, -52, 0, 0, 0
L -521, -89, -52, -524, -89, -52, 0, 0, 0
L -520, -89, -51, -521, -89, -52, 0, 0, 0
L -519, -91, -51, -520, -89, -51, 0, 0, 0
L -518, -95, -50, -519, -91, -51, 0, 0, 0
L -519, -96, -51, -518, -95, -50, 0, 0, 0
L -520, -98, -51, -519, -96, -51, 0, 0, 0
L -520, -124, -56, -520, -98, -51, 0, 0, 0
L -520, -127, -58, -520, -124, -56, 0, 0, 0
L -520, -157, -67, -520, -127, -58, 0, 0, 0
L -520, -159, -68, -520, -157, -67, 0, 0, 0
L -520, -166, -71, -520, -159, -68, 0, 0, 0
L -519, -174, -76, -520, -166, -71, 0, 0, 0
L -519, -176, -76, -519, -174, -76, 0, 0, 0
L -518, -183, -76, -519, -176, -76, 0, 0, 0
L -518, -184, -77, -518, -183, -76, 0, 0, 0
L -520, -187, -77, -518, -184, -77, 0, 0, 0
L -529, -185, -77, -520, -187, -77, 0, 0, 0
L -529, -194, -77, -529, -185, -77, 0, 0, 0
L -527, -196, -77, -529, -194, -77, 0, 0, 0
L -527, -197, -77, -527, -196, -77, 0, 0, 0
L -528, -202, -77, -527, -197, -77, 0, 0, 0
L -529, -204, -77, -528, -202, -77, 0, 0, 0
L -531, -206, -77, -529, -204, -77, 0, 0, 0
L -550, -206, -77, -531, -206, -77, 0, 0, 0
L -548, -206, -74, -550, -206, -77, 0, 0, 0
L -549, -211, -72, -548, -206, -74, 0, 0, 0
L -549, -213, -72, -549, -211, -72, 0, 0, 0
L -550, -214, -72, -549, -213, -72, 0, 0, 0
L -550, -218, -73, -550, -214, -72, 0, 0, 0
L -550, -219, -73, -550, -218, -73, 0, 0, 0
L -549, -234, -75, -550, -219, -73, 0, 0, 0
L -549, -237, -75, -549, -234, -75, 0, 0, 0
L -550, -237, -77, -549, -237, -75, 0, 0, 0
L -550, -249, -77, -550, -237, -77, 0, 0, 0
L -549, -251, -77, -550, -249, -77, 0, 0, 0
L -549, -253, -77, -549, -251, -77, 0, 0, 0
L -548, -254, -77, -549, -253, -77, 0, 0, 0
L -547, -256, -77, -548, -254, -77, 0, 0, 0
L -546, -257, -77, -547, -256, -77, 0, 0, 0
L -544, -258, -77, -546, -257, -77, 0, 0, 0
L -543, -259, -77, -544, -258, -77, 0, 0, 0
L -526, -259, -77, -543, -259, -77, 0, 0, 0
L -524, -258, -77, -526, -259, -77, 0, 0, 0
L -523, -258, -78, -524, -258, -77, 0, 0, 0
L -521, -258, -77, -523, -258, -78, 0, 0, 0
L -520, -256, -77, -521, -258, -77, 0, 0, 0
L -520, -255, -77, -520, -256, -77, 0, 0, 0
L -518, -258, -77, -520, -255, -77, 0, 0, 0
L -517, -259, -76, -518, -258, -77, 0, 0, 0
L -517, -266, -76, -517, -259, -76, 0, 0, 0
L -517, -274, -77, -517, -266, -76, 0, 0, 0
L -517, -275, -77, -517, -274, -77, 0, 0, 0
L -518, -276, -76, -517, -275, -77, 0, 0, 0
L -518, -277, -75, -518, -276, -76, 0, 0, 0
L -519, -279, -74, -518, -277, -75, 0, 0, 0
L -519, -280, -74, -519, -279, -74, 0, 0, 0
L -520, -282, -75, -519, -280, -74, 0, 0, 0
L -520, -286, -75, -520, -282, -75, 0, 0, 0
L -520, -288, -76, -520, -286, -75, 0, 0, 0
L -520, -296, -82, -520, -288, -76, 0, 0, 0
L -519, -299, -83, -520, -296, -82, 0, 0, 0
L -519, -308, -88, -519, -299, -83, 0, 0, 0
L -518, -315, -92, -519, -308, -88, 0, 0, 0
L -518, -329, -95, -518, -315, -92, 0, 0, 0
L -518, -333, -95, -518, -329, -95, 0, 0, 0
L -519, -334, -94, -518, -333, -95, 0, 0, 0
L -519, -337, -96, -519, -334, -94, 0, 0, 0
L -519, -340, -99, -519, -337, -96, 0, 0, 0
L -518, -341, -100, -519, -340, -99, 0, 0, 0
L -518, -344, -101, -518, -341, -100, 0, 0, 0
L -517, -345, -102, -518, -344, -101, 0, 0, 0
L -517, -347, -101, -517, -345, -102, 0, 0, 0
L -516, -349, -101, -517, -347, -101, 0, 0, 0
L -516, -353, -101, -516, -349, -101, 0, 0, 0
L -516, -355, -102, -516, -353, -101, 0, 0, 0
L -518, -356, -102, -516, -355, -102, 0, 0, 0
L -518, -371, -102, -518, -356, -102, 0, 0, 0
L -516, -378, -102, -518, -371, -102, 0, 0, 0
L -470, -408, -111, -471, -416, -111, 0, 0, 0
L -470, -403, -111, -470, -408, -111, 0, 0, 0
L -473, -402, -111, -470, -403, -111, 0, 0, 0
L -491, -402, -111, -473, -402, -111, 0, 0, 0
L -491, -401, -99, -491, -402, -111, 0, 0, 0
L -493, -400, -96, -491, -401, -99, 0, 0, 0
L -494, -399, -97, -493, -400, -96, 0, 0, 0
L -495, -397, -101, -494, -399, -97, 0, 0, 0
L -493, -396, -101, -495, -397, -101, 0, 0, 0
L -492, -396, -101, -493, -396, -101, 0, 0, 0
L -490, -397, -99, -492, -396, -101, 0, 0, 0
L -476, -396, -94, -490, -397, -99, 0, 0, 0
L -452, -396, -88, -476, -396, -94, 0, 0, 0
L -441, -396, -88, -452, -396, -88, 0, 0, 0
L -440, -397, -88, -441, -396, -88, 0, 0, 0
L -439, -468, -88, -440, -397, -88, 0, 0, 0
L -440, -470, -88, -439, -468, -88, 0, 0, 0
L -439, -482, -87, -440, -470, -88, 0, 0, 0
L -439, -484, -87, -439, -482, -87, 0, 0, 0
L -439, -486, -88, -439, -484, -87, 0, 0, 0
L -440, -488, -88, -439, -486, -88, 0, 0, 0
L -439, -521, -88, -440, -488, -88, 0, 0, 0
L -438, -524, -87, -439, -521, -88, 0, 0, 0
L -438, -542, -88, -438, -524, -87, 0, 0, 0
L -439, -543, -88, -438, -542, -88, 0, 0, 0
L -439, -564, -88, -439, -543, -88, 0, 0, 0
L -426, -564, -88, -439, -564, -88, 0, 0, 0
L -425, -563, -88, -426, -564, -88, 0, 0, 0
L -425, -562, -88, -425, -563, -88, 0, 0, 0
L -425, -543, -86, -425, -562, -88, 0, 0, 0
L -425, -541, -88, -425, -543, -86, 0, 0, 0
L -423, -540, -87, -425, -541, -88, 0, 0, 0
L -419, -540, -87, -423, -540, -87, 0, 0, 0
L -418, -540, -88, -419, -540, -87, 0, 0, 0
L -417, -541, -89, -418, -540, -88, 0, 0, 0
L -416, -554, -90, -417, -541, -89, 0, 0, 0
L -397, -554, -91, -416, -554, -90, 0, 0, 0
L -397, -516, -91, -397, -554, -91, 0, 0, 0
L -414, -516, -90, -397, -516, -91, 0, 0, 0
L -416, -516, -90, -414, -516, -90, 0, 0, 0
L -416, -525, -90, -416, -516, -90, 0, 0, 0
L -417, -527, -89, -416, -525, -90, 0, 0, 0
L -422, -528, -86, -417, -527, -89, 0, 0, 0
L -424, -527, -88, -422, -528, -86, 0, 0, 0
L -425, -522, -88, -424, -527, -88, 0, 0, 0
L -424, -521, -88, -425, -522, -88, 0, 0, 0
L -424, -503, -88, -424, -521, -88, 0, 0, 0
L -425, -491, -88, -424, -503, -88, 0, 0, 0
L -425, -488, -88, -425, -491, -88, 0, 0, 0
L -423, -486, -88, -425, -488, -88, 0, 0, 0
L -422, -486, -87, -423, -486, -88, 0, 0, 0
L -421, -485, -87, -422, -486, -87, 0, 0, 0
L -419, -484, -87, -421, -485, -87, 0, 0, 0
L -417, -486, -89, -419, -484, -87, 0, 0, 0
L -416, -510, -90, -417, -486, -89, 0, 0, 0
L -397, -510, -91, -416, -510, -90, 0, 0, 0
L -397, -450, -91, -397, -510, -91, 0, 0, 0
L -416, -450, -90, -397, -450, -91, 0, 0, 0
L -416, -472, -90, -416, -450, -90, 0, 0, 0
L -417, -473, -87, -416, -472, -90, 0, 0, 0
L -418, -474, -86, -417, -473, -87, 0, 0, 0
L -421, -477, -86, -418, -474, -86, 0, 0, 0
L -422, -475, -86, -421, -477, -86, 0, 0, 0
L -423, -474, -88, -422, -475, -86, 0, 0, 0
L -424, -473, -88, -423, -474, -88, 0, 0, 0
L -425, -469, -88, -424, -473, -88, 0, 0, 0
L -425, -468, -88, -425, -469, -88, 0, 0, 0
L -424, -467, -88, -425, -468, -88, 0, 0, 0
L -424, -449, -82, -424, -467, -88, 0, 0, 0
L -424, -447, -82, -424, -449, -82, 0, 0, 0
L -424, -444, -85, -424, -447, -82, 0, 0, 0
L -424, -442, -86, -424, -444, -85, 0, 0, 0
L -425, -434, -88, -424, -442, -86, 0, 0, 0
L -425, -433, -88, -425, -434, -88, 0, 0, 0
L -423, -431, -88, -425, -433, -88, 0, 0, 0
L -423, -429, -88, -423, -431, -88, 0, 0, 0
L -421, -429, -87, -423, -429, -88, 0, 0, 0
L -419, -428, -87, -421, -429, -87, 0, 0, 0
L -417, -430, -89, -419, -428, -87, 0, 0, 0
L -417, -432, -90, -417, -430, -89, 0, 0, 0
L -416, -444, -90, -417, -432, -90, 0, 0, 0
L -399, -444, -91, -416, -444, -90, 0, 0, 0
L -397, -444, -91, -399, -444, -91, 0, 0, 0
L -397, -406, -91, -397, -444, -91, 0, 0, 0
L -414, -406, -90, -397, -406, -91, 0, 0, 0
L -416, -406, -90, -414, -406, -90, 0, 0, 0
L -414, -414, -91, -416, -406, -90, 0, 0, 0
L -413, -416, -91, -414, -414, -91, 0, 0, 0
L -417, -419, -87, -413, -416, -91, 0, 0, 0
L -418, -420, -86, -417, -419, -87, 0, 0, 0
L -419, -421, -86, -418, -420, -86, 0, 0, 0
L -422, -421, -86, -419, -421, -86, 0, 0, 0
L -424, -421, -88, -422, -421, -86, 0, 0, 0
L -424, -419, -88, -424, -421, -88, 0, 0, 0
L -425, -413, -88, -424, -419, -88, 0, 0, 0
L -424, -412, -88, -425, -413, -88, 0, 0, 0
L -424, -404, -88, -424, -412, -88, 0, 0, 0
L -426, -404, -88, -424, -404, -88, 0, 0, 0
L -426, -403, -88, -426, -404, -88, 0, 0, 0
L -428, -400, -88, -426, -403, -88, 0, 0, 0
L -431, -399, -88, -428, -400, -88, 0, 0, 0
L -432, -398, -87, -431, -399, -88, 0, 0, 0
L -431, -395, -85, -432, -398, -87, 0, 0, 0
L -430, -393, -85, -431, -395, -85, 0, 0, 0
L -430, -391, -85, -430, -393, -85, 0, 0, 0
L -425, -391, -84, -430, -391, -85, 0, 0, 0
L -423, -391, -86, -425, -391, -84, 0, 0, 0
L -422, -392, -88, -423, -391, -86, 0, 0, 0
L -421, -394, -88, -422, -392, -88, 0, 0, 0
L -420, -395, -88, -421, -394, -88, 0, 0, 0
L -420, -398, -88, -420, -395, -88, 0, 0, 0
L -420, -386, -88, -420, -398, -88, 0, 0, 0
L -486, -386, -98, -420, -386, -88, 0, 0, 0
L -488, -386, -99, -486, -386, -98, 0, 0, 0
L -492, -387, -100, -488, -386, -99, 0, 0, 0
L -493, -387, -102, -492, -387, -100, 0, 0, 0
L -499, -388, -103, -493, -387, -102, 0, 0, 0
L -500, -388, -103, -499, -388, -103, 0, 0, 0
L -501, -386, -101, -500, -388, -103, 0, 0, 0
L -501, -385, -101, -501, -386, -101, 0, 0, 0
L -502, -380, -101, -501, -385, -101, 0, 0, 0
L -502, -379, -102, -502, -380, -101, 0, 0, 0
L -500, -379, -102, -502, -379, -102, 0, 0, 0
L -499, -378, -102, -500, -379, -102, 0, 0, 0
L -499, -358, -102, -499, -378, -102, 0, 0, 0
L -501, -356, -102, -499, -358, -102, 0, 0, 0
L -501, -350, -101, -501, -356, -102, 0, 0, 0
L -500, -348, -101, -501, -350, -101, 0, 0, 0
L -499, -347, -98, -500, -348, -101, 0, 0, 0
L -499, -335, -93, -499, -347, -98, 0, 0, 0
L -499, -332, -93, -499, -335, -93, 0, 0, 0
L -499, -326, -89, -499, -332, -93, 0, 0, 0
L -498, -325, -88, -499, -326, -89, 0, 0, 0
L -498, -287, -76, -498, -325, -88, 0, 0, 0
L -498, -285, -75, -498, -287, -76, 0, 0, 0
L -499, -281, -74, -498, -285, -75, 0, 0, 0
L -498, -279, -73, -499, -281, -74, 0, 0, 0
L -498, -274, -72, -498, -279, -73, 0, 0, 0
L -499, -272, -74, -498, -274, -72, 0, 0, 0
L -499, -270, -76, -499, -272, -74, 0, 0, 0
L -501, -267, -76, -499, -270, -76, 0, 0, 0
L -502, -266, -76, -501, -267, -76, 0, 0, 0
L -502, -263, -76, -502, -266, -76, 0, 0, 0
L -503, -261, -76, -502, -263, -76, 0, 0, 0
L -502, -259, -76, -503, -261, -76, 0, 0, 0
L -501, -258, -75, -502, -259, -76, 0, 0, 0
L -498, -258, -75, -501, -258, -75, 0, 0, 0
L -496, -258, -76, -498, -258, -75, 0, 0, 0
L -495, -259, -77, -496, -258, -76, 0, 0, 0
L -480, -259, -78, -495, -259, -77, 0, 0, 0
L -478, -259, -78, -480, -259, -78, 0, 0, 0
L -477, -258, -79, -478, -259, -78, 0, 0, 0
L -477, -256, -79, -477, -258, -79, 0, 0, 0
L -476, -255, -78, -477, -256, -79, 0, 0, 0
L -474, -255, -78, -476, -255, -78, 0, 0, 0
L -473, -255, -77, -474, -255, -78, 0, 0, 0
L -473, -237, -77, -473, -255, -77, 0, 0, 0
L -474, -235, -77, -473, -237, -77, 0, 0, 0
L -474, -231, -77, -474, -235, -77, 0, 0, 0
L -473, -230, -75, -474, -231, -77, 0, 0, 0
L -471, -229, -75, -473, -230, -75, 0, 0, 0
L -472, -227, -75, -471, -229, -75, 0, 0, 0
L -472, -225, -75, -472, -227, -75, 0, 0, 0
L -472, -218, -77, -472, -225, -75, 0, 0, 0
L -472, -216, -77, -472, -218, -77, 0, 0, 0
L -473, -214, -77, -472, -216, -77, 0, 0, 0
L -474, -210, -77, -473, -214, -77, 0, 0, 0
L -474, -208, -77, -474, -210, -77, 0, 0, 0
L -479, -206, -78, -474, -208, -77, 0, 0, 0
L -481, -205, -78, -479, -206, -78, 0, 0, 0
L -482, -204, -78, -481, -205, -78, 0, 0, 0
L -488, -198, -77, -482, -204, -78, 0, 0, 0
L -489, -197, -78, -488, -198, -77, 0, 0, 0
L -491, -195, -77, -489, -197, -78, 0, 0, 0
L -492, -194, -77, -491, -195, -77, 0, 0, 0
L -493, -190, -77, -492, -194, -77, 0, 0, 0
L -493, -186, -77, -493, -190, -77, 0, 0, 0
L -494, -185, -77, -493, -186, -77, 0, 0, 0
L -496, -185, -77, -494, -185, -77, 0, 0, 0
L -498, -187, -77, -496, -185, -77, 0, 0, 0
L -501, -186, -77, -498, -187, -77, 0, 0, 0
L -502, -185, -76, -501, -186, -77, 0, 0, 0
L -503, -183, -76, -502, -185, -76, 0, 0, 0
L -504, -182, -76, -503, -183, -76, 0, 0, 0
L -503, -180, -76, -504, -182, -76, 0, 0, 0
L -503, -178, -76, -503, -180, -76, 0, 0, 0
L -501, -177, -76, -503, -178, -76, 0, 0, 0
L -500, -176, -76, -501, -177, -76, 0, 0, 0
L -500, -169, -72, -500, -176, -76, 0, 0, 0
L -500, -167, -69, -500, -169, -72, 0, 0, 0
L -500, -165, -67, -500, -167, -69, 0, 0, 0
L -499, -129, -56, -500, -165, -67, 0, 0, 0
L -499, -126, -54, -499, -129, -56, 0, 0, 0
L -500, -116, -50, -499, -126, -54, 0, 0, 0
L -500, -114, -49, -500, -116, -50, 0, 0, 0
L -499, -112, -49, -500, -114, -49, 0, 0, 0
L -499, -108, -48, -499, -112, -49, 0, 0, 0
L -499, -106, -48, -499, -108, -48, 0, 0, 0
L -499, -104, -49, -499, -106, -48, 0, 0, 0
L -500, -103, -49, -499, -104, -49, 0, 0, 0
L -503, -95, -50, -500, -103, -49, 0, 0, 0
L -503, -94, -50, -503, -95, -50, 0, 0, 0
L -502, -91, -50, -503, -94, -50, 0, 0, 0
L -501, -90, -52, -502, -91, -50, 0, 0, 0
L -499, -89, -52, -501, -90, -52, 0, 0, 0
L -498, -88, -52, -499, -89, -52, 0, 0, 0
L -497, -88, -51, -498, -88, -52, 0, 0, 0
L -496, -88, -51, -497, -88, -51, 0, 0, 0
L -489, -81, -51, -496, -88, -51, 0, 0, 0
L -489, -63, -52, -489, -81, -51, 0, 0, 0
L -489, -61, -52, -489, -63, -52, 0, 0, 0
L -490, -61, -52, -489, -61, -52, 0, 0, 0
L -496, -54, -51, -490, -61, -52, 0, 0, 0
L -498, -53, -51, -496, -54, -51, 0, 0, 0
L -512, -53, -51, -498, -53, -51, 0, 0, 0
L -513, -54, -51, -512, -53, -51, 0, 0, 0
L -515, -54, -51, -513, -54, -51, 0, 0, 0
L -517, -55, -51, -515, -54, -51, 0, 0, 0
L -519, -54, -51, -517, -55, -51, 0, 0, 0
L -519, -51, -50, -519, -54, -51, 0, 0, 0
L -520, -50, -50, -519, -51, -50, 0, 0, 0
L -520, -48, -49, -520, -50, -50, 0, 0, 0
L -520, -46, -49, -520, -48, -49, 0, 0, 0
L -518, -45, -49, -520, -46, -49, 0, 0, 0
L -518, -28, -42, -518, -45, -49, 0, 0, 0
L -518, -27, -41, -518, -28, -42, 0, 0, 0
L -519, -23, -40, -518, -27, -41, 0, 0, 0
L -519, -17, -40, -519, -23, -40, 0, 0, 0
L -519, -16, -41, -519, -17, -40, 0, 0, 0
L -517, -14, -41, -519, -16, -41, 0, 0, 0
L -517, 6, -41, -517, -14, -41, 0, 0, 0
L -518, 7, -41, -517, 6, -41, 0, 0, 0
L -519, 9, -40, -518, 7, -41, 0, 0, 0
L -519, 15, -40, -519, 9, -40, 0, 0, 0
L -518, 17, -40, -519, 15, -40, 0, 0, 0
L -517, 17, -40, -518, 17, -40, 0, 0, 0
L -516, 18, -41, -517, 17, -40, 0, 0, 0
L -515, 19, -41, -516, 18, -41, 0, 0, 0
L -496, 20, -41, -515, 19, -41, 0, 0, 0
L -494, 20, -41, -496, 20, -41, 0, 0, 0
L -494, 34, -42, -494, 20, -41, 0, 0, 0
L -494, 36, -42, -494, 34, -42, 0, 0, 0
L -495, 37, -42, -494, 36, -42, 0, 0, 0
L -495, 40, -42, -495, 37, -42, 0, 0, 0
L -495, 41, -41, -495, 40, -42, 0, 0, 0
L -494, 42, -41, -495, 41, -41, 0, 0, 0
L -490, 43, -40, -494, 42, -41, 0, 0, 0
L -489, 43, -40, -490, 43, -40, 0, 0, 0
L -488, 42, -41, -489, 43, -40, 0, 0, 0
L -487, 40, -41, -488, 42, -41, 0, 0, 0
L -487, 38, -41, -487, 40, -41, 0, 0, 0
L -488, 37, -41, -487, 38, -41, 0, 0, 0
L -488, 15, -41, -488, 37, -41, 0, 0, 0
L -447, 15, -41, -488, 15, -41, 0, 0, 0
L -445, 16, -40, -447, 15, -41, 0, 0, 0
L -440, 16, -39, -445, 16, -40, 0, 0, 0
L -438, 16, -39, -440, 16, -39, 0, 0, 0
L -436, 16, -41, -438, 16, -39, 0, 0, 0
L -435, 15, -41, -436, 16, -41, 0, 0, 0
L -423, 15, -43, -435, 15, -41, 0, 0, 0
L -415, 17, -44, -423, 15, -43, 0, 0, 0
L -409, 17, -44, -415, 17, -44, 0, 0, 0
L -406, 13, -44, -409, 17, -44, 0, 0, 0
L -405, 11, -44, -406, 13, -44, 0, 0, 0
L -404, 10, -44, -405, 11, -44, 0, 0, 0
L -406, 8, -42, -404, 10, -44, 0, 0, 0
L -407, 7, -42, -406, 8, -42, 0, 0, 0
L -408, 5, -41, -407, 7, -42, 0, 0, 0
L -409, 4, -41, -408, 5, -41, 0, 0, 0
L -409, -8, -32, -409, 4, -41, 0, 0, 0
L -409, -10, -32, -409, -8, -32, 0, 0, 0
L -407, -12, -34, -409, -10, -32, 0, 0, 0
L -397, -12, -44, -407, -12, -34, 0, 0, 0
L -395, -12, -44, -397, -12, -44, 0, 0, 0
L -393, -12, -43, -395, -12, -44, 0, 0, 0
L -392, -11, -43, -393, -12, -43, 0, 0, 0
L -390, -10, -43, -392, -11, -43, 0, 0, 0
L -389, -8, -43, -390, -10, -43, 0, 0, 0
L -387, -6, -43, -389, -8, -43, 0, 0, 0
L -387, -5, -45, -387, -6, -43, 0, 0, 0
L -385, -4, -46, -387, -5, -45, 0, 0, 0
L -384, -6, -47, -385, -4, -46, 0, 0, 0
L -385, -11, -46, -384, -6, -47, 0, 0, 0
L -385, -17, -45, -385, -11, -46, 0, 0, 0
L -386, -18, -45, -385, -17, -45, 0, 0, 0
L -386, -35, -45, -386, -18, -45, 0, 0, 0
L -386, -38, -46, -386, -35, -45, 0, 0, 0
L -385, -39, -46, -386, -38, -46, 0, 0, 0
L -385, -40, -46, -385, -39, -46, 0, 0, 0
L -383, -46, -45, -385, -40, -46, 0, 0, 0
L -382, -49, -45, -383, -46, -45, 0, 0, 0
L -382, -50, -44, -382, -49, -45, 0, 0, 0
L -380, -54, -42, -382, -50, -44, 0, 0, 0
L -379, -55, -42, -380, -54, -42, 0, 0, 0
L -385, -57, -9, -379, -55, -42, 0, 0, 0
L -386, -58, -8, -385, -57, -9, 0, 0, 0
L -386, -85, -17, -386, -58, -8, 0, 0, 0
L -386, -88, -17, -386, -85, -17, 0, 0, 0
L -385, -89, -17, -386, -88, -17, 0, 0, 0
L -384, -91, -17, -385, -89, -17, 0, 0, 0
L -380, -95, -17, -384, -91, -17, 0, 0, 0
L -378, -96, -17, -380, -95, -17, 0, 0, 0
L -377, -96, -18, -378, -96, -17, 0, 0, 0
L -375, -97, -18, -377, -96, -18, 0, 0, 0
L -373, -97, -18, -375, -97, -18, 0, 0, 0
L -371, -98, -19, -373, -97, -18, 0, 0, 0
L -358, -102, -17, -371, -98, -19, 0, 0, 0
L -349, -110, -17, -358, -102, -17, 0, 0, 0
L -347, -110, -18, -349, -110, -17, 0, 0, 0
L -345, -111, -17, -347, -110, -18, 0, 0, 0
L -330, -111, -17, -345, -111, -17, 0, 0, 0
L -319, -110, -18, -330, -111, -17, 0, 0, 0
L -318, -110, -18, -319, -110, -18, 0, 0, 0
L -317, -112, -16, -318, -110, -18, 0, 0, 0
L -317, -113, -15, -317, -112, -16, 0, 0, 0
L -316, -114, -15, -317, -113, -15, 0, 0, 0
L -316, -115, -15, -316, -114, -15, 0, 0, 0
L -317, -117, -12, -316, -115, -15, 0, 0, 0
L -317, -118, -11, -317, -117, -12, 0, 0, 0
L -317, -120, -8, -317, -118, -11, 0, 0, 0
L -317, -121, -6, -317, -120, -8, 0, 0, 0
L -318, -123, -3, -317, -121, -6, 0, 0, 0
L -317, -124, -2, -318, -123, -3, 0, 0, 0
L -316, -125, -2, -317, -124, -2, 0, 0, 0
L -316, -126, -2, -316, -125, -2, 0, 0, 0
L -315, -127, -3, -316, -126, -2, 0, 0, 0
L -314, -128, -1, -315, -127, -3, 0, 0, 0
L -314, -130, 0, -314, -128, -1, 0, 0, 0
L -312, -132, 0, -314, -130, 0, 0, 0, 0
L -301, -132, -2, -312, -132, 0, 0, 0, 0
L -300, -132, -2, -301, -132, -2, 0, 0, 0
L -300, -123, -14, -300, -132, -2, 0, 0, 0
L -300, -119, -14, -300, -123, -14, 0, 0, 0
L -301, -118, -15, -300, -119, -14, 0, 0, 0
L -301, -113, -15, -301, -118, -15, 0, 0, 0
L -301, -112, -16, -301, -113, -15, 0, 0, 0
L -299, -109, -17, -301, -112, -16, 0, 0, 0
L -299, -108, -17, -299, -109, -17, 0, 0, 0
L -296, -110, -17, -299, -108, -17, 0, 0, 0
L -295, -110, -17, -296, -110, -17, 0, 0, 0
L -294, -111, -16, -295, -110, -17, 0, 0, 0
L -290, -111, -16, -294, -111, -16, 0, 0, 0
L -289, -111, -17, -290, -111, -16, 0, 0, 0
L -284, -108, -19, -289, -111, -17, 0, 0, 0
L -282, -106, -19, -284, -108, -19, 0, 0, 0
L -280, -105, -20, -282, -106, -19, 0, 0, 0
L -279, -104, -20, -280, -105, -20, 0, 0, 0
L -276, -99, -23, -279, -104, -20, 0, 0, 0
L -275, -98, -23, -276, -99, -23, 0, 0, 0
L -274, -96, -24, -275, -98, -23, 0, 0, 0
L -273, -95, -25, -274, -96, -24, 0, 0, 0
L -272, -94, -25, -273, -95, -25, 0, 0, 0
L -269, -91, -27, -272, -94, -25, 0, 0, 0
L -268, -90, -27, -269, -91, -27, 0, 0, 0
L -267, -88, -29, -268, -90, -27, 0, 0, 0
L -266, -85, -31, -267, -88, -29, 0, 0, 0
L -265, -84, -32, -266, -85, -31, 0, 0, 0
L -263, -83, -30, -265, -84, -32, 0, 0, 0
L -261, -83, -29, -263, -83, -30, 0, 0, 0
L -259, -80, -32, -261, -83, -29, 0, 0, 0
L -257, -77, -34, -259, -80, -32, 0, 0, 0
L -256, -75, -33, -257, -77, -34, 0, 0, 0
L -254, -70, -31, -256, -75, -33, 0, 0, 0
L -253, -68, -31, -254, -70, -31, 0, 0, 0
L -251, -65, -34, -253, -68, -31, 0, 0, 0
L -250, -64, -35, -251, -65, -34, 0, 0, 0
L -244, -57, -39, -250, -64, -35, 0, 0, 0
L -243, -55, -41, -244, -57, -39, 0, 0, 0
L -243, -53, -43, -243, -55, -41, 0, 0, 0
L -242, -52, -43, -243, -53, -43, 0, 0, 0
L -241, -48, -42, -242, -52, -43, 0, 0, 0
L -241, -33, -42, -241, -48, -42, 0, 0, 0
L -243, -31, -44, -241, -33, -42, 0, 0, 0
L -244, -30, -44, -243, -31, -44, 0, 0, 0
L -244, -29, -44, -244, -30, -44, 0, 0, 0
L -243, -24, -43, -244, -29, -44, 0, 0, 0
L -242, -22, -42, -243, -24, -43, 0, 0, 0
L -241, -22, -41, -242, -22, -42, 0, 0, 0
L -238, -21, -40, -241, -22, -41, 0, 0, 0
L -237, -21, -40, -238, -21, -40, 0, 0, 0
L -235, -22, -33, -237, -21, -40, 0, 0, 0
L -233, -22, -32, -235, -22, -33, 0, 0, 0
L -232, -22, -31, -233, -22, -32, 0, 0, 0
L -226, -21, -25, -232, -22, -31, 0, 0, 0
L -225, -21, -24, -226, -21, -25, 0, 0, 0
L -223, -20, -24, -225, -21, -24, 0, 0, 0
L -219, -15, -26, -223, -20, -24, 0, 0, 0
L -218, -14, -27, -219, -15, -26, 0, 0, 0
L -218, -8, -38, -218, -14, -27, 0, 0, 0
L -218, -7, -41, -218, -8, -38, 0, 0, 0
L -218, -6, -41, -218, -7, -41, 0, 0, 0
L -220, -4, -41, -218, -6, -41, 0, 0, 0
L -231, -4, -41, -220, -4, -41, 0, 0, 0
L -235, -5, -40, -231, -4, -41, 0, 0, 0
L -237, -5, -40, -235, -5, -40, 0, 0, 0
L -239, -7, -40, -237, -5, -40, 0, 0, 0
L -240, -6, -42, -239, -7, -40, 0, 0, 0
L -241, -4, -42, -240, -6, -42, 0, 0, 0
L -242, 0, -43, -241, -4, -42, 0, 0, 0
L -242, 1, -42, -242, 0, -43, 0, 0, 0
L -241, 2, -42, -242, 1, -42, 0, 0, 0
L -241, 6, -42, -241, 2, -42, 0, 0, 0
L -242, 7, -43, -241, 6, -42, 0, 0, 0
L -242, 18, -39, -242, 7, -43, 0, 0, 0
L -242, 19, -38, -242, 18, -39, 0, 0, 0
L -242, 31, -29, -242, 19, -38, 0, 0, 0
L -242, 37, -26, -242, 31, -29, 0, 0, 0
L -242, 39, -24, -242, 37, -26, 0, 0, 0
L -241, 43, -22, -242, 39, -24, 0, 0, 0
L -242, 45, -20, -241, 43, -22, 0, 0, 0
L -243, 45, -20, -242, 45, -20, 0, 0, 0
L -272, 37, -17, -243, 45, -20, 0, 0, 0
L -274, 36, -17, -272, 37, -17, 0, 0, 0
L -283, 21, -17, -274, 36, -17, 0, 0, 0
L -283, 20, -17, -283, 21, -17, 0, 0, 0
L -284, 19, -17, -283, 20, -17, 0, 0, 0
L -286, 18, -17, -284, 19, -17, 0, 0, 0
L -287, 18, -17, -286, 18, -17, 0, 0, 0
L -292, 17, -17, -287, 18, -17, 0, 0, 0
L -293, 18, -16, -292, 17, -17, 0, 0, 0
L -294, 22, -15, -293, 18, -16, 0, 0, 0
L -294, 24, -15, -294, 22, -15, 0, 0, 0
L -293, 24, -16, -294, 24, -15, 0, 0, 0
L -293, 30, -10, -293, 24, -16, 0, 0, 0
L -294, 30, -11, -293, 30, -10, 0, 0, 0
L -296, 31, -11, -294, 30, -11, 0, 0, 0
L -296, 33, -12, -296, 31, -11, 0, 0, 0
L -296, 34, -15, -296, 33, -12, 0, 0, 0
L -294, 35, -16, -296, 34, -15, 0, 0, 0
L -293, 35, -16, -294, 35, -16, 0, 0, 0
L -293, 41, -16, -293, 35, -16, 0, 0, 0
L -318, 41, -16, -293, 41, -16, 0, 0, 0
L -319, 42, -16, -318, 41, -16, 0, 0, 0
L -320, 64, -16, -319, 42, -16, 0, 0, 0
L -320, 65, -15, -320, 64, -16, 0, 0, 0
L -321, 67, -14, -320, 65, -15, 0, 0, 0
L -321, 73, -15, -321, 67, -14, 0, 0, 0
L -321, 77, -15, -321, 73, -15, 0, 0, 0
L -320, 78, -16, -321, 77, -15, 0, 0, 0
L -315, 79, -16, -320, 78, -16, 0, 0, 0
L -313, 78, -16, -315, 79, -16, 0, 0, 0
L -311, 78, -16, -313, 78, -16, 0, 0, 0
L -306, 81, -16, -311, 78, -16, 0, 0, 0
L -304, 82, -16, -306, 81, -16, 0, 0, 0
L -300, 82, -16, -304, 82, -16, 0, 0, 0
L -299, 81, -16, -300, 82, -16, 0, 0, 0
L -288, 100, -16, -299, 81, -16, 0, 0, 0
L -287, 102, -16, -288, 100, -16, 0, 0, 0
L -286, 104, -17, -287, 102, -16, 0, 0, 0
L -277, 126, -16, -286, 104, -17, 0, 0, 0
L -276, 128, -16, -277, 126, -16, 0, 0, 0
L -272, 129, -16, -276, 128, -16, 0, 0, 0
L -270, 130, -15, -272, 129, -16, 0, 0, 0
L -269, 126, -16, -270, 130, -15, 0, 0, 0
L -269, 125, -16, -269, 126, -16, 0, 0, 0
L -253, 125, -16, -269, 125, -16, 0, 0, 0
L -247, 131, -16, -253, 125, -16, 0, 0, 0
L -244, 140, -16, -247, 131, -16, 0, 0, 0
L -244, 142, -15, -244, 140, -16, 0, 0, 0
L -243, 142, -15, -244, 142, -15, 0, 0, 0
L -235, 143, -15, -243, 142, -15, 0, 0, 0
L -232, 143, -16, -235, 143, -15, 0, 0, 0
L -230, 142, -16, -232, 143, -16, 0, 0, 0
L -230, 136, -16, -230, 142, -16, 0, 0, 0
L -214, 135, -16, -230, 136, -16, 0, 0, 0
L -212, 135, -16, -214, 135, -16, 0, 0, 0
L -211, 134, -16, -212, 135, -16, 0, 0, 0
L -210, 116, -16, -211, 134, -16, 0, 0, 0
L -210, 114, -16, -210, 116, -16, 0, 0, 0
L -209, 115, -16, -210, 114, -16, 0, 0, 0
L -202, 115, -16, -209, 115, -16, 0, 0, 0
L -201, 105, -15, -202, 115, -16, 0, 0, 0
L -201, 103, -16, -201, 105, -15, 0, 0, 0
L -202, 102, -16, -201, 103, -16, 0, 0, 0
L -202, 100, -16, -202, 102, -16, 0, 0, 0
L -204, 99, -16, -202, 100, -16, 0, 0, 0
L -205, 99, -16, -204, 99, -16, 0, 0, 0
L -206, 97, -16, -205, 99, -16, 0, 0, 0
L -206, 82, -16, -206, 97, -16, 0, 0, 0
L -204, 81, -16, -206, 82, -16, 0, 0, 0
L -204, 80, -16, -204, 81, -16, 0, 0, 0
L -203, 79, -14, -204, 80, -16, 0, 0, 0
L -201, 77, -12, -203, 79, -14, 0, 0, 0
L -196, 77, -10, -201, 77, -12, 0, 0, 0
L -187, 77, -15, -196, 77, -10, 0, 0, 0
L -186, 77, -15, -187, 77, -15, 0, 0, 0
L -185, 78, -16, -186, 77, -15, 0, 0, 0
L -183, 80, -16, -185, 78, -16, 0, 0, 0
L -183, 82, -16, -183, 80, -16, 0, 0, 0
L -182, 91, -16, -183, 82, -16, 0, 0, 0
L -183, 95, -16, -182, 91, -16, 0, 0, 0
L -184, 98, -16, -183, 95, -16, 0, 0, 0
L -184, 100, -16, -184, 98, -16, 0, 0, 0
L -184, 101, -15, -184, 100, -16, 0, 0, 0
L -185, 104, -15, -184, 101, -15, 0, 0, 0
L -185, 105, -15, -185, 104, -15, 0, 0, 0
L -186, 112, -15, -185, 105, -15, 0, 0, 0
L -186, 113, -16, -186, 112, -15, 0, 0, 0
L -185, 114, -16, -186, 113, -16, 0, 0, 0
L -183, 115, -16, -185, 114, -16, 0, 0, 0
L -182, 116, -16, -183, 115, -16, 0, 0, 0
L -178, 121, -18, -182, 116, -16, 0, 0, 0
L -174, 125, -16, -178, 121, -18, 0, 0, 0
L -166, 133, -16, -174, 125, -16, 0, 0, 0
L -158, 134, -16, -166, 133, -16, 0, 0, 0
L -157, 134, -16, -158, 134, -16, 0, 0, 0
L -157, 137, -16, -157, 134, -16, 0, 0, 0
L -158, 139, -16, -157, 137, -16, 0, 0, 0
L -160, 139, -16, -158, 139, -16, 0, 0, 0
L -157, 143, -16, -160, 139, -16, 0, 0, 0
L -153, 144, -15, -157, 143, -16, 0, 0, 0
L -152, 144, -14, -153, 144, -15, 0, 0, 0
L -151, 144, -14, -152, 144, -14, 0, 0, 0
L -150, 143, -14, -151, 144, -14, 0, 0, 0
L -148, 143, -14, -150, 143, -14, 0, 0, 0
L -147, 143, -16, -148, 143, -14, 0, 0, 0
L -146, 142, -16, -147, 143, -16, 0, 0, 0
L -125, 142, -16, -146, 142, -16, 0, 0, 0
L -124, 144, -16, -125, 142, -16, 0, 0, 0
L -119, 144, -16, -124, 144, -16, 0, 0, 0
L -119, 143, -16, -119, 144, -16, 0, 0, 0
L -118, 141, -16, -119, 143, -16, 0, 0, 0
L -118, 139, -16, -118, 141, -16, 0, 0, 0
L -120, 137, -16, -118, 139, -16, 0, 0, 0
L -120, 118, -16, -120, 137, -16, 0, 0, 0
L -118, 116, -16, -120, 118, -16, 0, 0, 0
L -118, 115, -16, -118, 116, -16, 0, 0, 0
L -104, 115, -16, -118, 115, -16, 0, 0, 0
L -103, 115, -15, -104, 115, -16, 0, 0, 0
L -99, 116, -15, -103, 115, -15, 0, 0, 0
L -98, 116, -17, -99, 116, -15, 0, 0, 0
L -96, 114, -17, -98, 116, -17, 0, 0, 0
L -96, 112, -18, -96, 114, -17, 0, 0, 0
L -95, 111, -17, -96, 112, -18, 0, 0, 0
L -97, 110, -17, -95, 111, -17, 0, 0, 0
L -97, 83, -16, -97, 110, -17, 0, 0, 0
L -86, 83, -16, -97, 83, -16, 0, 0, 0
L -84, 84, -16, -86, 83, -16, 0, 0, 0
L -83, 82, -16, -84, 84, -16, 0, 0, 0
L -82, 15, -1, -83, 82, -16, 0, 0, 0
L -82, 14, -1, -82, 15, -1, 0, 0, 0
L -81, 9, 0, -82, 14, -1, 0, 0, 0
L -81, 8, 0, -81, 9, 0, 0, 0, 0
L -83, 7, 0, -81, 8, 0, 0, 0, 0
L -88, 7, 0, -83, 7, 0, 0, 0, 0
L -89, 9, 0, -88, 7, 0, 0, 0, 0
L -89, 10, 0, -89, 9, 0, 0, 0, 0
L -131, 10, 0, -89, 10, 0, 0, 0, 0
L -131, -23, 0, -131, 10, 0, 0, 0, 0
L -130, -26, 0, -131, -23, 0, 0, 0, 0
L -130, -28, 1, -130, -26, 0, 0, 0, 0
L -129, -38, 1, -130, -28, 1, 0, 0, 0
L -129, -41, 0, -129, -38, 1, 0, 0, 0
L -128, -43, 0, -129, -41, 0, 0, 0, 0
L -136, -43, 0, -128, -43, 0, 0, 0, 0
L -138, -44, 0, -136, -43, 0, 0, 0, 0
L -138, -74, 0, -138, -44, 0, 0, 0, 0
L -137, -76, 0, -138, -74, 0, 0, 0, 0
L -135, -76, 0, -137, -76, 0, 0, 0, 0
L -134, -82, 0, -135, -76, 0, 0, 0, 0
L -134, -84, 0, -134, -82, 0, 0, 0, 0
L -136, -85, 0, -134, -84, 0, 0, 0, 0
L -138, -85, 0, -136, -85, 0, 0, 0, 0
L -138, -109, 0, -138, -85, 0, 0, 0, 0
L -138, -149, 5, -138, -109, 0, 0, 0, 0
L -138, -150, 4, -138, -149, 5, 0, 0, 0
L -137, -151, 3, -138, -150, 4, 0, 0, 0
L -135, -151, 2, -137, -151, 3, 0, 0, 0
L -135, -152, 2, -135, -151, 2, 0, 0, 0
L -134, -154, 2, -135, -152, 2, 0, 0, 0
L -134, -155, 1, -134, -154, 2, 0, 0, 0
L -130, -154, 0, -134, -155, 1, 0, 0, 0
L -127, -154, 0, -130, -154, 0, 0, 0, 0
L -125, -154, 2, -127, -154, 0, 0, 0, 0
L -125, -156, 6, -125, -154, 2, 0, 0, 0
L -124, -157, 7, -125, -156, 6, 0, 0, 0
L -116, -157, 3, -124, -157, 7, 0, 0, 0
L -115, -157, 2, -116, -157, 3, 0, 0, 0
L -113, -156, 2, -115, -157, 2, 0, 0, 0
L -112, -155, 1, -113, -156, 2, 0, 0, 0
L -88, -155, 0, -112, -155, 1, 0, 0, 0
L -83, -153, 0, -88, -155, 0, 0, 0, 0
L -78, -153, 0, -83, -153, 0, 0, 0, 0
L -77, -154, 0, -78, -153, 0, 0, 0, 0
L -76, -160, 0, -77, -154, 0, 0, 0, 0
L -78, -161, 0, -76, -160, 0, 0, 0, 0
L -78, -184, 0, -78, -161, 0, 0, 0, 0
L -77, -185, 0, -78, -184, 0, 0, 0, 0
L -76, -187, 0, -77, -185, 0, 0, 0, 0
L -75, -188, 0, -76, -187, 0, 0, 0, 0
L -70, -188, 0, -75, -188, 0, 0, 0, 0
L -68, -189, 1, -70, -188, 0, 0, 0, 0
L -68, -195, 2, -68, -189, 1, 0, 0, 0
L -68, -197, 2, -68, -195, 2, 0, 0, 0
L -67, -199, 0, -68, -197, 2, 0, 0, 0
L -69, -200, 0, -67, -199, 0, 0, 0, 0
L -69, -224, 0, -69, -200, 0, 0, 0, 0
L -71, -226, 0, -69, -224, 0, 0, 0, 0
L -93, -226, 12, -71, -226, 0, 0, 0, 0
L -95, -226, 16, -93, -226, 12, 0, 0, 0
L -96, -227, 14, -95, -226, 16, 0, 0, 0
L -96, -238, 0, -96, -227, 14, 0, 0, 0
L -96, -240, 0, -96, -238, 0, 0, 0, 0
L -96, -242, 1, -96, -240, 0, 0, 0, 0
L -95, -243, 1, -96, -242, 1, 0, 0, 0
L -95, -247, 1, -95, -243, 1, 0, 0, 0
L -95, -248, 0, -95, -247, 1, 0, 0, 0
L -96, -249, -1, -95, -248, 0, 0, 0, 0
L -99, -250, -1, -96, -249, -1, 0, 0, 0
L -100, -250, -1, -99, -250, -1, 0, 0, 0
L -101, -249, -1, -100, -250, -1, 0, 0, 0
L -129, -249, 0, -101, -249, -1, 0, 0, 0
L -138, -275, 3, -129, -249, 0, 0, 0, 0
L -141, -285, 1, -138, -275, 3, 0, 0, 0
L -141, -286, 0, -141, -285, 1, 0, 0, 0
L -140, -289, 0, -141, -286, 0, 0, 0, 0
L -140, -291, 0, -140, -289, 0, 0, 0, 0
L -139, -292, 0, -140, -291, 0, 0, 0, 0
L -134, -292, 0, -139, -292, 0, 0, 0, 0
L -133, -295, 0, -134, -292, 0, 0, 0, 0
L -133, -302, 0, -133, -295, 0, 0, 0, 0
L -134, -302, 0, -133, -302, 0, 0, 0, 0
L -146, -303, 0, -134, -302, 0, 0, 0, 0
L -147, -303, 0, -146, -303, 0, 0, 0, 0
L -156, -331, 2, -147, -303, 0, 0, 0, 0
L -160, -341, 4, -156, -331, 2, 0, 0, 0
L -160, -342, 5, -160, -341, 4, 0, 0, 0
L -160, -351, 4, -160, -342, 5, 0, 0, 0
L -160, -353, 4, -160, -351, 4, 0, 0, 0
L -157, -359, 5, -160, -353, 4, 0, 0, 0
L -157, -360, 4, -157, -359, 5, 0, 0, 0
L -157, -361, 0, -157, -360, 4, 0, 0, 0
L -145, -361, 0, -157, -361, 0, 0, 0, 0
L -140, -360, 2, -145, -361, 0, 0, 0, 0
L -138, -359, 3, -140, -360, 2, 0, 0, 0
L -137, -360, 0, -138, -359, 3, 0, 0, 0
L -135, -361, 0, -137, -360, 0, 0, 0, 0
L -135, -365, 1, -135, -361, 0, 0, 0, 0
L -135, -367, 1, -135, -365, 1, 0, 0, 0
L -136, -367, 0, -135, -367, 1, 0, 0, 0
L -139, -368, 0, -136, -367, 0, 0, 0, 0
L -140, -368, 0, -139, -368, 0, 0, 0, 0
L -141, -367, 0, -140, -368, 0, 0, 0, 0
L -163, -367, 0, -141, -367, 0, 0, 0, 0
L -163, -408, 0, -163, -367, 0, 0, 0, 0
L -163, -409, 1, -163, -408, 0, 0, 0, 0
L -162, -418, 1, -163, -409, 1, 0, 0, 0
L -162, -420, 0, -162, -418, 1, 0, 0, 0
L -163, -422, 0, -162, -420, 0, 0, 0, 0
L -163, -474, -1, -163, -422, 0, 0, 0, 0
L -162, -475, 0, -163, -474, -1, 0, 0, 0
L -162, -478, 1, -162, -475, 0, 0, 0, 0
L -162, -479, 1, -162, -478, 1, 0, 0, 0
L -161, -485, 0, -162, -479, 1, 0, 0, 0
L -163, -487, 0, -161, -485, 0, 0, 0, 0
L -163, -508, -9, -163, -487, 0, 0, 0, 0
L -163, -510, -10, -163, -508, -9, 0, 0, 0
L -162, -511, -10, -163, -510, -10, 0, 0, 0
L -162, -512, -10, -162, -511, -10, 0, 0, 0
L -161, -518, -10, -162, -512, -10, 0, 0, 0
L -163, -520, -10, -161, -518, -10, 0, 0, 0
L -163, -541, -19, -163, -520, -10, 0, 0, 0
L -163, -542, -20, -163, -541, -19, 0, 0, 0
L -162, -543, -20, -163, -542, -20, 0, 0, 0
L -161, -548, -20, -162, -543, -20, 0, 0, 0
L -161, -549, -20, -161, -548, -20, 0, 0, 0
L -163, -551, -20, -161, -549, -20, 0, 0, 0
L -163, -572, -30, -163, -551, -20, 0, 0, 0
L -163, -574, -30, -163, -572, -30, 0, 0, 0
L -161, -575, -30, -163, -574, -30, 0, 0, 0
L -161, -582, -30, -161, -575, -30, 0, 0, 0
L -163, -583, -30, -161, -582, -30, 0, 0, 0
L -163, -601, -37, -163, -583, -30, 0, 0, 0
L -163, -603, -39, -163, -601, -37, 0, 0, 0
L -162, -605, -39, -163, -603, -39, 0, 0, 0
L -162, -606, -40, -162, -605, -39, 0, 0, 0
L -161, -607, -40, -162, -606, -40, 0, 0, 0
L -161, -608, -40, -161, -607, -40, 0, 0, 0
L -160, -610, -40, -161, -608, -40, 0, 0, 0
L -161, -612, -42, -160, -610, -40, 0, 0, 0
L -162, -613, -42, -161, -612, -42, 0, 0, 0
L -167, -614, -42, -162, -613, -42, 0, 0, 0
L -168, -613, -42, -167, -614, -42, 0, 0, 0
L -170, -612, -42, -168, -613, -42, 0, 0, 0
L -201, -612, -34, -170, -612, -42, 0, 0, 0
L -226, -637, -34, -201, -612, -34, 0, 0, 0
L -227, -637, -33, -226, -637, -34, 0, 0, 0
L -227, -644, -32, -227, -637, -33, 0, 0, 0
L -227, -645, -32, -227, -644, -32, 0, 0, 0
L -228, -646, -28, -227, -645, -32, 0, 0, 0
L -229, -648, -28, -228, -646, -28, 0, 0, 0
L -229, -650, -28, -229, -648, -28, 0, 0, 0
L -228, -651, -29, -229, -650, -28, 0, 0, 0
L -227, -653, -28, -228, -651, -29, 0, 0, 0
L -228, -654, -27, -227, -653, -28, 0, 0, 0
L -228, -656, -28, -228, -654, -27, 0, 0, 0
L -228, -657, -28, -228, -656, -28, 0, 0, 0
L -227, -661, -27, -228, -657, -28, 0, 0, 0
L -227, -662, -27, -227, -661, -27, 0, 0, 0
L -223, -667, -27, -227, -662, -27, 0, 0, 0
L -222, -668, -27, -223, -667, -27, 0, 0, 0
L -221, -752, -25, -222, -668, -27, 0, 0, 0
L -185, -752, -20, -221, -752, -25, 0, 0, 0
L -183, -752, -21, -185, -752, -20, 0, 0, 0
L -183, -739, -27, -183, -752, -21, 0, 0, 0
L -183, -738, -27, -183, -739, -27, 0, 0, 0
L -184, -731, -27, -183, -738, -27, 0, 0, 0
L -184, -729, -27, -184, -731, -27, 0, 0, 0
L -183, -728, -27, -184, -729, -27, 0, 0, 0
L -183, -725, -27, -183, -728, -27, 0, 0, 0
L -184, -718, -27, -183, -725, -27, 0, 0, 0
L -183, -717, -27, -184, -718, -27, 0, 0, 0
L -183, -716, -27, -183, -717, -27, 0, 0, 0
L -183, -705, -23, -183, -716, -27, 0, 0, 0
L -183, -704, -23, -183, -705, -23, 0, 0, 0
L -197, -704, -23, -183, -704, -23, 0, 0, 0
L -206, -704, -27, -197, -704, -23, 0, 0, 0
L -208, -704, -27, -206, -704, -27, 0, 0, 0
L -209, -703, -27, -208, -704, -27, 0, 0, 0
L -210, -685, -27, -209, -703, -27, 0, 0, 0
L -209, -683, -27, -210, -685, -27, 0, 0, 0
L -208, -682, -27, -209, -683, -27, 0, 0, 0
L -203, -687, -27, -208, -682, -27, 0, 0, 0
L -201, -688, -26, -203, -687, -27, 0, 0, 0
L -109, -688, -26, -201, -688, -26, 0, 0, 0
L -107, -688, -27, -109, -688, -26, 0, 0, 0
L -107, -683, -27, -107, -688, -27, 0, 0, 0
L -102, -682, -27, -107, -683, -27, 0, 0, 0
L -101, -682, -27, -102, -682, -27, 0, 0, 0
L -99, -683, -27, -101, -682, -27, 0, 0, 0
L -98, -702, -27, -99, -683, -27, 0, 0, 0
L -99, -704, -27, -98, -702, -27, 0, 0, 0
L -125, -704, -27, -99, -704, -27, 0, 0, 0
L -125, -727, -27, -125, -704, -27, 0, 0, 0
L -125, -728, -26, -125, -727, -27, 0, 0, 0
L -124, -734, -27, -125, -728, -26, 0, 0, 0
L -124, -735, -27, -124, -734, -27, 0, 0, 0
L -125, -736, -27, -124, -735, -27, 0, 0, 0
L -125, -752, -27, -125, -736, -27, 0, 0, 0
L -88, -752, -23, -125, -752, -27, 0, 0, 0
L -87, -752, -23, -88, -752, -23, 0, 0, 0
L -87, -669, -27, -87, -752, -23, 0, 0, 0
L -81, -663, -27, -87, -669, -27, 0, 0, 0
L -81, -639, -32, -81, -663, -27, 0, 0, 0
L -81, -638, -31, -81, -639, -32, 0, 0, 0
L -104, -614, -34, -81, -638, -31, 0, 0, 0
L -105, -613, -34, -104, -614, -34, 0, 0, 0
L -107, -612, -34, -105, -613, -34, 0, 0, 0
L -119, -612, -37, -107, -612, -34, 0, 0, 0
L -121, -612, -38, -119, -612, -37, 0, 0, 0
L -122, -611, -38, -121, -612, -38, 0, 0, 0
L -124, -611, -39, -122, -611, -38, 0, 0, 0
L -125, -611, -39, -124, -611, -39, 0, 0, 0
L -135, -613, -42, -125, -611, -39, 0, 0, 0
L -145, -613, -42, -135, -613, -42, 0, 0, 0
L -145, -423, 0, -144, -438, 0, 0, 0, 0
L -145, -422, 0, -145, -423, 0, 0, 0, 0
L -146, -420, 1, -145, -422, 0, 0, 0, 0
L -146, -413, 2, -146, -420, 1, 0, 0, 0
L -146, -412, 2, -146, -413, 2, 0, 0, 0
L -145, -410, 0, -146, -412, 2, 0, 0, 0
L -145, -386, 0, -145, -410, 0, 0, 0, 0
L -144, -385, 0, -145, -386, 0, 0, 0, 0
L -121, -384, 14, -144, -385, 0, 0, 0, 0
L -120, -384, 14, -121, -384, 14, 0, 0, 0
L -119, -383, 13, -120, -384, 14, 0, 0, 0
L -119, -382, 12, -119, -383, 13, 0, 0, 0
L -118, -381, 10, -119, -382, 12, 0, 0, 0
L -118, -371, 0, -118, -381, 10, 0, 0, 0
L -118, -369, 0, -118, -371, 0, 0, 0, 0
L -118, -368, 1, -118, -369, 0, 0, 0, 0
L -119, -362, 1, -118, -368, 1, 0, 0, 0
L -119, -361, 0, -119, -362, 1, 0, 0, 0
L -117, -360, 0, -119, -361, 0, 0, 0, 0
L -115, -360, 0, -117, -360, 0, 0, 0, 0
L -113, -361, 0, -115, -360, 0, 0, 0, 0
L -113, -297, 0, -113, -361, 0, 0, 0, 0
L -111, -295, 0, -113, -297, 0, 0, 0, 0
L -56, -295, 0, -111, -295, 0, 0, 0, 0
L -56, -289, 0, -56, -295, 0, 0, 0, 0
L -55, -288, 1, -56, -289, 0, 0, 0, 0
L -55, -285, 0, -55, -288, 1, 0, 0, 0
L -55, -283, 0, -55, -285, 0, 0, 0, 0
L -56, -261, -1, -55, -283, 0, 0, 0, 0
L -56, -250, 0, -56, -261, -1, 0, 0, 0
L -56, -249, 0, -56, -250, 0, 0, 0, 0
L -64, -249, -1, -56, -249, 0, 0, 0, 0
L -66, -249, -1, -64, -249, -1, 0, 0, 0
L -75, -250, -1, -66, -249, -1, 0, 0, 0
L -77, -250, 0, -75, -250, -1, 0, 0, 0
L -78, -249, 0, -77, -250, 0, 0, 0, 0
L -79, -245, 1, -78, -249, 0, 0, 0, 0
L -79, -244, 1, -79, -245, 1, 0, 0, 0
L -77, -242, 0, -79, -244, 1, 0, 0, 0
L -74, -242, 0, -77, -242, 0, 0, 0, 0
L -73, -243, 0, -74, -242, 0, 0, 0, 0
L -51, -243, 0, -73, -243, 0, 0, 0, 0
L -51, -201, 0, -51, -243, 0, 0, 0, 0
L -52, -200, 1, -51, -201, 0, 0, 0, 0
L -52, -196, 1, -52, -200, 1, 0, 0, 0
L -53, -191, 1, -52, -196, 1, 0, 0, 0
L -53, -190, 0, -53, -191, 1, 0, 0, 0
L -52, -188, 0, -53, -190, 0, 0, 0, 0
L -47, -188, 0, -52, -188, 0, 0, 0, 0
L -43, -187, 0, -47, -188, 0, 0, 0, 0
L -42, -186, 0, -43, -187, 0, 0, 0, 0
L -40, -186, 0, -42, -186, 0, 0, 0, 0
L -40, -163, 0, -40, -186, 0, 0, 0, 0
L -41, -161, 0, -40, -163, 0, 0, 0, 0
L -44, -158, 0, -41, -161, 0, 0, 0, 0
L -44, -155, 0, -44, -158, 0, 0, 0, 0
L -47, -151, 0, -44, -155, 0, 0, 0, 0
L -48, -150, 0, -47, -151, 0, 0, 0, 0
L -62, -132, 0, -48, -150, 0, 0, 0, 0
L -76, -115, 12, -62, -132, 0, 0, 0, 0
L -78, -115, 12, -76, -115, 12, 0, 0, 0
L -80, -116, 11, -78, -115, 12, 0, 0, 0
L -81, -117, 11, -80, -116, 11, 0, 0, 0
L -83, -115, 12, -81, -117, 11, 0, 0, 0
L -84, -114, 11, -83, -115, 12, 0, 0, 0
L -86, -113, 10, -84, -114, 11, 0, 0, 0
L -87, -113, 8, -86, -113, 10, 0, 0, 0
L -89, -113, 5, -87, -113, 8, 0, 0, 0
L -90, -113, 3, -89, -113, 5, 0, 0, 0
L -91, -111, 3, -90, -113, 3, 0, 0, 0
L -92, -110, 3, -91, -111, 3, 0, 0, 0
L -88, -106, 0, -92, -110, 3, 0, 0, 0
L -85, -104, 0, -88, -106, 0, 0, 0, 0
L -97, -90, 0, -85, -104, 0, 0, 0, 0
L -97, -89, 0, -97, -90, 0, 0, 0, 0
L -100, -87, 0, -97, -89, 0, 0, 0, 0
L -104, -85, 0, -100, -87, 0, 0, 0, 0
L -107, -82, 0, -104, -85, 0, 0, 0, 0
L -107, -76, 0, -107, -82, 0, 0, 0, 0
L -105, -75, 0, -107, -76, 0, 0, 0, 0
L -105, -45, 0, -105, -75, 0, 0, 0, 0
L -106, -44, 0, -105, -45, 0, 0, 0, 0
L -108, -43, 0, -106, -44, 0, 0, 0, 0
L -113, -41, 0, -108, -43, 0, 0, 0, 0
L -114, -36, 2, -113, -41, 0, 0, 0, 0
L -114, -35, 2, -114, -36, 2, 0, 0, 0
L -113, -30, 0, -114, -35, 2, 0, 0, 0
L -111, -29, 0, -113, -30, 0, 0, 0, 0
L -111, -12, 0, -111, -29, 0, 0, 0, 0
L -110, -11, 0, -111, -12, 0, 0, 0, 0
L -6, -10, 5, -110, -11, 0, 0, 0, 0
L -5, -5, 1, -6, -10, 5, 0, 0, 0
L -5, -3, 1, -5, -5, 1, 0, 0, 0
L -5, 6, 0, -5, -3, 1, 0, 0, 0
L -5, 9, 0, -5, 6, 0, 0, 0, 0
L -6, 10, 0, -5, 9, 0, 0, 0, 0
L -54, 10, 0, -6, 10, 0, 0, 0, 0
L -60, 7, 0, -54, 10, 0, 0, 0, 0
L -65, 7, 0, -60, 7, 0, 0, 0, 0
L -66, 8, 0, -65, 7, 0, 0, 0, 0
L -67, 10, 0, -66, 8, 0, 0, 0, 0
L -67, 12, 0, -67, 10, 0, 0, 0, 0
L -66, 13, 0, -67, 12, 0, 0, 0, 0
L -66, 79, -16, -66, 13, 0, 0, 0, 0
L -66, 81, -16, -66, 79, -16, 0, 0, 0
L -64, 83, -16, -66, 81, -16, 0, 0, 0
L -43, 83, -13, -64, 83, -16, 0, 0, 0
L -35, 83, -13, -43, 83, -13, 0, 0, 0
L -33, 83, -14, -35, 83, -13, 0, 0, 0
L -32, 83, -16, -33, 83, -14, 0, 0, 0
L -34, 83, -16, -32, 83, -16, 0, 0, 0
L -11, 83, -11, -34, 83, -16, 0, 0, 0
L -11, 101, -12, -11, 83, -11, 0, 0, 0
L -11, 103, -12, -11, 101, -12, 0, 0, 0
L -24, 114, -14, -11, 103, -12, 0, 0, 0
L -25, 114, -15, -24, 114, -14, 0, 0, 0
L -27, 115, -16, -25, 114, -15, 0, 0, 0
L -28, 115, -16, -27, 115, -16, 0, 0, 0
L -31, 118, -16, -28, 115, -16, 0, 0, 0
L -30, 120, -16, -31, 118, -16, 0, 0, 0
L -12, 134, -11, -30, 120, -16, 0, 0, 0
L -11, 134, -11, -12, 134, -11, 0, 0, 0
L -11, 154, -12, -11, 134, -11, 0, 0, 0
L -11, 155, -13, -11, 154, -12, 0, 0, 0
L -13, 155, -14, -11, 155, -13, 0, 0, 0
L -56, 155, -16, -13, 155, -14, 0, 0, 0
L -58, 156, -13, -56, 155, -16, 0, 0, 0
L -59, 158, -12, -58, 156, -13, 0, 0, 0
L -59, 159, -14, -59, 158, -12, 0, 0, 0
L -57, 161, -16, -59, 159, -14, 0, 0, 0
L -56, 161, -16, -57, 161, -16, 0, 0, 0
L -56, 199, -12, -56, 161, -16, 0, 0, 0
L -56, 200, -12, -56, 199, -12, 0, 0, 0
L -77, 200, -12, -56, 200, -12, 0, 0, 0
L -77, 172, -10, -77, 200, -12, 0, 0, 0
L -77, 170, -9, -77, 172, -10, 0, 0, 0
L -77, 167, -9, -77, 170, -9, 0, 0, 0
L -76, 165, -9, -77, 167, -9, 0, 0, 0
L -76, 161, -11, -76, 165, -9, 0, 0, 0
L -76, 159, -13, -76, 161, -11, 0, 0, 0
L -75, 157, -14, -76, 159, -13, 0, 0, 0
L -76, 156, -16, -75, 157, -14, 0, 0, 0
L -97, 155, -16, -76, 156, -16, 0, 0, 0
L -97, 142, -17, -97, 155, -16, 0, 0, 0
L -97, 141, -17, -97, 142, -17, 0, 0, 0
L -96, 135, -16, -97, 141, -17, 0, 0, 0
L -97, 133, -16, -96, 135, -16, 0, 0, 0
L -100, 132, -15, -97, 133, -16, 0, 0, 0
L -102, 132, -15, -100, 132, -15, 0, 0, 0
L -103, 133, -16, -102, 132, -15, 0, 0, 0
L -104, 134, -16, -103, 133, -16, 0, 0, 0
L -104, 138, -16, -104, 134, -16, 0, 0, 0
L -105, 142, -16, -104, 138, -16, 0, 0, 0
L -105, 143, -16, -105, 142, -16, 0, 0, 0
L -103, 144, -16, -105, 143, -16, 0, 0, 0
L -103, 158, -16, -103, 144, -16, 0, 0, 0
L -105, 160, -16, -103, 158, -16, 0, 0, 0
L -116, 160, -16, -105, 160, -16, 0, 0, 0
L -119, 158, -16, -116, 160, -16, 0, 0, 0
L -122, 158, -16, -119, 158, -16, 0, 0, 0
L -124, 159, -16, -122, 158, -16, 0, 0, 0
L -125, 160, -16, -124, 159, -16, 0, 0, 0
L -143, 160, -16, -125, 160, -16, 0, 0, 0
L -145, 160, -15, -143, 160, -16, 0, 0, 0
L -146, 159, -15, -145, 160, -15, 0, 0, 0
L -155, 159, -15, -146, 159, -15, 0, 0, 0
L -157, 159, -16, -155, 159, -15, 0, 0, 0
L -158, 161, -16, -157, 159, -16, 0, 0, 0
L -160, 163, -16, -158, 161, -16, 0, 0, 0
L -157, 166, -16, -160, 163, -16, 0, 0, 0
L -157, 184, -14, -157, 166, -16, 0, 0, 0
L -157, 186, -13, -157, 184, -14, 0, 0, 0
L -158, 187, -12, -157, 186, -13, 0, 0, 0
L -159, 188, -12, -158, 187, -12, 0, 0, 0
L -161, 189, -12, -159, 188, -12, 0, 0, 0
L -161, 191, -12, -161, 189, -12, 0, 0, 0
L -177, 191, -12, -161, 191, -12, 0, 0, 0
L -181, 189, -14, -177, 191, -12, 0, 0, 0
L -182, 189, -14, -181, 189, -14, 0, 0, 0
L -183, 188, -14, -182, 189, -14, 0, 0, 0
L -185, 188, -13, -183, 188, -14, 0, 0, 0
L -186, 189, -11, -185, 188, -13, 0, 0, 0
L -186, 191, -11, -186, 189, -11, 0, 0, 0
L -193, 190, -12, -186, 191, -11, 0, 0, 0
L -194, 191, -10, -193, 190, -12, 0, 0, 0
L -195, 193, -9, -194, 191, -10, 0, 0, 0
L -197, 192, -13, -195, 193, -9, 0, 0, 0
L -199, 192, -13, -197, 192, -13, 0, 0, 0
L -203, 190, -13, -199, 192, -13, 0, 0, 0
L -204, 190, -13, -203, 190, -13, 0, 0, 0
L -205, 190, -14, -204, 190, -13, 0, 0, 0
L -208, 189, -14, -205, 190, -14, 0, 0, 0
L -209, 190, -16, -208, 189, -14, 0, 0, 0
L -209, 191, -16, -209, 190, -16, 0, 0, 0
L -227, 191, -16, -209, 191, -16, 0, 0, 0
L -227, 189, -16, -227, 191, -16, 0, 0, 0
L -228, 188, -16, -227, 189, -16, 0, 0, 0
L -230, 187, -16, -228, 188, -16, 0, 0, 0
L -231, 187, -16, -230, 187, -16, 0, 0, 0
L -231, 166, -16, -231, 187, -16, 0, 0, 0
L -230, 163, -17, -231, 166, -16, 0, 0, 0
L -230, 162, -17, -230, 163, -17, 0, 0, 0
L -229, 160, -17, -230, 162, -17, 0, 0, 0
L -231, 158, -15, -229, 160, -17, 0, 0, 0
L -242, 158, -15, -231, 158, -15, 0, 0, 0
L -243, 159, -16, -242, 158, -15, 0, 0, 0
L -244, 163, -16, -243, 159, -16, 0, 0, 0
L -243, 165, -16, -244, 163, -16, 0, 0, 0
L -243, 167, -16, -243, 165, -16, 0, 0, 0
L -244, 208, -12, -243, 167, -16, 0, 0, 0
L -244, 209, -12, -244, 208, -12, 0, 0, 0
L -251, 217, -16, -244, 209, -12, 0, 0, 0
L -252, 219, -16, -251, 217, -16, 0, 0, 0
L -267, 219, -16, -252, 219, -16, 0, 0, 0
L -270, 217, -16, -267, 219, -16, 0, 0, 0
L -275, 217, -16, -270, 217, -16, 0, 0, 0
L -277, 218, -16, -275, 217, -16, 0, 0, 0
L -277, 222, -16, -277, 218, -16, 0, 0, 0
L -296, 236, -16, -277, 222, -16, 0, 0, 0
L -302, 236, -17, -296, 236, -16, 0, 0, 0
L -304, 237, -17, -302, 236, -17, 0, 0, 0
L -304, 237, -18, -304, 237, -17, 0, 0, 0
L -305, 239, -17, -304, 237, -18, 0, 0, 0
L -311, 239, -17, -305, 239, -17, 0, 0, 0
L -312, 239, -16, -311, 239, -17, 0, 0, 0
L -313, 239, -16, -312, 239, -16, 0, 0, 0
L -315, 238, -16, -313, 239, -16, 0, 0, 0
L -317, 236, -16, -315, 238, -16, 0, 0, 0
L -318, 236, -16, -317, 236, -16, 0, 0, 0
L -320, 239, -16, -318, 236, -16, 0, 0, 0
L -321, 244, -15, -320, 239, -16, 0, 0, 0
L -321, 246, -15, -321, 244, -15, 0, 0, 0
L -319, 247, -17, -321, 246, -15, 0, 0, 0
L -319, 264, -17, -319, 247, -17, 0, 0, 0
L -318, 265, -18, -319, 264, -17, 0, 0, 0
L -311, 266, -18, -318, 265, -18, 0, 0, 0
L -285, 299, -32, -311, 266, -18, 0, 0, 0
L -284, 300, -32, -285, 299, -32, 0, 0, 0
L -256, 318, -20, -284, 300, -32, 0, 0, 0
L -255, 318, -20, -256, 318, -20, 0, 0, 0
L -255, 320, -20, -255, 318, -20, 0, 0, 0
L -256, 321, -20, -255, 320, -20, 0, 0, 0
L -257, 322, -21, -256, 321, -20, 0, 0, 0
L -254, 326, -19, -257, 322, -21, 0, 0, 0
L -253, 328, -19, -254, 326, -19, 0, 0, 0
L -251, 330, -18, -253, 328, -19, 0, 0, 0
L -250, 330, -18, -251, 330, -18, 0, 0, 0
L -238, 331, -17, -250, 330, -18, 0, 0, 0
L -236, 331, -17, -238, 331, -17, 0, 0, 0
L -232, 333, -16, -236, 331, -17, 0, 0, 0
L -230, 334, -15, -232, 333, -16, 0, 0, 0
L -224, 334, -15, -230, 334, -15, 0, 0, 0
L -223, 333, -16, -224, 334, -15, 0, 0, 0
L -222, 328, -16, -223, 333, -16, 0, 0, 0
L -222, 327, -16, -222, 328, -16, 0, 0, 0
L -221, 326, -16, -222, 327, -16, 0, 0, 0
L -223, 325, -16, -221, 326, -16, 0, 0, 0
L -223, 305, -16, -223, 325, -16, 0, 0, 0
L -186, 305, -16, -223, 305, -16, 0, 0, 0
L -184, 306, -16, -186, 305, -16, 0, 0, 0
L -180, 306, -16, -184, 306, -16, 0, 0, 0
L -179, 307, -16, -180, 306, -16, 0, 0, 0
L -179, 296, -13, -179, 307, -16, 0, 0, 0
L -178, 294, -12, -179, 296, -13, 0, 0, 0
L -179, 293, -12, -178, 294, -12, 0, 0, 0
L -179, 291, -8, -179, 293, -12, 0, 0, 0
L -179, 289, -7, -179, 291, -8, 0, 0, 0
L -171, 283, 1, -179, 289, -7, 0, 0, 0
L -170, 282, 3, -171, 283, 1, 0, 0, 0
L -168, 281, 5, -170, 282, 3, 0, 0, 0
L -167, 280, 6, -168, 281, 5, 0, 0, 0
L -165, 279, 6, -167, 280, 6, 0, 0, 0
L -164, 279, 7, -165, 279, 6, 0, 0, 0
L -161, 279, 6, -164, 279, 7, 0, 0, 0
L -161, 292, -11, -161, 279, 6, 0, 0, 0
L -161, 293, -11, -161, 292, -11, 0, 0, 0
L -161, 295, -14, -161, 293, -11, 0, 0, 0
L -162, 296, -14, -161, 295, -14, 0, 0, 0
L -163, 298, -15, -162, 296, -14, 0, 0, 0
L -163, 304, -15, -163, 298, -15, 0, 0, 0
L -162, 306, -17, -163, 304, -15, 0, 0, 0
L -158, 306, -17, -162, 306, -17, 0, 0, 0
L -157, 306, -16, -158, 306, -17, 0, 0, 0
L -156, 305, -16, -157, 306, -16, 0, 0, 0
L -150, 305, -16, -156, 305, -16, 0, 0, 0
L -149, 306, -16, -150, 305, -16, 0, 0, 0
L -149, 307, -16, -149, 306, -16, 0, 0, 0
L -150, 314, -16, -149, 307, -16, 0, 0, 0
L -149, 315, -16, -150, 314, -16, 0, 0, 0
L -144, 316, -14, -149, 315, -16, 0, 0, 0
L -143, 316, -14, -144, 316, -14, 0, 0, 0
L -142, 315, -13, -143, 316, -14, 0, 0, 0
L -127, 315, -8, -142, 315, -13, 0, 0, 0
L -121, 315, -5, -127, 315, -8, 0, 0, 0
L -113, 316, -4, -121, 315, -5, 0, 0, 0
L -111, 316, -3, -113, 316, -4, 0, 0, 0
L -110, 315, -2, -111, 316, -3, 0, 0, 0
L -102, 315, 1, -110, 315, -2, 0, 0, 0
L -92, 315, 4, -102, 315, 1, 0, 0, 0
L -90, 315, 5, -92, 315, 4, 0, 0, 0
L -87, 315, 5, -90, 315, 5, 0, 0, 0
L -78, 316, 7, -87, 315, 5, 0, 0, 0
L -77, 316, 7, -78, 316, 7, 0, 0, 0
L -76, 316, 5, -77, 316, 7, 0, 0, 0
L -75, 315, 5, -76, 316, 5, 0, 0, 0
L -54, 315, 5, -75, 315, 5, 0, 0, 0
L -53, 316, 5, -54, 315, 5, 0, 0, 0
L -53, 317, 5, -53, 316, 5, 0, 0, 0
L -49, 317, 5, -53, 317, 5, 0, 0, 0
L -48, 316, 5, -49, 317, 5, 0, 0, 0
L -47, 313, 5, -48, 316, 5, 0, 0, 0
L -47, 311, 5, -47, 313, 5, 0, 0, 0
L -49, 310, 5, -47, 311, 5, 0, 0, 0
L -49, 293, 17, -49, 310, 5, 0, 0, 0
L -49, 291, 17, -49, 293, 17, 0, 0, 0
L -47, 289, 19, -49, 291, 17, 0, 0, 0
L -47, 288, 19, -47, 289, 19, 0, 0, 0
L -36, 288, 5, -47, 288, 19, 0, 0, 0
L -34, 288, 6, -36, 288, 5, 0, 0, 0
L -33, 288, 6, -34, 288, 6, 0, 0, 0
L -31, 289, 6, -33, 288, 6, 0, 0, 0
L -28, 289, 6, -31, 289, 6, 0, 0, 0
L -26, 288, 4, -28, 289, 6, 0, 0, 0
L -25, 286, 4, -26, 288, 4, 0, 0, 0
L -25, 284, 4, -25, 286, 4, 0, 0, 0
L -26, 283, 4, -25, 284, 4, 0, 0, 0
L -26, 255, 5, -26, 283, 4, 0, 0, 0
L 18, 240, 5, -26, 255, 5, 0, 0, 0
L 20, 240, 5, 18, 240, 5, 0, 0, 0
L 21, 250, 5, 20, 240, 5, 0, 0, 0
L 22, 251, 5, 21, 250, 5, 0, 0, 0
L 26, 251, 5, 22, 251, 5, 0, 0, 0
L 27, 250, 5, 26, 251, 5, 0, 0, 0
L 28, 238, 6, 27, 250, 5, 0, 0, 0
L 28, 237, 9, 28, 238, 6, 0, 0, 0
L 39, 233, 10, 28, 237, 9, 0, 0, 0
L 67, 224, 5, 39, 233, 10, 0, 0, 0
L 86, 224, 5, 67, 224, 5, 0, 0, 0
L 86, 242, 5, 86, 224, 5, 0, 0, 0
L 85, 243, 5, 86, 242, 5, 0, 0, 0
L 85, 247, 5, 85, 243, 5, 0, 0, 0
L 86, 248, 5, 85, 247, 5, 0, 0, 0
L 90, 249, 6, 86, 248, 5, 0, 0, 0
L 92, 249, 9, 90, 249, 6, 0, 0, 0
L 93, 249, 10, 92, 249, 9, 0, 0, 0
L 94, 249, 10, 93, 249, 10, 0, 0, 0
L 102, 254, 13, 94, 249, 10, 0, 0, 0
L 103, 254, 13, 102, 254, 13, 0, 0, 0
L 107, 258, 14, 103, 254, 13, 0, 0, 0
L 108, 259, 13, 107, 258, 14, 0, 0, 0
L 109, 261, 15, 108, 259, 13, 0, 0, 0
L 109, 263, 19, 109, 261, 15, 0, 0, 0
L 109, 265, 20, 109, 263, 19, 0, 0, 0
L 108, 266, 21, 109, 265, 20, 0, 0, 0
L 96, 266, 5, 108, 266, 21, 0, 0, 0
L 94, 266, 6, 96, 266, 5, 0, 0, 0
L 93, 266, 6, 94, 266, 6, 0, 0, 0
L 91, 265, 6, 93, 266, 6, 0, 0, 0
L 87, 265, 6, 91, 265, 6, 0, 0, 0
L 87, 265, 5, 87, 265, 6, 0, 0, 0
L 85, 267, 5, 87, 265, 5, 0, 0, 0
L 85, 269, 5, 85, 267, 5, 0, 0, 0
L 84, 270, 5, 85, 269, 5, 0, 0, 0
L 86, 271, 5, 84, 270, 5, 0, 0, 0
L 75, 271, 10, 86, 271, 5, 0, 0, 0
L 74, 269, 10, 75, 271, 10, 0, 0, 0
L 73, 268, 10, 74, 269, 10, 0, 0, 0
L 73, 267, 10, 73, 268, 10, 0, 0, 0
L 71, 266, 10, 73, 267, 10, 0, 0, 0
L 69, 265, 9, 71, 266, 10, 0, 0, 0
L 67, 265, 9, 69, 265, 9, 0, 0, 0
L 66, 266, 8, 67, 265, 9, 0, 0, 0
L 64, 266, 7, 66, 266, 8, 0, 0, 0
L 63, 267, 5, 64, 266, 7, 0, 0, 0
L 62, 267, 5, 63, 267, 5, 0, 0, 0
L 60, 268, 5, 62, 267, 5, 0, 0, 0
L 55, 268, 5, 60, 268, 5, 0, 0, 0
L 54, 269, 5, 55, 268, 5, 0, 0, 0
L 53, 269, 5, 54, 269, 5, 0, 0, 0
L 53, 270, 5, 53, 269, 5, 0, 0, 0
L 52, 271, 5, 53, 270, 5, 0, 0, 0
L 26, 271, 7, 52, 271, 5, 0, 0, 0
L 24, 271, 7, 26, 271, 7, 0, 0, 0
L 23, 271, 5, 24, 271, 7, 0, 0, 0
L 21, 272, 5, 23, 271, 5, 0, 0, 0
L 20, 276, 7, 21, 272, 5, 0, 0, 0
L 20, 278, 5, 20, 276, 7, 0, 0, 0
L 20, 279, 5, 20, 278, 5, 0, 0, 0
L 18, 281, 5, 20, 279, 5, 0, 0, 0
L 18, 284, 8, 18, 281, 5, 0, 0, 0
L 17, 286, 8, 18, 284, 8, 0, 0, 0
L 18, 287, 7, 17, 286, 8, 0, 0, 0
L 20, 288, 8, 18, 287, 7, 0, 0, 0
L 20, 327, 5, 20, 288, 8, 0, 0, 0
L 20, 328, 5, 20, 327, 5, 0, 0, 0
L 11, 326, 5, 20, 328, 5, 0, 0, 0
L 10, 326, 5, 11, 326, 5, 0, 0, 0
L 8, 329, 9, 10, 326, 5, 0, 0, 0
L 8, 330, 9, 8, 329, 9, 0, 0, 0
L 2, 329, 4, 8, 330, 9, 0, 0, 0
L 1, 328, 4, 2, 329, 4, 0, 0, 0
L 0, 328, 5, 1, 328, 4, 0, 0, 0
L -26, 328, 5, 0, 328, 5, 0, 0, 0
L -26, 314, 4, -26, 328, 5, 0, 0, 0
L -26, 311, 4, -26, 314, 4, 0, 0, 0
L -25, 309, 4, -26, 311, 4, 0, 0, 0
L -24, 308, 4, -25, 309, 4, 0, 0, 0
L -26, 306, 5, -24, 308, 4, 0, 0, 0
L -27, 305, 5, -26, 306, 5, 0, 0, 0
L -29, 305, 6, -27, 305, 5, 0, 0, 0
L -31, 305, 6, -29, 305, 6, 0, 0, 0
L -32, 306, 5, -31, 305, 6, 0, 0, 0
L -33, 308, 5, -32, 306, 5, 0, 0, 0
L -33, 311, 5, -33, 308, 5, 0, 0, 0
L -34, 316, 5, -33, 311, 5, 0, 0, 0
L -32, 317, 5, -34, 316, 5, 0, 0, 0
L -32, 330, 5, -32, 317, 5, 0, 0, 0
L -34, 332, 5, -32, 330, 5, 0, 0, 0
L -34, 333, 5, -34, 332, 5, 0, 0, 0
L -45, 333, 5, -34, 333, 5, 0, 0, 0
L -49, 331, 5, -45, 333, 5, 0, 0, 0
L -51, 331, 5, -49, 331, 5, 0, 0, 0
L -53, 332, 5, -51, 331, 5, 0, 0, 0
L -54, 333, 5, -53, 332, 5, 0, 0, 0
L -74, 333, 5, -54, 333, 5, 0, 0, 0
L -76, 332, 6, -74, 333, 5, 0, 0, 0
L -79, 332, 6, -76, 332, 6, 0, 0, 0
L -84, 331, 6, -79, 332, 6, 0, 0, 0
L -86, 332, 6, -84, 331, 6, 0, 0, 0
L -87, 333, 6, -86, 332, 6, 0, 0, 0
L -106, 333, -3, -87, 333, 6, 0, 0, 0
L -108, 333, -3, -106, 333, -3, 0, 0, 0
L -109, 332, -4, -108, 333, -3, 0, 0, 0
L -110, 331, -4, -109, 332, -4, 0, 0, 0
L -116, 331, -4, -110, 331, -4, 0, 0, 0
L -117, 332, -5, -116, 331, -4, 0, 0, 0
L -118, 333, -5, -117, 332, -5, 0, 0, 0
L -138, 333, -14, -118, 333, -5, 0, 0, 0
L -140, 333, -14, -138, 333, -14, 0, 0, 0
L -141, 332, -15, -140, 333, -14, 0, 0, 0
L -148, 331, -15, -141, 332, -15, 0, 0, 0
L -149, 332, -16, -148, 331, -15, 0, 0, 0
L -150, 337, -16, -149, 332, -16, 0, 0, 0
L -149, 338, -16, -150, 337, -16, 0, 0, 0
L -149, 374, -16, -149, 338, -16, 0, 0, 0
L -149, 376, -12, -149, 374, -16, 0, 0, 0
L -151, 376, -12, -149, 376, -12, 0, 0, 0
L -152, 377, -16, -151, 376, -12, 0, 0, 0
L -153, 378, -16, -152, 377, -16, 0, 0, 0
L -153, 382, -16, -153, 378, -16, 0, 0, 0
L -166, 382, -16, -153, 382, -16, 0, 0, 0
L -176, 381, -16, -166, 382, -16, 0, 0, 0
L -178, 382, -16, -176, 381, -16, 0, 0, 0
L -179, 383, -15, -178, 382, -16, 0, 0, 0
L -190, 383, -16, -179, 383, -15, 0, 0, 0
L -192, 383, -16, -190, 383, -16, 0, 0, 0
L -193, 382, -16, -192, 383, -16, 0, 0, 0
L -196, 381, -16, -193, 382, -16, 0, 0, 0
L -200, 381, -16, -196, 381, -16, 0, 0, 0
L -202, 382, -16, -200, 381, -16, 0, 0, 0
L -202, 373, -13, -202, 382, -16, 0, 0, 0
L -202, 371, -12, -202, 373, -13, 0, 0, 0
L -202, 367, -13, -202, 371, -12, 0, 0, 0
L -201, 366, -13, -202, 367, -13, 0, 0, 0
L -201, 364, -16, -201, 366, -13, 0, 0, 0
L -203, 362, -16, -201, 364, -16, 0, 0, 0
L -222, 361, -16, -203, 362, -16, 0, 0, 0
L -223, 360, -16, -222, 361, -16, 0, 0, 0
L -223, 357, -16, -223, 360, -16, 0, 0, 0
L -222, 356, -17, -223, 357, -16, 0, 0, 0
L -222, 352, -17, -222, 356, -17, 0, 0, 0
L -222, 351, -16, -222, 352, -17, 0, 0, 0
L -223, 350, -16, -222, 351, -16, 0, 0, 0
L -226, 349, -15, -223, 350, -16, 0, 0, 0
L -229, 349, -15, -226, 349, -15, 0, 0, 0
L -231, 350, -17, -229, 349, -15, 0, 0, 0
L -231, 351, -17, -231, 350, -17, 0, 0, 0
L -248, 351, -17, -231, 351, -17, 0, 0, 0
L -249, 352, -17, -248, 351, -17, 0, 0, 0
L -250, 359, -18, -249, 352, -17, 0, 0, 0
L -273, 378, -28, -250, 359, -18, 0, 0, 0
L -277, 379, -29, -273, 378, -28, 0, 0, 0
L -282, 384, -32, -277, 379, -29, 0, 0, 0
L -283, 385, -32, -282, 384, -32, 0, 0, 0
L -305, 419, -18, -283, 385, -32, 0, 0, 0
L -306, 420, -18, -305, 419, -18, 0, 0, 0
L -343, 420, -18, -306, 420, -18, 0, 0, 0
L -345, 418, -19, -343, 420, -18, 0, 0, 0
L -367, 390, -31, -345, 418, -19, 0, 0, 0
L -368, 387, -32, -367, 390, -31, 0, 0, 0
L -369, 386, -32, -368, 387, -32, 0, 0, 0
L -403, 365, -18, -369, 386, -32, 0, 0, 0
L -404, 364, -18, -403, 365, -18, 0, 0, 0
L -404, 357, -18, -404, 364, -18, 0, 0, 0
L -405, 356, -17, -404, 357, -18, 0, 0, 0
L -417, 355, -17, -405, 356, -17, 0, 0, 0
L -423, 354, -14, -417, 355, -17, 0, 0, 0
L -425, 353, -14, -423, 354, -14, 0, 0, 0
L -428, 353, -14, -425, 353, -14, 0, 0, 0
L -429, 353, -16, -428, 353, -14, 0, 0, 0
L -430, 354, -16, -429, 353, -16, 0, 0, 0
L -454, 354, -16, -430, 354, -16, 0, 0, 0
L -455, 355, -16, -454, 354, -16, 0, 0, 0
L -456, 381, -16, -455, 355, -16, 0, 0, 0
L -470, 381, -16, -456, 381, -16, 0, 0, 0
L -473, 380, -15, -470, 381, -16, 0, 0, 0
L -477, 380, -15, -473, 380, -15, 0, 0, 0
L -478, 379, -17, -477, 380, -15, 0, 0, 0
L -479, 381, -17, -478, 379, -17, 0, 0, 0
L -480, 383, -18, -479, 381, -17, 0, 0, 0
L -480, 384, -18, -480, 383, -18, 0, 0, 0
L -479, 386, -17, -480, 384, -18, 0, 0, 0
L -479, 417, -6, -479, 386, -17, 0, 0, 0
L -479, 418, -5, -479, 417, -6, 0, 0, 0
L -480, 419, -5, -479, 418, -5, 0, 0, 0
L -483, 417, -5, -480, 419, -5, 0, 0, 0
L -484, 416, -5, -483, 417, -5, 0, 0, 0
L -486, 416, -4, -484, 416, -5, 0, 0, 0
L -494, 415, -2, -486, 416, -4, 0, 0, 0
L -495, 415, -2, -494, 415, -2, 0, 0, 0
L -497, 416, 0, -495, 415, -2, 0, 0, 0
L -500, 418, 2, -497, 416, 0, 0, 0, 0
L -501, 419, 4, -500, 418, 2, 0, 0, 0
L -502, 421, 6, -501, 419, 4, 0, 0, 0
L -502, 422, 7, -502, 421, 6, 0, 0, 0
L -503, 424, 8, -502, 422, 7, 0, 0, 0
L -505, 424, 8, -503, 424, 8, 0, 0, 0
L -509, 422, 8, -505, 424, 8, 0, 0, 0
L -511, 422, 8, -509, 422, 8, 0, 0, 0
L -512, 421, 8, -511, 422, 8, 0, 0, 0
L -514, 418, 8, -512, 421, 8, 0, 0, 0
L -521, 405, 8, -514, 418, 8, 0, 0, 0
L -521, 404, 8, -521, 405, 8, 0, 0, 0
L -522, 403, 8, -521, 404, 8, 0, 0, 0
L -523, 403, 8, -522, 403, 8, 0, 0, 0
L -525, 403, 9, -523, 403, 8, 0, 0, 0
L -526, 402, 8, -525, 403, 9, 0, 0, 0
L -530, 402, 8, -526, 402, 8, 0, 0, 0
L -531, 403, 8, -530, 402, 8, 0, 0, 0
L -532, 406, 10, -531, 403, 8, 0, 0, 0
L -532, 408, 10, -532, 406, 10, 0, 0, 0
L -531, 409, 9, -532, 408, 10, 0, 0, 0
L -531, 426, 9, -531, 409, 9, 0, 0, 0
L -556, 426, 9, -531, 426, 9, 0, 0, 0
L -557, 427, 9, -556, 426, 9, 0, 0, 0
L -558, 449, 10, -557, 427, 9, 0, 0, 0
L -558, 451, 11, -558, 449, 10, 0, 0, 0
L -559, 452, 11, -558, 451, 11, 0, 0, 0
L -559, 461, 10, -559, 452, 11, 0, 0, 0
L -559, 462, 9, -559, 461, 10, 0, 0, 0
L -557, 463, 9, -559, 462, 9, 0, 0, 0
L -554, 464, 9, -557, 463, 9, 0, 0, 0
L -551, 466, 9, -554, 464, 9, 0, 0, 0
L -550, 467, 9, -551, 466, 9, 0, 0, 0
L -550, 496, 9, -550, 467, 9, 0, 0, 0
L -551, 498, 9, -550, 496, 9, 0, 0, 0
L -553, 500, 9, -551, 498, 9, 0, 0, 0
L -554, 502, 9, -553, 500, 9, 0, 0, 0
L -554, 503, 9, -554, 502, 9, 0, 0, 0
L -589, 551, 9, -554, 503, 9, 0, 0, 0
L -607, 574, 9, -589, 551, 9, 0, 0, 0
L -608, 575, 9, -607, 574, 9, 0, 0, 0
L -610, 575, 9, -608, 575, 9, 0, 0, 0
L -611, 576, 9, -610, 575, 9, 0, 0, 0
L -612, 580, 9, -611, 576, 9, 0, 0, 0
L -612, 582, 9, -612, 580, 9, 0, 0, 0
L -610, 583, 9, -612, 582, 9, 0, 0, 0
L -610, 607, 9, -610, 583, 9, 0, 0, 0
L -611, 608, 9, -610, 607, 9, 0, 0, 0
L -613, 609, 9, -611, 608, 9, 0, 0, 0
L -614, 610, 9, -613, 609, 9, 0, 0, 0
L -617, 610, 9, -614, 610, 9, 0, 0, 0
L -619, 611, 9, -617, 610, 9, 0, 0, 0
L -620, 619, 10, -619, 611, 9, 0, 0, 0
L -620, 621, 9, -620, 619, 10, 0, 0, 0
L -619, 622, 9, -620, 621, 9, 0, 0, 0
L -619, 677, 8, -619, 622, 9, 0, 0, 0
L -620, 685, 10, -619, 677, 8, 0, 0, 0
L -619, 687, 9, -620, 685, 10, 0, 0, 0
L -618, 688, 9, -619, 687, 9, 0, 0, 0
L -618, 741, 9, -618, 688, 9, 0, 0, 0
L -617, 743, 9, -618, 741, 9, 0, 0, 0
L -584, 771, 9, -617, 743, 9, 0, 0, 0
L -522, 772, 11, -584, 771, 9, 0, 0, 0
L -521, 774, 12, -522, 772, 11, 0, 0, 0
L -521, 780, 13, -521, 774, 12, 0, 0, 0
L -520, 784, 13, -521, 780, 13, 0, 0, 0
L -520, 787, 13, -520, 784, 13, 0, 0, 0
L -519, 788, 11, -520, 787, 13, 0, 0, 0
L -520, 790, 14, -519, 788, 11, 0, 0, 0
L -522, 792, 14, -520, 790, 14, 0, 0, 0
L -558, 792, 11, -522, 792, 14, 0, 0, 0
L -559, 792, 10, -558, 792, 11, 0, 0, 0
L -569, 792, 11, -559, 792, 10, 0, 0, 0
L -578, 791, 15, -569, 792, 11, 0, 0, 0
L -579, 791, 14, -578, 791, 15, 0, 0, 0
L -581, 792, 15, -579, 791, 14, 0, 0, 0
L -582, 794, 16, -581, 792, 15, 0, 0, 0
L -582, 839, 6, -582, 797, -6, 0, 0, 0
L -582, 845, 6, -582, 839, 6, 0, 0, 0
L -597, 855, 6, -582, 845, 6, 0, 0, 0
L -606, 856, 6, -597, 855, 6, 0, 0, 0
L -611, 855, 6, -606, 856, 6, 0, 0, 0
L -612, 855, 6, -611, 855, 6, 0, 0, 0
L -613, 860, 8, -612, 855, 6, 0, 0, 0
L -612, 862, 8, -613, 860, 8, 0, 0, 0
L -611, 863, 10, -612, 862, 8, 0, 0, 0
L -610, 907, 22, -611, 863, 10, 0, 0, 0
L -610, 909, 21, -610, 907, 22, 0, 0, 0
L -611, 910, 21, -610, 909, 21, 0, 0, 0
L -611, 911, 20, -611, 910, 21, 0, 0, 0
L -612, 913, 19, -611, 911, 20, 0, 0, 0
L -621, 924, 20, -612, 913, 19, 0, 0, 0
L -622, 925, 20, -621, 924, 20, 0, 0, 0
L -623, 926, 21, -622, 925, 20, 0, 0, 0
L -625, 927, 22, -623, 926, 21, 0, 0, 0
L -628, 927, 23, -625, 927, 22, 0, 0, 0
L -632, 926, 20, -628, 927, 23, 0, 0, 0
L -634, 926, 19, -632, 926, 20, 0, 0, 0
L -643, 926, 23, -634, 926, 19, 0, 0, 0
L -662, 925, 28, -643, 926, 23, 0, 0, 0
L -671, 925, 29, -662, 925, 28, 0, 0, 0
L -686, 925, 35, -671, 925, 29, 0, 0, 0
L -704, 925, 41, -686, 925, 35, 0, 0, 0
L -706, 925, 41, -704, 925, 41, 0, 0, 0
L -715, 926, 44, -706, 925, 41, 0, 0, 0
L -716, 926, 44, -715, 926, 44, 0, 0, 0
L -718, 927, 45, -716, 926, 44, 0, 0, 0
L -719, 928, 45, -718, 927, 45, 0, 0, 0
L -721, 929, 43, -719, 928, 45, 0, 0, 0
L -722, 930, 43, -721, 929, 43, 0, 0, 0
L -720, 931, 46, -722, 930, 43, 0, 0, 0
L -720, 934, 46, -720, 931, 46, 0, 0, 0
L -720, 935, 47, -720, 934, 46, 0, 0, 0
L -721, 938, 44, -720, 935, 47, 0, 0, 0
L -724, 944, 44, -721, 938, 44, 0, 0, 0
L -725, 946, 45, -724, 944, 44, 0, 0, 0
L -725, 947, 45, -725, 946, 45, 0, 0, 0
L -725, 952, 48, -725, 947, 45, 0, 0, 0
L -725, 954, 48, -725, 952, 48, 0, 0, 0
L -725, 955, 49, -725, 954, 48, 0, 0, 0
L -723, 955, 53, -725, 955, 49, 0, 0, 0
L -721, 956, 55, -723, 955, 53, 0, 0, 0
L -720, 957, 55, -721, 956, 55, 0, 0, 0
L -720, 960, 54, -720, 957, 55, 0, 0, 0
L -720, 961, 55, -720, 960, 54, 0, 0, 0
L -721, 967, 55, -720, 961, 55, 0, 0, 0
L -721, 972, 55, -721, 967, 55, 0, 0, 0
L -724, 987, 62, -721, 972, 55, 0, 0, 0
L -724, 990, 63, -724, 987, 62, 0, 0, 0
L -725, 994, 61, -724, 990, 63, 0, 0, 0
L -725, 995, 59, -725, 994, 61, 0, 0, 0
L -724, 996, 59, -725, 995, 59, 0, 0, 0
L -687, 996, 58, -724, 996, 59, 0, 0, 0
L -685, 996, 56, -687, 996, 58, 0, 0, 0
L -685, 1001, 57, -685, 996, 56, 0, 0, 0
L -685, 1002, 57, -685, 1001, 57, 0, 0, 0
L -684, 1004, 56, -685, 1002, 57, 0, 0, 0
L -684, 1005, 56, -684, 1004, 56, 0, 0, 0
L -683, 1006, 56, -684, 1005, 56, 0, 0, 0
L -681, 1007, 56, -683, 1006, 56, 0, 0, 0
L -678, 1008, 56, -681, 1007, 56, 0, 0, 0
L -677, 1010, 56, -678, 1008, 56, 0, 0, 0
L -669, 1010, 59, -677, 1010, 56, 0, 0, 0
L -667, 1010, 59, -669, 1010, 59, 0, 0, 0
L -667, 1008, 60, -667, 1010, 59, 0, 0, 0
L -667, 1006, 59, -667, 1008, 60, 0, 0, 0
L -667, 1005, 56, -667, 1006, 59, 0, 0, 0
L -669, 1003, 56, -667, 1005, 56, 0, 0, 0
L -671, 1003, 56, -669, 1003, 56, 0, 0, 0
L -669, 1003, 57, -671, 1003, 56, 0, 0, 0
L -668, 1004, 59, -669, 1003, 57, 0, 0, 0
L -667, 1005, 59, -668, 1004, 59, 0, 0, 0
L -667, 1006, 59, -667, 1005, 59, 0, 0, 0
L -668, 1004, 56, -667, 1006, 59, 0, 0, 0
L -671, 1003, 56, -668, 1004, 56, 0, 0, 0
L -670, 997, 56, -671, 1003, 56, 0, 0, 0
L -670, 996, 56, -670, 997, 56, 0, 0, 0
L -659, 996, 56, -670, 996, 56, 0, 0, 0
L -659, 1013, 60, -659, 996, 56, 0, 0, 0
L -659, 1015, 60, -659, 1013, 60, 0, 0, 0
L -661, 1020, 60, -659, 1015, 60, 0, 0, 0
L -659, 1022, 62, -661, 1020, 60, 0, 0, 0
L -658, 1021, 63, -659, 1022, 62, 0, 0, 0
L -657, 1023, 61, -658, 1021, 63, 0, 0, 0
L -656, 1024, 60, -657, 1023, 61, 0, 0, 0
L -652, 1024, 63, -656, 1024, 60, 0, 0, 0
L -650, 1024, 64, -652, 1024, 63, 0, 0, 0
L -649, 1024, 64, -650, 1024, 64, 0, 0, 0
L -648, 1022, 68, -649, 1024, 64, 0, 0, 0
L -647, 1021, 69, -648, 1022, 68, 0, 0, 0
L -637, 1022, 71, -647, 1021, 69, 0, 0, 0
L -636, 1022, 72, -637, 1022, 71, 0, 0, 0
L -634, 1022, 72, -636, 1022, 72, 0, 0, 0
L -633, 1024, 71, -634, 1022, 72, 0, 0, 0
L -628, 1021, 78, -633, 1024, 71, 0, 0, 0
L -626, 1020, 78, -628, 1021, 78, 0, 0, 0
L -625, 1020, 78, -626, 1020, 78, 0, 0, 0
L -622, 1020, 75, -625, 1020, 78, 0, 0, 0
L -619, 1024, 72, -622, 1020, 75, 0, 0, 0
L -618, 1025, 72, -619, 1024, 72, 0, 0, 0
L -617, 1026, 73, -618, 1025, 72, 0, 0, 0
L -616, 1027, 73, -617, 1026, 73, 0, 0, 0
L -615, 1028, 72, -616, 1027, 73, 0, 0, 0
L -614, 1029, 72, -615, 1028, 72, 0, 0, 0
L -613, 1030, 74, -614, 1029, 72, 0, 0, 0
L -612, 1032, 74, -613, 1030, 74, 0, 0, 0
L -612, 1032, 75, -612, 1032, 74, 0, 0, 0
L -611, 1033, 76, -612, 1032, 75, 0, 0, 0
L -610, 1043, 77, -611, 1033, 76, 0, 0, 0
L -610, 1045, 77, -610, 1043, 77, 0, 0, 0
L -610, 1048, 78, -610, 1045, 77, 0, 0, 0
L -610, 1050, 76, -610, 1048, 78, 0, 0, 0
L -612, 1051, 75, -610, 1050, 76, 0, 0, 0
L -610, 1052, 78, -612, 1051, 75, 0, 0, 0
L -610, 1057, 77, -610, 1052, 78, 0, 0, 0
L -610, 1058, 78, -610, 1057, 77, 0, 0, 0
L -613, 1058, 72, -610, 1058, 78, 0, 0, 0
L -614, 1057, 73, -613, 1058, 72, 0, 0, 0
L -615, 1057, 73, -614, 1057, 73, 0, 0, 0
L -617, 1056, 72, -615, 1057, 73, 0, 0, 0
L -618, 1055, 73, -617, 1056, 72, 0, 0, 0
L -620, 1055, 73, -618, 1055, 73, 0, 0, 0
L -620, 1056, 73, -620, 1055, 73, 0, 0, 0
L -623, 1056, 72, -620, 1056, 73, 0, 0, 0
L -625, 1056, 72, -623, 1056, 72, 0, 0, 0
L -627, 1056, 76, -625, 1056, 72, 0, 0, 0
L -628, 1057, 76, -627, 1056, 76, 0, 0, 0
L -630, 1057, 77, -628, 1057, 76, 0, 0, 0
L -631, 1058, 77, -630, 1057, 77, 0, 0, 0
L -632, 1057, 77, -631, 1058, 77, 0, 0, 0
L -630, 1052, 71, -632, 1057, 77, 0, 0, 0
L -629, 1050, 71, -630, 1052, 71, 0, 0, 0
L -629, 1048, 71, -629, 1050, 71, 0, 0, 0
L -631, 1047, 73, -629, 1048, 71, 0, 0, 0
L -631, 1046, 73, -631, 1047, 73, 0, 0, 0
L -631, 1044, 72, -631, 1046, 73, 0, 0, 0
L -631, 1042, 73, -631, 1044, 72, 0, 0, 0
L -633, 1042, 74, -631, 1042, 73, 0, 0, 0
L -635, 1041, 74, -633, 1042, 74, 0, 0, 0
L -636, 1041, 72, -635, 1041, 74, 0, 0, 0
L -638, 1041, 72, -636, 1041, 72, 0, 0, 0
L -639, 1042, 75, -638, 1041, 72, 0, 0, 0
L -644, 1042, 72, -639, 1042, 75, 0, 0, 0
L -646, 1042, 70, -644, 1042, 72, 0, 0, 0
L -647, 1041, 69, -646, 1042, 70, 0, 0, 0
L -655, 1036, 61, -647, 1041, 69, 0, 0, 0
L -656, 1035, 61, -655, 1036, 61, 0, 0, 0
L -657, 1036, 60, -656, 1035, 61, 0, 0, 0
L -658, 1037, 60, -657, 1036, 60, 0, 0, 0
L -659, 1056, 56, -658, 1037, 60, 0, 0, 0
L -659, 1058, 56, -659, 1056, 56, 0, 0, 0
L -689, 1058, 56, -659, 1058, 56, 0, 0, 0
L -690, 1058, 63, -689, 1058, 56, 0, 0, 0
L -690, 1054, 63, -690, 1058, 63, 0, 0, 0
L -689, 1050, 61, -690, 1054, 63, 0, 0, 0
L -689, 1049, 60, -689, 1050, 61, 0, 0, 0
L -692, 1050, 59, -689, 1049, 60, 0, 0, 0
L -693, 1051, 60, -692, 1050, 59, 0, 0, 0
L -694, 1051, 60, -693, 1051, 60, 0, 0, 0
L -696, 1052, 60, -694, 1051, 60, 0, 0, 0
L -698, 1054, 60, -696, 1052, 60, 0, 0, 0
L -701, 1055, 58, -698, 1054, 60, 0, 0, 0
L -703, 1056, 58, -701, 1055, 58, 0, 0, 0
L -704, 1057, 57, -703, 1056, 58, 0, 0, 0
L -700, 1058, 56, -704, 1057, 57, 0, 0, 0
L -699, 1058, 56, -700, 1058, 56, 0, 0, 0
L -708, 1058, 56, -699, 1058, 56, 0, 0, 0
L -710, 1058, 57, -708, 1058, 56, 0, 0, 0
L -711, 1058, 58, -710, 1058, 57, 0, 0, 0
L -751, 1058, 59, -711, 1058, 58, 0, 0, 0
L -751, 996, 56, -751, 1058, 59, 0, 0, 0
L -750, 997, 56, -751, 996, 56, 0, 0, 0
L -743, 998, 60, -750, 997, 56, 0, 0, 0
L -741, 998, 60, -743, 998, 60, 0, 0, 0
L -740, 996, 60, -741, 998, 60, 0, 0, 0
L -739, 995, 60, -740, 996, 60, 0, 0, 0
L -738, 992, 60, -739, 995, 60, 0, 0, 0
L -738, 990, 60, -738, 992, 60, 0, 0, 0
L -737, 989, 59, -738, 990, 60, 0, 0, 0
L -737, 985, 59, -737, 989, 59, 0, 0, 0
L -742, 984, 63, -737, 985, 59, 0, 0, 0
L -146, -609, -41, -146, -605, -39, 0, 0, 0
L -146, -605, -39, -145, -603, -38, 0, 0, 0
L -145, -603, -38, -145, -602, -38, 0, 0, 0
L -145, -602, -38, -145, -582, -31, 0, 0, 0
L -145, -582, -31, -146, -580, -30, 0, 0, 0
L -146, -580, -30, -146, -579, -30, 0, 0, 0
L -146, -579, -30, -145, -574, -29, 0, 0, 0
L -145, -574, -29, -145, -572, -29, 0, 0, 0
L -145, -572, -29, -145, -551, -21, 0, 0, 0
L -145, -551, -21, -147, -550, -21, 0, 0, 0
L -147, -550, -21, -147, -549, -21, 0, 0, 0
L -147, -549, -21, -147, -546, -20, 0, 0, 0
L -147, -546, -20, -146, -545, -20, 0, 0, 0
L -146, -545, -20, -146, -544, -19, 0, 0, 0
L -146, -544, -19, -146, -543, -19, 0, 0, 0
L -146, -543, -19, -145, -541, -18, 0, 0, 0
L -145, -541, -18, -145, -540, -18, 0, 0, 0
L -145, -540, -18, -145, -538, -17, 0, 0, 0
L -145, -538, -17, -145, -519, -11, 0, 0, 0
L -145, -519, -11, -146, -517, -10, 0, 0, 0
L -146, -517, -10, -145, -511, -9, 0, 0, 0
L -145, -511, -9, -145, -509, -8, 0, 0, 0
L -145, -509, -8, -145, -506, -8, 0, 0, 0
L -145, -506, -8, -145, -486, -1, 0, 0, 0
L -145, -486, -1, -146, -485, -1, 0, 0, 0
L -146, -485, -1, -145, -473, 2, 0, 0, 0
L -145, -473, 2, -145, -469, 4, 0, 0, 0
L -145, -469, 4, -144, -461, 0, 0, 0, 0
L -144, -461, 0, -143, -460, 0, 0, 0, 0
L -143, -460, 0, -142, -459, 1, 0, 0, 0
L -142, -459, 1, -140, -458, 1, 0, 0, 0
L -140, -458, 1, -139, -460, 1, 0, 0, 0
L -139, -460, 1, -134, -465, -3, 0, 0, 0
L -134, -465, -3, -133, -467, -3, 0, 0, 0
L -133, -467, -3, -130, -470, -1, 0, 0, 0
L -130, -470, -1, -111, -470, -1, 0, 0, 0
L -111, -470, -1, -111, -433, -1, 0, 0, 0
L -111, -433, -1, -137, -433, -1, 0, 0, 0
L -137, -433, -1, -137, -434, -1, 0, 0, 0
L -137, -434, -1, -138, -438, -1, 0, 0, 0
L -138, -438, -1, -140, -439, 1, 0, 0, 0
L -140, -439, 1, -143, -439, 1, 0, 0, 0
L -143, -439, 1, -144, -438, 0, 0, 0, 0
L -144, -438, 0, -145, -436, 0, 0, 0, 0
L -145, -436, 0, -145, -435, 0, 0, 0, 0
L -145, -435, 0, -145, -431, -1, 0, 0, 0
L -145, -431, -1, -145, -420, 0, 0, 0, 0
L -145, -420, 0, -146, -419, 0, 0, 0, 0
L -146, -419, 0, -146, -418, 1, 0, 0, 0
L -146, -418, 1, -146, -413, 2, 0, 0, 0
P -686, 1030, 56, 255, 0, 255, 3, To_Innothule_Swamp
P -112, -728, -27, 0, 0, 0, 3, Uhiur_the_Fallen
