L 288, 0, 0, -937, 0, 0, 140, 140, 140
L  0,763, 0, 0, -903, 0, 140, 140, 140
L 100, 763, 0, 100, -903, 0, 220, 220, 220
L 200, 763, 0, 200, -903, 0, 220, 220, 220
L -100, 763, 0, -100, -903, 0, 220, 220, 220
L -200, 763, 0, -200, -903, 0, 220, 220, 220
L -300, 763, 0, -300, -903, 0, 220, 220, 220
L -400, 763, 0, -400, -903, 0, 220, 220, 220
L -500, 763, 0, -500, -903, 0, 220, 220, 220
L -600, 763, 0, -600, -903, 0, 220, 220, 220
L -700, 763, 0, -700, -903, 0, 220, 220, 220
L -800, 763, 0, -800, -903, 0, 220, 220, 220
L -900, 763, 0, -900, -903, 0, 220, 220, 220
L 288, 100, 0, -937, 100, 0, 220, 220, 220
L 288, 200, 0, -937, 200, 0, 220, 220, 220
L 288, 300, 0, -937, 300, 0, 220, 220, 220
L 288, 400, 0, -937, 400, 0, 220, 220, 220
L 288, 500, 0, -937, 500, 0, 220, 220, 220
L 288, 600, 0, -937, 600, 0, 220, 220, 220
L 288, 700, 0, -937, 700, 0, 220, 220, 220
L 288, -100, 0, -937, -100, 0, 220, 220, 220
L 288, -200, 0, -937, -200, 0, 220, 220, 220
L 288, -300, 0, -937, -300, 0, 220, 220, 220
L 288, -400, 0, -937, -400, 0, 220, 220, 220
L 288, -500, 0, -937, -500, 0, 220, 220, 220
L 288, -600, 0, -937, -600, 0, 220, 220, 220
L 288, -700, 0, -937, -700, 0, 220, 220, 220
L 288, -800, 0, -937, -800, 0, 220, 220, 220
L 288, -900, 0, -937, -900, 0, 220, 220, 220
P 298, 5, 0, 0, 0, 0, 3, 0
P 5,773, 0, 0, 0, 0, 3, 0
P 105,773, 0, 0, 0, 0, 3, 100
P 205,773, 0, 0, 0, 0, 3, 200
P -95,773, 0, 0, 0, 0, 3, -100
P -195,773, 0, 0, 0, 0, 3, -200
P -295,773, 0, 0, 0, 0, 3, -300
P -395,773, 0, 0, 0, 0, 3, -400
P -495,773, 0, 0, 0, 0, 3, -500
P -595,773, 0, 0, 0, 0, 3, -600
P -695,773, 0, 0, 0, 0, 3, -700
P -795,773, 0, 0, 0, 0, 3, -800
P -895,773, 0, 0, 0, 0, 3, -900
P 298, 105, 0, 0, 0, 0, 3, 100
P 298, 205, 0, 0, 0, 0, 3, 200
P 298, 305, 0, 0, 0, 0, 3, 300
P 298, 405, 0, 0, 0, 0, 3, 400
P 298, 505, 0, 0, 0, 0, 3, 500
P 298, 605, 0, 0, 0, 0, 3, 600
P 298, 705, 0, 0, 0, 0, 3, 700
P 298, -95, 0, 0, 0, 0, 3, -100
P 298, -195, 0, 0, 0, 0, 3, -200
P 298, -295, 0, 0, 0, 0, 3, -300
P 298, -395, 0, 0, 0, 0, 3, -400
P 298, -495, 0, 0, 0, 0, 3, -500
P 298, -595, 0, 0, 0, 0, 3, -600
P 298, -695, 0, 0, 0, 0, 3, -700
P 298, -795, 0, 0, 0, 0, 3, -800
P 298, -895, 0, 0, 0, 0, 3, -900
