L 3124, -427, 0, 3131, -444, 0, 153, 153, 153
L 3131, -444, 0, 3147, -489, 0, 153, 153, 153
L 3147, -489, 0, 3153, -516, 0, 153, 153, 153
L 3153, -516, 0, 3163, -596, 0, 153, 153, 153
L 3163, -596, 0, 3169, -650, 0, 153, 153, 153
L 3169, -650, 0, 3171, -658, 0, 153, 153, 153
L 3171, -658, 0, 3175, -691, 0, 153, 153, 153
L 3175, -691, 0, 3178, -723, 0, 153, 153, 153
L 3178, -723, 0, 3151, -750, 0, 153, 153, 153
L 3151, -750, 0, 3121, -779, 0, 153, 153, 153
L 3121, -779, 0, 3093, -808, 0, 153, 153, 153
L 3093, -808, 0, 3063, -837, 0, 153, 153, 153
L 3063, -837, 0, 2857, -1043, 0, 153, 153, 153
L 2857, -1043, 0, 2841, -1054, 0, 153, 153, 153
L 2841, -1054, 0, 2795, -1058, 0, 153, 153, 153
L 2795, -1058, 0, 2768, -1061, 0, 153, 153, 153
L 2768, -1061, 0, 2728, -1067, 0, 153, 153, 153
L 2728, -1067, 0, 2606, -1073, 0, 153, 153, 153
L 2606, -1073, 0, 2561, -1103, 0, 153, 153, 153
L 2561, -1103, 0, 2470, -1111, 0, 153, 153, 153
L 2470, -1111, 0, 2445, -1141, 0, 153, 153, 153
L 2445, -1141, 0, 2430, -1158, 0, 153, 153, 153
L 2430, -1158, 0, 2428, -1172, 0, 153, 153, 153
L 2428, -1172, 0, 2428, -1173, 0, 153, 153, 153
L 2428, -1173, 0, 2431, -1217, 0, 153, 153, 153
L 2431, -1217, 0, 2432, -1224, 0, 153, 153, 153
L 2432, -1224, 0, 2438, -1232, 0, 153, 153, 153
L 2438, -1232, 0, 2447, -1236, 0, 153, 153, 153
L 2447, -1236, 0, 2460, -1239, 0, 153, 153, 153
L 2460, -1239, 0, 2493, -1239, 0, 153, 153, 153
L 2493, -1239, 0, 2494, -1260, 0, 153, 153, 153
L 2494, -1260, 0, 2495, -1273, 0, 153, 153, 153
L 2495, -1273, 0, 2496, -1294, 0, 153, 153, 153
L 2496, -1294, 0, 2498, -1324, 0, 153, 153, 153
L 2498, -1324, 0, 2501, -1391, 0, 153, 153, 153
L 2501, -1391, 0, 2505, -1456, 0, 153, 153, 153
L 2505, -1456, 0, 2505, -1483, 0, 153, 153, 153
L 2505, -1483, 0, 2506, -1540, 0, 153, 153, 153
L 2506, -1540, 0, 2506, -1570, 0, 153, 153, 153
L 2506, -1570, 0, 2554, -1582, 0, 153, 153, 153
L 2554, -1582, 0, 2528, -1640, 0, 153, 153, 153
L 2528, -1640, 0, 2510, -1667, 0, 153, 153, 153
L 2510, -1667, 0, 2507, -1685, 0, 153, 153, 153
L 2507, -1685, 0, 2509, -1698, 0, 153, 153, 153
L 2509, -1698, 0, 2519, -1788, 0, 153, 153, 153
L 2519, -1788, 0, 2526, -1863, 0, 153, 153, 153
L 2526, -1863, 0, 2510, -1904, 0, 153, 153, 153
L 2510, -1904, 0, 2503, -1918, 0, 153, 153, 153
L 2503, -1918, 0, 2512, -1953, 0, 153, 153, 153
L 2512, -1953, 0, 2510, -1977, 0, 153, 153, 153
L 2510, -1977, 0, 2498, -1995, 0, 153, 153, 153
L 2498, -1995, 0, 2442, -2070, 0, 153, 153, 153
L 2442, -2070, 0, 2435, -2088, 0, 153, 153, 153
L 2435, -2088, 0, 2430, -2121, 0, 153, 153, 153
L 2430, -2121, 0, 2423, -2156, 0, 153, 153, 153
L 2423, -2156, 0, 2425, -2168, 0, 153, 153, 153
L 2425, -2168, 0, 2436, -2207, 0, 153, 153, 153
L 2436, -2207, 0, 2424, -2254, 0, 153, 153, 153
L 2424, -2254, 0, 2418, -2260, 0, 153, 153, 153
L 2418, -2260, 0, 2404, -2279, 0, 153, 153, 153
L 2404, -2279, 0, 2387, -2319, 0, 153, 153, 153
L 2387, -2319, 0, 2380, -2355, 0, 153, 153, 153
L 2380, -2355, 0, 2376, -2378, 0, 153, 153, 153
L 2376, -2378, 0, 2366, -2408, 0, 153, 153, 153
L 2366, -2408, 0, 2368, -2435, 0, 153, 153, 153
L 2368, -2435, 0, 2374, -2482, 0, 153, 153, 153
L 2374, -2482, 0, 2380, -2517, 0, 153, 153, 153
L 2380, -2517, 0, 2387, -2532, 0, 153, 153, 153
L 2387, -2532, 0, 2410, -2539, 0, 153, 153, 153
L 2410, -2539, 0, 2413, -2539, 0, 153, 153, 153
L 2413, -2539, 0, 2446, -2550, 0, 153, 153, 153
L 2446, -2550, 0, 2576, -2564, 0, 153, 153, 153
L 2576, -2564, 0, 2679, -2579, 0, 153, 153, 153
L 2679, -2579, 0, 2717, -2587, 0, 153, 153, 153
L 2717, -2587, 0, 2744, -2598, 0, 153, 153, 153
L 2744, -2598, 0, 2757, -2598, 0, 153, 153, 153
L 2757, -2598, 0, 2827, -2595, 0, 153, 153, 153
L 2827, -2595, 0, 2877, -2592, 0, 153, 153, 153
L 2877, -2592, 0, 2903, -2590, 0, 153, 153, 153
L 2903, -2590, 0, 2945, -2586, 0, 153, 153, 153
L 2945, -2586, 0, 2952, -2586, 0, 153, 153, 153
L 2952, -2586, 0, 2991, -2583, 0, 153, 153, 153
L 2991, -2583, 0, 3023, -2574, 0, 153, 153, 153
L 3023, -2574, 0, 3045, -2574, 0, 153, 153, 153
L 3045, -2574, 0, 3057, -2581, 0, 153, 153, 153
L 3057, -2581, 0, 3076, -2590, 0, 153, 153, 153
L 3076, -2590, 0, 3184, -2644, 0, 153, 153, 153
L 3120, -2612, 0, 3120, -2612, 0, 153, 153, 153
L 3184, -2644, 0, 3207, -2656, 0, 153, 153, 153
L 3207, -2656, 0, 3270, -2687, 0, 153, 153, 153
L 3270, -2687, 0, 3281, -2693, 0, 153, 153, 153
L 3281, -2693, 0, 3309, -2707, 0, 153, 153, 153
L 3309, -2707, 0, 3335, -2724, 0, 153, 153, 153
L 3335, -2724, 0, 3355, -2766, 0, 153, 153, 153
L 3355, -2766, 0, 3366, -2791, 0, 153, 153, 153
L 3366, -2791, 0, 3375, -2810, 0, 153, 153, 153
L 3375, -2810, 0, 3391, -2847, 0, 153, 153, 153
L 3391, -2847, 0, 3409, -2884, 0, 153, 153, 153
L 3409, -2884, 0, 3453, -2981, 0, 153, 153, 153
L 3453, -2981, 0, 3456, -2987, 0, 153, 153, 153
L 3456, -2987, 0, 3476, -3032, 0, 153, 153, 153
L 3476, -3032, 0, 3480, -3039, 0, 153, 153, 153
L 3480, -3039, 0, 3495, -3085, 0, 153, 153, 153
L 3495, -3085, 0, 3493, -3112, 0, 153, 153, 153
L 3493, -3112, 0, 3492, -3149, 0, 153, 153, 153
L 3492, -3149, 0, 3491, -3165, 0, 153, 153, 153
L 3491, -3165, 0, 3485, -3174, 0, 153, 153, 153
L 3485, -3174, 0, 3487, -3244, 0, 153, 153, 153
L 3487, -3244, 0, 3457, -3291, 0, 153, 153, 153
L 3457, -3291, 0, 3483, -3332, 0, 153, 153, 153
L 3483, -3332, 0, 3482, -3355, 0, 153, 153, 153
L 3482, -3355, 0, 3467, -3378, 0, 153, 153, 153
L 3467, -3378, 0, 3445, -3410, 0, 153, 153, 153
L 3445, -3410, 0, 3443, -3412, 0, 153, 153, 153
L 3443, -3412, 0, 3398, -3463, 0, 153, 153, 153
L 3398, -3463, 0, 3385, -3477, 0, 153, 153, 153
L 3385, -3477, 0, 3302, -3570, 0, 153, 153, 153
L 3302, -3570, 0, 3270, -3600, 0, 153, 153, 153
L 3270, -3600, 0, 3258, -3607, 0, 153, 153, 153
L 3258, -3607, 0, 3224, -3617, 0, 153, 153, 153
L 3224, -3617, 0, 3193, -3616, 0, 153, 153, 153
L 3193, -3616, 0, 3168, -3609, 0, 153, 153, 153
L 3168, -3609, 0, 3166, -3605, 0, 153, 153, 153
L 3166, -3605, 0, 3165, -3594, 0, 153, 153, 153
L 3165, -3594, 0, 3168, -3573, 0, 153, 153, 153
L 3168, -3573, 0, 3174, -3560, 0, 153, 153, 153
L 3174, -3560, 0, 3186, -3537, 0, 153, 153, 153
L 3186, -3537, 0, 3201, -3497, 0, 153, 153, 153
L 3201, -3497, 0, 3223, -3453, 0, 153, 153, 153
L 3223, -3453, 0, 3232, -3431, 0, 153, 153, 153
L 3232, -3431, 0, 3237, -3413, 0, 153, 153, 153
L 3237, -3413, 0, 3241, -3400, 0, 153, 153, 153
L 3241, -3400, 0, 3261, -3363, 0, 153, 153, 153
L 3261, -3363, 0, 3272, -3351, 0, 153, 153, 153
L 3272, -3351, 0, 3299, -3304, 0, 153, 153, 153
L 3299, -3304, 0, 3301, -3294, 0, 153, 153, 153
L 3301, -3294, 0, 3307, -3251, 0, 153, 153, 153
L 3307, -3251, 0, 3307, -3247, 0, 153, 153, 153
L 3307, -3247, 0, 3294, -3203, 0, 153, 153, 153
L 3294, -3203, 0, 3294, -3163, 0, 153, 153, 153
L 3294, -3163, 0, 3291, -3123, 0, 153, 153, 153
L 3291, -3123, 0, 3270, -3065, 0, 153, 153, 153
L 3270, -3065, 0, 3266, -3063, 0, 153, 153, 153
L 3266, -3063, 0, 3234, -3040, 0, 153, 153, 153
L 3234, -3040, 0, 3222, -3020, 0, 153, 153, 153
L 3222, -3020, 0, 3211, -2994, 0, 153, 153, 153
L 3211, -2994, 0, 3198, -2967, 0, 153, 153, 153
L 3198, -2967, 0, 3189, -2959, 0, 153, 153, 153
L 3189, -2959, 0, 3183, -2956, 0, 153, 153, 153
L 3183, -2956, 0, 3150, -2932, 0, 153, 153, 153
L 3150, -2932, 0, 3137, -2911, 0, 153, 153, 153
L 3137, -2911, 0, 3098, -2851, 0, 153, 153, 153
L 3098, -2851, 0, 3072, -2851, 0, 153, 153, 153
L 3072, -2851, 0, 3031, -2852, 0, 153, 153, 153
L 3031, -2852, 0, 2975, -2840, 0, 153, 153, 153
L 2975, -2840, 0, 2964, -2833, 0, 153, 153, 153
L 2964, -2833, 0, 2941, -2821, 0, 153, 153, 153
L 2941, -2821, 0, 2904, -2817, 0, 153, 153, 153
L 2904, -2817, 0, 2877, -2818, 0, 153, 153, 153
L 2877, -2818, 0, 2867, -2819, 0, 153, 153, 153
L 2867, -2819, 0, 2827, -2829, 0, 153, 153, 153
L 2827, -2829, 0, 2785, -2841, 0, 153, 153, 153
L 2785, -2841, 0, 2760, -2865, 0, 153, 153, 153
L 2760, -2865, 0, 2668, -2893, 0, 153, 153, 153
L 2668, -2893, 0, 2667, -2893, 0, 153, 153, 153
L 2667, -2893, 0, 2639, -2901, 0, 153, 153, 153
L 2639, -2901, 0, 2634, -2903, 0, 153, 153, 153
L 2634, -2903, 0, 2624, -2906, 0, 153, 153, 153
L 2624, -2906, 0, 2598, -2932, 0, 153, 153, 153
L 2598, -2932, 0, 2568, -2966, 0, 153, 153, 153
L 2568, -2966, 0, 2528, -3014, 0, 153, 153, 153
L 2528, -3014, 0, 2520, -3023, 0, 153, 153, 153
L 2520, -3023, 0, 2504, -3042, 0, 153, 153, 153
L 2504, -3042, 0, 2489, -3059, 0, 153, 153, 153
L 2489, -3059, 0, 2481, -3082, 0, 153, 153, 153
L 2481, -3082, 0, 2473, -3103, 0, 153, 153, 153
L 2473, -3103, 0, 2475, -3120, 0, 153, 153, 153
L 2475, -3120, 0, 2467, -3174, 0, 153, 153, 153
L 2467, -3174, 0, 2466, -3187, 0, 153, 153, 153
L 2466, -3187, 0, 2452, -3274, 0, 153, 153, 153
L 2452, -3274, 0, 2447, -3313, 0, 153, 153, 153
L 2447, -3313, 0, 2436, -3347, 0, 153, 153, 153
L 2436, -3347, 0, 2426, -3382, 0, 153, 153, 153
L 2426, -3382, 0, 2393, -3482, 0, 153, 153, 153
L 2393, -3482, 0, 2381, -3516, 0, 153, 153, 153
L 2381, -3516, 0, 2368, -3548, 0, 153, 153, 153
L 2368, -3548, 0, 2368, -3549, 0, 153, 153, 153
L 2368, -3549, 0, 2357, -3576, 0, 153, 153, 153
L 2357, -3576, 0, 2341, -3608, 0, 153, 153, 153
L 2341, -3608, 0, 2337, -3617, 0, 153, 153, 153
L 2337, -3617, 0, 2336, -3618, 0, 153, 153, 153
L 2336, -3618, 0, 2314, -3655, 0, 153, 153, 153
L 2314, -3655, 0, 2300, -3673, 0, 153, 153, 153
L 2300, -3673, 0, 2294, -3680, 0, 153, 153, 153
L 2294, -3680, 0, 2272, -3702, 0, 153, 153, 153
L 2272, -3702, 0, 2255, -3717, 0, 153, 153, 153
L 2255, -3717, 0, 2232, -3732, 0, 153, 153, 153
L 2232, -3732, 0, 2230, -3733, 0, 153, 153, 153
L 2230, -3733, 0, 2207, -3746, 0, 153, 153, 153
L 2207, -3746, 0, 2205, -3747, 0, 153, 153, 153
L 2205, -3747, 0, 2188, -3754, 0, 153, 153, 153
L 2188, -3754, 0, 2179, -3758, 0, 153, 153, 153
L 2179, -3758, 0, 2162, -3765, 0, 153, 153, 153
L 2162, -3765, 0, 2138, -3773, 0, 153, 153, 153
L 2138, -3773, 0, 2105, -3783, 0, 153, 153, 153
L 2105, -3783, 0, 2066, -3800, 0, 153, 153, 153
L 2066, -3800, 0, 2049, -3807, 0, 153, 153, 153
L 2049, -3807, 0, 2016, -3822, 0, 153, 153, 153
L 2016, -3822, 0, 1982, -3836, 0, 153, 153, 153
L 1982, -3836, 0, 1970, -3842, 0, 153, 153, 153
L 1970, -3842, 0, 1962, -3845, 0, 153, 153, 153
L 1962, -3845, 0, 1903, -3871, 0, 153, 153, 153
L 1903, -3871, 0, 1878, -3883, 0, 153, 153, 153
L 1878, -3883, 0, 1840, -3899, 0, 153, 153, 153
L 1840, -3899, 0, 1839, -3900, 0, 153, 153, 153
L 1839, -3900, 0, 1828, -3904, 0, 153, 153, 153
L 1828, -3904, 0, 1730, -3947, 0, 153, 153, 153
L 1730, -3947, 0, 1712, -3959, 0, 153, 153, 153
L 1712, -3959, 0, 1710, -3961, 0, 153, 153, 153
L 1710, -3961, 0, 1659, -3997, 0, 153, 153, 153
L 1659, -3997, 0, 1646, -4007, 0, 153, 153, 153
L 1646, -4007, 0, 1618, -4027, 0, 153, 153, 153
L 1618, -4027, 0, 1598, -4042, 0, 153, 153, 153
L 1598, -4042, 0, 1566, -4065, 0, 153, 153, 153
L 1566, -4065, 0, 1554, -4074, 0, 153, 153, 153
L 1554, -4074, 0, 1494, -4117, 0, 153, 153, 153
L 1494, -4117, 0, 1484, -4125, 0, 153, 153, 153
L 1484, -4125, 0, 1464, -4139, 0, 153, 153, 153
L 1464, -4139, 0, 1441, -4156, 0, 153, 153, 153
L 1441, -4156, 0, 1415, -4164, 0, 153, 153, 153
L 1415, -4164, 0, 1337, -4182, 0, 153, 153, 153
L 1337, -4182, 0, 1296, -4192, 0, 153, 153, 153
L 1296, -4192, 0, 1225, -4204, 0, 153, 153, 153
L 1225, -4204, 0, 1194, -4213, 0, 153, 153, 153
L 1194, -4213, 0, 1169, -4216, 0, 153, 153, 153
L 1169, -4216, 0, 1146, -4212, 0, 153, 153, 153
L 1146, -4212, 0, 1095, -4201, 0, 153, 153, 153
L 1095, -4201, 0, 1083, -4199, 0, 153, 153, 153
L 1083, -4199, 0, 1051, -4192, 0, 153, 153, 153
L 1051, -4192, 0, 1003, -4183, 0, 153, 153, 153
L 1003, -4183, 0, 917, -4165, 0, 153, 153, 153
L 917, -4165, 0, 910, -4164, 0, 153, 153, 153
L 910, -4164, 0, 767, -4135, 0, 153, 153, 153
L 767, -4135, 0, 745, -4130, 0, 153, 153, 153
L 745, -4130, 0, 707, -4117, 0, 153, 153, 153
L 707, -4117, 0, 631, -4085, 0, 153, 153, 153
L 631, -4085, 0, 613, -4078, 0, 153, 153, 153
L 613, -4078, 0, 591, -4068, 0, 153, 153, 153
L 591, -4068, 0, 554, -4053, 0, 153, 153, 153
L 554, -4053, 0, 534, -4044, 0, 153, 153, 153
L 534, -4044, 0, 527, -4038, 0, 153, 153, 153
L 527, -4038, 0, 512, -4019, 0, 153, 153, 153
L 512, -4019, 0, 447, -3982, 0, 153, 153, 153
L 447, -3982, 0, 447, -3977, 0, 153, 153, 153
L 447, -3977, 0, 431, -3860, 0, 153, 153, 153
L 431, -3860, 0, 423, -3791, 0, 153, 153, 153
L 423, -3791, 0, 419, -3763, 0, 153, 153, 153
L 419, -3763, 0, 415, -3729, 0, 153, 153, 153
L 415, -3729, 0, 413, -3721, 0, 153, 153, 153
L 413, -3721, 0, 410, -3692, 0, 153, 153, 153
L 410, -3692, 0, 409, -3691, 0, 153, 153, 153
L 409, -3691, 0, 403, -3642, 0, 153, 153, 153
L 403, -3642, 0, 403, -3639, 0, 153, 153, 153
L 403, -3639, 0, 399, -3613, 0, 153, 153, 153
L 399, -3613, 0, 397, -3592, 0, 153, 153, 153
L 397, -3592, 0, 394, -3570, 0, 153, 153, 153
L 394, -3570, 0, 389, -3528, 0, 153, 153, 153
L 389, -3528, 0, 387, -3518, 0, 153, 153, 153
L 387, -3518, 0, 385, -3494, 0, 153, 153, 153
L 385, -3494, 0, 385, -3447, 0, 153, 153, 153
L 385, -3447, 0, 380, -3426, 0, 153, 153, 153
L 380, -3426, 0, 369, -3372, 0, 153, 153, 153
L 369, -3372, 0, 365, -3345, 0, 153, 153, 153
L 365, -3345, 0, 367, -3296, 0, 153, 153, 153
L 367, -3296, 0, 359, -3279, 0, 153, 153, 153
L 359, -3279, 0, 351, -3239, 0, 153, 153, 153
L 351, -3239, 0, 347, -3206, 0, 153, 153, 153
L 347, -3206, 0, 346, -3176, 0, 153, 153, 153
L 346, -3176, 0, 337, -3052, 0, 153, 153, 153
L 337, -3052, 0, 347, -3014, 0, 153, 153, 153
L 347, -3014, 0, 349, -2990, 0, 153, 153, 153
L 349, -2990, 0, 332, -2935, 0, 153, 153, 153
L 332, -2935, 0, 332, -2739, 0, 153, 153, 153
L 332, -2739, 0, 325, -2730, 0, 153, 153, 153
L 325, -2730, 0, 313, -2685, 0, 153, 153, 153
L 313, -2685, 0, 309, -2665, 0, 153, 153, 153
L 309, -2665, 0, 305, -2652, 0, 153, 153, 153
L 305, -2652, 0, 303, -2639, 0, 153, 153, 153
L 303, -2639, 0, 308, -2615, 0, 153, 153, 153
L 308, -2615, 0, 308, -2604, 0, 153, 153, 153
L 308, -2604, 0, 299, -2580, 0, 153, 153, 153
L 299, -2580, 0, 285, -2545, 0, 153, 153, 153
L 285, -2545, 0, 274, -2506, 0, 153, 153, 153
L 274, -2506, 0, 267, -2484, 0, 153, 153, 153
L 267, -2484, 0, 265, -2474, 0, 153, 153, 153
L 265, -2474, 0, 246, -2404, 0, 153, 153, 153
L 246, -2404, 0, 243, -2392, 0, 153, 153, 153
L 243, -2392, 0, 234, -2337, 0, 153, 153, 153
L 234, -2337, 0, 230, -2316, 0, 153, 153, 153
L 230, -2316, 0, 223, -2270, 0, 153, 153, 153
L 223, -2270, 0, 217, -2238, 0, 153, 153, 153
L 217, -2238, 0, 213, -2209, 0, 153, 153, 153
L 213, -2209, 0, 212, -2192, 0, 153, 153, 153
L 212, -2192, 0, 213, -2152, 0, 153, 153, 153
L 213, -2152, 0, 213, -2133, 0, 153, 153, 153
L 213, -2133, 0, 212, -2120, 0, 153, 153, 153
L 212, -2120, 0, 199, -2056, 0, 153, 153, 153
L 199, -2056, 0, 200, -2017, 0, 153, 153, 153
L 200, -2017, 0, 200, -1980, 0, 153, 153, 153
L 200, -1980, 0, 201, -1941, 0, 153, 153, 153
L 201, -1941, 0, 201, -1903, 0, 153, 153, 153
L 201, -1903, 0, 204, -1827, 0, 153, 153, 153
L 204, -1827, 0, 209, -1820, 0, 153, 153, 153
L 209, -1820, 0, 226, -1794, 0, 153, 153, 153
L 226, -1794, 0, 236, -1781, 0, 153, 153, 153
L 236, -1781, 0, 272, -1728, 0, 153, 153, 153
L 272, -1728, 0, 283, -1713, 0, 153, 153, 153
L 283, -1713, 0, 334, -1639, 0, 153, 153, 153
L 334, -1639, 0, 348, -1620, 0, 153, 153, 153
L 348, -1620, 0, 357, -1621, 0, 153, 153, 153
L 357, -1621, 0, 393, -1614, 0, 153, 153, 153
L 393, -1614, 0, 410, -1608, 0, 153, 153, 153
L 410, -1608, 0, 428, -1601, 0, 153, 153, 153
L 428, -1601, 0, 472, -1582, 0, 153, 153, 153
L 472, -1582, 0, 493, -1518, 0, 153, 153, 153
L 493, -1518, 0, 551, -1487, 0, 153, 153, 153
L 551, -1487, 0, 620, -1448, 0, 153, 153, 153
L 620, -1448, 0, 630, -1442, 0, 153, 153, 153
L 630, -1442, 0, 696, -1406, 0, 153, 153, 153
L 696, -1406, 0, 717, -1394, 0, 153, 153, 153
L 717, -1394, 0, 804, -1350, 0, 153, 153, 153
L 804, -1350, 0, 875, -1307, 0, 153, 153, 153
L 875, -1307, 0, 879, -1304, 0, 153, 153, 153
L 879, -1304, 0, 893, -1297, 0, 153, 153, 153
L 893, -1297, 0, 916, -1284, 0, 153, 153, 153
L 916, -1284, 0, 993, -1353, 0, 153, 153, 153
L 993, -1353, 0, 1014, -1409, 0, 153, 153, 153
L 1014, -1409, 0, 1040, -1410, 0, 153, 153, 153
L 1040, -1410, 0, 1051, -1423, 0, 153, 153, 153
L 1051, -1423, 0, 1066, -1443, 0, 153, 153, 153
L 1066, -1443, 0, 1073, -1450, 0, 153, 153, 153
L 1073, -1450, 0, 1091, -1472, 0, 153, 153, 153
L 1091, -1472, 0, 1107, -1489, 0, 153, 153, 153
L 1107, -1489, 0, 1127, -1497, 0, 153, 153, 153
L 1127, -1497, 0, 1148, -1507, 0, 153, 153, 153
L 1148, -1507, 0, 1176, -1509, 0, 153, 153, 153
L 1176, -1509, 0, 1194, -1497, 0, 153, 153, 153
L 1194, -1497, 0, 1226, -1478, 0, 153, 153, 153
L 1226, -1478, 0, 1265, -1476, 0, 153, 153, 153
L 1265, -1476, 0, 1336, -1471, 0, 153, 153, 153
L 1336, -1471, 0, 1377, -1469, 0, 153, 153, 153
L 1377, -1469, 0, 1408, -1466, 0, 153, 153, 153
L 1408, -1466, 0, 1430, -1463, 0, 153, 153, 153
L 1430, -1463, 0, 1434, -1463, 0, 153, 153, 153
L 1434, -1463, 0, 1448, -1462, 0, 153, 153, 153
L 1448, -1462, 0, 1455, -1461, 0, 153, 153, 153
L 1455, -1461, 0, 1535, -1453, 0, 153, 153, 153
L 1535, -1453, 0, 1561, -1451, 0, 153, 153, 153
L 1561, -1451, 0, 1604, -1455, 0, 153, 153, 153
L 1604, -1455, 0, 1633, -1462, 0, 153, 153, 153
L 1633, -1462, 0, 1647, -1465, 0, 153, 153, 153
L 1647, -1465, 0, 1659, -1468, 0, 153, 153, 153
L 1659, -1468, 0, 1746, -1520, 0, 153, 153, 153
L 1746, -1520, 0, 1767, -1520, 0, 153, 153, 153
L 1767, -1520, 0, 1784, -1533, 0, 153, 153, 153
L 1784, -1533, 0, 1790, -1543, 0, 153, 153, 153
L 1790, -1543, 0, 1789, -1563, 0, 153, 153, 153
L 1789, -1563, 0, 1792, -1591, 0, 153, 153, 153
L 1792, -1591, 0, 1838, -1678, 0, 153, 153, 153
L 1838, -1678, 0, 1881, -1714, 0, 153, 153, 153
L 1881, -1714, 0, 1897, -1703, 0, 153, 153, 153
L 1897, -1703, 0, 1878, -1774, 0, 153, 153, 153
L 1878, -1774, 0, 1862, -1805, 0, 153, 153, 153
L 1862, -1805, 0, 1793, -1912, 0, 153, 153, 153
L 1793, -1912, 0, 1789, -1917, 0, 153, 153, 153
L 1789, -1917, 0, 1783, -1926, 0, 153, 153, 153
L 1784, -1924, 0, 1777, -1934, 0, 153, 153, 153
L 1777, -1934, 0, 1772, -1952, 0, 153, 153, 153
L 1772, -1952, 0, 1766, -1985, 0, 153, 153, 153
L 1766, -1985, 0, 1821, -2030, 0, 153, 153, 153
L 1821, -2030, 0, 1969, -2022, 0, 153, 153, 153
L 1969, -2022, 0, 1991, -2022, 0, 153, 153, 153
L 1991, -2022, 0, 2022, -2002, 0, 153, 153, 153
L 2022, -2002, 0, 2037, -1995, 0, 153, 153, 153
L 2037, -1995, 0, 2053, -1991, 0, 153, 153, 153
L 2053, -1991, 0, 2077, -1975, 0, 153, 153, 153
L 2077, -1975, 0, 2107, -1953, 0, 153, 153, 153
L 2107, -1953, 0, 2140, -1930, 0, 153, 153, 153
L 2140, -1930, 0, 2158, -1916, 0, 153, 153, 153
L 2158, -1916, 0, 2218, -1873, 0, 153, 153, 153
L 2218, -1873, 0, 2237, -1848, 0, 153, 153, 153
L 2237, -1848, 0, 2238, -1794, 0, 153, 153, 153
L 2238, -1794, 0, 2241, -1782, 0, 153, 153, 153
L 2241, -1782, 0, 2252, -1731, 0, 153, 153, 153
L 2252, -1731, 0, 2262, -1679, 0, 153, 153, 153
L 2262, -1679, 0, 2263, -1676, 0, 153, 153, 153
L 2263, -1676, 0, 2265, -1643, 0, 153, 153, 153
L 2265, -1643, 0, 2267, -1620, 0, 153, 153, 153
L 2267, -1620, 0, 2272, -1584, 0, 153, 153, 153
L 2272, -1584, 0, 2272, -1578, 0, 153, 153, 153
L 2272, -1578, 0, 2274, -1554, 0, 153, 153, 153
L 2274, -1554, 0, 2274, -1457, 0, 153, 153, 153
L 2274, -1457, 0, 2271, -1392, 0, 153, 153, 153
L 2271, -1392, 0, 2261, -1353, 0, 153, 153, 153
L 2261, -1353, 0, 2248, -1334, 0, 153, 153, 153
L 2248, -1334, 0, 2244, -1320, 0, 153, 153, 153
L 2244, -1320, 0, 2223, -1278, 0, 153, 153, 153
L 2223, -1278, 0, 2205, -1231, 0, 153, 153, 153
L 2205, -1231, 0, 2194, -1222, 0, 153, 153, 153
L 2194, -1222, 0, 2174, -1195, 0, 153, 153, 153
L 2174, -1195, 0, 2156, -1164, 0, 153, 153, 153
L 2156, -1164, 0, 2125, -1154, 0, 153, 153, 153
L 2125, -1154, 0, 2097, -1149, 0, 153, 153, 153
L 2097, -1149, 0, 2086, -1148, 0, 153, 153, 153
L 2086, -1148, 0, 2052, -1140, 0, 153, 153, 153
L 2052, -1140, 0, 2014, -1132, 0, 153, 153, 153
L 2014, -1132, 0, 1999, -1128, 0, 153, 153, 153
L 1999, -1128, 0, 1967, -1121, 0, 153, 153, 153
L 1967, -1121, 0, 1888, -1064, 0, 153, 153, 153
L 1888, -1064, 0, 1863, -1047, 0, 153, 153, 153
L 1863, -1047, 0, 1826, -1041, 0, 153, 153, 153
L 1826, -1041, 0, 1621, -1015, 0, 153, 153, 153
L 1732, -1029, 0, 1732, -1029, 0, 153, 153, 153
L 1621, -1015, 0, 1588, -1026, 0, 153, 153, 153
L 1588, -1026, 0, 1493, -1043, 0, 153, 153, 153
L 1493, -1043, 0, 1480, -1045, 0, 153, 153, 153
L 1480, -1045, 0, 1428, -1086, 0, 153, 153, 153
L 1428, -1086, 0, 1397, -1112, 0, 153, 153, 153
L 1397, -1112, 0, 1262, -1194, 0, 153, 153, 153
L 1262, -1194, 0, 1216, -1240, 0, 153, 153, 153
L 1216, -1240, 0, 1193, -1254, 0, 153, 153, 153
L 1193, -1254, 0, 1138, -1271, 0, 153, 153, 153
L 1138, -1271, 0, 1123, -1266, 0, 153, 153, 153
L 1123, -1266, 0, 1118, -1265, 0, 153, 153, 153
L 1118, -1265, 0, 1093, -1256, 0, 153, 153, 153
L 1093, -1256, 0, 1054, -1243, 0, 153, 153, 153
L 1054, -1243, 0, 1044, -1240, 0, 153, 153, 153
L 1044, -1240, 0, 1024, -1233, 0, 153, 153, 153
L 1024, -1233, 0, 987, -1219, 0, 153, 153, 153
L 987, -1219, 0, 862, -1156, 0, 153, 153, 153
L 898, -1174, 0, 898, -1174, 0, 153, 153, 153
L 862, -1156, 0, 825, -1127, 0, 153, 153, 153
L 825, -1127, 0, 798, -1118, 0, 153, 153, 153
L 798, -1118, 0, 768, -1118, 0, 153, 153, 153
L 768, -1118, 0, 733, -1119, 0, 153, 153, 153
L 733, -1119, 0, 658, -1106, 0, 153, 153, 153
L 658, -1106, 0, 578, -1118, 0, 153, 153, 153
L 578, -1118, 0, 498, -1124, 0, 153, 153, 153
L 498, -1124, 0, 466, -1136, 0, 153, 153, 153
L 466, -1136, 0, 426, -1142, 0, 153, 153, 153
L 426, -1142, 0, 409, -1145, 0, 153, 153, 153
L 409, -1145, 0, 389, -1148, 0, 153, 153, 153
L 389, -1148, 0, 344, -1161, 0, 153, 153, 153
L 344, -1161, 0, 317, -1185, 0, 153, 153, 153
L 317, -1185, 0, 273, -1212, 0, 153, 153, 153
L 273, -1212, 0, 252, -1226, 0, 153, 153, 153
L 252, -1226, 0, 106, -1317, 0, 153, 153, 153
L 154, -1287, 0, 154, -1287, 0, 153, 153, 153
L 106, -1317, 0, 97, -1323, 0, 153, 153, 153
L 97, -1323, 0, 83, -1331, 0, 153, 153, 153
L 83, -1331, 0, 49, -1353, 0, 153, 153, 153
L 49, -1353, 0, 6, -1384, 0, 153, 153, 153
L 6, -1384, 0, -6, -1406, 0, 153, 153, 153
L -6, -1406, 0, -12, -1435, 0, 153, 153, 153
L -12, -1435, 0, -20, -1460, 0, 153, 153, 153
L -20, -1460, 0, -67, -1573, 0, 153, 153, 153
L -67, -1573, 0, -81, -1608, 0, 153, 153, 153
L -81, -1608, 0, -85, -1619, 0, 153, 153, 153
L -85, -1619, 0, -102, -1659, 0, 153, 153, 153
L -102, -1659, 0, -104, -1665, 0, 153, 153, 153
L -104, -1665, 0, -108, -1675, 0, 153, 153, 153
L -108, -1675, 0, -117, -1696, 0, 153, 153, 153
L -117, -1696, 0, -119, -1732, 0, 153, 153, 153
L -119, -1732, 0, -115, -1812, 0, 153, 153, 153
L -115, -1812, 0, -114, -1851, 0, 153, 153, 153
L -114, -1851, 0, -108, -1971, 0, 153, 153, 153
L -108, -1971, 0, -107, -2011, 0, 153, 153, 153
L -107, -2011, 0, -104, -2052, 0, 153, 153, 153
L -104, -2052, 0, -68, -2154, 0, 153, 153, 153
L -68, -2154, 0, -61, -2176, 0, 153, 153, 153
L -61, -2176, 0, -35, -2249, 0, 153, 153, 153
L -35, -2249, 0, 1, -2355, 0, 153, 153, 153
L 1, -2355, 0, 9, -2381, 0, 153, 153, 153
L 9, -2381, 0, 22, -2419, 0, 153, 153, 153
L 22, -2419, 0, 30, -2456, 0, 153, 153, 153
L 30, -2456, 0, 60, -2727, 0, 153, 153, 153
L 60, -2727, 0, 67, -2781, 0, 153, 153, 153
L 67, -2781, 0, 70, -2817, 0, 153, 153, 153
L 70, -2817, 0, 78, -2890, 0, 153, 153, 153
L 78, -2890, 0, 83, -2928, 0, 153, 153, 153
L 83, -2928, 0, 101, -3092, 0, 153, 153, 153
L 101, -3092, 0, 96, -3112, 0, 153, 153, 153
L 96, -3112, 0, 76, -3144, 0, 153, 153, 153
L 76, -3144, 0, 69, -3154, 0, 153, 153, 153
L 69, -3154, 0, 55, -3175, 0, 153, 153, 153
L 55, -3175, 0, 8, -3248, 0, 153, 153, 153
L 21, -3228, 0, 21, -3228, 0, 153, 153, 153
L 8, -3248, 0, -16, -3287, 0, 153, 153, 153
L -16, -3287, 0, -45, -3314, 0, 153, 153, 153
L -45, -3314, 0, -56, -3348, 0, 153, 153, 153
L -56, -3348, 0, -64, -3371, 0, 153, 153, 153
L -64, -3371, 0, -70, -3396, 0, 153, 153, 153
L -70, -3396, 0, -77, -3421, 0, 153, 153, 153
L -77, -3421, 0, -99, -3467, 0, 153, 153, 153
L -99, -3467, 0, -100, -3470, 0, 153, 153, 153
L -100, -3470, 0, -103, -3499, 0, 153, 153, 153
L -103, -3499, 0, -100, -3523, 0, 153, 153, 153
L -100, -3523, 0, -107, -3562, 0, 153, 153, 153
L -107, -3562, 0, -115, -3598, 0, 153, 153, 153
L -115, -3598, 0, -134, -3677, 0, 153, 153, 153
L -134, -3677, 0, -130, -3709, 0, 153, 153, 153
L -130, -3709, 0, -112, -3752, 0, 153, 153, 153
L -112, -3752, 0, -104, -3823, 0, 153, 153, 153
L -104, -3823, 0, -79, -3840, 0, 153, 153, 153
L -79, -3840, 0, -58, -3853, 0, 153, 153, 153
L -58, -3853, 0, -31, -3895, 0, 153, 153, 153
L -31, -3895, 0, -25, -3917, 0, 153, 153, 153
L -25, -3917, 0, -20, -3930, 0, 153, 153, 153
L -20, -3930, 0, 27, -4011, 0, 153, 153, 153
L 27, -4011, 0, 36, -4078, 0, 153, 153, 153
L 36, -4078, 0, 57, -4114, 0, 153, 153, 153
L 57, -4114, 0, 79, -4190, 0, 153, 153, 153
L 79, -4190, 0, 88, -4228, 0, 153, 153, 153
L 88, -4228, 0, 88, -4264, 0, 153, 153, 153
L 88, -4264, 0, 87, -4300, 0, 153, 153, 153
L 87, -4300, 0, 87, -4393, 0, 153, 153, 153
L 87, -4393, 0, 88, -4419, 0, 153, 153, 153
L 88, -4419, 0, 87, -4442, 0, 153, 153, 153
L 87, -4442, 0, 87, -4573, 0, 153, 153, 153
L 87, -4573, 0, 82, -4625, 0, 153, 153, 153
L 82, -4625, 0, 80, -4642, 0, 153, 153, 153
L 80, -4642, 0, 75, -4676, 0, 153, 153, 153
L 75, -4676, 0, 72, -4708, 0, 153, 153, 153
L 72, -4708, 0, 62, -4784, 0, 153, 153, 153
L 62, -4784, 0, 59, -4814, 0, 153, 153, 153
L 59, -4814, 0, 56, -4839, 0, 153, 153, 153
L 56, -4839, 0, 32, -4871, 0, 153, 153, 153
L 32, -4871, 0, 29, -4907, 0, 153, 153, 153
L 29, -4907, 0, 25, -4947, 0, 153, 153, 153
L 25, -4947, 0, 33, -5030, 0, 153, 153, 153
L 33, -5030, 0, 26, -5075, 0, 153, 153, 153
L 26, -5075, 0, 2, -5150, 0, 153, 153, 153
L 2, -5150, 0, -4, -5173, 0, 153, 153, 153
L -4, -5173, 0, -15, -5207, 0, 153, 153, 153
L -15, -5207, 0, -26, -5243, 0, 153, 153, 153
L -26, -5243, 0, -40, -5285, 0, 153, 153, 153
L -38, -5281, 0, -54, -5330, 0, 153, 153, 153
L -54, -5330, 0, -72, -5365, 0, 153, 153, 153
L -72, -5365, 0, -96, -5394, 0, 153, 153, 153
L -96, -5394, 0, -120, -5424, 0, 153, 153, 153
L -120, -5424, 0, -143, -5454, 0, 153, 153, 153
L -143, -5454, 0, -175, -5493, 0, 153, 153, 153
L -175, -5493, 0, -213, -5541, 0, 153, 153, 153
L -213, -5541, 0, -236, -5569, 0, 153, 153, 153
L -236, -5569, 0, -311, -5663, 0, 153, 153, 153
L -311, -5663, 0, -350, -5700, 0, 153, 153, 153
L -350, -5700, 0, -381, -5725, 0, 153, 153, 153
L -381, -5725, 0, -407, -5751, 0, 153, 153, 153
L -407, -5751, 0, -426, -5773, 0, 153, 153, 153
L -426, -5773, 0, -461, -5817, 0, 153, 153, 153
L -461, -5817, 0, -478, -5840, 0, 153, 153, 153
L -478, -5840, 0, -521, -5893, 0, 153, 153, 153
L -521, -5893, 0, -527, -5899, 0, 153, 153, 153
L -527, -5899, 0, -571, -5939, 0, 153, 153, 153
L -571, -5939, 0, -700, -6060, 0, 153, 153, 153
L -700, -6060, 0, -729, -6086, 0, 153, 153, 153
L -729, -6086, 0, -761, -6117, 0, 153, 153, 153
L -761, -6117, 0, -792, -6146, 0, 153, 153, 153
L -792, -6146, 0, -823, -6174, 0, 153, 153, 153
L -823, -6174, 0, -872, -6201, 0, 153, 153, 153
L -872, -6201, 0, -910, -6218, 0, 153, 153, 153
L -910, -6218, 0, -938, -6240, 0, 153, 153, 153
L -938, -6240, 0, -952, -6250, 0, 153, 153, 153
L -952, -6250, 0, -985, -6275, 0, 153, 153, 153
L -985, -6275, 0, -1124, -6398, 0, 153, 153, 153
L -1124, -6398, 0, -1125, -6400, 0, 153, 153, 153
L -1125, -6400, 0, -1157, -6429, 0, 153, 153, 153
L -1157, -6429, 0, -1189, -6453, 0, 153, 153, 153
L -1189, -6453, 0, -1218, -6466, 0, 153, 153, 153
L -1218, -6466, 0, -1423, -6491, 0, 153, 153, 153
L -1423, -6491, 0, -1461, -6495, 0, 153, 153, 153
L -1461, -6495, 0, -1538, -6505, 0, 153, 153, 153
L -1538, -6505, 0, -1585, -6510, 0, 153, 153, 153
L -1585, -6510, 0, -1606, -6513, 0, 153, 153, 153
L -1606, -6513, 0, -1653, -6518, 0, 153, 153, 153
L -1653, -6518, 0, -1672, -6521, 0, 153, 153, 153
L -1672, -6521, 0, -1730, -6528, 0, 153, 153, 153
L -1730, -6528, 0, -1735, -6528, 0, 153, 153, 153
L -1735, -6528, 0, -1761, -6531, 0, 153, 153, 153
L -1761, -6531, 0, -1789, -6535, 0, 153, 153, 153
L -1789, -6535, 0, -1829, -6538, 0, 153, 153, 153
L -1829, -6538, 0, -2141, -6538, 0, 153, 153, 153
L -2141, -6538, 0, -2213, -6530, 0, 153, 153, 153
L -2213, -6530, 0, -2272, -6522, 0, 153, 153, 153
L -2272, -6522, 0, -2305, -6517, 0, 153, 153, 153
L -2305, -6517, 0, -2423, -6501, 0, 153, 153, 153
L -2423, -6501, 0, -2483, -6471, 0, 153, 153, 153
L -2483, -6471, 0, -2484, -6447, 0, 153, 153, 153
L -2484, -6447, 0, -2490, -6223, 0, 153, 153, 153
L -2490, -6223, 0, -2490, -6189, 0, 153, 153, 153
L -2490, -6189, 0, -2496, -5985, 0, 153, 153, 153
L -2496, -5985, 0, -2499, -5951, 0, 153, 153, 153
L -2499, -5951, 0, -2507, -5879, 0, 153, 153, 153
L -2507, -5879, 0, -2510, -5844, 0, 153, 153, 153
L -2510, -5844, 0, -2518, -5774, 0, 153, 153, 153
L -2518, -5774, 0, -2521, -5738, 0, 153, 153, 153
L -2521, -5738, 0, -2529, -5667, 0, 153, 153, 153
L -2529, -5667, 0, -2532, -5631, 0, 153, 153, 153
L -2532, -5631, 0, -2544, -5524, 0, 153, 153, 153
L -2544, -5524, 0, -2546, -5490, 0, 153, 153, 153
L -2546, -5490, 0, -2548, -5421, 0, 153, 153, 153
L -2548, -5421, 0, -2550, -5386, 0, 153, 153, 153
L -2550, -5386, 0, -2552, -5316, 0, 153, 153, 153
L -2552, -5316, 0, -2554, -5281, 0, 153, 153, 153
L -2554, -5281, 0, -2556, -5213, 0, 153, 153, 153
L -2556, -5213, 0, -2558, -5179, 0, 153, 153, 153
L -2558, -5179, 0, -2560, -5110, 0, 153, 153, 153
L -2560, -5110, 0, -2562, -5075, 0, 153, 153, 153
L -2562, -5075, 0, -2563, -5041, 0, 153, 153, 153
L -2563, -5041, 0, -2561, -5010, 0, 153, 153, 153
L -2561, -5010, 0, -2515, -4674, 0, 153, 153, 153
L -2528, -4771, 0, -2528, -4771, 0, 153, 153, 153
L -2515, -4674, 0, -2485, -4274, 0, 153, 153, 153
L -2485, -4274, 0, -2476, -4244, 0, 153, 153, 153
L -2476, -4244, 0, -2418, -4211, 0, 153, 153, 153
L -2418, -4211, 0, -2352, -4185, 0, 153, 153, 153
L -2352, -4185, 0, -2348, -4184, 0, 153, 153, 153
L -2348, -4184, 0, -2323, -4183, 0, 153, 153, 153
L -2323, -4183, 0, -2166, -4171, 0, 153, 153, 153
L -2166, -4171, 0, -2143, -4170, 0, 153, 153, 153
L -2143, -4170, 0, -2055, -4163, 0, 153, 153, 153
L -2055, -4163, 0, -2025, -4177, 0, 153, 153, 153
L -2025, -4177, 0, -1984, -4197, 0, 153, 153, 153
L -1984, -4197, 0, -1975, -4202, 0, 153, 153, 153
L -1975, -4202, 0, -1950, -4214, 0, 153, 153, 153
L -1950, -4214, 0, -1886, -4247, 0, 153, 153, 153
L -1886, -4247, 0, -1836, -4271, 0, 153, 153, 153
L -1836, -4271, 0, -1820, -4280, 0, 153, 153, 153
L -1820, -4280, 0, -1813, -4283, 0, 153, 153, 153
L -1813, -4283, 0, -1806, -4287, 0, 153, 153, 153
L -1806, -4287, 0, -1780, -4300, 0, 153, 153, 153
L -1780, -4300, 0, -1765, -4307, 0, 153, 153, 153
L -1765, -4307, 0, -1751, -4212, 0, 153, 153, 153
L -1751, -4212, 0, -1751, -4183, 0, 153, 153, 153
L -1751, -4183, 0, -1771, -4153, 0, 153, 153, 153
L -1771, -4153, 0, -1799, -4123, 0, 153, 153, 153
L -1799, -4123, 0, -1813, -4111, 0, 153, 153, 153
L -1813, -4111, 0, -1912, -4102, 0, 153, 153, 153
L -1912, -4102, 0, -1990, -4071, 0, 153, 153, 153
L -1990, -4071, 0, -1992, -4070, 0, 153, 153, 153
L -1992, -4070, 0, -2029, -4047, 0, 153, 153, 153
L -2029, -4047, 0, -2053, -4044, 0, 153, 153, 153
L -2053, -4044, 0, -2082, -4034, 0, 153, 153, 153
L -2082, -4034, 0, -2155, -4015, 0, 153, 153, 153
L -2155, -4015, 0, -2240, -3994, 0, 153, 153, 153
L -2240, -3994, 0, -2280, -3983, 0, 153, 153, 153
L -2280, -3983, 0, -2444, -3941, 0, 153, 153, 153
L -2444, -3941, 0, -2488, -3926, 0, 153, 153, 153
L -2488, -3926, 0, -2501, -3915, 0, 153, 153, 153
L -2501, -3915, 0, -2523, -3888, 0, 153, 153, 153
L -2523, -3888, 0, -2547, -3860, 0, 153, 153, 153
L -2547, -3860, 0, -2630, -3806, 0, 153, 153, 153
L -2630, -3806, 0, -2634, -3803, 0, 153, 153, 153
L -2634, -3803, 0, -2644, -3794, 0, 153, 153, 153
L -2644, -3794, 0, -2675, -3769, 0, 153, 153, 153
L -2675, -3769, 0, -2709, -3740, 0, 153, 153, 153
L -2709, -3740, 0, -2736, -3718, 0, 153, 153, 153
L -2736, -3718, 0, -2749, -3706, 0, 153, 153, 153
L -2749, -3706, 0, -2755, -3702, 0, 153, 153, 153
L -2755, -3702, 0, -2822, -3640, 0, 153, 153, 153
L -2822, -3640, 0, -2836, -3635, 0, 153, 153, 153
L -2836, -3635, 0, -2840, -3634, 0, 153, 153, 153
L -2840, -3634, 0, -2874, -3624, 0, 153, 153, 153
L -2874, -3624, 0, -2912, -3610, 0, 153, 153, 153
L -2928, -3595, 0, -2907, -3613, 0, 153, 153, 153
L -2907, -3613, 0, -2942, -3579, 0, 153, 153, 153
L -2942, -3579, 0, -2952, -3572, 0, 153, 153, 153
L -2952, -3572, 0, -2973, -3553, 0, 153, 153, 153
L -2973, -3553, 0, -2980, -3538, 0, 153, 153, 153
L -2980, -3538, 0, -2985, -3524, 0, 153, 153, 153
L -2985, -3524, 0, -2988, -3514, 0, 153, 153, 153
L -2988, -3514, 0, -2992, -3503, 0, 153, 153, 153
L -2992, -3503, 0, -2995, -3491, 0, 153, 153, 153
L -2995, -3491, 0, -2996, -3489, 0, 153, 153, 153
L -2996, -3489, 0, -3001, -3474, 0, 153, 153, 153
L -3001, -3474, 0, -3006, -3457, 0, 153, 153, 153
L -3006, -3457, 0, -3014, -3447, 0, 153, 153, 153
L -3014, -3447, 0, -3025, -3440, 0, 153, 153, 153
L -3035, -3380, 0, -3015, -3388, 0, 153, 153, 153
L -3015, -3388, 0, -2972, -3418, 0, 153, 153, 153
L -2972, -3418, 0, -2942, -3522, 0, 153, 153, 153
L -2942, -3522, 0, -2928, -3536, 0, 153, 153, 153
L -2928, -3536, 0, -2914, -3545, 0, 153, 153, 153
L -2914, -3545, 0, -2865, -3572, 0, 153, 153, 153
L -2865, -3572, 0, -2820, -3583, 0, 153, 153, 153
L -2820, -3583, 0, -2813, -3584, 0, 153, 153, 153
L -2813, -3584, 0, -2792, -3578, 0, 153, 153, 153
L -2792, -3578, 0, -2752, -3568, 0, 153, 153, 153
L -2752, -3568, 0, -2749, -3568, 0, 153, 153, 153
L -2749, -3568, 0, -2725, -3565, 0, 153, 153, 153
L -2725, -3565, 0, -2684, -3562, 0, 153, 153, 153
L -2684, -3562, 0, -2642, -3555, 0, 153, 153, 153
L -2642, -3555, 0, -2603, -3547, 0, 153, 153, 153
L -2603, -3547, 0, -2570, -3537, 0, 153, 153, 153
L -2570, -3537, 0, -2537, -3484, 0, 153, 153, 153
L -2537, -3484, 0, -2528, -3448, 0, 153, 153, 153
L -2528, -3448, 0, -2532, -3396, 0, 153, 153, 153
L -2532, -3396, 0, -2535, -3371, 0, 153, 153, 153
L -2535, -3371, 0, -2538, -3329, 0, 153, 153, 153
L -2538, -3329, 0, -2538, -3312, 0, 153, 153, 153
L -2538, -3312, 0, -2533, -3285, 0, 153, 153, 153
L -2533, -3285, 0, -2521, -3264, 0, 153, 153, 153
L -2521, -3264, 0, -2487, -3239, 0, 153, 153, 153
L -2487, -3239, 0, -2459, -3228, 0, 153, 153, 153
L -2459, -3228, 0, -2419, -3213, 0, 153, 153, 153
L -2419, -3213, 0, -2343, -3203, 0, 153, 153, 153
L -2343, -3203, 0, -2305, -3204, 0, 153, 153, 153
L -2305, -3204, 0, -2255, -3207, 0, 153, 153, 153
L -2255, -3207, 0, -2178, -3209, 0, 153, 153, 153
L -2178, -3209, 0, -2151, -3202, 0, 153, 153, 153
L -2151, -3202, 0, -2139, -3154, 0, 153, 153, 153
L -2139, -3154, 0, -2090, -3093, 0, 153, 153, 153
L -2090, -3093, 0, -2074, -3072, 0, 153, 153, 153
L -2074, -3072, 0, -2030, -3018, 0, 153, 153, 153
L -2030, -3018, 0, -2010, -2992, 0, 153, 153, 153
L -2010, -2992, 0, -1954, -2923, 0, 153, 153, 153
L -1954, -2923, 0, -1941, -2902, 0, 153, 153, 153
L -1941, -2902, 0, -1927, -2864, 0, 153, 153, 153
L -1927, -2864, 0, -1911, -2826, 0, 153, 153, 153
L -1911, -2826, 0, -1883, -2754, 0, 153, 153, 153
L -1883, -2754, 0, -1874, -2732, 0, 153, 153, 153
L -1874, -2732, 0, -1860, -2696, 0, 153, 153, 153
L -1860, -2696, 0, -1852, -2674, 0, 153, 153, 153
L -1852, -2674, 0, -1835, -2636, 0, 153, 153, 153
L -1835, -2636, 0, -1826, -2609, 0, 153, 153, 153
L -1826, -2609, 0, -1787, -2511, 0, 153, 153, 153
L -1787, -2511, 0, -1782, -2500, 0, 153, 153, 153
L -1782, -2500, 0, -1758, -2438, 0, 153, 153, 153
L -1758, -2438, 0, -1757, -2434, 0, 153, 153, 153
L -1757, -2434, 0, -1741, -2395, 0, 153, 153, 153
L -1741, -2395, 0, -1736, -2382, 0, 153, 153, 153
L -1736, -2382, 0, -1699, -2336, 0, 153, 153, 153
L -1699, -2336, 0, -1683, -2328, 0, 153, 153, 153
L -1683, -2328, 0, -1677, -2326, 0, 153, 153, 153
L -1677, -2326, 0, -1650, -2313, 0, 153, 153, 153
L -1650, -2313, 0, -1638, -2308, 0, 153, 153, 153
L -1638, -2308, 0, -1560, -2271, 0, 153, 153, 153
L -1560, -2271, 0, -1538, -2261, 0, 153, 153, 153
L -1538, -2261, 0, -1524, -2254, 0, 153, 153, 153
L -1524, -2254, 0, -1502, -2245, 0, 153, 153, 153
L -1502, -2245, 0, -1461, -2225, 0, 153, 153, 153
L -1461, -2225, 0, -1449, -2220, 0, 153, 153, 153
L -1449, -2220, 0, -1431, -2212, 0, 153, 153, 153
L -1431, -2212, 0, -1396, -2195, 0, 153, 153, 153
L -1396, -2195, 0, -1369, -2183, 0, 153, 153, 153
L -1369, -2183, 0, -1325, -2162, 0, 153, 153, 153
L -1325, -2162, 0, -1243, -2127, 0, 153, 153, 153
L -1243, -2127, 0, -1242, -2127, 0, 153, 153, 153
L -1242, -2127, 0, -1210, -2113, 0, 153, 153, 153
L -1210, -2113, 0, -1146, -2087, 0, 153, 153, 153
L -1146, -2087, 0, -1093, -2064, 0, 153, 153, 153
L -1093, -2064, 0, -1081, -2060, 0, 153, 153, 153
L -1081, -2060, 0, -1030, -2038, 0, 153, 153, 153
L -1030, -2038, 0, -995, -2024, 0, 153, 153, 153
L -995, -2024, 0, -977, -2016, 0, 153, 153, 153
L -977, -2016, 0, -959, -2009, 0, 153, 153, 153
L -959, -2009, 0, -876, -1974, 0, 153, 153, 153
L -876, -1974, 0, -798, -1942, 0, 153, 153, 153
L -798, -1942, 0, -778, -1933, 0, 153, 153, 153
L -778, -1933, 0, -749, -1931, 0, 153, 153, 153
L -749, -1931, 0, -735, -1932, 0, 153, 153, 153
L -735, -1932, 0, -698, -1940, 0, 153, 153, 153
L -698, -1940, 0, -661, -1942, 0, 153, 153, 153
L -661, -1942, 0, -598, -1938, 0, 153, 153, 153
L -598, -1938, 0, -589, -1946, 0, 153, 153, 153
L -589, -1946, 0, -553, -2033, 0, 153, 153, 153
L -553, -2033, 0, -544, -2053, 0, 153, 153, 153
L -544, -2053, 0, -522, -2107, 0, 153, 153, 153
L -522, -2107, 0, -522, -2322, 0, 153, 153, 153
L -522, -2322, 0, -523, -2418, 0, 153, 153, 153
L -523, -2418, 0, -522, -2463, 0, 153, 153, 153
L -522, -2463, 0, -518, -2508, 0, 153, 153, 153
L -518, -2508, 0, -485, -2654, 0, 153, 153, 153
L -485, -2654, 0, -444, -2829, 0, 153, 153, 153
L -444, -2829, 0, -445, -2901, 0, 153, 153, 153
L -445, -2901, 0, -457, -2920, 0, 153, 153, 153
L -457, -2920, 0, -494, -2955, 0, 153, 153, 153
L -494, -2955, 0, -507, -3007, 0, 153, 153, 153
L -507, -3007, 0, -528, -3043, 0, 153, 153, 153
L -528, -3043, 0, -548, -3076, 0, 153, 153, 153
L -548, -3076, 0, -584, -3139, 0, 153, 153, 153
L -584, -3139, 0, -602, -3169, 0, 153, 153, 153
L -602, -3169, 0, -615, -3193, 0, 153, 153, 153
L -615, -3193, 0, -636, -3228, 0, 153, 153, 153
L -636, -3228, 0, -728, -3369, 0, 153, 153, 153
L -728, -3369, 0, -731, -3384, 0, 153, 153, 153
L -731, -3384, 0, -741, -3408, 0, 153, 153, 153
L -741, -3408, 0, -751, -3422, 0, 153, 153, 153
L -751, -3422, 0, -774, -3451, 0, 153, 153, 153
L -774, -3451, 0, -793, -3474, 0, 153, 153, 153
L -793, -3474, 0, -807, -3492, 0, 153, 153, 153
L -807, -3492, 0, -830, -3513, 0, 153, 153, 153
L -830, -3513, 0, -890, -3584, 0, 153, 153, 153
L -890, -3584, 0, -948, -3596, 0, 153, 153, 153
L -948, -3596, 0, -1042, -3786, 0, 153, 153, 153
L -1042, -3786, 0, -1047, -3792, 0, 153, 153, 153
L -1047, -3792, 0, -1090, -3847, 0, 153, 153, 153
L -1090, -3847, 0, -1113, -3871, 0, 153, 153, 153
L -1113, -3871, 0, -1140, -3894, 0, 153, 153, 153
L -1140, -3894, 0, -1166, -3917, 0, 153, 153, 153
L -1166, -3917, 0, -1231, -3972, 0, 153, 153, 153
L -1231, -3972, 0, -1251, -3990, 0, 153, 153, 153
L -1251, -3990, 0, -1331, -4060, 0, 153, 153, 153
L -1331, -4060, 0, -1416, -4145, 0, 153, 153, 153
L -1416, -4145, 0, -1398, -4198, 0, 153, 153, 153
L -1398, -4198, 0, -1290, -4168, 0, 153, 153, 153
L -1290, -4168, 0, -1278, -4167, 0, 153, 153, 153
L -1278, -4167, 0, -1256, -4166, 0, 153, 153, 153
L -1256, -4166, 0, -1232, -4164, 0, 153, 153, 153
L -1232, -4164, 0, -1206, -4155, 0, 153, 153, 153
L -1206, -4155, 0, -1163, -4125, 0, 153, 153, 153
L -1163, -4125, 0, -1147, -4112, 0, 153, 153, 153
L -1147, -4112, 0, -1076, -4077, 0, 153, 153, 153
L -1076, -4077, 0, -1071, -4068, 0, 153, 153, 153
L -1071, -4068, 0, -1062, -4048, 0, 153, 153, 153
L -1062, -4048, 0, -1025, -4009, 0, 153, 153, 153
L -1025, -4009, 0, -989, -3979, 0, 153, 153, 153
L -989, -3979, 0, -910, -3916, 0, 153, 153, 153
L -910, -3916, 0, -908, -3914, 0, 153, 153, 153
L -908, -3914, 0, -890, -3900, 0, 153, 153, 153
L -890, -3900, 0, -870, -3883, 0, 153, 153, 153
L -870, -3883, 0, -799, -3827, 0, 153, 153, 153
L -799, -3827, 0, -740, -3779, 0, 153, 153, 153
L -740, -3779, 0, -713, -3758, 0, 153, 153, 153
L -713, -3758, 0, -676, -3727, 0, 153, 153, 153
L -676, -3727, 0, -635, -3695, 0, 153, 153, 153
L -635, -3695, 0, -604, -3670, 0, 153, 153, 153
L -604, -3670, 0, -553, -3565, 0, 153, 153, 153
L -553, -3565, 0, -548, -3556, 0, 153, 153, 153
L -548, -3556, 0, -513, -3485, 0, 153, 153, 153
L -513, -3485, 0, -505, -3472, 0, 153, 153, 153
L -505, -3472, 0, -486, -3451, 0, 153, 153, 153
L -486, -3451, 0, -476, -3438, 0, 153, 153, 153
L -476, -3438, 0, -446, -3384, 0, 153, 153, 153
L -446, -3384, 0, -416, -3324, 0, 153, 153, 153
L -416, -3324, 0, -386, -3278, 0, 153, 153, 153
L -386, -3278, 0, -376, -3264, 0, 153, 153, 153
L -376, -3264, 0, -349, -3222, 0, 153, 153, 153
L -349, -3222, 0, -347, -3218, 0, 153, 153, 153
L -347, -3218, 0, -269, -3099, 0, 153, 153, 153
L -269, -3099, 0, -270, -3003, 0, 153, 153, 153
L -270, -3003, 0, -271, -2986, 0, 153, 153, 153
L -271, -2986, 0, -301, -2634, 0, 153, 153, 153
L -301, -2634, 0, -295, -2595, 0, 153, 153, 153
L -295, -2595, 0, -311, -2519, 0, 153, 153, 153
L -311, -2519, 0, -314, -2480, 0, 153, 153, 153
L -314, -2480, 0, -318, -2440, 0, 153, 153, 153
L -318, -2440, 0, -325, -2348, 0, 153, 153, 153
L -325, -2348, 0, -329, -2309, 0, 153, 153, 153
L -329, -2309, 0, -337, -2209, 0, 153, 153, 153
L -337, -2209, 0, -328, -2142, 0, 153, 153, 153
L -328, -2142, 0, -330, -2111, 0, 153, 153, 153
L -330, -2111, 0, -322, -2038, 0, 153, 153, 153
L -322, -2038, 0, -322, -1997, 0, 153, 153, 153
L -322, -1997, 0, -319, -1963, 0, 153, 153, 153
L -319, -1963, 0, -316, -1911, 0, 153, 153, 153
L -316, -1911, 0, -310, -1825, 0, 153, 153, 153
L -310, -1825, 0, -308, -1807, 0, 153, 153, 153
L -308, -1807, 0, -308, -1792, 0, 153, 153, 153
L -308, -1792, 0, -342, -1784, 0, 153, 153, 153
L -342, -1784, 0, -463, -1760, 0, 153, 153, 153
L -463, -1760, 0, -535, -1744, 0, 153, 153, 153
L -535, -1744, 0, -567, -1739, 0, 153, 153, 153
L -567, -1739, 0, -682, -1716, 0, 153, 153, 153
L -682, -1716, 0, -872, -1745, 0, 153, 153, 153
L -872, -1745, 0, -937, -1774, 0, 153, 153, 153
L -937, -1774, 0, -976, -1792, 0, 153, 153, 153
L -976, -1792, 0, -989, -1799, 0, 153, 153, 153
L -989, -1799, 0, -1041, -1823, 0, 153, 153, 153
L -1041, -1823, 0, -1082, -1843, 0, 153, 153, 153
L -1082, -1843, 0, -1105, -1853, 0, 153, 153, 153
L -1105, -1853, 0, -1145, -1872, 0, 153, 153, 153
L -1145, -1872, 0, -1169, -1882, 0, 153, 153, 153
L -1169, -1882, 0, -1197, -1892, 0, 153, 153, 153
L -1197, -1892, 0, -1312, -1949, 0, 153, 153, 153
L -1312, -1949, 0, -1329, -1958, 0, 153, 153, 153
L -1329, -1958, 0, -1396, -1970, 0, 153, 153, 153
L -1396, -1970, 0, -1425, -1981, 0, 153, 153, 153
L -1425, -1981, 0, -1490, -2020, 0, 153, 153, 153
L -1490, -2020, 0, -1538, -2053, 0, 153, 153, 153
L -1538, -2053, 0, -1581, -2071, 0, 153, 153, 153
L -1581, -2071, 0, -1629, -2092, 0, 153, 153, 153
L -1629, -2092, 0, -1652, -2103, 0, 153, 153, 153
L -1652, -2103, 0, -1742, -2142, 0, 153, 153, 153
L -1742, -2142, 0, -1772, -2173, 0, 153, 153, 153
L -1772, -2173, 0, -1858, -2307, 0, 153, 153, 153
L -1858, -2307, 0, -1908, -2377, 0, 153, 153, 153
L -1908, -2377, 0, -1911, -2389, 0, 153, 153, 153
L -1911, -2389, 0, -1915, -2399, 0, 153, 153, 153
L -1915, -2399, 0, -1975, -2489, 0, 153, 153, 153
L -1975, -2489, 0, -1976, -2492, 0, 153, 153, 153
L -1976, -2492, 0, -1992, -2520, 0, 153, 153, 153
L -1992, -2520, 0, -2005, -2541, 0, 153, 153, 153
L -2005, -2541, 0, -2029, -2578, 0, 153, 153, 153
L -2029, -2578, 0, -2057, -2597, 0, 153, 153, 153
L -2057, -2597, 0, -2073, -2619, 0, 153, 153, 153
L -2073, -2619, 0, -2087, -2640, 0, 153, 153, 153
L -2087, -2640, 0, -2104, -2667, 0, 153, 153, 153
L -2104, -2667, 0, -2131, -2717, 0, 153, 153, 153
L -2131, -2717, 0, -2151, -2757, 0, 153, 153, 153
L -2151, -2757, 0, -2163, -2785, 0, 153, 153, 153
L -2163, -2785, 0, -2196, -2836, 0, 153, 153, 153
L -2196, -2836, 0, -2241, -2899, 0, 153, 153, 153
L -2241, -2899, 0, -2272, -2937, 0, 153, 153, 153
L -2272, -2937, 0, -2354, -2964, 0, 153, 153, 153
L -2354, -2964, 0, -2412, -2966, 0, 153, 153, 153
L -2412, -2966, 0, -2462, -2952, 0, 153, 153, 153
L -2462, -2952, 0, -2480, -2945, 0, 153, 153, 153
L -2480, -2945, 0, -2483, -2935, 0, 153, 153, 153
L -2483, -2935, 0, -2507, -2844, 0, 153, 153, 153
L -2507, -2844, 0, -2508, -2839, 0, 153, 153, 153
L -2508, -2839, 0, -2518, -2799, 0, 153, 153, 153
L -2518, -2799, 0, -2529, -2759, 0, 153, 153, 153
L -2529, -2759, 0, -2554, -2646, 0, 153, 153, 153
L -2554, -2646, 0, -2554, -2637, 0, 153, 153, 153
L -2554, -2637, 0, -2552, -2569, 0, 153, 153, 153
L -2552, -2569, 0, -2552, -2546, 0, 153, 153, 153
L -2552, -2546, 0, -2551, -2515, 0, 153, 153, 153
L -2551, -2515, 0, -2551, -2489, 0, 153, 153, 153
L -2551, -2489, 0, -2550, -2425, 0, 153, 153, 153
L -2550, -2425, 0, -2549, -2398, 0, 153, 153, 153
L -2549, -2398, 0, -2549, -2370, 0, 153, 153, 153
L -2549, -2370, 0, -2548, -2332, 0, 153, 153, 153
L -2548, -2332, 0, -2548, -2294, 0, 153, 153, 153
L -2548, -2294, 0, -2547, -2255, 0, 153, 153, 153
L -2547, -2255, 0, -2547, -2237, 0, 153, 153, 153
L -2547, -2237, 0, -2545, -2174, 0, 153, 153, 153
L -2545, -2174, 0, -2545, -2124, 0, 153, 153, 153
L -2545, -2124, 0, -2544, -2117, 0, 153, 153, 153
L -2544, -2117, 0, -2544, -1746, 0, 153, 153, 153
L -2544, -1746, 0, -2545, -1724, 0, 153, 153, 153
L -2545, -1724, 0, -2544, -1718, 0, 153, 153, 153
L -2544, -1718, 0, -2544, -1644, 0, 153, 153, 153
L -2544, -1644, 0, -2521, -1595, 0, 153, 153, 153
L -2521, -1595, 0, -2527, -1574, 0, 153, 153, 153
L -2527, -1574, 0, -2530, -1551, 0, 153, 153, 153
L -2530, -1551, 0, -2526, -1490, 0, 153, 153, 153
L -2526, -1490, 0, -2541, -1465, 0, 153, 153, 153
L -2541, -1465, 0, -2543, -1441, 0, 153, 153, 153
L -2543, -1441, 0, -2538, -1407, 0, 153, 153, 153
L -2538, -1407, 0, -2522, -1313, 0, 153, 153, 153
L -2522, -1313, 0, -2511, -1253, 0, 153, 153, 153
L -2511, -1253, 0, -2501, -1191, 0, 153, 153, 153
L -2501, -1191, 0, -2490, -1173, 0, 153, 153, 153
L -2490, -1173, 0, -2464, -1167, 0, 153, 153, 153
L -2464, -1167, 0, -2395, -1175, 0, 153, 153, 153
L -2395, -1175, 0, -2369, -1199, 0, 153, 153, 153
L -2369, -1199, 0, -2300, -1190, 0, 153, 153, 153
L -2300, -1190, 0, -2212, -1169, 0, 153, 153, 153
L -2212, -1169, 0, -2069, -1169, 0, 153, 153, 153
L -2069, -1169, 0, -1983, -1170, 0, 153, 153, 153
L -1983, -1170, 0, -1842, -1170, 0, 153, 153, 153
L -1842, -1170, 0, -1802, -1171, 0, 153, 153, 153
L -1802, -1171, 0, -1290, -1171, 0, 153, 153, 153
L -1290, -1171, 0, -1245, -1180, 0, 153, 153, 153
L -1245, -1180, 0, -1193, -1214, 0, 153, 153, 153
L -1193, -1214, 0, -1179, -1215, 0, 153, 153, 153
L -1179, -1215, 0, -1137, -1216, 0, 153, 153, 153
L -1137, -1216, 0, -1108, -1215, 0, 153, 153, 153
L -1108, -1215, 0, -1048, -1217, 0, 153, 153, 153
L -1048, -1217, 0, -975, -1236, 0, 153, 153, 153
L -975, -1236, 0, -937, -1247, 0, 153, 153, 153
L -937, -1247, 0, -873, -1264, 0, 153, 153, 153
L -873, -1264, 0, -835, -1301, 0, 153, 153, 153
L -835, -1301, 0, -822, -1304, 0, 153, 153, 153
L -822, -1304, 0, -764, -1310, 0, 153, 153, 153
L -764, -1310, 0, -742, -1325, 0, 153, 153, 153
L -742, -1325, 0, -688, -1386, 0, 153, 153, 153
L -688, -1386, 0, -657, -1420, 0, 153, 153, 153
L -657, -1420, 0, -626, -1456, 0, 153, 153, 153
L -626, -1456, 0, -607, -1476, 0, 153, 153, 153
L -607, -1476, 0, -567, -1509, 0, 153, 153, 153
L -567, -1509, 0, -553, -1511, 0, 153, 153, 153
L -553, -1511, 0, -516, -1515, 0, 153, 153, 153
L -516, -1515, 0, -494, -1517, 0, 153, 153, 153
L -494, -1517, 0, -469, -1517, 0, 153, 153, 153
L -469, -1517, 0, -403, -1508, 0, 153, 153, 153
L -403, -1508, 0, -388, -1493, 0, 153, 153, 153
L -388, -1493, 0, -375, -1464, 0, 153, 153, 153
L -375, -1464, 0, -353, -1409, 0, 153, 153, 153
L -353, -1409, 0, -320, -1386, 0, 153, 153, 153
L -320, -1386, 0, -290, -1364, 0, 153, 153, 153
L -290, -1364, 0, -248, -1335, 0, 153, 153, 153
L -248, -1335, 0, -221, -1315, 0, 153, 153, 153
L -221, -1315, 0, -211, -1309, 0, 153, 153, 153
L -211, -1309, 0, -193, -1308, 0, 153, 153, 153
L -193, -1308, 0, -189, -1306, 0, 153, 153, 153
L -189, -1306, 0, -155, -1274, 0, 153, 153, 153
L -155, -1274, 0, -146, -1262, 0, 153, 153, 153
L -146, -1262, 0, -117, -1242, 0, 153, 153, 153
L -117, -1242, 0, -88, -1215, 0, 153, 153, 153
L -88, -1215, 0, -63, -1182, 0, 153, 153, 153
L -63, -1182, 0, -36, -1144, 0, 153, 153, 153
L -36, -1144, 0, -34, -1133, 0, 153, 153, 153
L -34, -1133, 0, -33, -1102, 0, 153, 153, 153
L -33, -1102, 0, -35, -1079, 0, 153, 153, 153
L -35, -1079, 0, -37, -1071, 0, 153, 153, 153
L -37, -1071, 0, -65, -1031, 0, 153, 153, 153
L -65, -1031, 0, -83, -1011, 0, 153, 153, 153
L -83, -1011, 0, -125, -956, 0, 153, 153, 153
L -125, -956, 0, -138, -951, 0, 153, 153, 153
L -138, -951, 0, -165, -947, 0, 153, 153, 153
L -165, -947, 0, -198, -944, 0, 153, 153, 153
L -198, -944, 0, -204, -943, 0, 153, 153, 153
L -204, -943, 0, -274, -925, 0, 153, 153, 153
L -274, -925, 0, -316, -880, 0, 153, 153, 153
L -316, -880, 0, -346, -869, 0, 153, 153, 153
L -346, -869, 0, -373, -858, 0, 153, 153, 153
L -373, -858, 0, -383, -852, 0, 153, 153, 153
L -383, -852, 0, -402, -836, 0, 153, 153, 153
L -402, -836, 0, -423, -814, 0, 153, 153, 153
L -423, -814, 0, -439, -798, 0, 153, 153, 153
L -439, -798, 0, -476, -759, 0, 153, 153, 153
L -476, -759, 0, -514, -721, 0, 153, 153, 153
L -514, -721, 0, -533, -701, 0, 153, 153, 153
L -533, -701, 0, -549, -685, 0, 153, 153, 153
L -549, -685, 0, -561, -672, 0, 153, 153, 153
L -561, -672, 0, -607, -662, 0, 153, 153, 153
L -607, -662, 0, -740, -639, 0, 153, 153, 153
L -740, -639, 0, -747, -637, 0, 153, 153, 153
L -747, -637, 0, -749, -637, 0, 153, 153, 153
L -749, -637, 0, -775, -632, 0, 153, 153, 153
L -775, -632, 0, -841, -621, 0, 153, 153, 153
L -841, -621, 0, -851, -619, 0, 153, 153, 153
L -851, -619, 0, -883, -646, 0, 153, 153, 153
L -883, -646, 0, -892, -653, 0, 153, 153, 153
L -892, -653, 0, -941, -695, 0, 153, 153, 153
L -941, -695, 0, -1003, -747, 0, 153, 153, 153
L -1003, -747, 0, -1044, -783, 0, 153, 153, 153
L -1044, -783, 0, -1049, -786, 0, 153, 153, 153
L -1049, -786, 0, -1098, -828, 0, 153, 153, 153
L -1099, -829, 0, -1102, -831, 0, 153, 153, 153
L -1102, -831, 0, -1133, -849, 0, 153, 153, 153
L -1133, -849, 0, -1156, -858, 0, 153, 153, 153
L -1156, -858, 0, -1191, -871, 0, 153, 153, 153
L -1191, -871, 0, -1338, -928, 0, 153, 153, 153
L -1338, -928, 0, -1372, -940, 0, 153, 153, 153
L -1372, -940, 0, -1539, -1004, 0, 153, 153, 153
L -1539, -1004, 0, -1572, -1016, 0, 153, 153, 153
L -1572, -1016, 0, -1582, -1020, 0, 153, 153, 153
L -1582, -1020, 0, -1591, -1022, 0, 153, 153, 153
L -1591, -1022, 0, -1639, -1030, 0, 153, 153, 153
L -1639, -1030, 0, -1666, -1035, 0, 153, 153, 153
L -1666, -1035, 0, -1712, -1041, 0, 153, 153, 153
L -1712, -1041, 0, -1826, -1032, 0, 153, 153, 153
L -1826, -1032, 0, -1840, -1030, 0, 153, 153, 153
L -1840, -1030, 0, -1935, -1023, 0, 153, 153, 153
L -1935, -1023, 0, -2035, -1008, 0, 153, 153, 153
L -2035, -1008, 0, -2192, -986, 0, 153, 153, 153
L -2192, -986, 0, -2224, -981, 0, 153, 153, 153
L -2224, -981, 0, -2260, -976, 0, 153, 153, 153
L -2260, -976, 0, -2295, -970, 0, 153, 153, 153
L -2295, -970, 0, -2381, -941, 0, 153, 153, 153
L -2381, -941, 0, -2422, -916, 0, 153, 153, 153
L -2422, -916, 0, -2430, -895, 0, 153, 153, 153
L -2430, -895, 0, -2517, -788, 0, 153, 153, 153
L -2517, -788, 0, -2518, -780, 0, 153, 153, 153
L -2518, -780, 0, -2538, -658, 0, 153, 153, 153
L -2538, -658, 0, -2551, -608, 0, 153, 153, 153
L -2551, -608, 0, -2571, -548, 0, 153, 153, 153
L -2571, -548, 0, -2571, -314, 0, 153, 153, 153
L -2571, -314, 0, -2574, -200, 0, 153, 153, 153
L -2574, -200, 0, -2579, -79, 0, 153, 153, 153
L -2579, -79, 0, -2581, 0, 0, 153, 153, 153
L -2581, 0, 0, -2586, 86, 0, 153, 153, 153
L -2586, 86, 0, -2587, 111, 0, 153, 153, 153
L -2587, 111, 0, -2589, 145, 0, 153, 153, 153
L -2589, 145, 0, -2590, 188, 0, 153, 153, 153
L -2590, 188, 0, -2595, 311, 0, 153, 153, 153
L -2595, 311, 0, -2594, 376, 0, 153, 153, 153
L -2594, 376, 0, -2585, 412, 0, 153, 153, 153
L -2585, 412, 0, -2571, 475, 0, 153, 153, 153
L -2571, 475, 0, -2566, 494, 0, 153, 153, 153
L -2566, 494, 0, -2543, 595, 0, 153, 153, 153
L -2543, 595, 0, -2527, 661, 0, 153, 153, 153
L -2527, 661, 0, -2504, 762, 0, 153, 153, 153
L -2504, 762, 0, -2484, 844, 0, 153, 153, 153
L -2484, 844, 0, -2450, 859, 0, 153, 153, 153
L -2450, 859, 0, -2378, 877, 0, 153, 153, 153
L -2378, 877, 0, -2259, 908, 0, 153, 153, 153
L -2259, 908, 0, -2230, 906, 0, 153, 153, 153
L -2230, 906, 0, -2208, 898, 0, 153, 153, 153
L -2208, 898, 0, -2194, 894, 0, 153, 153, 153
L -2194, 894, 0, -1976, 818, 0, 153, 153, 153
L -1976, 818, 0, -1873, 783, 0, 153, 153, 153
L -1873, 783, 0, -1866, 780, 0, 153, 153, 153
L -1866, 780, 0, -1798, 757, 0, 153, 153, 153
L -1798, 757, 0, -1763, 744, 0, 153, 153, 153
L -1763, 744, 0, -1738, 734, 0, 153, 153, 153
L -1738, 734, 0, -1681, 695, 0, 153, 153, 153
L -1681, 695, 0, -1650, 675, 0, 153, 153, 153
L -1650, 675, 0, -1629, 644, 0, 153, 153, 153
L -1629, 644, 0, -1601, 620, 0, 153, 153, 153
L -1601, 620, 0, -1553, 598, 0, 153, 153, 153
L -1553, 598, 0, -1485, 644, 0, 153, 153, 153
L -1485, 644, 0, -1450, 634, 0, 153, 153, 153
L -1450, 634, 0, -1437, 630, 0, 153, 153, 153
L -1437, 630, 0, -1397, 615, 0, 153, 153, 153
L -1397, 615, 0, -1330, 592, 0, 153, 153, 153
L -1330, 592, 0, -1288, 581, 0, 153, 153, 153
L -1288, 581, 0, -1087, 551, 0, 153, 153, 153
L -1087, 551, 0, -1044, 544, 0, 153, 153, 153
L -1044, 544, 0, -1009, 539, 0, 153, 153, 153
L -1009, 539, 0, -980, 559, 0, 153, 153, 153
L -980, 559, 0, -941, 589, 0, 153, 153, 153
L -941, 589, 0, -925, 600, 0, 153, 153, 153
L -925, 600, 0, -895, 622, 0, 153, 153, 153
L -895, 622, 0, -865, 643, 0, 153, 153, 153
L -865, 643, 0, -770, 712, 0, 153, 153, 153
L -770, 712, 0, -676, 779, 0, 153, 153, 153
L -676, 779, 0, -630, 821, 0, 153, 153, 153
L -630, 821, 0, -619, 866, 0, 153, 153, 153
L -619, 866, 0, -618, 889, 0, 153, 153, 153
L -618, 889, 0, -607, 937, 0, 153, 153, 153
L -607, 937, 0, -598, 981, 0, 153, 153, 153
L -598, 981, 0, -588, 1025, 0, 153, 153, 153
L -588, 1025, 0, -569, 1116, 0, 153, 153, 153
L -569, 1116, 0, -563, 1159, 0, 153, 153, 153
L -563, 1159, 0, -581, 1175, 0, 153, 153, 153
L -581, 1175, 0, -631, 1142, 0, 153, 153, 153
L -631, 1142, 0, -673, 1105, 0, 153, 153, 153
L -673, 1105, 0, -689, 1083, 0, 153, 153, 153
L -689, 1083, 0, -736, 1021, 0, 153, 153, 153
L -736, 1021, 0, -789, 963, 0, 153, 153, 153
L -789, 963, 0, -850, 911, 0, 153, 153, 153
L -850, 911, 0, -876, 888, 0, 153, 153, 153
L -876, 888, 0, -992, 790, 0, 153, 153, 153
L -992, 790, 0, -1016, 768, 0, 153, 153, 153
L -1016, 768, 0, -1086, 710, 0, 153, 153, 153
L -1086, 710, 0, -1104, 719, 0, 153, 153, 153
L -1104, 719, 0, -1115, 725, 0, 153, 153, 153
L -1115, 725, 0, -1196, 766, 0, 153, 153, 153
L -1196, 766, 0, -1225, 780, 0, 153, 153, 153
L -1225, 780, 0, -1248, 792, 0, 153, 153, 153
L -1248, 792, 0, -1307, 838, 0, 153, 153, 153
L -1307, 838, 0, -1367, 909, 0, 153, 153, 153
L -1367, 909, 0, -1423, 892, 0, 153, 153, 153
L -1423, 892, 0, -1501, 896, 0, 153, 153, 153
L -1501, 896, 0, -1533, 916, 0, 153, 153, 153
L -1533, 916, 0, -1660, 935, 0, 153, 153, 153
L -1660, 935, 0, -1719, 950, 0, 153, 153, 153
L -1719, 950, 0, -1779, 966, 0, 153, 153, 153
L -1779, 966, 0, -1797, 974, 0, 153, 153, 153
L -1797, 974, 0, -1848, 994, 0, 153, 153, 153
L -1848, 994, 0, -1912, 1020, 0, 153, 153, 153
L -1912, 1020, 0, -1936, 1029, 0, 153, 153, 153
L -1936, 1029, 0, -1963, 1040, 0, 153, 153, 153
L -1963, 1040, 0, -1984, 1048, 0, 153, 153, 153
L -1984, 1048, 0, -2014, 1063, 0, 153, 153, 153
L -2014, 1063, 0, -2039, 1086, 0, 153, 153, 153
L -2039, 1086, 0, -2048, 1095, 0, 153, 153, 153
L -2048, 1095, 0, -2080, 1110, 0, 153, 153, 153
L -2080, 1110, 0, -2124, 1114, 0, 153, 153, 153
L -2124, 1114, 0, -2163, 1120, 0, 153, 153, 153
L -2163, 1120, 0, -2185, 1129, 0, 153, 153, 153
L -2185, 1129, 0, -2210, 1157, 0, 153, 153, 153
L -2210, 1157, 0, -2216, 1168, 0, 153, 153, 153
L -2216, 1168, 0, -2248, 1480, 0, 153, 153, 153
L -2248, 1480, 0, -2244, 1535, 0, 153, 153, 153
L -2244, 1535, 0, -2237, 1564, 0, 153, 153, 153
L -2237, 1564, 0, -2253, 1647, 0, 153, 153, 153
L -2253, 1647, 0, -2266, 1686, 0, 153, 153, 153
L -2266, 1686, 0, -2252, 1765, 0, 153, 153, 153
L -2252, 1765, 0, -2238, 1799, 0, 153, 153, 153
L -2238, 1799, 0, -2192, 1891, 0, 153, 153, 153
L -2192, 1891, 0, -2170, 1917, 0, 153, 153, 153
L -2170, 1917, 0, -2156, 1953, 0, 153, 153, 153
L -2156, 1953, 0, -2126, 1994, 0, 153, 153, 153
L -2126, 1994, 0, -1988, 2094, 0, 153, 153, 153
L -1988, 2094, 0, -1734, 2282, 0, 153, 153, 153
L -1734, 2282, 0, -1689, 2316, 0, 153, 153, 153
L -1689, 2316, 0, -1657, 2339, 0, 153, 153, 153
L -1657, 2339, 0, -1562, 2410, 0, 153, 153, 153
L -1562, 2410, 0, -1541, 2425, 0, 153, 153, 153
L -1541, 2425, 0, -1481, 2445, 0, 153, 153, 153
L -1481, 2445, 0, -877, 2445, 0, 153, 153, 153
L -877, 2445, 0, -838, 2444, 0, 153, 153, 153
L -838, 2444, 0, -799, 2442, 0, 153, 153, 153
L -799, 2442, 0, -482, 2431, 0, 153, 153, 153
L -482, 2431, 0, -437, 2421, 0, 153, 153, 153
L -437, 2421, 0, -364, 2394, 0, 153, 153, 153
L -364, 2394, 0, -342, 2381, 0, 153, 153, 153
L -342, 2381, 0, -295, 2332, 0, 153, 153, 153
L -295, 2332, 0, -256, 2353, 0, 153, 153, 153
L -256, 2353, 0, -222, 2342, 0, 153, 153, 153
L -222, 2342, 0, -185, 2329, 0, 153, 153, 153
L -185, 2329, 0, -27, 2271, 0, 153, 153, 153
L -27, 2271, 0, 14, 2243, 0, 153, 153, 153
L 14, 2243, 0, 105, 2172, 0, 153, 153, 153
L 105, 2172, 0, 125, 2150, 0, 153, 153, 153
L 125, 2150, 0, 162, 2128, 0, 153, 153, 153
L 162, 2128, 0, 202, 2096, 0, 153, 153, 153
L 202, 2096, 0, 290, 2028, 0, 153, 153, 153
L 290, 2028, 0, 326, 1995, 0, 153, 153, 153
L 326, 1995, 0, 329, 1932, 0, 153, 153, 153
L 329, 1932, 0, 330, 1873, 0, 153, 153, 153
L 330, 1873, 0, 326, 1799, 0, 153, 153, 153
L 326, 1799, 0, 339, 1745, 0, 153, 153, 153
L 339, 1745, 0, 337, 1717, 0, 153, 153, 153
L 337, 1717, 0, 335, 1679, 0, 153, 153, 153
L 335, 1679, 0, 343, 1650, 0, 153, 153, 153
L 343, 1650, 0, 347, 1612, 0, 153, 153, 153
L 347, 1612, 0, 350, 1563, 0, 153, 153, 153
L 350, 1563, 0, 351, 1540, 0, 153, 153, 153
L 351, 1543, 0, 352, 1523, 0, 153, 153, 153
L 352, 1523, 0, 350, 1482, 0, 153, 153, 153
L 350, 1482, 0, 343, 1442, 0, 153, 153, 153
L 343, 1442, 0, 320, 1387, 0, 153, 153, 153
L 320, 1387, 0, 240, 1208, 0, 153, 153, 153
L 240, 1208, 0, 230, 1187, 0, 153, 153, 153
L 230, 1187, 0, 211, 1164, 0, 153, 153, 153
L 211, 1164, 0, 110, 1114, 0, 153, 153, 153
L 110, 1114, 0, -22, 1047, 0, 153, 153, 153
L -22, 1047, 0, -49, 1037, 0, 153, 153, 153
L -49, 1037, 0, -179, 1037, 0, 153, 153, 153
L -179, 1037, 0, -212, 1032, 0, 153, 153, 153
L -212, 1032, 0, -244, 978, 0, 153, 153, 153
L -244, 978, 0, -301, 888, 0, 153, 153, 153
L -301, 888, 0, -316, 863, 0, 153, 153, 153
L -316, 863, 0, -333, 837, 0, 153, 153, 153
L -333, 837, 0, -347, 814, 0, 153, 153, 153
L -347, 814, 0, -343, 774, 0, 153, 153, 153
L -343, 774, 0, -316, 743, 0, 153, 153, 153
L -316, 743, 0, -259, 685, 0, 153, 153, 153
L -259, 685, 0, -230, 652, 0, 153, 153, 153
L -230, 652, 0, -182, 614, 0, 153, 153, 153
L -182, 614, 0, -99, 585, 0, 153, 153, 153
L -99, 585, 0, -21, 553, 0, 153, 153, 153
L -21, 553, 0, 16, 541, 0, 153, 153, 153
L 16, 541, 0, 127, 534, 0, 153, 153, 153
L 127, 534, 0, 181, 532, 0, 153, 153, 153
L 181, 532, 0, 217, 530, 0, 153, 153, 153
L 217, 530, 0, 282, 552, 0, 153, 153, 153
L 282, 552, 0, 294, 585, 0, 153, 153, 153
L 294, 585, 0, 331, 655, 0, 153, 153, 153
L 331, 655, 0, 348, 674, 0, 153, 153, 153
L 348, 674, 0, 364, 691, 0, 153, 153, 153
L 364, 691, 0, 385, 727, 0, 153, 153, 153
L 385, 727, 0, 432, 785, 0, 153, 153, 153
L 432, 785, 0, 449, 797, 0, 153, 153, 153
L 449, 797, 0, 496, 827, 0, 153, 153, 153
L 496, 827, 0, 510, 855, 0, 153, 153, 153
L 510, 855, 0, 510, 872, 0, 153, 153, 153
L 510, 872, 0, 511, 885, 0, 153, 153, 153
L 511, 885, 0, 517, 932, 0, 153, 153, 153
L 517, 932, 0, 543, 959, 0, 153, 153, 153
L 543, 959, 0, 562, 977, 0, 153, 153, 153
L 562, 977, 0, 594, 1010, 0, 153, 153, 153
L 594, 1010, 0, 646, 1062, 0, 153, 153, 153
L 646, 1062, 0, 672, 1090, 0, 153, 153, 153
L 672, 1090, 0, 699, 1146, 0, 153, 153, 153
L 699, 1146, 0, 723, 1168, 0, 153, 153, 153
L 723, 1168, 0, 804, 1198, 0, 153, 153, 153
L 804, 1198, 0, 842, 1213, 0, 153, 153, 153
L 842, 1213, 0, 975, 1263, 0, 153, 153, 153
L 975, 1263, 0, 999, 1273, 0, 153, 153, 153
L 999, 1273, 0, 1025, 1275, 0, 153, 153, 153
L 1025, 1275, 0, 1069, 1250, 0, 153, 153, 153
L 1069, 1250, 0, 1127, 1256, 0, 153, 153, 153
L 1127, 1256, 0, 1180, 1242, 0, 153, 153, 153
L 1180, 1242, 0, 1205, 1241, 0, 153, 153, 153
L 1205, 1241, 0, 1280, 1195, 0, 153, 153, 153
L 1280, 1195, 0, 1302, 1211, 0, 153, 153, 153
L 1302, 1211, 0, 1336, 1211, 0, 153, 153, 153
L 1336, 1211, 0, 1347, 1197, 0, 153, 153, 153
L 1347, 1197, 0, 1363, 1187, 0, 153, 153, 153
L 1363, 1187, 0, 1397, 1181, 0, 153, 153, 153
L 1397, 1181, 0, 1423, 1173, 0, 153, 153, 153
L 1423, 1173, 0, 1439, 1162, 0, 153, 153, 153
L 1439, 1162, 0, 1474, 1137, 0, 153, 153, 153
L 1474, 1137, 0, 1496, 1114, 0, 153, 153, 153
L 1496, 1114, 0, 1509, 1099, 0, 153, 153, 153
L 1509, 1099, 0, 1542, 1078, 0, 153, 153, 153
L 1542, 1078, 0, 1570, 1069, 0, 153, 153, 153
L 1570, 1069, 0, 1609, 1044, 0, 153, 153, 153
L 1609, 1044, 0, 1629, 1006, 0, 153, 153, 153
L 1629, 1006, 0, 1650, 991, 0, 153, 153, 153
L 1650, 991, 0, 1691, 957, 0, 153, 153, 153
L 1691, 957, 0, 1708, 908, 0, 153, 153, 153
L 1708, 908, 0, 1758, 872, 0, 153, 153, 153
L 1758, 872, 0, 1806, 869, 0, 153, 153, 153
L 1806, 869, 0, 1824, 861, 0, 153, 153, 153
L 1824, 861, 0, 1869, 825, 0, 153, 153, 153
L 1869, 825, 0, 1895, 810, 0, 153, 153, 153
L 1895, 810, 0, 1932, 796, 0, 153, 153, 153
L 1932, 796, 0, 1961, 801, 0, 153, 153, 153
L 1961, 801, 0, 2014, 812, 0, 153, 153, 153
L 2014, 812, 0, 2054, 800, 0, 153, 153, 153
L 2054, 800, 0, 2074, 787, 0, 153, 153, 153
L 2074, 787, 0, 2122, 774, 0, 153, 153, 153
L 2122, 774, 0, 2147, 758, 0, 153, 153, 153
L 2147, 758, 0, 2161, 748, 0, 153, 153, 153
L 2161, 748, 0, 2214, 717, 0, 153, 153, 153
L 2214, 717, 0, 2242, 700, 0, 153, 153, 153
L 2242, 700, 0, 2272, 677, 0, 153, 153, 153
L 2272, 677, 0, 2311, 626, 0, 153, 153, 153
L 2311, 626, 0, 2361, 604, 0, 153, 153, 153
L 2361, 604, 0, 2381, 558, 0, 153, 153, 153
L 2381, 558, 0, 2424, 309, 0, 153, 153, 153
L 2424, 309, 0, 2429, 276, 0, 153, 153, 153
L 2429, 276, 0, 2436, 238, 0, 153, 153, 153
L 2436, 238, 0, 2442, 185, 0, 153, 153, 153
L 2442, 185, 0, 2428, 105, 0, 153, 153, 153
L 2428, 105, 0, 2463, 57, 0, 153, 153, 153
L 2463, 57, 0, 2470, 38, 0, 153, 153, 153
L 2470, 38, 0, 2458, -105, 0, 153, 153, 153
L 2458, -105, 0, 2450, -168, 0, 153, 153, 153
L 2450, -168, 0, 2385, -357, 0, 153, 153, 153
L 2385, -357, 0, 2379, -416, 0, 153, 153, 153
L 2379, -416, 0, 2372, -550, 0, 153, 153, 153
L 2372, -550, 0, 2373, -629, 0, 153, 153, 153
L 2373, -629, 0, 2382, -752, 0, 153, 153, 153
L 2382, -752, 0, 2389, -832, 0, 153, 153, 153
L 2389, -832, 0, 2407, -875, 0, 153, 153, 153
L 2407, -875, 0, 2422, -893, 0, 153, 153, 153
L 2422, -893, 0, 2468, -945, 0, 153, 153, 153
L 2468, -945, 0, 2495, -954, 0, 153, 153, 153
L 2495, -954, 0, 2514, -951, 0, 153, 153, 153
L 2514, -951, 0, 2593, -960, 0, 153, 153, 153
L 2593, -960, 0, 2634, -972, 0, 153, 153, 153
L 2634, -972, 0, 2666, -990, 0, 153, 153, 153
L 2666, -990, 0, 2716, -989, 0, 153, 153, 153
L 2716, -989, 0, 2730, -987, 0, 153, 153, 153
L 2730, -987, 0, 2747, -984, 0, 153, 153, 153
L 2747, -984, 0, 2775, -980, 0, 153, 153, 153
L 2775, -980, 0, 2815, -975, 0, 153, 153, 153
L 2815, -975, 0, 2854, -966, 0, 153, 153, 153
L 2854, -966, 0, 2874, -940, 0, 153, 153, 153
L 2874, -940, 0, 2905, -896, 0, 153, 153, 153
L 2905, -896, 0, 3077, -668, 0, 153, 153, 153
L 3077, -668, 0, 3080, -641, 0, 153, 153, 153
L 3080, -641, 0, 3084, -581, 0, 153, 153, 153
L 3084, -581, 0, 3086, -537, 0, 153, 153, 153
L 3086, -537, 0, 3087, -522, 0, 153, 153, 153
L 3087, -522, 0, 3078, -491, 0, 153, 153, 153
L 3078, -491, 0, 3071, -475, 0, 153, 153, 153
L 3071, -475, 0, 3068, -467, 0, 153, 153, 153
L 2180, -880, 0, 2179, -879, 0, 153, 153, 153
L 2179, -879, 0, 2173, -840, 0, 153, 153, 153
L 2173, -840, 0, 2164, -828, 0, 153, 153, 153
L 2164, -828, 0, 2149, -805, 0, 153, 153, 153
L 2149, -805, 0, 2141, -787, 0, 153, 153, 153
L 2141, -787, 0, 2130, -757, 0, 153, 153, 153
L 2130, -757, 0, 2116, -724, 0, 153, 153, 153
L 2116, -724, 0, 2103, -690, 0, 153, 153, 153
L 2103, -690, 0, 2103, -425, 0, 153, 153, 153
L 2103, -425, 0, 2117, -339, 0, 153, 153, 153
L 2117, -339, 0, 2102, -311, 0, 153, 153, 153
L 2102, -311, 0, 2079, -301, 0, 153, 153, 153
L 2079, -301, 0, 2041, -282, 0, 153, 153, 153
L 2041, -282, 0, 2019, -266, 0, 153, 153, 153
L 2019, -266, 0, 1996, -253, 0, 153, 153, 153
L 1996, -253, 0, 1967, -233, 0, 153, 153, 153
L 1967, -233, 0, 1947, -217, 0, 153, 153, 153
L 1947, -217, 0, 1929, -202, 0, 153, 153, 153
L 1929, -202, 0, 1900, -176, 0, 153, 153, 153
L 1900, -176, 0, 1884, -144, 0, 153, 153, 153
L 1884, -144, 0, 1869, -130, 0, 153, 153, 153
L 1869, -130, 0, 1843, -117, 0, 153, 153, 153
L 1843, -117, 0, 1813, -106, 0, 153, 153, 153
L 1813, -106, 0, 1794, -82, 0, 153, 153, 153
L 1794, -82, 0, 1761, -50, 0, 153, 153, 153
L 1761, -50, 0, 1728, -35, 0, 153, 153, 153
L 1728, -35, 0, 1708, -21, 0, 153, 153, 153
L 1708, -21, 0, 1670, 9, 0, 153, 153, 153
L 1670, 9, 0, 1638, 11, 0, 153, 153, 153
L 1638, 11, 0, 1586, 13, 0, 153, 153, 153
L 1586, 13, 0, 1560, 15, 0, 153, 153, 153
L 1560, 15, 0, 1549, 15, 0, 153, 153, 153
L 1549, 15, 0, 1511, 17, 0, 153, 153, 153
L 1511, 17, 0, 1474, 18, 0, 153, 153, 153
L 1474, 18, 0, 1345, 24, 0, 153, 153, 153
L 1345, 24, 0, 1307, 6, 0, 153, 153, 153
L 1307, 6, 0, 1271, -14, 0, 153, 153, 153
L 1271, -14, 0, 1226, -35, 0, 153, 153, 153
L 1226, -35, 0, 1194, -47, 0, 153, 153, 153
L 1194, -47, 0, 1163, -60, 0, 153, 153, 153
L 1163, -60, 0, 1113, -96, 0, 153, 153, 153
L 1113, -96, 0, 1113, -97, 0, 153, 153, 153
L 1113, -97, 0, 1038, -110, 0, 153, 153, 153
L 1038, -110, 0, 1001, -117, 0, 153, 153, 153
L 1001, -117, 0, 885, -137, 0, 153, 153, 153
L 885, -137, 0, 856, -133, 0, 153, 153, 153
L 856, -133, 0, 802, -123, 0, 153, 153, 153
L 802, -123, 0, 764, -115, 0, 153, 153, 153
L 764, -115, 0, 668, -96, 0, 153, 153, 153
L 668, -96, 0, 625, -79, 0, 153, 153, 153
L 625, -79, 0, 600, -67, 0, 153, 153, 153
L 600, -67, 0, 530, -35, 0, 153, 153, 153
L 530, -35, 0, 490, -2, 0, 153, 153, 153
L 490, -2, 0, 470, 27, 0, 153, 153, 153
L 470, 27, 0, 436, 61, 0, 153, 153, 153
L 436, 61, 0, 418, 75, 0, 153, 153, 153
L 418, 75, 0, 398, 98, 0, 153, 153, 153
L 398, 98, 0, 373, 135, 0, 153, 153, 153
L 373, 135, 0, 346, 186, 0, 153, 153, 153
L 346, 186, 0, 334, 196, 0, 153, 153, 153
L 334, 196, 0, 298, 200, 0, 153, 153, 153
L 298, 200, 0, 267, 191, 0, 153, 153, 153
L 267, 191, 0, 244, 178, 0, 153, 153, 153
L 244, 178, 0, 224, 155, 0, 153, 153, 153
L 224, 155, 0, 194, 136, 0, 153, 153, 153
L 194, 136, 0, 158, 118, 0, 153, 153, 153
L 158, 118, 0, 115, 94, 0, 153, 153, 153
L 115, 94, 0, 198, -46, 0, 153, 153, 153
L 198, -45, 0, 203, -55, 0, 153, 153, 153
L 203, -55, 0, 208, -67, 0, 153, 153, 153
L 208, -67, 0, 203, -84, 0, 153, 153, 153
L 203, -84, 0, 182, -129, 0, 153, 153, 153
L 182, -129, 0, 173, -157, 0, 153, 153, 153
L 173, -157, 0, 180, -190, 0, 153, 153, 153
L 180, -190, 0, 196, -241, 0, 153, 153, 153
L 196, -241, 0, 215, -261, 0, 153, 153, 153
L 215, -261, 0, 238, -297, 0, 153, 153, 153
L 238, -297, 0, 241, -313, 0, 153, 153, 153
L 241, -313, 0, 237, -337, 0, 153, 153, 153
L 237, -337, 0, 233, -356, 0, 153, 153, 153
L 233, -356, 0, 214, -435, 0, 153, 153, 153
L 214, -435, 0, 192, -502, 0, 153, 153, 153
L 192, -502, 0, 176, -521, 0, 153, 153, 153
L 176, -521, 0, 159, -544, 0, 153, 153, 153
L 159, -544, 0, 90, -632, 0, 153, 153, 153
L 90, -632, 0, 75, -652, 0, 153, 153, 153
L 75, -652, 0, 59, -672, 0, 153, 153, 153
L 59, -672, 0, 48, -687, 0, 153, 153, 153
L 48, -687, 0, 5, -742, 0, 153, 153, 153
L 5, -742, 0, -14, -768, 0, 153, 153, 153
L -14, -768, 0, -35, -794, 0, 153, 153, 153
L -35, -794, 0, -47, -850, 0, 153, 153, 153
L -47, -850, 0, -46, -862, 0, 153, 153, 153
L -46, -862, 0, -23, -869, 0, 153, 153, 153
L -23, -869, 0, 14, -872, 0, 153, 153, 153
L 14, -872, 0, 33, -883, 0, 153, 153, 153
L 33, -883, 0, 43, -893, 0, 153, 153, 153
L 43, -893, 0, 74, -930, 0, 153, 153, 153
L 74, -930, 0, 105, -944, 0, 153, 153, 153
L 105, -944, 0, 153, -986, 0, 153, 153, 153
L 153, -986, 0, 177, -1006, 0, 153, 153, 153
L 177, -1006, 0, 214, -1001, 0, 153, 153, 153
L 214, -1001, 0, 332, -977, 0, 153, 153, 153
L 332, -977, 0, 374, -969, 0, 153, 153, 153
L 374, -969, 0, 423, -954, 0, 153, 153, 153
L 423, -954, 0, 466, -919, 0, 153, 153, 153
L 466, -919, 0, 493, -899, 0, 153, 153, 153
L 493, -899, 0, 523, -878, 0, 153, 153, 153
L 523, -878, 0, 556, -854, 0, 153, 153, 153
L 556, -854, 0, 589, -831, 0, 153, 153, 153
L 589, -831, 0, 618, -816, 0, 153, 153, 153
L 618, -816, 0, 707, -838, 0, 153, 153, 153
L 707, -838, 0, 734, -849, 0, 153, 153, 153
L 734, -849, 0, 779, -894, 0, 153, 153, 153
L 779, -894, 0, 797, -915, 0, 153, 153, 153
L 797, -915, 0, 815, -938, 0, 153, 153, 153
L 815, -938, 0, 833, -948, 0, 153, 153, 153
L 833, -948, 0, 848, -963, 0, 153, 153, 153
L 848, -963, 0, 860, -974, 0, 153, 153, 153
L 860, -974, 0, 865, -980, 0, 153, 153, 153
L 865, -980, 0, 870, -985, 0, 153, 153, 153
L 870, -985, 0, 927, -1020, 0, 153, 153, 153
L 927, -1020, 0, 1047, -1005, 0, 153, 153, 153
L 1047, -1005, 0, 1119, -980, 0, 153, 153, 153
L 1119, -980, 0, 1167, -951, 0, 153, 153, 153
L 1167, -951, 0, 1195, -922, 0, 153, 153, 153
L 1195, -922, 0, 1219, -899, 0, 153, 153, 153
L 1219, -899, 0, 1261, -881, 0, 153, 153, 153
L 1261, -881, 0, 1284, -877, 0, 153, 153, 153
L 1284, -877, 0, 1307, -872, 0, 153, 153, 153
L 1307, -872, 0, 1356, -863, 0, 153, 153, 153
L 1356, -863, 0, 1435, -847, 0, 153, 153, 153
L 1435, -847, 0, 1483, -839, 0, 153, 153, 153
L 1483, -839, 0, 1521, -840, 0, 153, 153, 153
L 1521, -840, 0, 1560, -840, 0, 153, 153, 153
L 1560, -840, 0, 1598, -841, 0, 153, 153, 153
L 1598, -841, 0, 1637, -841, 0, 153, 153, 153
L 1637, -841, 0, 1677, -842, 0, 153, 153, 153
L 1677, -842, 0, 1754, -842, 0, 153, 153, 153
L 1754, -842, 0, 1827, -852, 0, 153, 153, 153
L 1827, -852, 0, 1864, -858, 0, 153, 153, 153
L 1864, -858, 0, 1937, -868, 0, 153, 153, 153
L 1937, -868, 0, 1992, -879, 0, 153, 153, 153
L 1992, -879, 0, 2000, -881, 0, 153, 153, 153
L 2000, -881, 0, 2142, -921, 0, 153, 153, 153
L 2142, -921, 0, 2184, -932, 0, 153, 153, 153
L 2184, -932, 0, 2213, -931, 0, 153, 153, 153
L 2213, -931, 0, 2255, -908, 0, 153, 153, 153
L 2255, -908, 0, 2196, -901, 0, 153, 153, 153
L 2196, -901, 0, 2186, -896, 0, 153, 153, 153
L 2186, -896, 0, 2181, -873, 0, 153, 153, 153
L -823, -4243, 58, -823, -4243, 5, 153, 153, 153
L -823, -4243, 5, -825, -4346, 2, 153, 153, 153
L -859, -4351, 33, -870, -4335, 2, 153, 153, 153
L -870, -4335, 2, -870, -4242, 3, 153, 153, 153
L -870, -4242, 3, -829, -4236, 5, 153, 153, 153
L -826, -4350, 23, -826, -4350, 2, 153, 153, 153
L -826, -4350, 2, -863, -4350, 3, 153, 153, 153
L -1025, -4201, 41, -1025, -4201, 4, 153, 153, 153
L -1025, -4201, 4, -1042, -4211, 2, 153, 153, 153
L -1042, -4211, 2, -1057, -4210, 2, 153, 153, 153
L -1057, -4210, 2, -1070, -4191, 3, 153, 153, 153
L -1070, -4191, 3, -1069, -4176, 3, 153, 153, 153
L -1069, -4176, 3, -1057, -4167, 3, 153, 153, 153
L -1057, -4167, 3, -1040, -4167, 3, 153, 153, 153
L -1040, -4167, 3, -1026, -4183, 2, 153, 153, 153
L -1026, -4183, 2, -1025, -4201, 4, 153, 153, 153
L -913, -4130, 33, -913, -4130, 3, 153, 153, 153
L -913, -4130, 3, -924, -4113, 2, 153, 153, 153
L -924, -4113, 2, -925, -4096, 2, 153, 153, 153
L -925, -4096, 2, -912, -4083, 2, 153, 153, 153
L -912, -4083, 2, -894, -4083, 2, 153, 153, 153
L -894, -4083, 2, -883, -4094, 2, 153, 153, 153
L -883, -4094, 2, -882, -4113, 2, 153, 153, 153
L -882, -4113, 2, -896, -4126, 3, 153, 153, 153
L -896, -4126, 3, -913, -4124, 3, 153, 153, 153
L -1453, -3998, 100, -1487, -4023, 10, 0, 153, 0
L -1487, -4023, 10, -1510, -3994, 10, 0, 153, 0
L -1510, -3994, 10, -1476, -3970, 10, 0, 153, 0
L -1476, -3970, 10, -1456, -3998, 10, 0, 153, 0
L -1450, -3951, 100, -1477, -3919, 10, 0, 153, 0
L -1477, -3919, 10, -1449, -3898, 10, 0, 153, 0
L -1449, -3898, 10, -1423, -3929, 10, 0, 153, 0
L -1423, -3929, 10, -1450, -3951, 10, 0, 153, 0
L -1404, -4000, 100, -1393, -4028, 10, 0, 0, 0
L -1393, -4028, 10, -1412, -4036, 10, 0, 0, 0
L -1412, -4036, 10, -1423, -4007, 10, 0, 0, 0
L -1423, -4007, 10, -1405, -4000, 10, 0, 0, 0
L -1392, -3958, 100, -1361, -3953, 10, 0, 0, 0
L -1361, -3953, 10, -1357, -3972, 10, 0, 0, 0
L -1357, -3972, 10, -1387, -3978, 10, 0, 0, 0
L -1387, -3978, 10, -1391, -3958, 10, 0, 0, 0
L -1298, -2867, 100, -1293, -2860, 10, 0, 0, 0
L -1293, -2860, 10, -1295, -2853, 10, 0, 0, 0
L -1295, -2853, 10, -1300, -2849, 10, 0, 0, 0
L -1300, -2849, 10, -1303, -2849, 10, 0, 0, 0
L -1303, -2849, 10, -1309, -2851, 10, 0, 0, 0
L -1309, -2851, 10, -1314, -2855, 10, 0, 0, 0
L -1314, -2855, 10, -1317, -2860, 10, 0, 0, 0
L -1317, -2860, 10, -1318, -2869, 10, 0, 0, 0
L -1318, -2869, 10, -1315, -2872, 10, 0, 0, 0
L -1315, -2872, 10, -1308, -2873, 10, 0, 0, 0
L -1308, -2873, 10, -1297, -2870, 10, 0, 0, 0
L -1264, -3092, 100, -1263, -3101, 10, 0, 0, 0
L -1263, -3101, 10, -1256, -3108, 10, 0, 0, 0
L -1256, -3108, 10, -1247, -3108, 10, 0, 0, 0
L -1247, -3108, 10, -1243, -3105, 10, 0, 0, 0
L -1243, -3105, 10, -1238, -3098, 10, 0, 0, 0
L -1238, -3098, 10, -1240, -3089, 10, 0, 0, 0
L -1240, -3089, 10, -1246, -3085, 10, 0, 0, 0
L -1246, -3085, 10, -1256, -3084, 10, 0, 0, 0
L -1256, -3084, 10, -1261, -3086, 10, 0, 0, 0
L -1261, -3086, 10, -1264, -3091, 10, 0, 0, 0
L -1259, -3076, 100, -1274, -3099, 10, 0, 0, 0
L -1274, -3099, 10, -1287, -3088, 10, 0, 0, 0
L -1287, -3088, 10, -1270, -3069, 10, 0, 0, 0
L -1270, -3069, 10, -1259, -3077, 10, 0, 0, 0
L -1244, -3064, 100, -1220, -3075, 10, 0, 0, 0
L -1220, -3075, 10, -1228, -3090, 10, 0, 0, 0
L -1228, -3090, 10, -1251, -3077, 10, 0, 0, 0
L -1251, -3077, 10, -1245, -3064, 10, 0, 0, 0
L -1260, -3052, 100, -1270, -3025, 10, 0, 0, 0
L -1270, -3025, 10, -1250, -3019, 10, 0, 0, 0
L -1250, -3019, 10, -1244, -3047, 10, 0, 0, 0
L -1244, -3047, 10, -1260, -3053, 10, 0, 0, 0
L -774, -2035, 100, -768, -1994, 10, 0, 0, 0
L -768, -1994, 10, -727, -2000, 10, 0, 0, 0
L -727, -2000, 10, -733, -2040, 10, 0, 0, 0
L -733, -2040, 10, -774, -2035, 10, 0, 0, 0
L -1906, -5133, 100, -1916, -5157, 10, 0, 153, 0
L -1916, -5157, 10, -1893, -5165, 10, 0, 153, 0
L -1893, -5165, 10, -1884, -5142, 10, 0, 153, 0
L -1884, -5142, 10, -1907, -5133, 10, 0, 153, 0
L -1852, -5140, 100, -1835, -5147, 10, 0, 153, 0
L -1835, -5147, 10, -1853, -5192, 10, 0, 153, 0
L -1853, -5192, 10, -1870, -5186, 10, 0, 153, 0
L -1870, -5186, 10, -1852, -5140, 10, 0, 153, 0
L -1755, -5050, 100, -1731, -5057, 10, 0, 153, 0
L -1731, -5057, 10, -1738, -5080, 10, 0, 153, 0
L -1738, -5080, 10, -1762, -5073, 10, 0, 153, 0
L -1762, -5073, 10, -1754, -5050, 10, 0, 153, 0
L -1780, -5102, 100, -1734, -5121, 10, 0, 153, 0
L -1734, -5121, 10, -1741, -5137, 10, 0, 153, 0
L -1741, -5137, 10, -1787, -5119, 10, 0, 153, 0
L -1787, -5119, 10, -1781, -5103, 10, 0, 153, 0
L -1637, -5237, 100, -1647, -5260, 10, 0, 153, 0
L -1647, -5260, 10, -1670, -5250, 10, 0, 153, 0
L -1670, -5250, 10, -1661, -5227, 10, 0, 153, 0
L -1661, -5227, 10, -1638, -5236, 10, 0, 153, 0
L -1700, -5195, 100, -1717, -5241, 10, 0, 153, 0
L -1717, -5241, 10, -1734, -5235, 10, 0, 153, 0
L -1734, -5235, 10, -1716, -5189, 10, 0, 153, 0
L -1716, -5189, 10, -1699, -5195, 10, 0, 153, 0
L -1820, -5314, 100, -1842, -5305, 10, 0, 153, 0
L -1842, -5305, 10, -1834, -5283, 10, 0, 153, 0
L -1834, -5283, 10, -1811, -5291, 10, 0, 153, 0
L -1811, -5291, 10, -1819, -5314, 10, 0, 153, 0
L -1788, -5267, 100, -1835, -5249, 10, 0, 153, 0
L -1835, -5249, 10, -1828, -5232, 10, 0, 153, 0
L -1828, -5232, 10, -1782, -5251, 10, 0, 153, 0
L -1782, -5251, 10, -1788, -5267, 10, 0, 153, 0
L -1775, -5213, 100, -1806, -5201, 10, 0, 153, 0
L -1806, -5201, 10, -1794, -5168, 10, 0, 153, 0
L -1794, -5168, 10, -1761, -5181, 10, 0, 153, 0
L -1761, -5181, 10, -1774, -5213, 10, 0, 153, 0
L -2304, -6351, 100, -2297, -6364, 10, 0, 0, 0
L -2297, -6364, 10, -2302, -6379, 10, 0, 0, 0
L -2302, -6379, 10, -2315, -6385, 10, 0, 0, 0
L -2315, -6385, 10, -2330, -6379, 10, 0, 0, 0
L -2330, -6379, 10, -2336, -6369, 10, 0, 0, 0
L -2336, -6369, 10, -2332, -6355, 10, 0, 0, 0
L -2332, -6355, 10, -2318, -6348, 10, 0, 0, 0
L -2286, -6329, 100, -2270, -6323, 10, 0, 0, 0
L -2270, -6323, 10, -2256, -6330, 10, 0, 0, 0
L -2256, -6330, 10, -2253, -6344, 10, 0, 0, 0
L -2253, -6344, 10, -2261, -6358, 10, 0, 0, 0
L -2261, -6358, 10, -2274, -6361, 10, 0, 0, 0
L -2274, -6361, 10, -2288, -6354, 10, 0, 0, 0
L -2288, -6354, 10, -2292, -6334, 10, 0, 0, 0
L -285, -1540, 100, -280, -1511, 10, 0, 0, 0
L -280, -1511, 10, -248, -1499, 10, 0, 0, 0
L -248, -1499, 10, -230, -1519, 10, 0, 0, 0
L -230, -1519, 10, -236, -1543, 10, 0, 0, 0
L -236, -1543, 10, -261, -1554, 10, 0, 0, 0
L -261, -1554, 10, -284, -1537, 10, 0, 0, 0
L -284, -1537, 10, -279, -1510, 10, 0, 0, 0
L -274, -1533, 100, -267, -1530, 10, 0, 0, 0
L -267, -1530, 10, -261, -1532, 10, 0, 0, 0
L -261, -1532, 10, -258, -1538, 10, 0, 0, 0
L -258, -1538, 10, -259, -1543, 10, 0, 0, 0
L -259, -1543, 10, -265, -1547, 10, 0, 0, 0
L -265, -1547, 10, -272, -1545, 10, 0, 0, 0
L -272, -1545, 10, -274, -1541, 10, 0, 0, 0
L -274, -1541, 10, -273, -1534, 10, 0, 0, 0
L 2274, 444, 100, 2274, 485, 10, 0, 0, 0
L 2274, 485, 10, 2316, 484, 10, 0, 0, 0
L 2316, 484, 10, 2316, 444, 10, 0, 0, 0
L 2316, 444, 10, 2274, 443, 10, 0, 0, 0
L 1612, 763, 100, 1600, 741, 10, 0, 0, 0
L 1600, 741, 10, 1590, 746, 10, 0, 0, 0
L 1590, 746, 10, 1600, 766, 10, 0, 0, 0
L 1600, 766, 10, 1594, 766, 10, 0, 0, 0
L 1594, 766, 10, 1568, 794, 10, 0, 0, 0
L 1568, 794, 10, 1562, 791, 10, 0, 0, 0
L 1562, 791, 10, 1553, 796, 10, 0, 0, 0
L 1553, 796, 10, 1564, 819, 10, 0, 0, 0
L 1564, 819, 10, 1582, 814, 10, 0, 0, 0
L 1582, 814, 10, 1598, 842, 10, 0, 0, 0
L 1598, 842, 10, 1623, 839, 10, 0, 0, 0
L 1623, 839, 10, 1646, 809, 10, 0, 0, 0
L 1646, 809, 10, 1644, 785, 10, 0, 0, 0
L 1644, 785, 10, 1620, 762, 10, 0, 0, 0
L 1620, 762, 10, 1612, 763, 10, 0, 0, 0
L 748, 981, 100, 752, 978, 10, 0, 153, 0
L 752, 978, 10, 752, 974, 10, 0, 153, 0
L 752, 974, 10, 748, 972, 10, 0, 153, 0
L 748, 972, 10, 744, 974, 10, 0, 153, 0
L 744, 974, 10, 744, 978, 10, 0, 153, 0
L 744, 978, 10, 749, 981, 10, 0, 153, 0
L 688, 975, 100, 677, 964, 10, 0, 0, 0
L 677, 964, 10, 663, 963, 10, 0, 0, 0
L 663, 963, 10, 652, 973, 10, 0, 0, 0
L 652, 973, 10, 652, 987, 10, 0, 0, 0
L 652, 987, 10, 662, 996, 10, 0, 0, 0
L 662, 996, 10, 676, 998, 10, 0, 0, 0
L 676, 998, 10, 687, 986, 10, 0, 0, 0
L 753, 930, 100, 759, 919, 10, 0, 0, 0
L 759, 919, 10, 757, 903, 10, 0, 0, 0
L 757, 903, 10, 742, 892, 10, 0, 0, 0
L 742, 892, 10, 730, 898, 10, 0, 0, 0
L 730, 898, 10, 722, 909, 10, 0, 0, 0
L 722, 909, 10, 725, 924, 10, 0, 0, 0
L 725, 924, 10, 738, 931, 10, 0, 0, 0
L 649, 39, 100, 658, 50, 10, 0, 153, 0
L 658, 50, 10, 666, 40, 10, 0, 153, 0
L 666, 40, 10, 654, 32, 10, 0, 153, 0
L 654, 32, 10, 650, 39, 10, 0, 153, 0
L 709, 42, 100, 708, 30, 10, 0, 153, 0
L 708, 30, 10, 718, 27, 10, 0, 153, 0
L 718, 27, 10, 720, 41, 10, 0, 153, 0
L 720, 41, 10, 709, 43, 10, 0, 153, 0
L 750, 68, 100, 761, 66, 10, 0, 153, 0
L 761, 66, 10, 759, 55, 10, 0, 153, 0
L 759, 55, 10, 746, 55, 10, 0, 153, 0
L 746, 55, 10, 750, 65, 10, 0, 153, 0
L 688, 42, 100, 703, 36, 10, 0, 153, 0
L 703, 36, 10, 697, 21, 10, 0, 153, 0
L 697, 21, 10, 682, 27, 10, 0, 153, 0
L 682, 27, 10, 688, 42, 10, 0, 153, 0
L -42, -70, 100, -34, -66, 10, 0, 153, 0
L -34, -66, 10, -28, -76, 10, 0, 153, 0
L -28, -76, 10, -36, -78, 10, 0, 153, 0
L -36, -78, 10, -45, -69, 10, 0, 153, 0
L -23, -33, 100, -34, -40, 10, 0, 153, 0
L -34, -40, 10, -38, -29, 10, 0, 153, 0
L -38, -29, 10, -27, -23, 10, 0, 153, 0
L -27, -23, 10, -23, -33, 10, 0, 153, 0
L -48, -10, 100, -50, -23, 10, 0, 153, 0
L -50, -23, 10, -59, -20, 10, 0, 153, 0
L -59, -20, 10, -58, -6, 10, 0, 153, 0
L -58, -6, 10, -47, -10, 10, 0, 153, 0
L -71, -39, 100, -74, -49, 10, 0, 153, 0
L -74, -49, 10, -85, -46, 10, 0, 153, 0
L -85, -46, 10, -82, -35, 10, 0, 153, 0
L -82, -35, 10, -71, -39, 10, 0, 153, 0
P 3099, -454, 0, 255, 255, 0, 2, Feerrott
P -246, -1545, 0, 255, 255, 255, 2, Monument
P -764, -4292, 0, 255, 255, 255, 2, Inn
P -1771, -5174, 0, 255, 255, 255, 2, Inactive_Druid_Ring
P -1357, -3857, 0, 255, 255, 255, 2, Gypies
P -2736, -3594, 0, 255, 255, 0, 2, Lake_Rathe
P 500, -3100, 0, 255, 255, 255, 2, Paladin_Camp
P 1450, -3900, 0, 255, 255, 255, 2, Inn
P -800, -4050, 0, 255, 255, 255, 2, Gems_Merchant
P 2450, 600, 0, 255, 255, 255, 2, Undead
P 1800, 980, 0, 255, 255, 255, 2, Undead
P -1831, -3825, 0, 255, 255, 255, 2, Succor_Point
