L 1169.9304, 0, 0, -2712.4688, 0, 0, 140, 140, 140
L  0,2664.7512, 0, 0, -2573.0286, 0, 140, 140, 140
L 500, 2664.7512, 0, 500, -2573.0286, 0, 220, 220, 220
L 1000, 2664.7512, 0, 1000, -2573.0286, 0, 220, 220, 220
L -500, 2664.7512, 0, -500, -2573.0286, 0, 220, 220, 220
L -1000, 2664.7512, 0, -1000, -2573.0286, 0, 220, 220, 220
L -1500, 2664.7512, 0, -1500, -2573.0286, 0, 220, 220, 220
L -2000, 2664.7512, 0, -2000, -2573.0286, 0, 220, 220, 220
L -2500, 2664.7512, 0, -2500, -2573.0286, 0, 220, 220, 220
L 1169.9304, 500, 0, -2712.4688, 500, 0, 220, 220, 220
L 1169.9304, 1000, 0, -2712.4688, 1000, 0, 220, 220, 220
L 1169.9304, 1500, 0, -2712.4688, 1500, 0, 220, 220, 220
L 1169.9304, 2000, 0, -2712.4688, 2000, 0, 220, 220, 220
L 1169.9304, 2500, 0, -2712.4688, 2500, 0, 220, 220, 220
L 1169.9304, -500, 0, -2712.4688, -500, 0, 220, 220, 220
L 1169.9304, -1000, 0, -2712.4688, -1000, 0, 220, 220, 220
L 1169.9304, -1500, 0, -2712.4688, -1500, 0, 220, 220, 220
L 1169.9304, -2000, 0, -2712.4688, -2000, 0, 220, 220, 220
L 1169.9304, -2500, 0, -2712.4688, -2500, 0, 220, 220, 220
P 1179.9304, 5, 0, 0, 0, 0, 3, 0
P 5,2674.7512, 0, 0, 0, 0, 3, 0
P 505,2674.7512, 0, 0, 0, 0, 3, 500
P 1005,2674.7512, 0, 0, 0, 0, 3, 1000
P -495,2674.7512, 0, 0, 0, 0, 3, -500
P -995,2674.7512, 0, 0, 0, 0, 3, -1000
P -1495,2674.7512, 0, 0, 0, 0, 3, -1500
P -1995,2674.7512, 0, 0, 0, 0, 3, -2000
P -2495,2674.7512, 0, 0, 0, 0, 3, -2500
P 1179.9304, 505, 0, 0, 0, 0, 3, 500
P 1179.9304, 1005, 0, 0, 0, 0, 3, 1000
P 1179.9304, 1505, 0, 0, 0, 0, 3, 1500
P 1179.9304, 2005, 0, 0, 0, 0, 3, 2000
P 1179.9304, 2505, 0, 0, 0, 0, 3, 2500
P 1179.9304, -495, 0, 0, 0, 0, 3, -500
P 1179.9304, -995, 0, 0, 0, 0, 3, -1000
P 1179.9304, -1495, 0, 0, 0, 0, 3, -1500
P 1179.9304, -1995, 0, 0, 0, 0, 3, -2000
P 1179.9304, -2495, 0, 0, 0, 0, 3, -2500
