L -1599, 1031, -748, -1593, 1018, -74, 153, 153, 153
L -1593, 1018, -74, -1501, 1017, -74, 153, 153, 153
L -1501, 1017, -74, -1482, 979, -74, 153, 153, 153
L -1482, 979, -74, -1481, 938, -74, 153, 153, 153
L -1481, 938, -74, -1370, 937, -74, 153, 153, 153
L -1370, 937, -74, -1378, 922, -74, 153, 153, 153
L -1378, 922, -74, -1356, 905, -74, 153, 153, 153
L -1356, 905, -74, -1332, 901, -74, 153, 153, 153
L -1332, 901, -74, -1332, 840, -77, 153, 153, 153
L -1332, 840, -77, -1341, 811, -77, 153, 153, 153
L -1341, 811, -77, -1365, 810, -77, 153, 153, 153
L -1365, 810, -77, -1365, 767, -69, 153, 153, 153
L -1365, 767, -69, -1359, 746, -64, 153, 153, 153
L -1359, 746, -64, -1350, 728, -64, 153, 153, 153
L -1350, 728, -64, -1346, 708, -64, 153, 153, 153
L -1346, 708, -64, -1345, 689, -64, 153, 153, 153
L -1345, 689, -64, -1313, 687, -64, 153, 153, 153
L -1313, 687, -64, -1316, 672, -64, 153, 153, 153
L -1316, 672, -64, -1337, 622, -55, 153, 153, 153
L -1337, 622, -55, -1341, 601, -55, 153, 153, 153
L -1341, 601, -55, -1362, 578, -55, 153, 153, 153
L -1362, 578, -55, -1362, 502, -52, 153, 153, 153
L -1362, 502, -52, -1356, 482, -52, 153, 153, 153
L -1356, 482, -52, -1356, 446, -52, 153, 153, 153
L -1356, 446, -52, -1361, 405, -52, 153, 153, 153
L -1361, 405, -52, -1368, 393, -52, 153, 153, 153
L -1368, 393, -52, -1381, 395, -52, 153, 153, 153
L -1381, 395, -52, -1388, 394, -52, 153, 153, 153
L -1388, 394, -52, -1396, 391, -52, 153, 153, 153
L -1396, 391, -52, -1404, 384, -52, 153, 153, 153
L -1404, 384, -52, -1429, 384, -52, 153, 153, 153
L -1429, 384, -52, -1430, 470, -45, 153, 153, 153
L -1430, 470, -45, -1454, 471, -44, 153, 153, 153
L -1454, 471, -44, -1455, 498, -44, 153, 153, 153
L -1632, 1010, -748, -1622, 991, -74, 153, 153, 153
L -1622, 991, -74, -1530, 990, -74, 153, 153, 153
L -1530, 990, -74, -1508, 947, -74, 153, 153, 153
L -1508, 947, -74, -1510, 936, -74, 153, 153, 153
L -1510, 936, -74, -1592, 910, -74, 153, 153, 153
L -1592, 910, -74, -1648, 909, -74, 153, 153, 153
L -1648, 909, -74, -1670, 856, -74, 153, 153, 153
L -1670, 856, -74, -1690, 831, -69, 153, 153, 153
L -1690, 831, -69, -1717, 797, -61, 153, 153, 153
L -1717, 797, -61, -1728, 743, -61, 153, 153, 153
L -1728, 743, -61, -1746, 705, -61, 153, 153, 153
L -1746, 705, -61, -1748, 690, -57, 153, 153, 153
L -1748, 690, -57, -1759, 686, -56, 153, 153, 153
L -1759, 686, -56, -1799, 685, -56, 153, 153, 153
L -1799, 685, -56, -1819, 647, -56, 153, 153, 153
L -1819, 647, -56, -1819, 610, -56, 153, 153, 153
L -1819, 610, -56, -1818, 571, -56, 153, 153, 153
L -1818, 571, -56, -1815, 570, -56, 153, 153, 153
L -1815, 570, -56, -1814, 531, -56, 153, 153, 153
L -1814, 531, -56, -1809, 520, -56, 153, 153, 153
L -1809, 520, -56, -1798, 510, -56, 153, 153, 153
L -1798, 510, -56, -1796, 484, -56, 153, 153, 153
L -1796, 484, -56, -1793, 483, -56, 153, 153, 153
L -1793, 483, -56, -1793, 456, -56, 153, 153, 153
L -1793, 456, -56, -1792, 431, -56, 153, 153, 153
L -1792, 431, -56, -1731, 430, -56, 153, 153, 153
L -1731, 430, -56, -1730, 366, -56, 153, 153, 153
L -1730, 366, -56, -1703, 366, -56, 153, 153, 153
L -1703, 366, -56, -1701, 382, -56, 153, 153, 153
L -1701, 382, -56, -1661, 382, -56, 153, 153, 153
L -1661, 382, -56, -1609, 384, -56, 153, 153, 153
L -1609, 384, -56, -1607, 321, -56, 153, 153, 153
L -1607, 321, -56, -1580, 321, -56, 153, 153, 153
L -1580, 321, -56, -1575, 300, -56, 153, 153, 153
L -1575, 300, -56, -1569, 285, -56, 153, 153, 153
L -1569, 285, -56, -1570, 258, -56, 153, 153, 153
L -1570, 258, -56, -1579, 256, -56, 153, 153, 153
L -1579, 256, -56, -1583, 262, -56, 153, 153, 153
L -1583, 262, -56, -1599, 262, -56, 153, 153, 153
L -1599, 262, -56, -1598, 257, -56, 153, 153, 153
L -1598, 257, -56, -1599, 253, -56, 153, 153, 153
L -1599, 253, -56, -1602, 254, -56, 153, 153, 153
L -1602, 254, -56, -1608, 255, -56, 153, 153, 153
L -1608, 255, -56, -1606, 140, -56, 153, 153, 153
L -1606, 140, -56, -1595, 137, -56, 153, 153, 153
L -1595, 137, -56, -1589, 134, -56, 153, 153, 153
L -1589, 134, -56, -1583, 130, -56, 153, 153, 153
L -1583, 130, -56, -1579, 128, -56, 153, 153, 153
L -1579, 128, -56, -1573, 117, -56, 153, 153, 153
L -1573, 117, -56, -1561, 116, -56, 153, 153, 153
L -1561, 116, -56, -1558, 105, -56, 153, 153, 153
L -1558, 105, -56, -1576, 64, -56, 153, 153, 153
L -1576, 64, -56, -1587, 19, -56, 153, 153, 153
L -1587, 19, -56, -1588, -50, -55, 153, 153, 153
L -1588, -50, -55, -1777, -51, -55, 153, 153, 153
L -1777, -51, -55, -1778, -247, -55, 153, 153, 153
L -1778, -247, -55, -1399, -249, -55, 153, 153, 153
L -1399, -249, -55, -1398, -298, -55, 153, 153, 153
L -1398, -298, -55, -1338, -300, -55, 153, 153, 153
L -1338, -300, -55, -1338, -396, -55, 153, 153, 153
L -1338, -396, -55, -1332, -397, -55, 153, 153, 153
L -1332, -397, -55, -1332, -401, -55, 153, 153, 153
L -1332, -401, -55, -1376, -402, -55, 153, 153, 153
L -1376, -402, -55, -1376, -447, -55, 153, 153, 153
L -1376, -447, -55, -1381, -447, -55, 153, 153, 153
L -1381, -447, -55, -1382, -402, -55, 153, 153, 153
L -1382, -402, -55, -1426, -402, -55, 153, 153, 153
L -1426, -402, -55, -1426, -468, -55, 153, 153, 153
L -1426, -468, -55, -1382, -468, -55, 153, 153, 153
L -1382, -468, -55, -1381, -458, -55, 153, 153, 153
L -1381, -458, -55, -1377, -459, -55, 153, 153, 153
L -1377, -459, -55, -1376, -468, -55, 153, 153, 153
L -1376, -468, -55, -1312, -468, -50, 153, 153, 153
L -1312, -468, -50, -1313, -402, -55, 153, 153, 153
L -1313, -402, -55, -1322, -401, -55, 153, 153, 153
L -1322, -401, -55, -1321, -396, -55, 153, 153, 153
L -1321, -396, -55, -1183, -396, -55, 153, 153, 153
L -1183, -396, -55, -1183, -325, -55, 153, 153, 153
L -1183, -325, -55, -1152, -324, -55, 153, 153, 153
L -1152, -324, -55, -1152, -310, -55, 153, 153, 153
L -1152, -310, -55, -1120, -271, -55, 153, 153, 153
L -1120, -271, -55, -1072, -271, -51, 153, 153, 153
L -1072, -271, -51, -1072, -223, -55, 153, 153, 153
L -1072, -223, -55, -1074, -222, -55, 153, 153, 153
L -1074, -222, -55, -1073, -215, -55, 153, 153, 153
L -1073, -215, -55, -1072, -214, -55, 153, 153, 153
L -1072, -214, -55, -1070, -164, -55, 153, 153, 153
L -1070, -164, -55, -999, -165, -55, 153, 153, 153
L -999, -165, -55, -998, -228, -55, 153, 153, 153
L -998, -228, -55, -945, -227, -55, 153, 153, 153
L -945, -227, -55, -944, -217, -55, 153, 153, 153
L -944, -217, -55, -905, -217, -55, 153, 153, 153
L -905, -217, -55, -915, -211, -55, 153, 153, 153
L -915, -211, -55, -919, -204, -55, 153, 153, 153
L -907, -180, -558, -895, -179, -55, 153, 153, 153
L -895, -179, -55, -887, -183, -55, 153, 153, 153
L -887, -183, -55, -880, -198, -55, 153, 153, 153
L -880, -198, -55, -885, -210, -55, 153, 153, 153
L -885, -210, -55, -896, -217, -55, 153, 153, 153
L -896, -217, -55, -872, -217, -55, 153, 153, 153
L -872, -217, -55, -872, -151, -55, 153, 153, 153
L -872, -151, -55, -846, -71, -50, 153, 153, 153
L -846, -71, -50, -772, -71, -44, 153, 153, 153
L -772, -71, -44, -771, -217, -64, 153, 153, 153
L -771, -217, -64, -749, -218, -64, 153, 153, 153
L -749, -218, -64, -749, -290, -100, 153, 153, 153
L -749, -290, -100, -808, -291, -100, 153, 153, 153
L -662, -305, -1008, -662, -291, -100, 153, 153, 153
L -662, -291, -100, -720, -291, -100, 153, 153, 153
L -720, -291, -100, -721, -218, -64, 153, 153, 153
L -721, -218, -64, -692, -217, -64, 153, 153, 153
L -692, -217, -64, -691, -99, -64, 153, 153, 153
L -691, -99, -64, -649, -99, -44, 153, 153, 153
L -689, -216, -448, -669, -217, -44, 153, 153, 153
L -669, -217, -44, -669, -162, -44, 153, 153, 153
L -669, -162, -44, -677, -161, -44, 153, 153, 153
L -677, -161, -44, -677, -113, -44, 153, 153, 153
L -677, -113, -44, -656, -114, -44, 153, 153, 153
L -656, -114, -44, -657, -119, -44, 153, 153, 153
L -657, -119, -44, -670, -120, -44, 153, 153, 153
L -670, -120, -44, -670, -154, -44, 153, 153, 153
L -670, -154, -44, -627, -154, -44, 153, 153, 153
L -627, -154, -44, -627, -120, -43, 153, 153, 153
L -627, -120, -43, -645, -119, -44, 153, 153, 153
L -645, -119, -44, -645, -113, -44, 153, 153, 153
L -645, -113, -44, -622, -112, -44, 153, 153, 153
L -622, -112, -44, -620, -98, -43, 153, 153, 153
L -620, -98, -43, -593, -100, -28, 153, 153, 153
L -591, -80, -289, -621, -81, -44, 153, 153, 153
L -621, -81, -44, -622, -28, -41, 153, 153, 153
L -622, -28, -41, -678, -26, -44, 153, 153, 153
L -678, -26, -44, -679, -48, -44, 153, 153, 153
L -679, -48, -44, -773, -48, -44, 153, 153, 153
L -773, -48, -44, -774, -51, -44, 153, 153, 153
L -774, -51, -44, -835, -51, -44, 153, 153, 153
L -835, -51, -44, -837, -39, -55, 153, 153, 153
L -837, -39, -55, -906, -39, -55, 153, 153, 153
L -906, -39, -55, -906, -49, -55, 153, 153, 153
L -906, -49, -55, -918, -51, -55, 153, 153, 153
L -918, -51, -55, -919, -71, -55, 153, 153, 153
L -919, -71, -55, -1004, -111, -55, 153, 153, 153
L -1004, -111, -55, -1004, -117, -55, 153, 153, 153
L -1004, -117, -55, -1005, -118, -55, 153, 153, 153
L -1005, -118, -55, -1005, -138, -55, 153, 153, 153
L -1005, -138, -55, -1011, -144, -55, 153, 153, 153
L -1011, -144, -55, -1063, -143, -55, 153, 153, 153
L -1063, -143, -55, -1064, -112, -55, 153, 153, 153
L -1064, -112, -55, -1078, -112, -55, 153, 153, 153
L -1078, -112, -55, -1071, -118, -55, 153, 153, 153
L -1071, -118, -55, -1071, -129, -55, 153, 153, 153
L -1071, -129, -55, -1079, -139, -55, 153, 153, 153
L -1079, -139, -55, -1086, -139, -55, 153, 153, 153
L -1086, -139, -55, -1094, -136, -55, 153, 153, 153
L -1099, -125, -558, -1097, -116, -55, 153, 153, 153
L -1097, -116, -55, -1092, -112, -55, 153, 153, 153
L -1092, -112, -55, -1115, -111, -55, 153, 153, 153
L -1115, -111, -55, -1151, -52, -55, 153, 153, 153
L -1151, -52, -55, -1551, -52, -55, 153, 153, 153
L -1551, -52, -55, -1552, 15, -56, 153, 153, 153
L -1552, 15, -56, -1532, 59, -56, 153, 153, 153
L -1532, 59, -56, -1531, 116, -56, 153, 153, 153
L -1531, 116, -56, -1487, 135, -56, 153, 153, 153
L -1487, 135, -56, -1487, 189, -55, 153, 153, 153
L -1487, 189, -55, -1476, 217, -45, 153, 153, 153
L -1476, 217, -45, -1483, 233, -39, 153, 153, 153
L -1483, 233, -39, -1485, 243, -36, 153, 153, 153
L -1485, 243, -36, -1485, 262, -35, 153, 153, 153
L -1485, 262, -35, -1552, 264, -33, 153, 153, 153
L -1552, 264, -33, -1551, 280, -33, 153, 153, 153
L -1551, 280, -33, -1530, 282, -33, 153, 153, 153
L -1530, 282, -33, -1529, 284, -33, 153, 153, 153
L -1529, 284, -33, -1522, 289, -33, 153, 153, 153
L -1522, 289, -33, -1522, 293, -33, 153, 153, 153
L -1522, 293, -33, -1525, 298, -33, 153, 153, 153
L -1525, 298, -33, -1527, 309, -33, 153, 153, 153
L -1527, 309, -33, -1521, 322, -33, 153, 153, 153
L -1521, 322, -33, -1511, 324, -33, 153, 153, 153
L -1511, 324, -33, -1506, 314, -33, 153, 153, 153
L -1506, 314, -33, -1502, 305, -33, 153, 153, 153
L -1502, 305, -33, -1501, 301, -33, 153, 153, 153
L -1501, 301, -33, -1479, 301, -33, 153, 153, 153
L -1479, 301, -33, -1478, 328, -33, 153, 153, 153
L -1478, 328, -33, -1433, 329, -27, 153, 153, 153
L -1433, 329, -27, -1432, 383, -33, 153, 153, 153
L -1432, 383, -33, -1432, 462, -33, 153, 153, 153
L -1432, 462, -33, -1431, 469, -33, 153, 153, 153
L -1470, 469, -338, -1468, 509, -44, 153, 153, 153
L -1468, 509, -44, -1452, 536, -44, 153, 153, 153
L -1452, 536, -44, -1410, 537, -50, 153, 153, 153
L -1410, 537, -50, -1410, 544, -53, 153, 153, 153
L -1410, 544, -53, -1464, 544, -50, 153, 153, 153
L -1464, 544, -50, -1481, 509, -49, 153, 153, 153
L -1481, 509, -49, -1492, 469, -41, 153, 153, 153
L -1492, 469, -41, -1490, 434, -33, 153, 153, 153
L -1490, 434, -33, -1490, 370, -33, 153, 153, 153
L -1378, 789, -778, -1370, 769, -69, 153, 153, 153
L -1370, 769, -69, -1373, 749, -64, 153, 153, 153
L -1373, 749, -64, -1364, 730, -64, 153, 153, 153
L -1364, 730, -64, -1358, 709, -64, 153, 153, 153
L -1358, 709, -64, -1360, 687, -64, 153, 153, 153
L -1360, 687, -64, -1449, 687, -59, 153, 153, 153
L -1449, 687, -59, -1449, 631, -53, 153, 153, 153
L -1449, 631, -53, -1420, 630, -53, 153, 153, 153
L -1420, 630, -53, -1421, 577, -50, 153, 153, 153
L -1421, 577, -50, -1479, 575, -50, 153, 153, 153
L -1479, 575, -50, -1479, 549, -49, 153, 153, 153
L -1479, 549, -49, -1500, 508, -49, 153, 153, 153
L -1500, 508, -49, -1508, 475, -43, 153, 153, 153
L -1508, 475, -43, -1509, 451, -38, 153, 153, 153
L -1509, 451, -38, -1509, 394, -33, 153, 153, 153
L -1509, 394, -33, -1508, 365, -33, 153, 153, 153
L -1508, 365, -33, -1534, 348, -33, 153, 153, 153
L -1534, 348, -33, -1535, 298, -33, 153, 153, 153
L -1535, 298, -33, -1563, 297, -33, 153, 153, 153
L -1563, 297, -33, -1568, 289, -33, 153, 153, 153
L -1568, 289, -33, -1569, 263, -33, 153, 153, 153
L -1569, 263, -33, -1608, 262, -33, 153, 153, 153
L -1608, 262, -33, -1608, 245, -33, 153, 153, 153
L -1608, 245, -33, -1608, 163, -56, 153, 153, 153
L -1608, 163, -56, -1606, 140, -56, 153, 153, 153
L -1606, 140, -56, -1586, 133, -56, 153, 153, 153
L -1586, 133, -56, -1579, 128, -56, 153, 153, 153
L -1579, 128, -56, -1574, 117, -56, 153, 153, 153
L -1551, 263, -568, -1552, 284, -56, 153, 153, 153
L -1552, 284, -56, -1557, 297, -56, 153, 153, 153
L -1557, 297, -56, -1562, 323, -56, 153, 153, 153
L -1562, 323, -56, -1574, 337, -56, 153, 153, 153
L -1574, 337, -56, -1591, 346, -56, 153, 153, 153
L -1591, 346, -56, -1562, 346, -56, 153, 153, 153
L -1562, 346, -56, -1561, 460, -56, 153, 153, 153
L -1561, 460, -56, -1542, 479, -56, 153, 153, 153
L -1542, 479, -56, -1541, 570, -56, 153, 153, 153
L -1541, 570, -56, -1528, 570, -51, 153, 153, 153
L -1528, 570, -51, -1527, 513, -50, 153, 153, 153
L -1527, 513, -50, -1498, 546, -57, 153, 153, 153
L -1498, 546, -57, -1487, 548, -55, 153, 153, 153
L -1487, 548, -55, -1487, 572, -55, 153, 153, 153
L -1487, 572, -55, -1498, 573, -59, 153, 153, 153
L -1498, 573, -59, -1497, 664, -59, 153, 153, 153
L -1497, 664, -59, -1489, 668, -59, 153, 153, 153
L -1489, 668, -59, -1489, 709, -59, 153, 153, 153
L -1489, 709, -59, -1531, 710, -59, 153, 153, 153
L -1531, 710, -59, -1532, 695, -59, 153, 153, 153
L -1532, 695, -59, -1561, 695, -61, 153, 153, 153
L -1561, 695, -61, -1561, 840, -71, 153, 153, 153
L -1561, 840, -71, -1545, 859, -74, 153, 153, 153
L -1545, 859, -74, -1530, 858, -75, 153, 153, 153
L -1530, 858, -75, -1519, 852, -75, 153, 153, 153
L -1519, 852, -75, -1511, 842, -77, 153, 153, 153
L -1511, 842, -77, -1508, 833, -77, 153, 153, 153
L -1508, 833, -77, -1442, 814, -77, 153, 153, 153
L -1442, 814, -77, -1379, 810, -77, 153, 153, 153
L -1379, 810, -77, -1378, 789, -77, 153, 153, 153
L -1661, 656, -568, -1720, 627, -56, 153, 153, 153
L -1720, 627, -56, -1750, 571, -56, 153, 153, 153
L -1750, 571, -56, -1750, 541, -56, 153, 153, 153
L -1750, 541, -56, -1720, 487, -56, 153, 153, 153
L -1720, 487, -56, -1662, 457, -56, 153, 153, 153
L -1639, 458, -568, -1579, 488, -56, 153, 153, 153
L -1579, 488, -56, -1550, 541, -56, 153, 153, 153
L -1550, 541, -56, -1550, 574, -56, 153, 153, 153
L -1550, 574, -56, -1579, 626, -56, 153, 153, 153
L -1579, 626, -56, -1638, 656, -56, 153, 153, 153
L -1760, -110, -558, -1380, -110, -55, 0, 0, 255
L -1380, -110, -55, -1380, -230, -55, 0, 0, 255
L -1380, -230, -55, -1759, -230, -55, 0, 0, 255
L -1759, -230, -55, -1759, -110, -55, 0, 0, 255
L -1760, -160, -558, -1590, -160, -57, 153, 153, 153
L -1590, -160, -57, -1590, -150, -58, 153, 153, 153
L -1590, -150, -58, -1579, -150, -57, 153, 153, 153
L -1579, -150, -57, -1579, -110, -55, 153, 153, 153
L -1561, -110, -558, -1560, -150, -57, 153, 153, 153
L -1560, -150, -57, -1550, -150, -59, 153, 153, 153
L -1550, -150, -59, -1550, -160, -58, 153, 153, 153
L -1550, -160, -58, -1492, -158, -66, 153, 153, 153
L -1492, -158, -66, -1491, -154, -68, 153, 153, 153
L -1491, -154, -68, -1459, -154, -69, 153, 153, 153
L -1459, -154, -69, -1460, -187, -70, 153, 153, 153
L -1460, -187, -70, -1492, -185, -70, 153, 153, 153
L -1492, -185, -70, -1492, -182, -67, 153, 153, 153
L -1492, -182, -67, -1548, -182, -65, 153, 153, 153
L -1548, -182, -65, -1549, -191, -70, 153, 153, 153
L -1549, -191, -70, -1558, -192, -64, 153, 153, 153
L -1558, -192, -64, -1558, -228, -65, 153, 153, 153
L -1580, -230, -558, -1578, -189, -58, 153, 153, 153
L -1578, -189, -58, -1589, -190, -58, 153, 153, 153
L -1589, -190, -58, -1589, -180, -58, 153, 153, 153
L -1589, -180, -58, -1757, -180, -57, 153, 153, 153
L -1352, -252, -558, -1371, -251, -55, 153, 153, 153
L -1371, -251, -55, -1371, -130, -55, 153, 153, 153
L -1371, -130, -55, -1352, -128, -55, 153, 153, 153
L -1352, -128, -55, -1350, -118, -55, 153, 153, 153
L -1350, -118, -55, -1342, -118, -55, 153, 153, 153
L -1342, -118, -55, -1341, -99, -55, 153, 153, 153
L -1341, -99, -55, -1179, -99, -55, 153, 153, 153
L -1179, -99, -55, -1178, -118, -55, 153, 153, 153
L -1178, -118, -55, -1169, -119, -55, 153, 153, 153
L -1169, -119, -55, -1168, -128, -55, 153, 153, 153
L -1168, -128, -55, -1149, -129, -55, 153, 153, 153
L -1149, -129, -55, -1149, -182, -55, 153, 153, 153
L -1149, -182, -55, -1161, -181, -55, 153, 153, 153
L -1161, -181, -55, -1162, -142, -55, 153, 153, 153
L -1162, -142, -55, -1181, -141, -55, 153, 153, 153
L -1181, -141, -55, -1182, -132, -55, 153, 153, 153
L -1182, -132, -55, -1192, -130, -55, 153, 153, 153
L -1192, -130, -55, -1192, -112, -55, 153, 153, 153
L -1192, -112, -55, -1328, -112, -55, 153, 153, 153
L -1328, -112, -55, -1329, -131, -55, 153, 153, 153
L -1329, -131, -55, -1338, -132, -55, 153, 153, 153
L -1338, -132, -55, -1340, -141, -55, 153, 153, 153
L -1340, -141, -55, -1358, -142, -55, 153, 153, 153
L -1358, -142, -55, -1358, -238, -55, 153, 153, 153
L -1358, -238, -55, -1339, -239, -55, 153, 153, 153
L -1339, -239, -55, -1338, -248, -55, 153, 153, 153
L -1338, -248, -55, -1329, -249, -55, 153, 153, 153
L -1329, -249, -55, -1328, -268, -55, 153, 153, 153
L -1328, -268, -55, -1192, -268, -55, 153, 153, 153
L -1192, -268, -55, -1191, -249, -55, 153, 153, 153
L -1191, -249, -55, -1182, -248, -55, 153, 153, 153
L -1182, -248, -55, -1181, -239, -55, 153, 153, 153
L -1181, -239, -55, -1162, -238, -55, 153, 153, 153
L -1162, -238, -55, -1161, -199, -55, 153, 153, 153
L -1161, -199, -55, -1149, -199, -55, 153, 153, 153
L -1149, -199, -55, -1149, -251, -55, 153, 153, 153
L -1149, -251, -55, -1168, -252, -55, 153, 153, 153
L -1168, -252, -55, -1169, -261, -55, 153, 153, 153
L -1169, -261, -55, -1178, -262, -55, 153, 153, 153
L -1178, -262, -55, -1179, -281, -55, 153, 153, 153
L -1179, -281, -55, -1341, -281, -55, 153, 153, 153
L -1341, -281, -55, -1342, -262, -55, 153, 153, 153
L -1342, -262, -55, -1352, -260, -55, 153, 153, 153
L -1352, -260, -55, -1352, -252, -55, 153, 153, 153
L -1262, -374, -558, -1321, -373, -55, 153, 153, 153
L -1321, -373, -55, -1321, -329, -55, 153, 153, 153
L -1321, -329, -55, -1197, -329, -55, 153, 153, 153
L -1197, -329, -55, -1197, -384, -55, 153, 153, 153
L -1197, -384, -55, -1261, -384, -55, 153, 153, 153
L -1261, -384, -55, -1262, -373, -55, 153, 153, 153
L -808, -291, -1008, -808, -300, -100, 153, 153, 153
L -781, -319, -1008, -689, -319, -100, 153, 153, 153
L 91, -818, -908, 116, -819, -90, 153, 153, 153
L 116, -819, -90, 116, -837, -87, 153, 153, 153
L 116, -837, -87, 83, -838, -87, 153, 153, 153
L 83, -838, -87, 63, -861, -87, 153, 153, 153
L 63, -861, -87, 33, -862, -87, 153, 153, 153
L 33, -862, -87, -1, -897, -87, 153, 153, 153
L -1, -897, -87, -2, -1011, -87, 153, 153, 153
L -2, -1011, -87, -32, -1010, -75, 153, 153, 153
L -32, -1010, -75, -32, -1002, -75, 153, 153, 153
L -32, -1002, -75, -40, -1001, -75, 153, 153, 153
L -40, -1001, -75, -41, -975, -61, 153, 153, 153
L -41, -975, -61, -26, -975, -61, 153, 153, 153
L -26, -975, -61, -26, -1001, -46, 153, 153, 153
L -26, -1001, -46, -26, -1065, -59, 153, 153, 153
L -26, -1065, -59, -41, -1065, -61, 153, 153, 153
L -41, -1065, -61, -41, -1039, -75, 153, 153, 153
L -41, -1039, -75, -32, -1038, -75, 153, 153, 153
L -32, -1038, -75, -31, -1029, -75, 153, 153, 153
L -31, -1029, -75, -2, -1029, -87, 153, 153, 153
L -2, -1029, -87, -1, -1089, -87, 153, 153, 153
L -1, -1089, -87, 51, -1142, -87, 153, 153, 153
L 51, -1142, -87, 115, -1143, -87, 153, 153, 153
L 115, -1143, -87, 115, -1219, -87, 153, 153, 153
L 115, -1219, -87, 51, -1220, -92, 153, 153, 153
L 51, -1220, -92, 11, -1292, -92, 153, 153, 153
L 11, -1292, -92, 10, -1335, -98, 153, 153, 153
L 10, -1335, -98, -30, -1335, -98, 153, 153, 153
L -30, -1335, -98, -31, -1315, -98, 153, 153, 153
L -31, -1315, -98, -33, -1314, -98, 153, 153, 153
L -33, -1314, -98, -34, -1312, -98, 153, 153, 153
L -34, -1312, -98, -92, -1312, -98, 153, 153, 153
L -92, -1312, -98, -93, -1314, -98, 153, 153, 153
L -93, -1314, -98, -95, -1315, -98, 153, 153, 153
L -95, -1315, -98, -97, -1339, -98, 153, 153, 153
L -97, -1339, -98, -103, -1340, -98, 153, 153, 153
L -103, -1340, -98, -103, -1316, -98, 153, 153, 153
L -103, -1316, -98, -126, -1316, -98, 153, 153, 153
L -126, -1316, -98, -126, -1372, -98, 153, 153, 153
L -126, -1372, -98, -103, -1372, -98, 153, 153, 153
L -103, -1372, -98, -102, -1350, -98, 153, 153, 153
L -102, -1350, -98, -96, -1350, -98, 153, 153, 153
L -96, -1350, -98, -95, -1373, -98, 153, 153, 153
L -95, -1373, -98, -93, -1374, -98, 153, 153, 153
L -93, -1374, -98, -92, -1376, -98, 153, 153, 153
L -92, -1376, -98, -72, -1377, -98, 153, 153, 153
L -72, -1377, -98, -72, -1439, -98, 153, 153, 153
L -72, -1439, -98, -95, -1440, -98, 153, 153, 153
L -95, -1440, -98, -95, -1496, -98, 153, 153, 153
L -95, -1496, -98, -55, -1496, -98, 153, 153, 153
L -55, -1496, -98, -54, -1377, -98, 153, 153, 153
L -54, -1377, -98, -34, -1376, -98, 153, 153, 153
L -34, -1376, -98, -33, -1374, -98, 153, 153, 153
L -33, -1374, -98, -31, -1373, -98, 153, 153, 153
L -31, -1373, -98, -30, -1353, -98, 153, 153, 153
L -30, -1353, -98, 10, -1353, -98, 153, 153, 153
L 10, -1353, -98, 11, -1508, -98, 153, 153, 153
L 11, -1508, -98, 233, -1508, -98, 153, 153, 153
L 233, -1508, -98, 234, -1353, -98, 153, 153, 153
L 234, -1353, -98, 279, -1353, -98, 153, 153, 153
L 279, -1353, -98, 280, -1376, -98, 153, 153, 153
L 280, -1376, -98, 344, -1376, -98, 153, 153, 153
L 344, -1376, -98, 344, -1312, -98, 153, 153, 153
L 344, -1312, -98, 280, -1312, -98, 153, 153, 153
L 280, -1312, -98, 279, -1335, -98, 153, 153, 153
L 279, -1335, -98, 234, -1335, -98, 153, 153, 153
L 234, -1335, -98, 233, -1292, -92, 153, 153, 153
L 233, -1292, -92, 197, -1220, -92, 153, 153, 153
L 197, -1220, -92, 139, -1219, -87, 153, 153, 153
L 139, -1219, -87, 139, -1143, -87, 153, 153, 153
L 139, -1143, -87, 197, -1142, -87, 153, 153, 153
L 197, -1142, -87, 250, -1089, -87, 153, 153, 153
L 250, -1089, -87, 251, -1029, -87, 153, 153, 153
L 251, -1029, -87, 280, -1029, -75, 153, 153, 153
L 280, -1029, -75, 281, -1038, -75, 153, 153, 153
L 281, -1038, -75, 290, -1039, -75, 153, 153, 153
L 290, -1039, -75, 290, -1065, -61, 153, 153, 153
L 290, -1065, -61, 275, -1065, -59, 153, 153, 153
L 275, -1065, -59, 275, -975, -61, 153, 153, 153
L 275, -975, -61, 290, -975, -61, 153, 153, 153
L 290, -975, -61, 290, -1001, -75, 153, 153, 153
L 290, -1001, -75, 281, -1002, -75, 153, 153, 153
L 281, -1002, -75, 280, -1011, -75, 153, 153, 153
L 280, -1011, -75, 251, -1010, -87, 153, 153, 153
L 251, -1010, -87, 250, -901, -87, 153, 153, 153
L 250, -901, -87, 221, -862, -87, 153, 153, 153
L 221, -862, -87, 191, -861, -87, 153, 153, 153
L 191, -861, -87, 171, -838, -87, 153, 153, 153
L 171, -838, -87, 138, -837, -87, 153, 153, 153
L 138, -837, -87, 138, -819, -90, 153, 153, 153
L 138, -819, -90, 167, -818, -90, 153, 153, 153
L 167, -818, -90, 167, -768, -89, 153, 153, 153
L 167, -768, -89, 151, -755, -83, 153, 153, 153
L 151, -755, -83, 140, -753, -80, 153, 153, 153
L 140, -753, -80, 141, -727, -76, 153, 153, 153
L 141, -727, -76, 134, -726, -79, 153, 153, 153
L 134, -726, -79, 132, -682, -76, 153, 153, 153
L 132, -682, -76, 116, -650, -67, 153, 153, 153
L 116, -650, -67, 111, -631, -58, 153, 153, 153
L 111, -631, -58, 111, -588, -52, 153, 153, 153
L 111, -588, -52, 101, -533, -41, 153, 153, 153
L 101, -533, -41, 99, -507, -42, 153, 153, 153
L 99, -507, -42, 103, -477, -41, 153, 153, 153
L 103, -477, -41, 111, -448, -35, 153, 153, 153
L 111, -448, -35, 112, -432, -29, 153, 153, 153
L 112, -432, -29, 111, -415, -29, 153, 153, 153
L 111, -415, -29, 125, -411, -28, 153, 153, 153
L 125, -411, -28, 127, -285, -28, 153, 153, 153
L 127, -285, -28, 175, -287, -28, 153, 153, 153
L 175, -287, -28, 175, -315, -28, 153, 153, 153
L 175, -315, -28, 176, -316, -28, 153, 153, 153
L 176, -316, -28, 175, -321, -28, 153, 153, 153
L 175, -321, -28, 173, -323, -28, 153, 153, 153
L 173, -323, -28, 169, -323, -28, 153, 153, 153
L 169, -323, -28, 169, -355, -27, 153, 153, 153
L 169, -355, -27, 174, -356, -28, 153, 153, 153
L 174, -356, -28, 175, -411, -28, 153, 153, 153
L 175, -411, -28, 367, -411, -59, 153, 153, 153
L 367, -411, -59, 367, -393, -59, 153, 153, 153
L 367, -393, -59, 377, -384, -59, 153, 153, 153
L 377, -384, -59, 368, -384, -59, 153, 153, 153
L 368, -384, -59, 363, -378, -59, 153, 153, 153
L 363, -370, -598, 372, -362, -59, 153, 153, 153
L 372, -362, -59, 382, -365, -59, 153, 153, 153
L 382, -365, -59, 385, -373, -59, 153, 153, 153
L 385, -373, -59, 383, -379, -59, 153, 153, 153
L 383, -379, -59, 438, -333, -59, 153, 153, 153
L 438, -333, -59, 333, -332, -58, 153, 153, 153
L 333, -332, -58, 334, -322, -61, 153, 153, 153
L 334, -322, -61, 355, -321, -61, 153, 153, 153
L 355, -321, -61, 355, -289, -61, 153, 153, 153
L 355, -289, -61, 295, -289, -60, 153, 153, 153
L 295, -289, -60, 295, -320, -61, 153, 153, 153
L 295, -320, -61, 324, -322, -61, 153, 153, 153
L 324, -322, -61, 323, -333, -58, 153, 153, 153
L 323, -333, -58, 295, -333, -58, 153, 153, 153
L 295, -333, -58, 294, -348, -58, 153, 153, 153
L 294, -348, -58, 262, -348, -58, 153, 153, 153
L 262, -348, -58, 261, -339, -62, 153, 153, 153
L 261, -339, -62, 287, -337, -62, 153, 153, 153
L 287, -337, -62, 287, -289, -62, 153, 153, 153
L 287, -289, -62, 199, -289, -62, 153, 153, 153
L 199, -289, -62, 199, -337, -62, 153, 153, 153
L 199, -337, -62, 248, -338, -62, 153, 153, 153
L 248, -338, -62, 248, -348, -58, 153, 153, 153
L 248, -348, -58, 192, -348, -58, 153, 153, 153
L 192, -348, -58, 193, -287, -28, 153, 153, 153
L 177, -287, -288, 179, -361, -58, 153, 153, 153
L 179, -361, -58, 226, -362, -58, 153, 153, 153
L 226, -362, -58, 225, -368, -58, 153, 153, 153
L 225, -368, -58, 183, -369, -58, 153, 153, 153
L 183, -369, -58, 183, -397, -58, 153, 153, 153
L 183, -397, -58, 267, -397, -58, 153, 153, 153
L 267, -397, -58, 267, -371, -58, 153, 153, 153
L 267, -371, -58, 231, -368, -58, 153, 153, 153
L 231, -368, -58, 231, -361, -58, 153, 153, 153
L 231, -361, -58, 318, -362, -59, 153, 153, 153
L 318, -362, -59, 319, -403, -57, 153, 153, 153
L 319, -403, -57, 320, -395, -59, 153, 153, 153
L 320, -395, -59, 328, -392, -59, 153, 153, 153
L 328, -392, -59, 333, -392, -59, 153, 153, 153
L 340, -397, -598, 341, -405, -59, 153, 153, 153
L 341, -405, -59, 339, -411, -59, 153, 153, 153
L 339, -411, -59, 367, -411, -59, 153, 153, 153
L 367, -411, -59, 441, -330, -29, 153, 153, 153
L 441, -330, -29, 512, -270, -26, 153, 153, 153
L 512, -270, -26, 531, -269, -26, 153, 153, 153
L 531, -269, -26, 531, 286, -26, 153, 153, 153
L 531, 286, -26, 353, 480, -26, 153, 153, 153
L 353, 480, -26, 199, 480, -28, 153, 153, 153
L 199, 480, -28, 198, 346, -26, 153, 153, 153
L 198, 346, -26, 124, 347, -26, 153, 153, 153
L 124, 347, -26, 122, 226, -26, 153, 153, 153
L 122, 226, -26, -150, 224, -26, 153, 153, 153
L -150, 224, -26, -148, 324, -26, 153, 153, 153
L -148, 324, -26, -168, 325, -26, 153, 153, 153
L -168, 325, -26, -167, 387, -26, 153, 153, 153
L -167, 387, -26, -148, 388, -26, 153, 153, 153
L -148, 388, -26, -148, 486, -26, 153, 153, 153
L -140, 488, -248, -140, 812, -24, 153, 153, 153
L -232, 812, -248, -232, 488, -24, 153, 153, 153
L -297, 1079, -288, -296, 1075, -28, 153, 153, 153
L -296, 1075, -28, -260, 1073, -28, 153, 153, 153
L -260, 1073, -28, -207, 1060, -28, 153, 153, 153
L -207, 1060, -28, -153, 913, -28, 153, 153, 153
L -153, 913, -28, -150, 813, -29, 153, 153, 153
L -150, 813, -29, -222, 813, -29, 153, 153, 153
L -222, 813, -29, -222, 903, -28, 153, 153, 153
L -222, 903, -28, -246, 1002, -28, 153, 153, 153
L -246, 1002, -28, -375, 1003, -28, 153, 153, 153
L -375, 1003, -28, -375, 1077, -28, 153, 153, 153
L -225, 487, -293, -224, 388, -26, 153, 153, 153
L -224, 388, -26, -205, 387, -26, 153, 153, 153
L -205, 387, -26, -205, 325, -26, 153, 153, 153
L -205, 325, -26, -224, 324, -26, 153, 153, 153
L -224, 324, -26, -224, 249, -26, 153, 153, 153
L -224, 249, -26, -223, 247, -26, 153, 153, 153
L -223, 247, -26, -222, 244, -27, 153, 153, 153
L -222, 244, -27, -376, 246, -23, 153, 153, 153
L -376, 246, -23, -375, 267, -23, 153, 153, 153
L -375, 267, -23, -248, 268, 23, 153, 153, 153
L -248, 268, 23, -246, 331, 23, 153, 153, 153
L -246, 331, 23, -244, 332, 23, 153, 153, 153
L -244, 332, 23, -243, 333, 23, 153, 153, 153
L -243, 333, 23, -229, 333, 23, 153, 153, 153
L -229, 333, 23, -228, 332, 23, 153, 153, 153
L -228, 332, 23, -144, 332, 23, 153, 153, 153
L -144, 332, 23, -143, 333, 23, 153, 153, 153
L -143, 333, 23, -130, 334, 23, 153, 153, 153
L -130, 334, 23, -128, 332, 23, 153, 153, 153
L -128, 332, 23, -126, 331, 23, 153, 153, 153
L -126, 331, 23, -124, 232, 0, 153, 153, 153
L -124, 232, 0, 27, 232, -36, 153, 153, 153
L 27, 232, -36, 28, 339, -29, 153, 153, 153
L 28, 339, -29, 33, 341, -27, 153, 153, 153
L 33, 341, -27, 35, 241, -25, 153, 153, 153
L 35, 241, -25, 104, 241, -25, 153, 153, 153
L 104, 241, -25, 106, 362, -27, 153, 153, 153
L 106, 362, -27, 180, 362, -26, 153, 153, 153
L 180, 362, -26, 181, 479, -28, 153, 153, 153
L 181, 479, -28, 50, 480, -28, 153, 153, 153
L 50, 480, -28, 35, 465, -28, 153, 153, 153
L 35, 465, -28, 34, 356, -28, 153, 153, 153
L 34, 356, -28, 28, 357, -29, 153, 153, 153
L 28, 357, -29, 27, 464, -36, 153, 153, 153
L 27, 464, -36, -120, 464, -33, 153, 153, 153
L -120, 464, -33, -124, 460, -36, 153, 153, 153
L -124, 460, -36, -124, 388, -36, 153, 153, 153
L -124, 388, -36, -120, 384, -34, 153, 153, 153
L -120, 384, -34, -90, 384, -34, 153, 153, 153
L -90, 384, -34, -84, 387, -36, 153, 153, 153
L -84, 387, -36, -80, 280, -36, 153, 153, 153
L -80, 280, -36, -76, 276, -36, 153, 153, 153
L -76, 276, -36, -33, 275, -36, 153, 153, 153
L -33, 275, -36, -33, 269, -36, 153, 153, 153
L -33, 269, -36, -87, 273, -6, 153, 153, 153
L -248, 268, -238, -248, 464, -23, 153, 153, 153
L -248, 464, -23, -404, 464, -23, 153, 153, 153
L -404, 464, -23, -404, 371, -23, 153, 153, 153
L -404, 371, -23, -308, 371, -23, 153, 153, 153
L -308, 371, -23, -307, 338, -23, 153, 153, 153
L -307, 338, -23, -332, 337, -23, 153, 153, 153
L -332, 337, -23, -333, 308, -23, 153, 153, 153
L -333, 308, -23, -364, 308, -23, 153, 153, 153
L -364, 308, -23, -364, 312, -23, 153, 153, 153
L -364, 312, -23, -339, 314, -23, 153, 153, 153
L -339, 314, -23, -338, 343, -23, 153, 153, 153
L -338, 343, -23, -313, 344, -15, 153, 153, 153
L -313, 344, -15, -313, 364, -14, 153, 153, 153
L -313, 364, -14, -404, 364, -23, 153, 153, 153
L -404, 364, -23, -404, 314, -23, 153, 153, 153
L -404, 314, -23, -376, 313, -23, 153, 153, 153
L -376, 313, -23, -376, 308, -23, 153, 153, 153
L -376, 308, -23, -404, 307, -23, 153, 153, 153
L -404, 307, -23, -404, 268, -23, 153, 153, 153
L -404, 268, -23, -386, 266, -23, 153, 153, 153
L -386, 266, -23, -387, 245, -23, 153, 153, 153
L -387, 245, -23, -424, 244, -25, 153, 153, 153
L -424, 244, -25, -425, 200, -25, 153, 153, 153
L -425, 200, -25, -504, 149, -26, 153, 153, 153
L -504, 149, -26, -505, 68, -26, 153, 153, 153
L -505, 68, -26, -559, 19, -29, 153, 153, 153
L -559, 19, -29, -619, 18, -28, 153, 153, 153
L -619, 18, -28, -619, -25, -28, 153, 153, 153
L -620, -113, -288, -619, -217, -28, 153, 153, 153
L -619, -217, -28, -505, -218, -26, 153, 153, 153
L -505, -218, -26, -504, -271, -26, 153, 153, 153
L -504, -271, -26, -454, -271, -28, 153, 153, 153
L -454, -271, -28, -459, -259, -28, 153, 153, 153
L -459, -259, -28, -456, -254, -28, 153, 153, 153
L -456, -254, -28, -440, -253, -28, 153, 153, 153
L -440, -253, -28, -427, -257, -28, 153, 153, 153
L -427, -257, -28, -418, -265, -28, 153, 153, 153
L -418, -265, -28, -417, -271, -28, 153, 153, 153
L -417, -271, -28, -359, -271, -28, 153, 153, 153
L -359, -271, -28, -359, -263, -28, 153, 153, 153
L -359, -263, -28, -354, -261, -28, 153, 153, 153
L -354, -261, -28, -343, -263, -28, 153, 153, 153
L -343, -263, -28, -338, -267, -28, 153, 153, 153
L -338, -267, -28, -335, -271, -28, 153, 153, 153
L -335, -271, -28, -194, -274, -28, 153, 153, 153
L -194, -274, -28, -182, -290, -30, 153, 153, 153
L -182, -290, -30, -175, -290, -30, 153, 153, 153
L -175, -290, -30, -170, -293, -30, 153, 153, 153
L -170, -293, -30, -172, -304, -30, 153, 153, 153
L -172, -304, -30, -159, -321, -30, 153, 153, 153
L -159, -321, -30, -156, -314, -30, 153, 153, 153
L -156, -314, -30, -151, -310, -30, 153, 153, 153
L -138, -308, -308, -131, -313, -30, 153, 153, 153
L -131, -313, -30, -128, -320, -30, 153, 153, 153
L -128, -320, -30, -132, -332, -30, 153, 153, 153
L -132, -332, -30, -150, -333, -30, 153, 153, 153
L -150, -333, -30, -93, -411, -28, 153, 153, 153
L -93, -411, -28, -76, -411, -28, 153, 153, 153
L -76, -411, -28, -76, -392, -28, 153, 153, 153
L -76, -392, -28, -24, -391, -28, 153, 153, 153
L -24, -391, -28, -23, -384, -28, 153, 153, 153
L -23, -384, -28, 24, -384, -28, 153, 153, 153
L 24, -384, -28, 25, -411, -28, 153, 153, 153
L 25, -411, -28, 31, -411, -28, 153, 153, 153
L 31, -411, -28, 32, -384, -28, 153, 153, 153
L 32, -384, -28, 90, -384, -28, 153, 153, 153
L 90, -384, -28, 91, -411, -28, 153, 153, 153
L 91, -411, -28, 94, -412, -28, 153, 153, 153
L 94, -412, -28, 94, -429, -29, 153, 153, 153
L 94, -429, -29, 94, -445, -34, 153, 153, 153
L 94, -445, -34, 88, -470, -40, 153, 153, 153
L 88, -470, -40, 83, -498, -42, 153, 153, 153
L 83, -498, -42, 82, -526, -41, 153, 153, 153
L 82, -526, -41, 87, -552, -44, 153, 153, 153
L 87, -552, -44, 95, -586, -52, 153, 153, 153
L 95, -586, -52, 95, -632, -58, 153, 153, 153
L 95, -632, -58, 98, -647, -65, 153, 153, 153
L 98, -647, -65, 114, -679, -76, 153, 153, 153
L 114, -679, -76, 117, -700, -78, 153, 153, 153
L 117, -700, -78, 117, -725, -78, 153, 153, 153
L 117, -725, -78, 115, -753, -82, 153, 153, 153
L 115, -753, -82, 103, -755, -83, 153, 153, 153
L 103, -755, -83, 91, -768, -89, 153, 153, 153
L 91, -768, -89, 91, -818, -90, 153, 153, 153
L 91, -351, -288, 90, -374, -28, 153, 153, 153
L 90, -374, -28, -68, -375, -28, 153, 153, 153
L -68, -375, -28, -67, -332, -23, 153, 153, 153
L -67, -332, -23, -19, -332, -27, 153, 153, 153
L -19, -332, -27, -18, -335, -26, 153, 153, 153
L -18, -335, -26, -20, -337, -26, 153, 153, 153
L -20, -337, -26, -20, -369, -26, 153, 153, 153
L -20, -369, -26, 9, -369, -21, 153, 153, 153
L 9, -369, -21, 9, -337, -26, 153, 153, 153
L 9, -337, -26, -7, -336, -26, 153, 153, 153
L -7, -336, -26, -7, -332, -27, 153, 153, 153
L -7, -332, -27, 13, -332, -28, 153, 153, 153
L 13, -332, -28, 13, -320, -28, 153, 153, 153
L 13, -320, -28, 56, -319, -28, 153, 153, 153
L 56, -319, -28, 58, -331, -28, 153, 153, 153
L 58, -331, -28, 90, -332, -28, 153, 153, 153
L 90, -332, -28, 91, -337, -28, 153, 153, 153
L 91, -337, -28, 110, -337, -28, 153, 153, 153
L 110, -337, -28, 110, -351, -28, 153, 153, 153
L 110, -351, -28, 91, -351, -28, 153, 153, 153
L 88, -232, -288, 194, -232, -26, 153, 153, 153
L 194, -232, -26, 194, -274, -28, 153, 153, 153
L 194, -274, -28, 88, -274, -28, 153, 153, 153
L 88, -274, -28, 88, -232, -28, 153, 153, 153
L 180, -198, -288, 88, -198, -28, 153, 153, 153
L 88, -198, -28, 88, -110, -28, 153, 153, 153
L 88, -110, -28, 181, -111, -28, 153, 153, 153
L 181, -111, -28, 180, -198, -28, 153, 153, 153
L 212, -162, -288, 212, 47, -20, 153, 153, 153
L 212, 47, -20, 222, 47, -20, 153, 153, 153
L 222, 47, -20, 223, 26, -20, 153, 153, 153
L 223, 26, -20, 226, 21, -20, 153, 153, 153
L 226, 21, -20, 226, 11, -20, 153, 153, 153
L 226, 11, -20, 223, 5, -20, 153, 153, 153
L 223, 5, -20, 223, -34, -20, 153, 153, 153
L 223, -34, -20, 333, -34, -20, 153, 153, 153
L 333, -34, -20, 334, 27, -20, 153, 153, 153
L 334, 27, -20, 427, 28, -20, 153, 153, 153
L 427, 28, -20, 427, 46, -20, 153, 153, 153
L 427, 46, -20, 424, 51, -20, 153, 153, 153
L 424, 51, -20, 424, 61, -20, 153, 153, 153
L 424, 61, -20, 427, 66, -20, 153, 153, 153
L 427, 66, -20, 427, 84, -20, 153, 153, 153
L 427, 84, -20, 411, 86, -20, 153, 153, 153
L 411, 86, -20, 411, 100, -20, 153, 153, 153
L 411, 100, -20, 373, 100, -20, 153, 153, 153
L 373, 100, -20, 368, 97, -20, 153, 153, 153
L 368, 97, -20, 356, 98, -20, 153, 153, 153
L 356, 98, -20, 353, 100, -20, 153, 153, 153
L 353, 100, -20, 316, 101, -20, 153, 153, 153
L 316, 101, -20, 316, 106, -20, 153, 153, 153
L 316, 106, -20, 417, 108, -20, 153, 153, 153
L 417, 108, -20, 419, 92, -20, 153, 153, 153
L 419, 92, -20, 434, 91, -20, 153, 153, 153
L 434, 91, -20, 435, 6, -20, 153, 153, 153
L 435, 6, -20, 341, 4, -20, 153, 153, 153
L 341, 4, -20, 340, -41, -20, 153, 153, 153
L 340, -41, -20, 223, -42, -20, 153, 153, 153
L 223, -42, -20, 223, -52, -20, 153, 153, 153
L 223, -52, -20, 227, -59, -20, 153, 153, 153
L 227, -59, -20, 227, -67, -20, 153, 153, 153
L 227, -67, -20, 223, -74, -20, 153, 153, 153
L 223, -74, -20, 223, -131, -20, 153, 153, 153
L 223, -131, -20, 227, -137, -20, 153, 153, 153
L 227, -137, -20, 227, -144, -20, 153, 153, 153
L 227, -144, -20, 223, -151, -20, 153, 153, 153
L 223, -151, -20, 367, -151, 19, 153, 153, 153
L 367, -151, 19, 368, -56, 19, 153, 153, 153
L 368, -56, 19, 451, -55, 19, 153, 153, 153
L 451, -55, 19, 451, -39, 19, 153, 153, 153
L 451, -39, 19, 369, -39, 19, 153, 153, 153
L 369, -39, 19, 367, 104, 19, 153, 153, 153
L 367, 104, 19, 223, 104, 19, 153, 153, 153
L 223, 104, 19, 223, -123, 19, 153, 153, 153
L 223, -123, 19, 243, -123, 19, 153, 153, 153
L 243, -123, 19, 245, 88, 19, 153, 153, 153
L 245, 88, 19, 346, 87, 19, 153, 153, 153
L 346, 87, 19, 346, -130, 19, 153, 153, 153
L 346, -130, 19, 253, -131, -20, 153, 153, 153
L 253, -131, -20, 252, -124, -20, 153, 153, 153
L 252, -124, -20, 411, -123, -20, 153, 153, 153
L 411, -123, -20, 411, -93, -20, 153, 153, 153
L 411, -93, -20, 407, -87, -20, 153, 153, 153
L 407, -87, -20, 407, -79, -20, 153, 153, 153
L 407, -79, -20, 411, -73, -20, 153, 153, 153
L 411, -73, -20, 412, -32, -20, 153, 153, 153
L 412, -32, -20, 451, -31, -20, 153, 153, 153
L 451, -31, -20, 451, 124, -20, 153, 153, 153
L 451, 124, -20, 267, 124, -20, 153, 153, 153
L 267, 124, -20, 267, 108, -20, 153, 153, 153
L 267, 108, -20, 295, 106, -20, 153, 153, 153
L 295, 106, -20, 293, 101, -20, 153, 153, 153
L 293, 101, -20, 253, 100, -20, 153, 153, 153
L 253, 100, -20, 248, 97, -20, 153, 153, 153
L 248, 97, -20, 238, 97, -20, 153, 153, 153
L 238, 97, -20, 233, 100, -20, 153, 153, 153
L 233, 100, -20, 223, 100, -20, 153, 153, 153
L 223, 100, -20, 223, 86, -20, 153, 153, 153
L 223, 86, -20, 213, 84, -20, 153, 153, 153
L 213, 84, -20, 212, 135, -19, 153, 153, 153
L 212, 135, -19, 462, 135, -26, 153, 153, 153
L 462, 135, -26, 462, -162, -24, 153, 153, 153
L 462, -162, -24, 211, -162, -28, 153, 153, 153
L 7, 92, -288, 7, 40, -28, 153, 153, 153
L 7, 40, -28, 10, 35, -28, 153, 153, 153
L 10, 35, -28, 6, 30, -28, 153, 153, 153
L 6, 30, -28, 0, 32, -28, 153, 153, 153
L 0, 32, -28, -39, 32, -28, 153, 153, 153
L -39, 32, -28, -45, 33, -28, 153, 153, 153
L -45, 33, -28, -44, 36, -27, 153, 153, 153
L -44, 36, -27, -44, 39, -25, 153, 153, 153
L -44, 39, -25, -54, 39, -25, 153, 153, 153
L -54, 39, -25, -54, 36, -27, 153, 153, 153
L -54, 36, -27, -53, 33, -28, 153, 153, 153
L -53, 33, -28, -55, 31, -28, 153, 153, 153
L -55, 31, -28, -59, 32, -28, 153, 153, 153
L -59, 32, -28, -69, 32, -28, 153, 153, 153
L -69, 32, -28, -74, 29, -28, 153, 153, 153
L -74, 29, -28, -77, 30, -28, 153, 153, 153
L -77, 30, -28, -79, 32, -28, 153, 153, 153
L -79, 32, -28, -92, 32, -28, 153, 153, 153
L -92, 32, -28, -92, 35, -27, 153, 153, 153
L -92, 35, -27, -92, 36, -27, 153, 153, 153
L -92, 36, -27, -92, 39, -25, 153, 153, 153
L -92, 39, -25, -102, 39, -25, 153, 153, 153
L -102, 39, -25, -102, 36, -27, 153, 153, 153
L -102, 36, -27, -102, 32, -28, 153, 153, 153
L -102, 32, -28, -103, 31, -28, 153, 153, 153
L -103, 31, -28, -107, 32, -28, 153, 153, 153
L -107, 32, -28, -144, 32, -28, 153, 153, 153
L -144, 32, -28, -145, 31, -28, 153, 153, 153
L -145, 31, -28, -150, 30, -28, 153, 153, 153
L -150, 30, -28, -154, 32, -28, 153, 153, 153
L -154, 32, -28, -195, 32, -28, 153, 153, 153
L -195, 32, -28, -198, 30, -28, 153, 153, 153
L -198, 30, -28, -201, 33, -28, 153, 153, 153
L -201, 33, -28, -200, 36, -27, 153, 153, 153
L -200, 36, -27, -200, 39, -25, 153, 153, 153
L -200, 39, -25, -210, 39, -25, 153, 153, 153
L -210, 39, -25, -210, 36, -27, 153, 153, 153
L -210, 36, -27, -210, 35, -27, 153, 153, 153
L -210, 35, -27, -210, 31, -28, 153, 153, 153
L -210, 31, -28, -213, 30, -28, 153, 153, 153
L -213, 30, -28, -215, 32, -28, 153, 153, 153
L -215, 32, -28, -240, 32, -28, 153, 153, 153
L -240, 32, -28, -243, 30, -28, 153, 153, 153
L -243, 30, -28, -249, 31, -28, 153, 153, 153
L -249, 31, -28, -250, 36, -28, 153, 153, 153
L -250, 36, -28, -248, 40, -28, 153, 153, 153
L -248, 40, -28, -248, 112, -28, 153, 153, 153
L -248, 112, -28, -250, 116, -28, 153, 153, 153
L -250, 116, -28, -250, 120, -28, 153, 153, 153
L -250, 120, -28, -243, 122, -28, 153, 153, 153
L -243, 122, -28, -240, 120, -28, 153, 153, 153
L -240, 120, -28, -154, 120, -28, 153, 153, 153
L -154, 120, -28, -152, 122, -28, 153, 153, 153
L -152, 122, -28, -149, 123, -28, 153, 153, 153
L -149, 123, -28, -145, 121, -28, 153, 153, 153
L -145, 121, -28, -144, 120, -28, 153, 153, 153
L -144, 120, -28, -79, 120, -28, 153, 153, 153
L -79, 120, -28, -78, 121, -28, 153, 153, 153
L -78, 121, -28, -71, 122, -28, 153, 153, 153
L -71, 122, -28, -68, 118, -28, 153, 153, 153
L -68, 118, -28, -69, 114, -28, 153, 153, 153
L -69, 114, -28, -72, 112, -28, 153, 153, 153
L -72, 112, -28, -72, 99, -28, 153, 153, 153
L -72, 99, -28, -25, 99, -28, 153, 153, 153
L -25, 99, -28, -23, 103, -28, 153, 153, 153
L -23, 103, -28, -16, 102, -28, 153, 153, 153
L -16, 102, -28, -15, 99, -28, 153, 153, 153
L -15, 99, -28, 0, 99, -28, 153, 153, 153
L 0, 99, -28, 0, 100, -28, 153, 153, 153
L 0, 100, -28, 3, 102, -28, 153, 153, 153
L 3, 102, -28, 9, 101, -28, 153, 153, 153
L 9, 101, -28, 11, 97, -28, 153, 153, 153
L -418, -213, -288, -421, -215, -28, 153, 153, 153
L -421, -215, -28, -424, -215, -28, 153, 153, 153
L -424, -215, -28, -426, -212, -28, 153, 153, 153
L -426, -212, -28, -424, -207, -28, 153, 153, 153
L -424, -207, -28, -424, -117, -28, 153, 153, 153
L -424, -117, -28, -426, -112, -28, 153, 153, 153
L -426, -112, -28, -421, -109, -28, 153, 153, 153
L -421, -109, -28, -418, -111, -28, 153, 153, 153
L -418, -111, -28, -278, -111, -28, 153, 153, 153
L -278, -111, -28, -277, -110, -28, 153, 153, 153
L -277, -110, -28, -273, -109, -28, 153, 153, 153
L -273, -109, -28, -270, -111, -28, 153, 153, 153
L -270, -111, -28, -272, -117, -28, 153, 153, 153
L -272, -117, -28, -272, -207, -28, 153, 153, 153
L -272, -207, -28, -270, -210, -28, 153, 153, 153
L -270, -210, -28, -271, -214, -28, 153, 153, 153
L -271, -214, -28, -278, -213, -28, 153, 153, 153
L -278, -213, -28, -418, -213, -28, 153, 153, 153
L -196, -207, -288, -196, -117, -28, 153, 153, 153
L -196, -117, -28, -199, -113, -28, 153, 153, 153
L -199, -113, -28, -195, -109, -28, 153, 153, 153
L -195, -109, -28, -190, -111, -28, 153, 153, 153
L -190, -111, -28, -50, -111, -28, 153, 153, 153
L -50, -111, -28, -46, -108, -28, 153, 153, 153
L -46, -108, -28, -42, -111, -28, 153, 153, 153
L -42, -111, -28, -42, -112, -28, 153, 153, 153
L -42, -112, -28, -44, -117, -28, 153, 153, 153
L -44, -117, -28, -44, -187, -28, 153, 153, 153
L -44, -187, -28, -50, -187, -26, 153, 153, 153
L -50, -187, -26, -54, -184, -26, 153, 153, 153
L -54, -184, -26, -52, -119, -26, 153, 153, 153
L -52, -119, -26, -108, -119, -20, 153, 153, 153
L -108, -119, -20, -108, -205, -26, 153, 153, 153
L -108, -205, -26, -104, -205, -26, 153, 153, 153
L -104, -205, -26, -101, -203, -26, 153, 153, 153
L -101, -203, -26, -99, -205, -26, 153, 153, 153
L -99, -205, -26, -97, -212, -28, 153, 153, 153
L -97, -212, -28, -102, -214, -28, 153, 153, 153
L -102, -214, -28, -103, -213, -28, 153, 153, 153
L -103, -213, -28, -190, -213, -28, 153, 153, 153
L -190, -213, -28, -192, -215, -28, 153, 153, 153
L -192, -215, -28, -195, -215, -28, 153, 153, 153
L -195, -215, -28, -199, -209, -28, 153, 153, 153
L -199, -209, -28, -196, -207, -28, 153, 153, 153
L -44, -207, -288, -42, -210, -28, 153, 153, 153
L -42, -210, -28, -42, -213, -28, 153, 153, 153
L -42, -213, -28, -50, -216, -28, 153, 153, 153
L -50, -216, -28, -50, -213, -28, 153, 153, 153
L -50, -213, -28, -83, -213, -28, 153, 153, 153
L -83, -213, -28, -84, -214, -28, 153, 153, 153
L -84, -214, -28, -87, -214, -28, 153, 153, 153
L -87, -214, -28, -88, -210, -27, 153, 153, 153
L -88, -210, -27, -88, -206, -26, 153, 153, 153
L -88, -206, -26, -84, -203, -26, 153, 153, 153
L -84, -203, -26, -82, -205, -26, 153, 153, 153
L -82, -205, -26, -52, -205, -26, 153, 153, 153
L -52, -205, -26, -52, -203, -26, 153, 153, 153
L -52, -203, -26, -53, -203, -26, 153, 153, 153
L -53, -203, -26, -51, -197, -26, 153, 153, 153
L -51, -197, -26, -46, -197, -28, 153, 153, 153
L -46, -197, -28, -43, -198, -28, 153, 153, 153
L -43, -198, -28, -42, -200, -28, 153, 153, 153
L -42, -200, -28, -44, -202, -28, 153, 153, 153
L -44, -202, -28, -44, -207, -28, 153, 153, 153
L -20, -258, -288, -20, -118, -28, 153, 153, 153
L -20, -118, -28, -22, -116, -28, 153, 153, 153
L -22, -116, -28, -22, -112, -28, 153, 153, 153
L -22, -112, -28, -18, -109, -28, 153, 153, 153
L -18, -109, -28, -14, -112, -28, 153, 153, 153
L -14, -112, -28, 55, -112, -28, 153, 153, 153
L 55, -112, -28, 57, -110, -28, 153, 153, 153
L 57, -110, -28, 59, -109, -28, 153, 153, 153
L 59, -109, -28, 62, -111, -28, 153, 153, 153
L 62, -111, -28, 64, -114, -28, 153, 153, 153
L 64, -114, -28, 61, -118, -28, 153, 153, 153
L 61, -118, -28, 61, -190, -28, 153, 153, 153
L 61, -190, -28, 63, -193, -28, 153, 153, 153
L 63, -193, -28, 61, -198, -28, 153, 153, 153
L 61, -198, -28, 61, -209, -28, 153, 153, 153
L 61, -209, -28, 64, -210, -28, 153, 153, 153
L 64, -210, -28, 61, -217, -28, 153, 153, 153
L 61, -217, -28, 61, -258, -28, 153, 153, 153
L 61, -258, -28, 63, -261, -28, 153, 153, 153
L 63, -261, -28, 61, -266, -28, 153, 153, 153
L 61, -266, -28, 55, -264, -28, 153, 153, 153
L 55, -264, -28, -14, -264, -28, 153, 153, 153
L -14, -264, -28, -18, -267, -28, 153, 153, 153
L -18, -267, -28, -22, -260, -28, 153, 153, 153
L -22, -260, -28, -20, -258, -28, 153, 153, 153
L -183, -85, -288, -184, -62, -28, 153, 153, 153
L -184, -62, -28, -246, -62, -28, 153, 153, 153
L -246, -62, -28, -246, 8, -28, 153, 153, 153
L -246, 8, -28, -46, 8, -28, 153, 153, 153
L -46, 8, -28, -46, -87, -28, 153, 153, 153
L -46, -87, -28, -183, -85, -28, 153, 153, 153
L 338, 252, -266, 338, 185, -26, 153, 153, 153
L 338, 185, -26, 252, 185, -26, 153, 153, 153
L 252, 185, -26, 252, 252, -26, 153, 153, 153
L 252, 252, -26, 338, 252, -26, 153, 153, 153
L -1602, -254, -558, -1602, -308, -55, 153, 153, 153
L -1602, -308, -55, -1730, -308, -55, 153, 153, 153
L -1730, -308, -55, -1732, -336, -55, 153, 153, 153
L -1732, -336, -55, -1747, -374, -55, 153, 153, 153
L -1747, -374, -55, -1789, -375, -55, 153, 153, 153
L -1806, -376, -558, -1806, -338, -55, 153, 153, 153
L -1806, -338, -55, -1769, -338, -55, 153, 153, 153
L -1769, -338, -55, -1766, -298, -55, 153, 153, 153
L -1766, -298, -55, -1693, -297, -55, 153, 153, 153
L -1693, -297, -55, -1692, -272, -55, 153, 153, 153
L -1692, -272, -55, -1676, -272, -55, 153, 153, 153
L -1676, -272, -55, -1676, -291, -55, 153, 153, 153
L -1676, -291, -55, -1681, -293, -55, 153, 153, 153
L -1681, -293, -55, -1680, -297, -55, 153, 153, 153
L -1680, -297, -55, -1670, -297, -55, 153, 153, 153
L -1670, -297, -55, -1671, -265, -55, 153, 153, 153
L -1671, -265, -55, -1699, -265, -55, 153, 153, 153
L -1699, -265, -55, -1700, -290, -55, 153, 153, 153
L -1700, -290, -55, -1716, -290, -55, 153, 153, 153
L -1716, -290, -55, -1716, -271, -55, 153, 153, 153
L -1716, -271, -55, -1711, -270, -55, 153, 153, 153
L -1711, -270, -55, -1712, -265, -55, 153, 153, 153
L -1712, -265, -55, -1728, -264, -55, 153, 153, 153
L -1728, -264, -55, -1728, -254, -55, 153, 153, 153
L -1728, -254, -55, -1660, -254, -55, 153, 153, 153
L -1660, -254, -55, -1659, -297, -55, 153, 153, 153
L -1659, -297, -55, -1655, -297, -55, 153, 153, 153
L -1655, -297, -55, -1654, -254, -49, 153, 153, 153
L -1695, -308, -558, -1695, -298, -55, 255, 0, 0
L -1729, -298, -558, -1729, -308, -55, 255, 0, 0
P -1300, -174, 0, 255, 255, 255, 2, Druid/Ranger/Beastlord_Guild
P -359, 1062, 0, 255, 255, 255, 2, Paludal_Caverns
P -1801, -369, 0, 255, 255, 255, 2, Echo_Caverns
P -772, -318, 0, 255, 255, 255, 2, Bazaar
P -190, 982, 0, 255, 255, 255, 2, Succor_Point
