L 774, 0, 0, -1160, 0, 0, 140, 140, 140
L  0,168, 0, 0, -2911, 0, 140, 140, 140
L 100, 168, 0, 100, -2911, 0, 220, 220, 220
L 200, 168, 0, 200, -2911, 0, 220, 220, 220
L 300, 168, 0, 300, -2911, 0, 220, 220, 220
L 400, 168, 0, 400, -2911, 0, 220, 220, 220
L 500, 168, 0, 500, -2911, 0, 220, 220, 220
L 600, 168, 0, 600, -2911, 0, 220, 220, 220
L 700, 168, 0, 700, -2911, 0, 220, 220, 220
L -100, 168, 0, -100, -2911, 0, 220, 220, 220
L -200, 168, 0, -200, -2911, 0, 220, 220, 220
L -300, 168, 0, -300, -2911, 0, 220, 220, 220
L -400, 168, 0, -400, -2911, 0, 220, 220, 220
L -500, 168, 0, -500, -2911, 0, 220, 220, 220
L -600, 168, 0, -600, -2911, 0, 220, 220, 220
L -700, 168, 0, -700, -2911, 0, 220, 220, 220
L -800, 168, 0, -800, -2911, 0, 220, 220, 220
L -900, 168, 0, -900, -2911, 0, 220, 220, 220
L -1000, 168, 0, -1000, -2911, 0, 220, 220, 220
L -1100, 168, 0, -1100, -2911, 0, 220, 220, 220
L 774, 100, 0, -1160, 100, 0, 220, 220, 220
L 774, -100, 0, -1160, -100, 0, 220, 220, 220
L 774, -200, 0, -1160, -200, 0, 220, 220, 220
L 774, -300, 0, -1160, -300, 0, 220, 220, 220
L 774, -400, 0, -1160, -400, 0, 220, 220, 220
L 774, -500, 0, -1160, -500, 0, 220, 220, 220
L 774, -600, 0, -1160, -600, 0, 220, 220, 220
L 774, -700, 0, -1160, -700, 0, 220, 220, 220
L 774, -800, 0, -1160, -800, 0, 220, 220, 220
L 774, -900, 0, -1160, -900, 0, 220, 220, 220
L 774, -1000, 0, -1160, -1000, 0, 220, 220, 220
L 774, -1100, 0, -1160, -1100, 0, 220, 220, 220
L 774, -1200, 0, -1160, -1200, 0, 220, 220, 220
L 774, -1300, 0, -1160, -1300, 0, 220, 220, 220
L 774, -1400, 0, -1160, -1400, 0, 220, 220, 220
L 774, -1500, 0, -1160, -1500, 0, 220, 220, 220
L 774, -1600, 0, -1160, -1600, 0, 220, 220, 220
L 774, -1700, 0, -1160, -1700, 0, 220, 220, 220
L 774, -1800, 0, -1160, -1800, 0, 220, 220, 220
L 774, -1900, 0, -1160, -1900, 0, 220, 220, 220
L 774, -2000, 0, -1160, -2000, 0, 220, 220, 220
L 774, -2100, 0, -1160, -2100, 0, 220, 220, 220
L 774, -2200, 0, -1160, -2200, 0, 220, 220, 220
L 774, -2300, 0, -1160, -2300, 0, 220, 220, 220
L 774, -2400, 0, -1160, -2400, 0, 220, 220, 220
L 774, -2500, 0, -1160, -2500, 0, 220, 220, 220
L 774, -2600, 0, -1160, -2600, 0, 220, 220, 220
L 774, -2700, 0, -1160, -2700, 0, 220, 220, 220
L 774, -2800, 0, -1160, -2800, 0, 220, 220, 220
L 774, -2900, 0, -1160, -2900, 0, 220, 220, 220
P 784, 5, 0, 0, 0, 0, 3, 0
P 5,178, 0, 0, 0, 0, 3, 0
P 105,178, 0, 0, 0, 0, 3, 100
P 205,178, 0, 0, 0, 0, 3, 200
P 305,178, 0, 0, 0, 0, 3, 300
P 405,178, 0, 0, 0, 0, 3, 400
P 505,178, 0, 0, 0, 0, 3, 500
P 605,178, 0, 0, 0, 0, 3, 600
P 705,178, 0, 0, 0, 0, 3, 700
P -95,178, 0, 0, 0, 0, 3, -100
P -195,178, 0, 0, 0, 0, 3, -200
P -295,178, 0, 0, 0, 0, 3, -300
P -395,178, 0, 0, 0, 0, 3, -400
P -495,178, 0, 0, 0, 0, 3, -500
P -595,178, 0, 0, 0, 0, 3, -600
P -695,178, 0, 0, 0, 0, 3, -700
P -795,178, 0, 0, 0, 0, 3, -800
P -895,178, 0, 0, 0, 0, 3, -900
P -995,178, 0, 0, 0, 0, 3, -1000
P -1095,178, 0, 0, 0, 0, 3, -1100
P 784, 105, 0, 0, 0, 0, 3, 100
P 784, -95, 0, 0, 0, 0, 3, -100
P 784, -195, 0, 0, 0, 0, 3, -200
P 784, -295, 0, 0, 0, 0, 3, -300
P 784, -395, 0, 0, 0, 0, 3, -400
P 784, -495, 0, 0, 0, 0, 3, -500
P 784, -595, 0, 0, 0, 0, 3, -600
P 784, -695, 0, 0, 0, 0, 3, -700
P 784, -795, 0, 0, 0, 0, 3, -800
P 784, -895, 0, 0, 0, 0, 3, -900
P 784, -995, 0, 0, 0, 0, 3, -1000
P 784, -1095, 0, 0, 0, 0, 3, -1100
P 784, -1195, 0, 0, 0, 0, 3, -1200
P 784, -1295, 0, 0, 0, 0, 3, -1300
P 784, -1395, 0, 0, 0, 0, 3, -1400
P 784, -1495, 0, 0, 0, 0, 3, -1500
P 784, -1595, 0, 0, 0, 0, 3, -1600
P 784, -1695, 0, 0, 0, 0, 3, -1700
P 784, -1795, 0, 0, 0, 0, 3, -1800
P 784, -1895, 0, 0, 0, 0, 3, -1900
P 784, -1995, 0, 0, 0, 0, 3, -2000
P 784, -2095, 0, 0, 0, 0, 3, -2100
P 784, -2195, 0, 0, 0, 0, 3, -2200
P 784, -2295, 0, 0, 0, 0, 3, -2300
P 784, -2395, 0, 0, 0, 0, 3, -2400
P 784, -2495, 0, 0, 0, 0, 3, -2500
P 784, -2595, 0, 0, 0, 0, 3, -2600
P 784, -2695, 0, 0, 0, 0, 3, -2700
P 784, -2795, 0, 0, 0, 0, 3, -2800
P 784, -2895, 0, 0, 0, 0, 3, -2900
