L 895.0000, 0, 0, -447.0000, 0, 0, 140, 140, 140
L  0,266.0000, 0, 0, -285.0000, 0, 140, 140, 140
L 100, 266.0000, 0, 100, -285.0000, 0, 220, 220, 220
L 200, 266.0000, 0, 200, -285.0000, 0, 220, 220, 220
L 300, 266.0000, 0, 300, -285.0000, 0, 220, 220, 220
L 400, 266.0000, 0, 400, -285.0000, 0, 220, 220, 220
L 500, 266.0000, 0, 500, -285.0000, 0, 220, 220, 220
L 600, 266.0000, 0, 600, -285.0000, 0, 220, 220, 220
L 700, 266.0000, 0, 700, -285.0000, 0, 220, 220, 220
L 800, 266.0000, 0, 800, -285.0000, 0, 220, 220, 220
L -100, 266.0000, 0, -100, -285.0000, 0, 220, 220, 220
L -200, 266.0000, 0, -200, -285.0000, 0, 220, 220, 220
L -300, 266.0000, 0, -300, -285.0000, 0, 220, 220, 220
L -400, 266.0000, 0, -400, -285.0000, 0, 220, 220, 220
L 895.0000, 100, 0, -447.0000, 100, 0, 220, 220, 220
L 895.0000, 200, 0, -447.0000, 200, 0, 220, 220, 220
L 895.0000, -100, 0, -447.0000, -100, 0, 220, 220, 220
L 895.0000, -200, 0, -447.0000, -200, 0, 220, 220, 220
P 905, 5, 0, 0, 0, 0, 3, 0
P 5,276, 0, 0, 0, 0, 3, 0
P 105,276, 0, 0, 0, 0, 3, 100
P 205,276, 0, 0, 0, 0, 3, 200
P 305,276, 0, 0, 0, 0, 3, 300
P 405,276, 0, 0, 0, 0, 3, 400
P 505,276, 0, 0, 0, 0, 3, 500
P 605,276, 0, 0, 0, 0, 3, 600
P 705,276, 0, 0, 0, 0, 3, 700
P 805,276, 0, 0, 0, 0, 3, 800
P -95,276, 0, 0, 0, 0, 3, -100
P -195,276, 0, 0, 0, 0, 3, -200
P -295,276, 0, 0, 0, 0, 3, -300
P -395,276, 0, 0, 0, 0, 3, -400
P 905, 105, 0, 0, 0, 0, 3, 100
P 905, 205, 0, 0, 0, 0, 3, 200
P 905, -95, 0, 0, 0, 0, 3, -100
P 905, -195, 0, 0, 0, 0, 3, -200
