L 670, -22, 36, 669, -1, 3, 153, 153, 153
L 669, -1, 3, 686, 31, 0, 153, 153, 153
L 686, 31, 0, 686, 50, 0, 153, 153, 153
L 686, 50, 0, 701, 55, -1, 153, 153, 153
L 701, 55, -1, 724, 52, 0, 153, 153, 153
L 724, 52, 0, 747, 61, 0, 153, 153, 153
L 747, 61, 0, 756, 80, 0, 153, 153, 153
L 756, 80, 0, 739, 107, -1, 153, 153, 153
L 739, 107, -1, 737, 121, -1, 153, 153, 153
L 737, 121, -1, 739, 140, -5, 153, 153, 153
L 739, 140, -5, 749, 162, -6, 153, 153, 153
L 749, 162, -6, 752, 177, -9, 153, 153, 153
L 752, 177, -9, 761, 180, -7, 153, 153, 153
L 761, 180, -7, 761, 168, -6, 153, 153, 153
L 761, 168, -6, 763, 152, -2, 153, 153, 153
L 763, 152, -2, 765, 140, -9, 153, 153, 153
L 765, 140, -9, 782, 130, -4, 153, 153, 153
L 782, 130, -4, 795, 128, -8, 153, 153, 153
L 795, 128, -8, 810, 125, -11, 153, 153, 153
L 810, 125, -112, 809, 192, -8, 0, 0, 153
L 809, 192, -8, 830, 195, -4, 0, 0, 153
L 830, 195, -4, 846, 193, -1, 0, 0, 153
L 846, 193, -1, 860, 190, 1, 0, 0, 153
L 860, 190, 1, 860, 168, -3, 0, 0, 153
L 860, 168, -3, 862, 147, -2, 0, 0, 153
L 862, 147, -2, 861, 126, 0, 0, 0, 153
L 861, 126, -2, 893, 118, 2, 153, 153, 153
L 893, 118, 2, 914, 118, 2, 153, 153, 153
L 914, 118, 2, 931, 123, 10, 153, 153, 153
L 931, 123, 10, 933, 143, 2, 153, 153, 153
L 933, 143, 2, 932, 181, 2, 153, 153, 153
L 932, 181, 2, 924, 198, 2, 153, 153, 153
L 924, 198, 2, 892, 209, 2, 153, 153, 153
L 892, 209, 2, 853, 214, 0, 153, 153, 153
L 853, 214, 0, 812, 218, -7, 153, 153, 153
L 812, 218, -7, 772, 212, -6, 153, 153, 153
L 772, 212, -6, 767, 213, 1, 153, 153, 153
L 767, 213, 1, 755, 193, -9, 153, 153, 153
L 755, 193, -9, 733, 190, -9, 153, 153, 153
L 733, 190, -9, 729, 183, -9, 153, 153, 153
L 729, 183, -9, 730, 135, -5, 153, 153, 153
L 730, 135, -5, 728, 110, -1, 153, 153, 153
L 728, 110, -1, 723, 95, -1, 153, 153, 153
L 723, 95, -1, 719, 69, 0, 153, 153, 153
L 719, 69, 0, 705, 61, -1, 153, 153, 153
L 705, 61, -1, 696, 61, -1, 153, 153, 153
L 696, 61, -1, 688, 62, -2, 153, 153, 153
L 688, 62, -2, 682, 74, -1, 153, 153, 153
L 682, 74, -1, 663, 81, 0, 153, 153, 153
L 663, 81, 0, 658, 83, 3, 153, 153, 153
L 658, 83, 3, 654, 68, -2, 153, 153, 153
L 654, 68, -2, 656, 57, -2, 153, 153, 153
L 656, 57, -2, 651, 45, -3, 153, 153, 153
L 651, 45, -3, 632, 51, -6, 153, 153, 153
L 632, 51, -6, 617, 55, -7, 153, 153, 153
L 617, 55, -7, 608, 66, -4, 153, 153, 153
L 608, 66, -4, 596, 65, -5, 153, 153, 153
L 596, 65, -5, 587, 65, -5, 153, 153, 153
L 587, 65, -5, 551, 83, -7, 153, 153, 153
L 551, 83, -7, 545, 102, -6, 153, 153, 153
L 545, 102, -6, 543, 120, -5, 153, 153, 153
L 543, 120, -5, 545, 131, -6, 153, 153, 153
L 545, 131, -6, 543, 155, -5, 153, 153, 153
L 543, 155, -5, 547, 176, -6, 153, 153, 153
L 547, 176, -6, 550, 196, -6, 153, 153, 153
L 550, 196, -6, 549, 210, -6, 153, 153, 153
L 549, 210, -6, 543, 249, -6, 153, 153, 153
L 543, 249, -6, 520, 262, -4, 153, 153, 153
L 520, 262, -4, 488, 273, -4, 153, 153, 153
L 488, 273, -4, 464, 282, 4, 153, 153, 153
L 464, 282, 4, 444, 282, 1, 153, 153, 153
L 444, 282, 1, 417, 275, 1, 153, 153, 153
L 417, 275, 1, 410, 257, 5, 153, 153, 153
L 410, 257, 5, 408, 221, 8, 153, 153, 153
L 408, 221, 8, 408, 197, 2, 153, 153, 153
L 408, 197, 2, 423, 152, 12, 153, 153, 153
L 423, 152, 12, 444, 152, 1, 153, 153, 153
L 444, 152, 1, 486, 151, -3, 153, 153, 153
L 486, 151, -3, 510, 155, -2, 153, 153, 153
L 510, 155, -2, 525, 155, -5, 153, 153, 153
L 525, 155, -5, 521, 130, -3, 153, 153, 153
L 521, 130, -3, 522, 110, -5, 153, 153, 153
L 522, 110, -5, 513, 78, -7, 153, 153, 153
L 513, 78, -7, 501, 70, -8, 153, 153, 153
L 501, 70, -8, 479, 76, -11, 153, 153, 153
L 479, 76, -11, 472, 77, -11, 153, 153, 153
L 472, 77, -11, 456, 82, -11, 153, 153, 153
L 456, 82, -11, 413, 71, -15, 153, 153, 153
L 413, 71, -15, 402, 68, -15, 153, 153, 153
L 402, 68, -15, 386, 55, -15, 153, 153, 153
L 386, 55, -15, 370, 57, -15, 153, 153, 153
L 370, 57, -15, 371, 63, -15, 153, 153, 153
L 371, 63, -15, 368, 95, -15, 153, 153, 153
L 368, 95, -15, 364, 128, -18, 153, 153, 153
L 364, 128, -18, 364, 146, -20, 153, 153, 153
L 364, 146, -20, 359, 168, -20, 153, 153, 153
L 359, 168, -20, 351, 179, -20, 153, 153, 153
L 351, 179, -20, 338, 180, -20, 153, 153, 153
L 338, 180, -20, 310, 179, -23, 153, 153, 153
L 310, 179, -23, 294, 181, -25, 153, 153, 153
L 294, 181, -25, 289, 186, -25, 153, 153, 153
L 289, 186, -25, 282, 213, -25, 153, 153, 153
L 282, 213, -25, 280, 215, -25, 153, 153, 153
L 280, 215, -25, 262, 214, -25, 153, 153, 153
L 262, 214, -25, 257, 208, -25, 153, 153, 153
L 257, 198, -256, 259, 193, -25, 153, 153, 153
L 259, 193, -25, 258, 166, -25, 153, 153, 153
L 258, 166, -25, 271, 157, -25, 153, 153, 153
L 271, 157, -25, 294, 153, -25, 153, 153, 153
L 294, 153, -25, 305, 151, -23, 153, 153, 153
L 305, 151, -23, 322, 152, -21, 153, 153, 153
L 322, 152, -21, 340, 145, -20, 153, 153, 153
L 340, 145, -20, 347, 141, -19, 153, 153, 153
L 347, 141, -19, 347, 127, -17, 153, 153, 153
L 347, 127, -17, 344, 103, -15, 153, 153, 153
L 344, 103, -15, 337, 92, -15, 153, 153, 153
L 337, 92, -15, 339, 85, -15, 153, 153, 153
L 339, 85, -15, 340, 66, -15, 153, 153, 153
L 340, 66, -15, 328, 58, -9, 153, 153, 153
L 328, 58, -9, 306, 49, -15, 153, 153, 153
L 306, 49, -15, 277, 47, -26, 153, 153, 153
L 277, 47, -26, 264, 48, -28, 153, 153, 153
L 264, 48, -28, 245, 52, -29, 153, 153, 153
L 245, 52, -29, 242, 41, -29, 153, 153, 153
L 242, 41, -29, 244, 34, -29, 153, 153, 153
L 244, 34, -29, 243, 24, -29, 153, 153, 153
L 243, 24, -29, 242, 2, -29, 153, 153, 153
L 242, 2, -29, 240, -6, -29, 153, 153, 153
L 240, -6, -29, 239, -9, -29, 153, 153, 153
L 239, -9, -29, 221, -10, -29, 153, 153, 153
L 221, -10, -29, 209, -6, -21, 153, 153, 153
L 209, -6, -21, 203, 10, -29, 153, 153, 153
L 203, 10, -29, 205, 22, -29, 153, 153, 153
L 205, 22, -29, 205, 58, -29, 153, 153, 153
L 205, 58, -29, 198, 77, -25, 153, 153, 153
L 198, 77, -25, 193, 78, -24, 153, 153, 153
L 193, 78, -24, 182, 83, -29, 153, 153, 153
L 182, 83, -29, 157, 84, -29, 153, 153, 153
L 157, 84, -29, 135, 77, -28, 153, 153, 153
L 135, 77, -28, 129, 61, -27, 153, 153, 153
L 129, 61, -27, 129, 50, -20, 153, 153, 153
L 129, 50, -20, 125, 43, -22, 153, 153, 153
L 125, 43, -22, 115, 35, -26, 153, 153, 153
L 115, 35, -26, 94, 30, -28, 153, 153, 153
L 94, 30, -28, 92, 29, -29, 153, 153, 153
L 92, 29, -29, 78, 0, -29, 153, 153, 153
L 78, 0, -29, 77, -39, -29, 153, 153, 153
L 77, -39, -29, 83, -63, -28, 153, 153, 153
L 83, -63, -28, 85, -77, -28, 153, 153, 153
L 85, -77, -28, 77, -99, -29, 153, 153, 153
L 77, -99, -29, 121, -120, -28, 153, 153, 153
L 121, -120, -28, 147, -107, -22, 153, 153, 153
L 147, -107, -22, 148, -80, -27, 153, 153, 153
L 148, -80, -27, 137, -54, -29, 153, 153, 153
L 137, -54, -29, 117, -47, -21, 153, 153, 153
L 117, -47, -21, 107, -42, -29, 153, 153, 153
L 107, -42, -29, 100, -27, -28, 153, 153, 153
L 100, -27, -28, 97, -16, -29, 153, 153, 153
L 97, -16, -29, 97, -5, -29, 153, 153, 153
L 97, -5, -29, 104, 11, -29, 153, 153, 153
L 104, 11, -29, 120, 14, -29, 153, 153, 153
L 120, 14, -29, 130, 21, -29, 153, 153, 153
L 130, 21, -29, 145, 27, -29, 153, 153, 153
L 145, 27, -29, 160, 27, -28, 153, 153, 153
L 160, 27, -28, 171, 22, -28, 153, 153, 153
L 171, 22, -28, 181, 8, -29, 153, 153, 153
L 181, 8, -29, 181, -1, -27, 153, 153, 153
L 181, -1, -27, 178, -15, -28, 153, 153, 153
L 178, -15, -28, 181, -21, -29, 153, 153, 153
L 181, -21, -29, 190, -28, -29, 153, 153, 153
L 190, -28, -29, 201, -29, -29, 153, 153, 153
L 201, -29, -29, 208, -31, -29, 153, 153, 153
L 208, -31, -29, 244, -36, -29, 153, 153, 153
L 244, -36, -29, 253, -31, -29, 153, 153, 153
L 253, -31, -29, 255, -28, -29, 153, 153, 153
L 255, -28, -29, 260, -8, -29, 153, 153, 153
L 260, -8, -29, 262, 3, -29, 153, 153, 153
L 262, 3, -29, 263, 15, -29, 153, 153, 153
L 263, 15, -29, 262, 28, -26, 153, 153, 153
L 262, 28, -26, 280, 31, -25, 153, 153, 153
L 280, 31, -25, 300, 32, -13, 153, 153, 153
L 300, 32, -13, 325, 27, -13, 153, 153, 153
L 325, 27, -13, 365, 24, -13, 153, 153, 153
L 365, 24, -13, 398, 34, -9, 153, 153, 153
L 398, 34, -9, 413, 30, -9, 153, 153, 153
L 413, 30, -9, 431, 27, -9, 153, 153, 153
L 431, 27, -9, 456, 25, -11, 153, 153, 153
L 456, 25, -11, 469, 17, -8, 153, 153, 153
L 469, 17, -8, 472, 7, -10, 153, 153, 153
L 472, 7, -10, 470, -5, -11, 153, 153, 153
L 470, -5, -11, 471, -25, -11, 153, 153, 153
L 471, -25, -11, 473, -38, -11, 153, 153, 153
L 473, -38, -11, 472, -50, -11, 153, 153, 153
L 472, -50, -11, 464, -85, -11, 153, 153, 153
L 464, -85, -11, 453, -94, -8, 153, 153, 153
L 453, -94, -8, 440, -90, -10, 153, 153, 153
L 440, -90, -10, 426, -92, -9, 153, 153, 153
L 426, -92, -9, 417, -96, -7, 153, 153, 153
L 417, -96, -7, 416, -100, -6, 153, 153, 153
L 416, -100, -6, 417, -114, -5, 153, 153, 153
L 417, -114, -5, 419, -136, -4, 153, 153, 153
L 419, -136, -4, 420, -164, -5, 153, 153, 153
L 420, -164, -5, 413, -169, -5, 153, 153, 153
L 413, -169, -5, 391, -176, -5, 153, 153, 153
L 391, -176, -5, 364, -179, -5, 153, 153, 153
L 364, -179, -5, 341, -181, -4, 153, 153, 153
L 341, -181, -4, 328, -185, -5, 153, 153, 153
L 328, -185, -5, 312, -190, -5, 153, 153, 153
L 312, -190, -5, 302, -196, -4, 153, 153, 153
L 302, -196, -4, 279, -193, -5, 153, 153, 153
L 279, -193, -5, 259, -195, -5, 153, 153, 153
L 259, -195, -5, 245, -204, -5, 153, 153, 153
L 245, -204, -5, 240, -206, -6, 153, 153, 153
L 240, -206, -6, 226, -211, -6, 153, 153, 153
L 226, -211, -6, 204, -217, -5, 153, 153, 153
L 204, -217, -5, 194, -224, -5, 153, 153, 153
L 194, -224, -5, 193, -227, -5, 153, 153, 153
L 193, -227, -5, 187, -238, -5, 153, 153, 153
L 187, -238, -5, 194, -252, -5, 153, 153, 153
L 194, -252, -5, 194, -269, -5, 153, 153, 153
L 194, -269, -5, 197, -270, -5, 153, 153, 153
L 197, -270, -5, 211, -277, -9, 153, 153, 153
L 211, -277, -9, 226, -277, -9, 153, 153, 153
L 226, -277, -9, 243, -261, -5, 153, 153, 153
L 243, -261, -5, 244, -262, -5, 153, 153, 153
L 244, -262, -5, 246, -246, -5, 153, 153, 153
L 246, -246, -5, 259, -234, -5, 153, 153, 153
L 259, -234, -5, 267, -236, -5, 153, 153, 153
L 267, -236, -5, 276, -243, -5, 153, 153, 153
L 276, -243, -5, 280, -255, -5, 153, 153, 153
L 280, -255, -5, 289, -261, -5, 153, 153, 153
L 289, -261, -5, 303, -260, -5, 153, 153, 153
L 303, -260, -5, 313, -261, -5, 153, 153, 153
L 313, -261, -5, 315, -250, -4, 153, 153, 153
L 315, -250, -4, 315, -225, -5, 153, 153, 153
L 315, -225, -5, 318, -212, -5, 153, 153, 153
L 318, -212, -5, 320, -206, -5, 153, 153, 153
L 320, -206, -5, 328, -202, -5, 153, 153, 153
L 328, -202, -5, 350, -192, -4, 153, 153, 153
L 350, -192, -4, 364, -190, -5, 153, 153, 153
L 364, -190, -5, 373, -189, -5, 153, 153, 153
L 373, -189, -5, 394, -193, -4, 153, 153, 153
L 394, -193, -4, 411, -198, -4, 153, 153, 153
L 411, -198, -4, 419, -196, -5, 153, 153, 153
L 419, -196, -5, 429, -207, -5, 153, 153, 153
L 429, -207, -5, 428, -225, -5, 153, 153, 153
L 428, -225, -5, 429, -231, -5, 153, 153, 153
L 429, -231, -5, 442, -243, -5, 153, 153, 153
L 442, -243, -5, 449, -242, -4, 153, 153, 153
L 449, -242, -4, 467, -242, -3, 153, 153, 153
L 467, -242, -3, 496, -245, -2, 153, 153, 153
L 496, -245, -2, 497, -235, -5, 153, 153, 153
L 497, -235, -5, 504, -200, 8, 153, 153, 153
L 504, -200, 8, 506, -185, -5, 153, 153, 153
L 506, -185, -5, 508, -163, -4, 153, 153, 153
L 508, -163, -4, 508, -141, -4, 153, 153, 153
L 508, -141, -4, 509, -123, -4, 153, 153, 153
L 509, -123, -4, 510, -116, -5, 153, 153, 153
L 510, -116, -5, 517, -112, -5, 153, 153, 153
L 517, -112, -5, 528, -113, -5, 153, 153, 153
L 528, -113, -5, 534, -117, -5, 153, 153, 153
L 534, -117, -5, 543, -141, -4, 153, 153, 153
L 543, -141, -4, 544, -152, -4, 153, 153, 153
L 544, -152, -4, 542, -169, 2, 153, 153, 153
L 542, -169, 2, 536, -185, -5, 153, 153, 153
L 536, -185, -5, 533, -192, -5, 153, 153, 153
L 533, -192, -5, 507, -234, 0, 153, 153, 153
L 507, -234, 0, 506, -244, -5, 153, 153, 153
L 506, -244, -5, 529, -249, -4, 153, 153, 153
L 529, -249, -4, 553, -252, -5, 153, 153, 153
L 553, -252, -5, 555, -237, 0, 153, 153, 153
L 555, -237, 0, 556, -220, -5, 153, 153, 153
L 556, -220, -5, 562, -208, -5, 153, 153, 153
L 562, -208, -5, 573, -196, -5, 153, 153, 153
L 573, -196, -5, 589, -197, -3, 153, 153, 153
L 589, -197, -3, 610, -197, -2, 153, 153, 153
L 610, -197, -2, 624, -207, -3, 153, 153, 153
L 624, -207, -3, 621, -217, -3, 153, 153, 153
L 621, -217, -3, 619, -249, -5, 153, 153, 153
L 619, -249, -5, 616, -261, -4, 153, 153, 153
L 616, -261, -4, 588, -260, -4, 153, 153, 153
L 588, -260, -4, 561, -261, -5, 153, 153, 153
L 561, -261, -5, 556, -267, -5, 153, 153, 153
L 556, -267, -5, 560, -283, -5, 153, 153, 153
L 560, -283, -5, 557, -310, -5, 153, 153, 153
L 557, -310, -5, 573, -317, -5, 153, 153, 153
L 573, -317, -5, 596, -319, -4, 153, 153, 153
L 596, -319, -4, 623, -319, 6, 153, 153, 153
L 623, -319, 6, 631, -312, 6, 153, 153, 153
L 631, -312, 6, 639, -295, -4, 153, 153, 153
L 639, -295, -4, 640, -288, -4, 153, 153, 153
L 640, -288, -4, 639, -272, -4, 153, 153, 153
L 639, -272, -4, 639, -253, -1, 153, 153, 153
L 639, -253, -1, 641, -227, -4, 153, 153, 153
L 641, -227, -4, 642, -188, 5, 153, 153, 153
L 642, -188, 5, 640, -186, 5, 153, 153, 153
L 640, -186, 5, 620, -184, -5, 153, 153, 153
L 620, -184, -5, 606, -183, -5, 153, 153, 153
L 606, -183, -5, 589, -177, -5, 153, 153, 153
L 589, -177, -5, 584, -164, -5, 153, 153, 153
L 584, -164, -5, 579, -135, -5, 153, 153, 153
L 579, -135, -5, 578, -112, -5, 153, 153, 153
L 578, -112, -5, 579, -102, -6, 153, 153, 153
L 579, -102, -6, 557, -93, -8, 153, 153, 153
L 557, -93, -8, 548, -92, -9, 153, 153, 153
L 548, -92, -9, 526, -94, -8, 153, 153, 153
L 526, -94, -8, 501, -75, -11, 153, 153, 153
L 501, -75, -11, 494, -65, -11, 153, 153, 153
L 494, -65, -11, 490, -52, -10, 153, 153, 153
L 490, -52, -10, 487, -43, -11, 153, 153, 153
L 487, -43, -11, 487, -7, -11, 153, 153, 153
L 487, -7, -11, 485, 11, -11, 153, 153, 153
L 485, 11, -11, 480, 23, -11, 153, 153, 153
L 480, 23, -11, 489, 32, -11, 153, 153, 153
L 489, 32, -11, 502, 37, -8, 153, 153, 153
L 502, 37, -8, 519, 33, -7, 153, 153, 153
L 519, 33, -7, 542, 27, -7, 153, 153, 153
L 542, 27, -7, 568, 26, -7, 153, 153, 153
L 568, 26, -7, 571, 28, -7, 153, 153, 153
L 571, 28, -7, 590, 32, -5, 153, 153, 153
L 590, 32, -5, 609, 31, -7, 153, 153, 153
L 609, 31, -7, 631, 34, -6, 153, 153, 153
L 631, 34, -6, 641, 36, -4, 153, 153, 153
L 641, 36, -4, 657, 33, -2, 153, 153, 153
L 657, 33, -2, 655, 21, 0, 153, 153, 153
L 655, 21, 0, 655, 14, 1, 153, 153, 153
L 655, 14, 1, 655, 9, 2, 153, 153, 153
L 655, 9, 2, 655, -7, 3, 153, 153, 153
L 655, -7, 3, 655, -16, 3, 153, 153, 153
L 240, -206, -68, 238, -217, -7, 0, 0, 153
L 238, -217, -7, 238, -230, -7, 0, 0, 153
L 238, -230, -7, 237, -237, -7, 0, 0, 153
L 237, -237, -7, 237, -239, -7, 0, 0, 153
L 237, -239, -7, 238, -251, -7, 0, 0, 153
L 238, -251, -7, 237, -261, -7, 0, 0, 153
L 237, -261, -7, 230, -265, -5, 0, 0, 153
L 230, -265, -5, 225, -273, -9, 0, 0, 153
L 225, -273, -9, 226, -277, -9, 0, 0, 153
L 226, -277, -9, 220, -276, -9, 0, 0, 153
L 220, -276, -9, 212, -277, -9, 0, 0, 153
L 212, -277, -9, 203, -275, -8, 0, 0, 153
L 203, -275, -8, 203, -271, -8, 0, 0, 153
L 203, -271, -8, 202, -262, -8, 0, 0, 153
L 202, -262, -8, 202, -252, -8, 0, 0, 153
L 202, -252, -8, 212, -248, -8, 0, 0, 153
L 212, -248, -8, 223, -248, -8, 0, 0, 153
L 223, -248, -8, 227, -248, -9, 0, 0, 153
L 227, -248, -9, 231, -238, -8, 0, 0, 153
L 231, -238, -8, 230, -227, -8, 0, 0, 153
L 230, -227, -8, 230, -207, -8, 0, 0, 153
L 849, 163, -653, 850, 174, -65, 153, 153, 153
L 850, 174, -65, 853, 184, -66, 153, 153, 153
L 853, 184, -66, 853, 189, -66, 153, 153, 153
L 853, 189, -66, 857, 211, -66, 153, 153, 153
L 857, 211, -66, 854, 218, -66, 153, 153, 153
L 854, 218, -66, 850, 232, -66, 153, 153, 153
L 850, 232, -66, 850, 238, -67, 153, 153, 153
L 850, 238, -67, 851, 249, -70, 153, 153, 153
L 851, 249, -70, 857, 265, -73, 153, 153, 153
L 857, 265, -73, 870, 283, -78, 153, 153, 153
L 870, 283, -78, 869, 288, -80, 153, 153, 153
L 869, 288, -80, 869, 298, -80, 153, 153, 153
L 869, 298, -80, 863, 312, -81, 153, 153, 153
L 863, 312, -81, 853, 325, -80, 153, 153, 153
L 853, 325, -80, 848, 330, -81, 153, 153, 153
L 848, 330, -81, 843, 331, -80, 153, 153, 153
L 843, 331, -80, 831, 332, -80, 153, 153, 153
L 831, 332, -80, 823, 329, -81, 153, 153, 153
L 823, 329, -81, 818, 324, -80, 153, 153, 153
L 818, 324, -80, 806, 309, -81, 153, 153, 153
L 806, 309, -81, 800, 305, -85, 153, 153, 153
L 800, 305, -85, 788, 308, -87, 153, 153, 153
L 788, 308, -87, 784, 310, -87, 153, 153, 153
L 784, 310, -87, 772, 311, -89, 153, 153, 153
L 772, 311, -89, 758, 314, -92, 153, 153, 153
L 758, 314, -92, 741, 324, -92, 153, 153, 153
L 741, 324, -92, 727, 339, -86, 153, 153, 153
L 727, 339, -86, 722, 340, -85, 153, 153, 153
L 722, 340, -85, 715, 341, -80, 153, 153, 153
L 715, 341, -80, 707, 334, -79, 153, 153, 153
L 707, 334, -79, 694, 326, -80, 153, 153, 153
L 694, 326, -80, 689, 324, -80, 153, 153, 153
L 689, 324, -80, 687, 323, -80, 153, 153, 153
L 687, 323, -80, 656, 322, -80, 153, 153, 153
L 656, 322, -80, 646, 322, -80, 153, 153, 153
L 646, 322, -80, 633, 319, -80, 153, 153, 153
L 633, 319, -80, 621, 318, -80, 153, 153, 153
L 621, 318, -80, 617, 309, -80, 153, 153, 153
L 617, 309, -80, 617, 294, -80, 153, 153, 153
L 617, 294, -80, 615, 288, -80, 153, 153, 153
L 615, 288, -80, 618, 279, -81, 153, 153, 153
L 618, 279, -81, 628, 269, -81, 153, 153, 153
L 628, 269, -81, 636, 267, -80, 153, 153, 153
L 636, 267, -80, 658, 263, -80, 153, 153, 153
L 658, 263, -80, 680, 265, -81, 153, 153, 153
L 680, 265, -81, 690, 264, -80, 153, 153, 153
L 690, 264, -80, 712, 265, -81, 153, 153, 153
L 712, 265, -81, 719, 267, -80, 153, 153, 153
L 719, 267, -80, 725, 269, -81, 153, 153, 153
L 725, 269, -81, 736, 276, -81, 153, 153, 153
L 736, 276, -81, 746, 285, -81, 153, 153, 153
L 746, 285, -81, 758, 298, -85, 153, 153, 153
L 758, 298, -85, 771, 297, -90, 153, 153, 153
L 771, 297, -90, 784, 297, -93, 153, 153, 153
L 784, 297, -93, 792, 299, -94, 153, 153, 153
L 792, 299, -94, 803, 297, -94, 153, 153, 153
L 803, 297, -94, 810, 290, -95, 153, 153, 153
L 810, 290, -95, 811, 278, -90, 153, 153, 153
L 811, 278, -90, 815, 268, -87, 153, 153, 153
L 815, 268, -87, 818, 258, -79, 153, 153, 153
L 818, 258, -79, 821, 249, -75, 153, 153, 153
L 821, 249, -75, 823, 233, -66, 153, 153, 153
L 823, 233, -66, 820, 222, -66, 153, 153, 153
L 820, 222, -66, 817, 203, -66, 153, 153, 153
L 817, 203, -66, 818, 183, -66, 153, 153, 153
L 818, 183, -66, 821, 173, -66, 153, 153, 153
L 456, 247, 13, 456, 264, 1, 153, 153, 153
L 456, 264, 1, 441, 265, 2, 153, 153, 153
L 441, 265, 2, 439, 246, 2, 153, 153, 153
L 250, 200, -256, 242, 198, -25, 153, 153, 153
L 242, 198, -25, 229, 192, -25, 153, 153, 153
L 229, 192, -25, 212, 192, -25, 153, 153, 153
L 212, 192, -25, 212, 233, -31, 153, 153, 153
L 212, 233, -31, 192, 235, -31, 153, 153, 153
L 192, 235, -31, 182, 234, -31, 153, 153, 153
L 182, 234, -31, 180, 232, -31, 153, 153, 153
L 180, 232, -31, 176, 194, -31, 153, 153, 153
L 176, 194, -31, 164, 173, -31, 153, 153, 153
L 164, 173, -31, 8, 173, -31, 153, 153, 153
L 8, 173, -31, -20, 184, -24, 153, 153, 153
L -20, 184, -24, -32, 183, -25, 153, 153, 153
L -32, 183, -25, -63, 183, -31, 153, 153, 153
L -63, 183, -31, -98, 183, -31, 153, 153, 153
L -98, 183, -31, -98, 218, -31, 153, 153, 153
L -98, 218, -31, -110, 221, -31, 153, 153, 153
L -110, 221, -31, -122, 184, -31, 153, 153, 153
L -122, 184, -31, -167, 183, -31, 153, 153, 153
L -167, 183, -31, -171, 195, -31, 153, 153, 153
L -171, 195, -31, -167, 197, -31, 153, 153, 153
L -167, 197, -31, -167, 322, -31, 153, 153, 153
L -167, 322, -31, -122, 322, -31, 153, 153, 153
L -122, 322, -31, -122, 309, -31, 153, 153, 153
L -122, 309, -31, -126, 309, -31, 153, 153, 153
L -126, 309, -31, -133, 301, -31, 153, 153, 153
L -133, 301, -31, -143, 297, -31, 153, 153, 153
L -143, 297, -31, -150, 295, -31, 153, 153, 153
L -150, 295, -31, -153, 295, -31, 153, 153, 153
L -153, 295, -31, -154, 262, -31, 153, 153, 153
L -154, 262, -31, -151, 255, -31, 153, 153, 153
L -151, 255, -31, -140, 260, -31, 153, 153, 153
L -140, 260, -31, -126, 270, -31, 153, 153, 153
L -126, 270, -31, -122, 271, -31, 153, 153, 153
L -122, 271, -31, -122, 239, -31, 153, 153, 153
L -122, 239, -31, -101, 237, -31, 153, 153, 153
L -101, 237, -31, -98, 271, -31, 153, 153, 153
L -98, 271, -31, -91, 273, -31, 153, 153, 153
L -91, 273, -31, -88, 269, -31, 153, 153, 153
L -88, 269, -31, -76, 264, -31, 153, 153, 153
L -76, 264, -31, -50, 262, -31, 153, 153, 153
L -50, 262, -31, -36, 266, -31, 153, 153, 153
L -36, 266, -31, -28, 270, -31, 153, 153, 153
L -28, 270, -31, -23, 277, -31, 153, 153, 153
L -23, 277, -31, -20, 286, -27, 153, 153, 153
L -20, 286, -27, -23, 285, -28, 153, 153, 153
L -23, 285, -28, -28, 277, -26, 153, 153, 153
L -28, 277, -26, -36, 270, -19, 153, 153, 153
L -36, 270, -19, -45, 268, -16, 153, 153, 153
L -45, 268, -16, -55, 268, -18, 153, 153, 153
L -55, 268, -18, -66, 268, -18, 153, 153, 153
L -66, 268, -18, -78, 269, -15, 153, 153, 153
L -78, 269, -15, -87, 274, -10, 153, 153, 153
L -87, 274, -10, -93, 281, -5, 153, 153, 153
L -93, 281, -5, -96, 281, -7, 153, 153, 153
L -96, 281, -7, -102, 274, -5, 153, 153, 153
L -102, 274, -5, -103, 261, -7, 153, 153, 153
L -103, 261, -7, -103, 252, -7, 153, 153, 153
L -103, 252, -7, -104, 241, -7, 153, 153, 153
L -104, 241, -7, -103, 232, -7, 153, 153, 153
L -103, 232, -7, -103, 219, -7, 153, 153, 153
L -103, 219, -7, -104, 207, -7, 153, 153, 153
L -104, 207, -7, -103, 188, -7, 153, 153, 153
L -103, 188, -7, -118, 186, -5, 153, 153, 153
L -118, 186, -5, -117, 206, -7, 153, 153, 153
L -117, 206, -7, -117, 277, -7, 153, 153, 153
L -117, 277, -7, -122, 277, -7, 153, 153, 153
L -122, 277, -7, -127, 273, -4, 153, 153, 153
L -127, 273, -4, -133, 269, -2, 153, 153, 153
L -133, 269, -2, -143, 265, 2, 153, 153, 153
L -143, 265, 2, -147, 263, 4, 153, 153, 153
L -147, 263, 4, -149, 290, 5, 153, 153, 153
L -149, 290, 5, -139, 294, 1, 153, 153, 153
L -139, 294, 1, -125, 303, -6, 153, 153, 153
L -125, 303, -6, -116, 304, -7, 153, 153, 153
L -116, 304, -7, -115, 306, -7, 153, 153, 153
L -115, 306, -7, -116, 319, -7, 153, 153, 153
L -116, 319, -7, -130, 327, -7, 153, 153, 153
L -130, 327, -7, -154, 327, -7, 153, 153, 153
L -154, 327, -7, -166, 352, -5, 153, 153, 153
L -166, 352, -5, -166, 368, -7, 153, 153, 153
L -166, 368, -7, -160, 369, -7, 153, 153, 153
L -160, 369, -7, -154, 368, -7, 153, 153, 153
L -154, 368, -7, -144, 368, -7, 153, 153, 153
L -144, 368, -7, -125, 367, -7, 153, 153, 153
L -125, 367, -7, -115, 366, -7, 153, 153, 153
L -115, 366, -7, -106, 366, -7, 153, 153, 153
L -106, 366, -7, -104, 354, -7, 153, 153, 153
L -104, 354, -7, -103, 346, -7, 153, 153, 153
L -103, 346, -7, -104, 335, -7, 153, 153, 153
L -104, 335, -7, -103, 323, -7, 153, 153, 153
L -103, 323, -7, -103, 309, -7, 153, 153, 153
L -103, 309, -7, -99, 303, -7, 153, 153, 153
L -99, 303, -7, -95, 302, -5, 153, 153, 153
L -95, 302, -5, -95, 301, -5, 153, 153, 153
L -95, 301, -5, -86, 291, -10, 153, 153, 153
L -86, 291, -10, -75, 287, -16, 153, 153, 153
L -75, 287, -16, -66, 289, -18, 153, 153, 153
L -66, 289, -18, -48, 289, -18, 153, 153, 153
L -48, 289, -18, -45, 287, -18, 153, 153, 153
L -45, 287, -18, -42, 287, -18, 153, 153, 153
L -42, 287, -18, -33, 290, -20, 153, 153, 153
L -33, 290, -20, -28, 293, -25, 153, 153, 153
L -28, 293, -25, -24, 298, -27, 153, 153, 153
L -24, 298, -27, -18, 309, -30, 153, 153, 153
L -18, 309, -30, -16, 314, -31, 153, 153, 153
L -16, 314, -31, -18, 315, -28, 153, 153, 153
L -18, 315, -28, -24, 308, -31, 153, 153, 153
L -24, 308, -31, -30, 297, -31, 153, 153, 153
L -30, 297, -31, -39, 293, -31, 153, 153, 153
L -39, 293, -31, -46, 294, -31, 153, 153, 153
L -46, 294, -31, -83, 294, -31, 153, 153, 153
L -83, 294, -31, -88, 299, -31, 153, 153, 153
L -88, 299, -31, -93, 309, -31, 153, 153, 153
L -93, 309, -31, -96, 309, -31, 153, 153, 153
L -96, 309, -31, -98, 323, -31, 153, 153, 153
L -98, 323, -31, -98, 361, -31, 153, 153, 153
L -98, 361, -31, -93, 368, -31, 153, 153, 153
L -93, 368, -31, -84, 368, -31, 153, 153, 153
L -84, 368, -31, -71, 369, -31, 153, 153, 153
L -71, 369, -31, -60, 369, -31, 153, 153, 153
L -60, 369, -31, -52, 370, -31, 153, 153, 153
L -52, 370, -31, -36, 383, -31, 153, 153, 153
L -36, 383, -31, -19, 398, -31, 153, 153, 153
L -19, 398, -31, -15, 399, -31, 153, 153, 153
L -15, 399, -31, 14, 399, -31, 153, 153, 153
L 14, 399, -31, 4, 395, -26, 153, 153, 153
L 4, 395, -26, 9, 395, -25, 153, 153, 153
L 9, 395, -25, 19, 393, -20, 153, 153, 153
L 19, 393, -20, 24, 395, -20, 153, 153, 153
L 24, 395, -20, 27, 402, -20, 153, 153, 153
L 27, 402, -20, 26, 411, -20, 153, 153, 153
L 26, 411, -20, 26, 443, -20, 153, 153, 153
L 54, 445, -201, 54, 426, -20, 153, 153, 153
L 54, 426, -20, 54, 401, -20, 153, 153, 153
L 54, 401, -20, 56, 395, -20, 153, 153, 153
L 56, 395, -20, 61, 393, -20, 153, 153, 153
L 61, 393, -20, 65, 399, -22, 153, 153, 153
L 65, 399, -22, 73, 399, -31, 153, 153, 153
L 73, 399, -31, 87, 399, -31, 153, 153, 153
L 87, 399, -31, 94, 400, -31, 153, 153, 153
L 94, 400, -31, 115, 400, -31, 153, 153, 153
L 115, 400, -31, 134, 398, -31, 153, 153, 153
L 134, 398, -31, 169, 398, -31, 153, 153, 153
L 169, 398, -31, 174, 394, -31, 153, 153, 153
L 174, 394, -31, 184, 383, -31, 153, 153, 153
L 184, 383, -31, 186, 368, -31, 153, 153, 153
L 186, 368, -31, 186, 276, -31, 153, 153, 153
L 186, 276, -31, 185, 258, -31, 153, 153, 153
L 185, 258, -31, 188, 255, -31, 153, 153, 153
L 188, 255, -31, 201, 256, -31, 153, 153, 153
L 201, 256, -31, 222, 256, -31, 153, 153, 153
L 222, 256, -31, 227, 249, -31, 153, 153, 153
L 227, 249, -31, 227, 227, -26, 153, 153, 153
L 227, 227, -26, 227, 220, -25, 153, 153, 153
L 227, 220, -25, 230, 213, -25, 153, 153, 153
L 230, 213, -25, 240, 209, -25, 153, 153, 153
L 240, 209, -25, 251, 206, -25, 153, 153, 153
L 130, 220, -311, 158, 220, -31, 153, 153, 153
L 158, 220, -31, 159, 196, -31, 153, 153, 153
L 159, 196, -31, 134, 188, -31, 153, 153, 153
L 134, 188, -31, 130, 221, -31, 153, 153, 153
L 149, 289, -302, 168, 289, -31, 153, 153, 153
L 168, 289, -31, 171, 321, -31, 153, 153, 153
L 171, 321, -31, 122, 323, -31, 153, 153, 153
L 122, 323, -31, 119, 291, -31, 153, 153, 153
L 119, 291, -31, 137, 289, -31, 153, 153, 153
L 163, 351, -301, 163, 380, -31, 153, 153, 153
L 163, 380, -31, 129, 383, -31, 153, 153, 153
L 129, 383, -31, 125, 333, -31, 153, 153, 153
L 125, 333, -31, 155, 329, -31, 153, 153, 153
L 155, 329, -31, 163, 334, -31, 153, 153, 153
L 62, 241, -301, 62, 262, -31, 153, 153, 153
L 62, 262, -31, 121, 265, -31, 153, 153, 153
L 121, 265, -31, 121, 210, -31, 153, 153, 153
L 121, 210, -31, 63, 209, -31, 153, 153, 153
L 63, 209, -31, 62, 230, -31, 153, 153, 153
L -1, 394, -311, 0, 360, -30, 153, 153, 153
L 0, 360, -30, 20, 359, -20, 153, 153, 153
L 20, 359, -20, 22, 335, -30, 153, 153, 153
L 22, 335, -30, 57, 334, -31, 153, 153, 153
L 57, 334, -31, 57, 354, -20, 153, 153, 153
L 57, 354, -20, 80, 358, -29, 153, 153, 153
L 80, 358, -29, 81, 395, -27, 153, 153, 153
L 26, 445, -197, 26, 445, -19, 153, 153, 153
L 26, 445, -19, -8, 449, -19, 153, 153, 153
L -8, 449, -19, -9, 548, -19, 153, 153, 153
L -9, 548, -19, 8, 549, -19, 153, 153, 153
L 8, 549, -19, 10, 575, -14, 153, 153, 153
L 10, 575, -14, -87, 578, -14, 153, 153, 153
L -87, 578, -14, -87, 616, -14, 153, 153, 153
L -87, 616, -14, -103, 618, -7, 153, 153, 153
L -103, 618, -7, -103, 622, -7, 153, 153, 153
L -103, 622, -7, -109, 624, -6, 153, 153, 153
L -109, 624, -6, -110, 618, -6, 153, 153, 153
L -110, 618, -6, -126, 618, -6, 153, 153, 153
L -126, 618, -6, -126, 653, 2, 153, 153, 153
L -126, 653, 2, -157, 654, 3, 153, 153, 153
L -157, 654, 3, -157, 744, 2, 153, 153, 153
L -157, 744, 2, -110, 744, 2, 153, 153, 153
L -110, 744, 2, -109, 734, 8, 153, 153, 153
L -109, 734, 8, -83, 734, 10, 153, 153, 153
L -83, 734, 10, -76, 738, 10, 153, 153, 153
L -76, 738, 10, -67, 740, 10, 153, 153, 153
L -67, 740, 10, -47, 740, 10, 153, 153, 153
L -47, 740, 10, -41, 737, 10, 153, 153, 153
L -41, 737, 10, -37, 721, 10, 153, 153, 153
L -37, 721, 10, -41, 716, 10, 153, 153, 153
L -41, 716, 10, -62, 711, 10, 153, 153, 153
L -62, 711, 10, -81, 715, 10, 153, 153, 153
L -81, 715, 10, -82, 717, 10, 153, 153, 153
L -82, 717, 10, -108, 718, 9, 153, 153, 153
L -108, 718, 9, -110, 631, -6, 153, 153, 153
L -110, 631, -6, -89, 634, -14, 153, 153, 153
L -89, 634, -14, -86, 792, -14, 153, 153, 153
L -86, 792, -14, -54, 792, -14, 153, 153, 153
L -54, 792, -14, -54, 716, -14, 153, 153, 153
L -54, 716, -14, -4, 714, -14, 153, 153, 153
L -4, 714, -14, -1, 675, -14, 153, 153, 153
L -1, 675, -14, 78, 671, -14, 153, 153, 153
L 78, 671, -14, 83, 711, -14, 153, 153, 153
L 83, 711, -14, 101, 713, -14, 153, 153, 153
L 101, 713, -14, 134, 792, -14, 153, 153, 153
L 134, 792, -14, 168, 792, -14, 153, 153, 153
L 168, 792, -14, 168, 636, -14, 153, 153, 153
L 168, 636, -14, 184, 634, -7, 153, 153, 153
L 184, 634, -7, 184, 630, -7, 153, 153, 153
L 184, 630, -7, 189, 629, -6, 153, 153, 153
L 189, 629, -6, 191, 681, 2, 153, 153, 153
L 191, 681, 2, 196, 681, 2, 153, 153, 153
L 196, 681, 2, 192, 687, 1, 153, 153, 153
L 192, 687, 1, 171, 688, 1, 153, 153, 153
L 171, 688, 1, 171, 744, 1, 153, 153, 153
L 171, 744, 1, 228, 744, 1, 153, 153, 153
L 228, 744, 1, 228, 688, 1, 153, 153, 153
L 228, 688, 1, 204, 687, 1, 153, 153, 153
L 204, 687, 1, 202, 681, 2, 153, 153, 153
L 202, 681, 2, 207, 681, 2, 153, 153, 153
L 207, 681, 2, 207, 618, -6, 153, 153, 153
L 207, 618, -6, 191, 618, -6, 153, 153, 153
L 191, 618, -6, 191, 621, -6, 153, 153, 153
L 191, 621, -6, 169, 618, -14, 153, 153, 153
L 169, 618, -14, 166, 578, -14, 153, 153, 153
L 166, 578, -14, 71, 577, -14, 153, 153, 153
L 71, 577, -14, 70, 552, -19, 153, 153, 153
L 70, 552, -19, 91, 548, -19, 153, 153, 153
L 91, 548, -19, 91, 449, -19, 153, 153, 153
L 91, 449, -19, 54, 446, -19, 153, 153, 153
L 2, 676, -687, 2, 676, -68, 255, 0, 0
L 2, 676, -68, 2, 716, -68, 255, 0, 0
L 2, 716, -68, -49, 718, -68, 255, 0, 0
L -49, 718, -68, -49, 794, -68, 255, 0, 0
L -49, 794, -68, 130, 794, -68, 255, 0, 0
L 130, 794, -68, 130, 718, -68, 255, 0, 0
L 130, 718, -68, 80, 718, -68, 255, 0, 0
L 80, 718, -68, 78, 676, -68, 255, 0, 0
L 78, 676, -68, 2, 676, -68, 255, 0, 0
L -199, -35, -72, -199, -35, -7, 153, 153, 153
L -199, -35, -7, -295, -35, -7, 153, 153, 153
L -295, -35, -7, -295, 1, -7, 153, 153, 153
L -295, 1, -7, -303, 4, -7, 153, 153, 153
L -303, 4, -7, -303, 0, -7, 153, 153, 153
L -303, 0, -7, -319, 0, -11, 153, 153, 153
L -319, 0, -11, -319, 3, -11, 153, 153, 153
L -319, 3, -11, -324, 4, -12, 153, 153, 153
L -324, 4, -12, -325, -15, -12, 153, 153, 153
L -325, -15, -12, -371, -15, -12, 153, 153, 153
L -371, -15, -12, -371, 30, -12, 153, 153, 153
L -371, 30, -12, -325, 30, -12, 153, 153, 153
L -325, 30, -12, -325, 14, -12, 153, 153, 153
L -325, 14, -12, -323, 10, -12, 153, 153, 153
L -323, 10, -12, -319, 15, -11, 153, 153, 153
L -319, 15, -11, -303, 15, -7, 153, 153, 153
L -303, 15, -7, -303, 12, -7, 153, 153, 153
L -303, 12, -7, -295, 11, -7, 153, 153, 153
L -295, 11, -7, -295, 48, -7, 153, 153, 153
L -295, 48, -7, -217, 48, -7, 153, 153, 153
L -217, 48, -7, -215, 84, -7, 153, 153, 153
L -215, 84, -7, -243, 86, -7, 153, 153, 153
L -243, 86, -7, -243, 123, -7, 153, 153, 153
L -243, 123, -7, -253, 124, -7, 153, 153, 153
L -253, 124, -7, -253, 130, -7, 153, 153, 153
L -253, 130, -7, -280, 132, -7, 153, 153, 153
L -280, 132, -7, -280, 135, -7, 153, 153, 153
L -280, 135, -7, -287, 134, -7, 153, 153, 153
L -287, 134, -7, -313, 134, -7, 153, 153, 153
L -313, 134, -7, -314, 127, -7, 153, 153, 153
L -314, 127, -7, -340, 127, -7, 153, 153, 153
L -340, 127, -7, -340, 153, -7, 153, 153, 153
L -340, 153, -7, -330, 153, -7, 153, 153, 153
L -330, 153, -7, -329, 191, -7, 153, 153, 153
L -329, 191, -7, -378, 191, -7, 153, 153, 153
L -378, 191, -7, -378, 369, -7, 153, 153, 153
L -378, 369, -7, -308, 369, -7, 153, 153, 153
L -308, 369, -7, -308, 191, -7, 153, 153, 153
L -308, 191, -7, -316, 191, -7, 153, 153, 153
L -316, 191, -7, -318, 155, -7, 153, 153, 153
L -318, 155, -7, -314, 153, -7, 153, 153, 153
L -314, 153, -7, -313, 146, -7, 153, 153, 153
L -313, 146, -7, -287, 146, -7, 153, 153, 153
L -287, 146, -7, -287, 145, -7, 153, 153, 153
L -287, 145, -7, -280, 146, -7, 153, 153, 153
L -280, 146, -7, -280, 151, -5, 153, 153, 153
L -280, 151, -5, -285, 164, 0, 153, 153, 153
L -285, 164, 0, -290, 170, 2, 153, 153, 153
L -290, 170, 2, -298, 175, 6, 153, 153, 153
L -298, 175, 6, -305, 176, 10, 153, 153, 153
L -306, 176, 107, -306, 176, 10, 0, 255, 255
L -306, 176, 10, -308, 162, 10, 0, 255, 255
L -308, 162, 10, -378, 162, 10, 0, 255, 255
L -378, 162, 10, -378, 266, 8, 0, 255, 255
L -378, 266, 8, -400, 268, 0, 0, 255, 255
L -400, 268, 0, -402, 212, 0, 0, 255, 255
L -402, 212, 0, -478, 212, 0, 0, 255, 255
L -478, 212, 0, -478, 263, 0, 0, 255, 255
L -478, 263, 0, -512, 264, 0, 0, 255, 255
L -512, 264, 0, -512, 224, 0, 0, 255, 255
L -512, 224, 0, -598, 224, 0, 0, 255, 255
L -598, 224, 0, -598, 249, 0, 0, 255, 255
L -598, 249, 0, -618, 265, 0, 0, 255, 255
L -618, 265, 0, -618, 283, 0, 0, 255, 255
L -618, 283, 0, -599, 297, 0, 0, 255, 255
L -599, 297, 0, -598, 324, 0, 0, 255, 255
L -598, 324, 0, -512, 324, 0, 0, 255, 255
L -512, 324, 0, -512, 285, 0, 0, 255, 255
L -512, 285, 0, -488, 283, 0, 0, 255, 255
L -488, 283, 0, -480, 284, 0, 0, 255, 255
L -480, 284, 0, -478, 343, 0, 0, 255, 255
L -478, 343, 0, -402, 343, 0, 0, 255, 255
L -402, 343, 0, -402, 288, 0, 0, 255, 255
L -402, 288, 0, -380, 288, 8, 0, 255, 255
L -380, 288, 8, -378, 390, 10, 0, 255, 255
L -378, 390, 10, -401, 390, 10, 0, 255, 255
L -401, 390, 10, -401, 395, 10, 0, 255, 255
L -401, 395, 10, -436, 397, 26, 0, 255, 255
L -436, 397, 26, -436, 375, 36, 0, 255, 255
L -436, 375, 367, -436, 375, 36, 255, 0, 255
L -436, 375, 36, -386, 374, 36, 255, 0, 255
L -386, 374, 36, -386, 206, 36, 255, 0, 255
L -386, 206, 36, -418, 206, 36, 255, 0, 255
L -418, 206, 36, -419, 236, 36, 255, 0, 255
L -419, 236, 36, -458, 235, 36, 255, 0, 255
L -458, 235, 36, -458, 375, 36, 255, 0, 255
L -458, 375, 36, -444, 375, 36, 255, 0, 255
L -444, 375, 367, -444, 375, 36, 0, 255, 255
L -444, 375, 36, -443, 403, 26, 0, 255, 255
L -443, 403, 26, -408, 403, 13, 0, 255, 255
L -408, 403, 13, -402, 403, 10, 0, 255, 255
L -402, 403, 10, -401, 410, 10, 0, 255, 255
L -401, 410, 10, -382, 409, 10, 0, 255, 255
L -382, 409, 10, -378, 420, 10, 0, 255, 255
L -378, 420, 10, -308, 420, 10, 0, 255, 255
L -308, 420, 10, -307, 409, 10, 0, 255, 255
L -307, 409, 10, -302, 420, 10, 0, 255, 255
L -302, 420, 10, -268, 420, 10, 0, 255, 255
L -268, 420, 10, -267, 405, 10, 0, 255, 255
L -267, 405, 10, -235, 405, 10, 0, 255, 255
L -235, 405, 10, -235, 368, 8, 0, 255, 255
L -235, 368, 8, -217, 366, 7, 0, 255, 255
L -217, 366, 7, -217, 285, 7, 0, 255, 255
L -217, 285, 7, -176, 284, 7, 0, 255, 255
L -176, 284, 7, -176, 268, 7, 0, 255, 255
L -176, 268, 7, -216, 268, 7, 0, 255, 255
L -216, 268, 7, -217, 224, 7, 0, 255, 255
L -217, 224, 7, -201, 199, -5, 0, 255, 255
L -201, 200, -47, -201, 200, -4, 153, 153, 153
L -201, 200, -4, -201, 157, -6, 153, 153, 153
L -201, 157, -6, -199, 154, -7, 153, 153, 153
L -199, 154, -7, -199, -35, -7, 153, 153, 153
L -308, 192, 107, -308, 192, 10, 153, 153, 153
L -308, 192, 10, -287, 181, 2, 153, 153, 153
L -287, 181, 2, -270, 182, 0, 153, 153, 153
L -270, 182, 0, -270, 162, 0, 153, 153, 153
L -270, 162, 0, -267, 153, -5, 153, 153, 153
L -267, 153, -5, -261, 148, -7, 153, 153, 153
L -261, 148, -7, -255, 148, -7, 153, 153, 153
L -255, 148, -7, -253, 154, -7, 153, 153, 153
L -253, 154, -7, -220, 154, -7, 153, 153, 153
L -220, 154, -7, -217, 198, -5, 153, 153, 153
L -217, 198, -57, -217, 198, -5, 0, 255, 255
L -217, 198, -5, -221, 212, 1, 0, 255, 255
L -221, 212, 1, -233, 225, 7, 0, 255, 255
L -233, 225, 7, -233, 266, 7, 0, 255, 255
L -233, 266, 7, -305, 268, 8, 0, 255, 255
L -305, 268, 8, -308, 195, 10, 0, 255, 255
L -308, 195, 10, -307, 193, 10, 0, 255, 255
L -302, 380, 107, -302, 380, 10, 0, 255, 255
L -302, 380, 10, -301, 388, 10, 0, 255, 255
L -301, 388, 10, -309, 387, 10, 0, 255, 255
L -309, 387, 10, -307, 284, 8, 0, 255, 255
L -307, 284, 8, -234, 284, 7, 0, 255, 255
L -234, 284, 7, -233, 326, 7, 0, 255, 255
L -233, 326, 7, -253, 330, 7, 0, 255, 255
L -253, 330, 7, -253, 366, 7, 0, 255, 255
L -253, 366, 7, -246, 366, 7, 0, 255, 255
L -246, 366, 7, -245, 394, 10, 0, 255, 255
L -245, 394, 10, -265, 395, 10, 0, 255, 255
L -265, 395, 10, -268, 380, 10, 0, 255, 255
L -268, 380, 10, -302, 380, 10, 0, 255, 255
L -364, 345, -82, -364, 345, -8, 153, 153, 153
L -364, 345, -8, -322, 345, -8, 153, 153, 153
L -322, 345, -8, -320, 343, -8, 153, 153, 153
L -320, 343, -8, -320, 293, -8, 153, 153, 153
L -320, 293, -8, -322, 290, -8, 153, 153, 153
L -322, 290, -8, -337, 291, -8, 153, 153, 153
L -337, 291, -8, -340, 286, -7, 153, 153, 153
L -340, 286, -7, -316, 285, -7, 153, 153, 153
L -316, 285, -7, -314, 350, -7, 153, 153, 153
L -314, 350, -7, -371, 351, -7, 153, 153, 153
L -371, 351, -7, -372, 287, -7, 153, 153, 153
L -372, 287, -7, -348, 285, -7, 153, 153, 153
L -348, 285, -7, -348, 291, -8, 153, 153, 153
L -348, 291, -8, -364, 290, -8, 153, 153, 153
L -364, 290, -8, -366, 293, -8, 153, 153, 153
L -366, 293, -8, -366, 343, -8, 153, 153, 153
L -366, 343, -8, -364, 345, -8, 153, 153, 153
L -322, 262, -82, -322, 262, -8, 153, 153, 153
L -322, 262, -8, -320, 259, -8, 153, 153, 153
L -320, 259, -8, -320, 209, -8, 153, 153, 153
L -320, 209, -8, -322, 207, -8, 153, 153, 153
L -322, 207, -8, -364, 207, -8, 153, 153, 153
L -364, 207, -8, -366, 209, -8, 153, 153, 153
L -366, 209, -8, -366, 259, -8, 153, 153, 153
L -366, 259, -8, -364, 261, -8, 153, 153, 153
L -364, 261, -8, -351, 261, -8, 153, 153, 153
L -351, 261, -8, -346, 265, -7, 153, 153, 153
L -346, 265, -7, -371, 267, -7, 153, 153, 153
L -371, 267, -7, -372, 203, -7, 153, 153, 153
L -372, 203, -7, -316, 201, -7, 153, 153, 153
L -316, 201, -7, -314, 265, -7, 153, 153, 153
L -314, 265, -7, -337, 267, -7, 153, 153, 153
L -337, 267, -7, -338, 261, -8, 153, 153, 153
L -338, 261, -8, -322, 262, -8, 153, 153, 153
L -347, 4, -372, -347, 4, -37, 153, 153, 153
L -347, 4, -37, -363, 4, -37, 153, 153, 153
L -363, 4, -37, -363, 20, -37, 153, 153, 153
L -363, 20, -37, -347, 20, -37, 153, 153, 153
L -347, 20, -37, -347, 4, -37, 153, 153, 153
L 812, 125, -216, 812, 125, -21, 0, 0, 153
L 812, 125, -21, 823, 121, -23, 0, 0, 153
L 823, 121, -23, 831, 123, -26, 0, 0, 153
L 831, 123, -26, 845, 123, -30, 0, 0, 153
L 845, 123, -30, 859, 125, -34, 0, 0, 153
L -569, 283, -51, -568, 265, -5, 0, 153, 153
L -568, 265, -5, -509, 265, -22, 0, 153, 153
L -509, 265, -22, -509, 283, -22, 0, 153, 153
L -509, 283, -22, -511, 284, -22, 0, 153, 153
L -511, 284, -22, -511, 322, -25, 0, 153, 153
L -511, 322, -25, -511, 326, -26, 0, 153, 153
L -511, 326, -26, -491, 325, -26, 0, 153, 153
L -491, 325, -26, -491, 423, -26, 0, 153, 153
L -491, 423, -26, -689, 423, -26, 0, 153, 153
L -689, 423, -26, -689, 383, -26, 0, 153, 153
L -689, 383, -26, -735, 383, -26, 0, 153, 153
L -735, 383, -26, -735, 403, -26, 0, 153, 153
L -735, 403, -26, -853, 403, -70, 0, 153, 153
L -853, 403, -70, -852, 383, -26, 0, 153, 153
L -852, 383, -26, -894, 383, -26, 0, 153, 153
L -894, 383, -26, -931, 404, -38, 0, 153, 153
L -931, 404, -38, -931, 421, -42, 0, 153, 153
L -931, 421, -42, -931, 435, -44, 0, 153, 153
L -931, 435, -44, -891, 435, -44, 0, 153, 153
L -891, 435, -44, -891, 533, -44, 0, 153, 153
L -891, 533, -44, -931, 533, -44, 0, 153, 153
L -931, 533, -44, -931, 550, -44, 0, 153, 153
L -931, 550, -44, -901, 550, -44, 0, 153, 153
L -901, 550, -44, -901, 608, -44, 0, 153, 153
L -901, 608, -44, -922, 608, -44, 0, 153, 153
L -922, 608, -44, -931, 628, -44, 0, 153, 153
L -931, 628, -44, -949, 628, -44, 0, 153, 153
L -949, 628, -44, -960, 608, -44, 0, 153, 153
L -960, 608, -44, -979, 608, -44, 0, 153, 153
L -979, 608, -44, -979, 550, -44, 0, 153, 153
L -979, 550, -44, -949, 550, -44, 0, 153, 153
L -949, 550, -44, -949, 533, -44, 0, 153, 153
L -949, 533, -44, -989, 533, -44, 0, 153, 153
L -989, 533, -44, -989, 435, -44, 0, 153, 153
L -989, 435, -44, -949, 435, -44, 0, 153, 153
L -949, 435, -44, -949, 404, -40, 0, 153, 153
L -949, 404, -40, -929, 384, -38, 0, 153, 153
L -929, 384, -38, -918, 372, -33, 0, 153, 153
L -918, 372, -33, -907, 367, -29, 0, 153, 153
L -907, 367, -29, -894, 365, -26, 0, 153, 153
L -894, 365, -26, -853, 365, -26, 0, 153, 153
L -853, 365, -26, -853, 345, -70, 0, 153, 153
L -853, 345, -70, -735, 345, -26, 0, 153, 153
L -735, 345, -26, -735, 365, -26, 0, 153, 153
L -735, 365, -26, -695, 365, -26, 0, 153, 153
L -695, 365, -26, -691, 365, -25, 0, 153, 153
L -691, 365, -25, -689, 365, -25, 0, 153, 153
L -689, 365, -25, -689, 327, -25, 0, 153, 153
L -689, 327, -25, -532, 327, -25, 0, 153, 153
L -532, 327, -25, -532, 322, -25, 0, 153, 153
L -532, 322, -25, -532, 282, -21, 0, 153, 153
L -532, 282, -21, -569, 284, -3, 0, 153, 153
P 662, -30, 0, 255, 255, 0, 2, Grimling_Forest
P 126, -119, 0, 255, 255, 255, 2, Ring_of_Fire
