L 396, 0, 0, -340, 0, 0, 140, 140, 140
L  0,291, 0, 0, -305, 0, 140, 140, 140
L 100, 291, 0, 100, -305, 0, 220, 220, 220
L 200, 291, 0, 200, -305, 0, 220, 220, 220
L 300, 291, 0, 300, -305, 0, 220, 220, 220
L -100, 291, 0, -100, -305, 0, 220, 220, 220
L -200, 291, 0, -200, -305, 0, 220, 220, 220
L -300, 291, 0, -300, -305, 0, 220, 220, 220
L 396, 100, 0, -340, 100, 0, 220, 220, 220
L 396, 200, 0, -340, 200, 0, 220, 220, 220
L 396, -100, 0, -340, -100, 0, 220, 220, 220
L 396, -200, 0, -340, -200, 0, 220, 220, 220
L 396, -300, 0, -340, -300, 0, 220, 220, 220
P 406, 5, 0, 0, 0, 0, 3, 0
P 5,301, 0, 0, 0, 0, 3, 0
P 105,301, 0, 0, 0, 0, 3, 100
P 205,301, 0, 0, 0, 0, 3, 200
P 305,301, 0, 0, 0, 0, 3, 300
P -95,301, 0, 0, 0, 0, 3, -100
P -195,301, 0, 0, 0, 0, 3, -200
P -295,301, 0, 0, 0, 0, 3, -300
P 406, 105, 0, 0, 0, 0, 3, 100
P 406, 205, 0, 0, 0, 0, 3, 200
P 406, -95, 0, 0, 0, 0, 3, -100
P 406, -195, 0, 0, 0, 0, 3, -200
P 406, -295, 0, 0, 0, 0, 3, -300
