L -2829, -745, 333, -2724, -748, 15, 0, 0, 0
L -2724, -748, 15, -2695, -754, 12, 0, 0, 0
L -2695, -754, 12, -2671, -770, 10, 0, 0, 0
L -2671, -770, 10, -2654, -795, 9, 0, 0, 0
L -2654, -795, 9, -2648, -824, 9, 0, 0, 0
L -2648, -824, 9, -2649, -1167, 15, 0, 0, 0
L -2649, -1167, 15, -2660, -1168, 14, 0, 0, 0
L -2660, -1168, 14, -2661, -1158, 15, 0, 0, 0
L -2661, -1158, 15, -2728, -1158, 13, 0, 0, 0
L -2728, -1158, 13, -2728, -1167, 13, 0, 0, 0
L -2728, -1167, 13, -2766, -1168, 13, 0, 0, 0
L -2766, -1168, 13, -2767, -1158, 13, 0, 0, 0
L -2767, -1158, 13, -2838, -1158, 11, 0, 0, 0
L -2838, -1158, 11, -2838, -1166, 11, 0, 0, 0
L -2838, -1166, 11, -2850, -1168, 11, 0, 0, 0
L -2850, -1168, 11, -2851, -1048, 11, 0, 0, 0
L -2851, -1048, 11, -2859, -1011, 11, 0, 0, 0
L -2859, -1011, 11, -2882, -979, 11, 0, 0, 0
L -2882, -979, 11, -2913, -958, 11, 0, 0, 0
L -2913, -958, 11, -2952, -952, 11, 0, 0, 0
L -2952, -952, 11, -2989, -960, 11, 0, 0, 0
L -2989, -960, 11, -3020, -981, 11, 0, 0, 0
L -3020, -981, 11, -3041, -1013, 11, 0, 0, 0
L -3041, -1013, 11, -3048, -1051, 11, 0, 0, 0
L -3048, -1051, 11, -3048, -1168, 11, 0, 0, 0
L -3048, -1168, 11, -3199, -1198, 11, 0, 0, 0
L -3199, -1198, 11, -3201, -1143, 11, 0, 0, 0
L -3201, -1143, 11, -3383, -1143, 11, 0, 0, 0
L -3383, -1143, 11, -3384, -1198, 11, 0, 0, 0
L -3384, -1198, 11, -3463, -1198, 11, 0, 0, 0
L -3463, -1198, 11, -3463, -1250, 11, 0, 0, 0
L -3463, -1250, 11, -3331, -1250, 11, 0, 0, 0
L -3331, -1250, 11, -3331, -1196, 11, 0, 0, 0
L -3331, -1196, 11, -3254, -1195, 11, 0, 0, 0
L -3254, -1195, 11, -3253, -1241, 11, 0, 0, 0
L -3253, -1241, 11, -3199, -1241, 11, 0, 0, 0
L -3199, -1241, 11, -3049, -1281, 11, 0, 0, 0
L -3049, -1281, 11, -3048, -1401, 11, 0, 0, 0
L -3048, -1401, 11, -3039, -1440, 11, 0, 0, 0
L -3039, -1440, 11, -3017, -1470, 11, 0, 0, 0
L -3017, -1470, 11, -2985, -1491, 11, 0, 0, 0
L -2985, -1491, 11, -2948, -1498, 11, 0, 0, 0
L -2948, -1498, 11, -2909, -1488, 11, 0, 0, 0
L -2909, -1488, 11, -2879, -1467, 11, 0, 0, 0
L -2879, -1467, 11, -2858, -1435, 11, 0, 0, 0
L -2858, -1435, 11, -2851, -1397, 11, 0, 0, 0
L -2851, -1397, 11, -2851, -1283, 11, 0, 0, 0
L -2851, -1283, 11, -2838, -1282, 11, 0, 0, 0
L -2838, -1282, 11, -2838, -1291, 11, 0, 0, 0
L -2838, -1291, 11, -2767, -1291, 13, 0, 0, 0
L -2767, -1291, 13, -2767, -1282, 13, 0, 0, 0
L -2767, -1282, 13, -2730, -1281, 13, 0, 0, 0
L -2730, -1281, 13, -2728, -1291, 13, 0, 0, 0
L -2728, -1291, 13, -2661, -1291, 15, 0, 0, 0
L -2661, -1291, 15, -2661, -1283, 15, 0, 0, 0
L -2661, -1283, 15, -2649, -1281, 15, 0, 0, 0
L -2649, -1281, 15, -2648, -1625, 27, 0, 0, 0
L -2648, -1625, 27, -2653, -1652, 26, 0, 0, 0
L -2653, -1652, 26, -2670, -1678, 27, 0, 0, 0
L -2670, -1678, 27, -2687, -1690, 27, 0, 0, 0
L -2687, -1690, 278, -2624, -1901, 31, 0, 0, 0
L -2624, -1901, 31, -2609, -1971, 34, 0, 0, 0
L -2609, -1971, 34, -2594, -2035, 37, 0, 0, 0
L -2594, -2035, 37, -2587, -2066, 38, 0, 0, 0
L -2587, -2066, 38, -2579, -2073, 37, 0, 0, 0
L -2579, -2073, 37, -2488, -2118, 32, 0, 0, 0
L -2488, -2118, 32, -2450, -2137, 31, 0, 0, 0
L -2450, -2137, 31, -2391, -2166, 34, 0, 0, 0
L -2391, -2166, 34, -2320, -2201, 41, 0, 0, 0
L -2320, -2201, 41, -2286, -2218, 43, 0, 0, 0
L -2286, -2218, 43, -2261, -2231, 44, 0, 0, 0
L -2261, -2231, 44, -2233, -2206, 43, 0, 0, 0
L -2233, -2206, 43, -2148, -2133, 43, 0, 0, 0
L -2148, -2133, 43, -2122, -2110, 43, 0, 0, 0
L -2122, -2110, 43, -2057, -2055, 41, 0, 0, 0
L -2057, -2055, 41, -2025, -2027, 41, 0, 0, 0
L -2025, -2027, 41, -1993, -2000, 41, 0, 0, 0
L -1993, -2000, 41, -1962, -1973, 40, 0, 0, 0
L -1962, -1973, 40, -1932, -1948, 40, 0, 0, 0
L -1932, -1948, 40, -1886, -1925, 41, 0, 0, 0
L -1886, -1925, 41, -1854, -1909, 43, 0, 0, 0
L -1854, -1909, 43, -1813, -1888, 45, 0, 0, 0
L -1813, -1888, 45, -1770, -1867, 47, 0, 0, 0
L -1770, -1867, 47, -1693, -1828, 49, 0, 0, 0
L -1693, -1828, 49, -1656, -1809, 48, 0, 0, 0
L -1656, -1809, 48, -1620, -1791, 49, 0, 0, 0
L -1620, -1791, 49, -1590, -1776, 49, 0, 0, 0
L -1590, -1776, 49, -1547, -1754, 48, 0, 0, 0
L -1547, -1754, 48, -1535, -1748, 47, 0, 0, 0
L -1535, -1748, 47, -1516, -1753, 45, 0, 0, 0
L -1516, -1753, 45, -1521, -1805, 50, 0, 0, 0
L -1521, -1805, 50, -1520, -1818, 51, 0, 0, 0
L -1520, -1818, 51, -1519, -1837, 51, 0, 0, 0
L -1519, -1837, 51, -1518, -1857, 50, 0, 0, 0
L -1518, -1857, 50, -1515, -1896, 48, 0, 0, 0
L -1515, -1896, 48, -1514, -1917, 47, 0, 0, 0
L -1514, -1917, 47, -1513, -1938, 47, 0, 0, 0
L -1513, -1938, 47, -1510, -1975, 44, 0, 0, 0
L -1510, -1975, 44, -1508, -2006, 42, 0, 0, 0
L -1508, -2006, 42, -1505, -2049, 40, 0, 0, 0
L -1505, -2049, 40, -1512, -2103, 41, 0, 0, 0
L -1512, -2103, 41, -1518, -2149, 41, 0, 0, 0
L -1518, -2149, 41, -1521, -2174, 40, 0, 0, 0
L -1521, -2174, 40, -1524, -2191, 38, 0, 0, 0
L -1524, -2191, 38, -1527, -2213, 37, 0, 0, 0
L -1527, -2213, 37, -1530, -2238, 35, 0, 0, 0
L -1530, -2238, 35, -1538, -2291, 36, 0, 0, 0
L -1538, -2291, 36, -1544, -2337, 35, 0, 0, 0
L -1544, -2337, 35, -1550, -2374, 36, 0, 0, 0
L -1550, -2374, 36, -1566, -2421, 38, 0, 0, 0
L -1566, -2421, 38, -1578, -2453, 39, 0, 0, 0
L -1578, -2453, 39, -1627, -2594, 37, 0, 0, 0
L -1627, -2594, 37, -1656, -2677, 42, 0, 0, 0
L -1656, -2677, 42, -1666, -2705, 45, 0, 0, 0
L -1666, -2705, 45, -1578, -2722, 44, 0, 0, 0
L -1578, -2722, 44, -1514, -2733, 42, 0, 0, 0
L -1514, -2733, 42, -1439, -2748, 43, 0, 0, 0
L -1439, -2748, 43, -1377, -2758, 44, 0, 0, 0
L -1377, -2758, 44, -1320, -2760, 46, 0, 0, 0
L -1320, -2760, 46, -1281, -2762, 46, 0, 0, 0
L -1281, -2762, 46, -1250, -2763, 45, 0, 0, 0
L -1250, -2763, 45, -1204, -2764, 42, 0, 0, 0
L -1204, -2764, 42, -1151, -2766, 39, 0, 0, 0
L -1151, -2766, 39, -1100, -2768, 37, 0, 0, 0
L -1100, -2768, 37, -1034, -2769, 38, 0, 0, 0
L -1034, -2769, 38, -990, -2767, 37, 0, 0, 0
L -990, -2767, 37, -945, -2766, 36, 0, 0, 0
L -945, -2766, 36, -895, -2764, 37, 0, 0, 0
L -895, -2764, 37, -786, -2762, 37, 0, 0, 0
L -786, -2762, 37, -643, -2762, 39, 0, 0, 0
L -643, -2762, 39, -586, -2762, 39, 0, 0, 0
L -586, -2762, 39, -516, -2762, 37, 0, 0, 0
L -516, -2762, 37, -411, -2771, 36, 0, 0, 0
L -411, -2771, 36, -357, -2780, 38, 0, 0, 0
L -357, -2780, 38, -303, -2789, 39, 0, 0, 0
L -303, -2789, 39, -244, -2798, 38, 0, 0, 0
L -244, -2798, 38, -187, -2801, 40, 0, 0, 0
L -187, -2801, 40, -129, -2801, 42, 0, 0, 0
L -129, -2801, 42, -75, -2801, 43, 0, 0, 0
L -75, -2801, 43, -25, -2801, 42, 0, 0, 0
L -25, -2801, 42, 14, -2801, 42, 0, 0, 0
L 14, -2801, 42, 55, -2804, 43, 0, 0, 0
L 55, -2804, 43, 79, -2811, 44, 0, 0, 0
L 79, -2811, 44, 106, -2819, 44, 0, 0, 0
L 106, -2819, 44, 140, -2829, 43, 0, 0, 0
L 140, -2829, 43, 178, -2841, 40, 0, 0, 0
L 178, -2841, 40, 214, -2852, 38, 0, 0, 0
L 214, -2852, 38, 242, -2857, 36, 0, 0, 0
L 242, -2857, 36, 270, -2858, 37, 0, 0, 0
L 270, -2858, 37, 322, -2860, 40, 0, 0, 0
L 322, -2860, 40, 368, -2861, 41, 0, 0, 0
L 368, -2861, 41, 399, -2862, 41, 0, 0, 0
L 399, -2862, 41, 449, -2803, 37, 0, 0, 0
L 449, -2803, 37, 473, -2774, 40, 0, 0, 0
L 473, -2774, 40, 491, -2753, 41, 0, 0, 0
L 491, -2753, 41, 507, -2733, 44, 0, 0, 0
L 507, -2733, 44, 524, -2712, 46, 0, 0, 0
L 524, -2712, 46, 574, -2653, 46, 0, 0, 0
L 574, -2653, 46, 610, -2609, 50, 0, 0, 0
L 610, -2609, 50, 663, -2546, 57, 0, 0, 0
L 663, -2546, 57, 689, -2514, 58, 0, 0, 0
L 689, -2514, 58, 692, -2492, 58, 0, 0, 0
L 692, -2492, 58, 700, -2423, 56, 0, 0, 0
L 700, -2423, 56, 703, -2393, 55, 0, 0, 0
L 703, -2393, 55, 705, -2380, 55, 0, 0, 0
L 705, -2380, 55, 708, -2354, 55, 0, 0, 0
L 708, -2354, 55, 713, -2311, 52, 0, 0, 0
L 713, -2311, 52, 722, -2234, 44, 0, 0, 0
L 722, -2234, 44, 729, -2172, 41, 0, 0, 0
L 729, -2172, 41, 736, -2110, 41, 0, 0, 0
L 736, -2110, 41, 742, -2065, 40, 0, 0, 0
L 742, -2065, 40, 748, -2012, 40, 0, 0, 0
L 748, -2012, 40, 767, -1845, 34, 0, 0, 0
L 767, -1845, 34, 773, -1798, 35, 0, 0, 0
L 773, -1798, 35, 776, -1775, 35, 0, 0, 0
L 776, -1775, 35, 779, -1746, 36, 0, 0, 0
L 779, -1746, 36, 788, -1683, 32, 0, 0, 0
L 788, -1683, 32, 815, -1656, 32, 0, 0, 0
L 815, -1656, 32, 828, -1642, 33, 0, 0, 0
L 828, -1642, 33, 885, -1583, 43, 0, 0, 0
L 885, -1583, 43, 911, -1556, 49, 0, 0, 0
L 911, -1556, 49, 932, -1534, 52, 0, 0, 0
L 932, -1534, 52, 946, -1519, 52, 0, 0, 0
L 946, -1519, 52, 950, -1516, 52, 0, 0, 0
L 950, -1516, 52, 980, -1485, 47, 0, 0, 0
L 980, -1485, 47, 998, -1466, 43, 0, 0, 0
L 998, -1466, 43, 1020, -1444, 37, 0, 0, 0
L 1020, -1444, 37, 1037, -1426, 33, 0, 0, 0
L 1037, -1426, 33, 1049, -1417, 32, 0, 0, 0
L 1049, -1417, 32, 1050, -1433, 33, 0, 0, 0
L 1050, -1433, 33, 1051, -1442, 34, 0, 0, 0
L 1051, -1442, 34, 1058, -1544, 49, 0, 0, 0
L 1058, -1544, 49, 1063, -1600, 54, 0, 0, 0
L 1063, -1600, 54, 1067, -1655, 62, 0, 0, 0
L 1067, -1655, 62, 1070, -1697, 65, 0, 0, 0
L 1070, -1697, 65, 1072, -1720, 63, 0, 0, 0
L 1072, -1720, 63, 1078, -1806, 52, 0, 0, 0
L 1078, -1806, 52, 1081, -1838, 51, 0, 0, 0
L 1081, -1838, 51, 1084, -1873, 49, 0, 0, 0
L 1084, -1873, 49, 1085, -1894, 48, 0, 0, 0
L 1085, -1894, 48, 1088, -1924, 47, 0, 0, 0
L 1088, -1924, 47, 1092, -1977, 47, 0, 0, 0
L 1092, -1977, 47, 1093, -1996, 47, 0, 0, 0
L 1093, -1996, 47, 1096, -2036, 46, 0, 0, 0
L 1096, -2036, 46, 1101, -2094, 45, 0, 0, 0
L 1101, -2094, 45, 1104, -2144, 44, 0, 0, 0
L 1104, -2144, 44, 1108, -2191, 41, 0, 0, 0
L 1108, -2191, 41, 1112, -2243, 37, 0, 0, 0
L 1112, -2243, 37, 1117, -2314, 37, 0, 0, 0
L 1117, -2314, 37, 1123, -2395, 40, 0, 0, 0
L 1123, -2395, 40, 1126, -2450, 40, 0, 0, 0
L 1126, -2450, 40, 1131, -2525, 35, 0, 0, 0
L 1131, -2525, 35, 1136, -2602, 31, 0, 0, 0
L 1136, -2602, 31, 1140, -2660, 36, 0, 0, 0
L 1140, -2660, 36, 1142, -2699, 44, 0, 0, 0
L 1142, -2699, 44, 1145, -2736, 52, 0, 0, 0
L 1145, -2736, 52, 1159, -2736, 50, 0, 0, 0
L 1159, -2736, 50, 1180, -2737, 47, 0, 0, 0
L 1180, -2737, 47, 1213, -2738, 42, 0, 0, 0
L 1213, -2738, 42, 1251, -2740, 38, 0, 0, 0
L 1251, -2740, 38, 1308, -2742, 40, 0, 0, 0
L 1308, -2742, 40, 1399, -2746, 41, 0, 0, 0
L 1399, -2746, 41, 1463, -2749, 37, 0, 0, 0
L 1463, -2749, 37, 1541, -2752, 37, 0, 0, 0
L 1541, -2752, 37, 1698, -2759, 44, 0, 0, 0
L 1698, -2759, 44, 1798, -2763, 47, 0, 0, 0
L 1798, -2763, 47, 1998, -2771, 48, 0, 0, 0
L 1998, -2771, 48, 2059, -2773, 46, 0, 0, 0
L 2059, -2773, 46, 2149, -2776, 44, 0, 0, 0
L 2149, -2776, 44, 2191, -2778, 43, 0, 0, 0
L 2191, -2778, 43, 2266, -2780, 44, 0, 0, 0
L 2266, -2780, 44, 2333, -2778, 44, 0, 0, 0
L 2333, -2778, 44, 2384, -2774, 38, 0, 0, 0
L 2384, -2774, 38, 2406, -2772, 35, 0, 0, 0
L 2406, -2772, 35, 2446, -2769, 35, 0, 0, 0
L 2446, -2769, 35, 2498, -2765, 33, 0, 0, 0
L 2498, -2765, 33, 2549, -2747, 26, 0, 0, 0
L 2549, -2747, 265, 2547, -2825, 26, 0, 0, 0
L 2547, -2825, 26, 2494, -2887, 26, 0, 0, 0
L 2494, -2887, 26, 2427, -2913, 26, 0, 0, 0
L 2427, -2913, 26, 2384, -2959, 26, 0, 0, 0
L 2384, -2959, 26, 2377, -3025, 26, 0, 0, 0
L 2377, -3025, 26, 2398, -3067, 26, 0, 0, 0
L 2398, -3067, 26, 2442, -3088, 26, 0, 0, 0
L 2442, -3088, 26, 2480, -3087, 26, 0, 0, 0
L 2480, -3087, 26, 2518, -3043, 26, 0, 0, 0
L 2518, -3043, 26, 2524, -2993, 26, 0, 0, 0
L 2524, -2993, 26, 2536, -2961, 26, 0, 0, 0
L 2536, -2961, 26, 2567, -2968, 26, 0, 0, 0
L 2567, -2968, 26, 2585, -2997, 26, 0, 0, 0
L 2585, -2997, 26, 2580, -3054, 26, 0, 0, 0
L 2580, -3054, 26, 2561, -3109, 26, 0, 0, 0
L 2561, -3109, 26, 2526, -3144, 26, 0, 0, 0
L 2526, -3144, 26, 2472, -3158, 26, 0, 0, 0
L 2472, -3158, 26, 2424, -3158, 26, 0, 0, 0
L 2424, -3158, 26, 2424, -3324, 26, 0, 0, 0
L 2424, -3324, 26, 2498, -3324, 26, 0, 0, 0
L 2556, -3321, 265, 2556, -3275, 26, 0, 0, 0
L 2556, -3275, 26, 2480, -3275, 26, 0, 0, 0
L 2480, -3275, 26, 2478, -3217, 26, 0, 0, 0
L 2478, -3217, 26, 2544, -3188, 26, 0, 0, 0
L 2544, -3188, 26, 2621, -3126, 26, 0, 0, 0
L 2621, -3126, 26, 2653, -3025, 26, 0, 0, 0
L 2653, -3025, 26, 2651, -2962, 26, 0, 0, 0
L 2651, -2962, 26, 2617, -2897, 26, 0, 0, 0
L 2617, -2897, 26, 2596, -2850, 26, 0, 0, 0
L 2596, -2850, 26, 2598, -2750, 27, 0, 0, 0
L 2598, -2750, 277, 2607, -2733, 28, 0, 0, 0
L 2607, -2733, 28, 2646, -2711, 29, 0, 0, 0
L 2646, -2711, 29, 2666, -2700, 36, 0, 0, 0
L 2666, -2700, 36, 2691, -2686, 48, 0, 0, 0
L 2691, -2686, 48, 2696, -2683, 48, 0, 0, 0
L 2696, -2683, 48, 2699, -2676, 47, 0, 0, 0
L 2699, -2676, 47, 2704, -2660, 44, 0, 0, 0
L 2704, -2660, 44, 2712, -2638, 41, 0, 0, 0
L 2712, -2638, 41, 2719, -2619, 39, 0, 0, 0
L 2719, -2619, 39, 2733, -2579, 39, 0, 0, 0
L 2733, -2579, 39, 2759, -2507, 40, 0, 0, 0
L 2759, -2507, 40, 2780, -2450, 45, 0, 0, 0
L 2780, -2450, 45, 2798, -2400, 45, 0, 0, 0
L 2798, -2400, 45, 2829, -2269, 36, 0, 0, 0
L 2829, -2269, 36, 2851, -2153, 27, 0, 0, 0
L 2851, -2153, 27, 2862, -2092, 31, 0, 0, 0
L 2862, -2092, 31, 2872, -1998, 33, 0, 0, 0
L 2872, -1998, 33, 2876, -1926, 38, 0, 0, 0
L 2876, -1926, 38, 2879, -1882, 38, 0, 0, 0
L 2879, -1882, 38, 2883, -1811, 33, 0, 0, 0
L 2883, -1811, 33, 2888, -1737, 31, 0, 0, 0
L 2888, -1737, 31, 2885, -1633, 28, 0, 0, 0
L 2885, -1633, 28, 2883, -1585, 30, 0, 0, 0
L 2883, -1585, 30, 2881, -1502, 33, 0, 0, 0
L 2881, -1502, 33, 2880, -1387, 28, 0, 0, 0
L 2880, -1387, 28, 2880, -1316, 31, 0, 0, 0
L 2880, -1316, 31, 2880, -1231, 30, 0, 0, 0
L 2880, -1231, 30, 2882, -1144, 31, 0, 0, 0
L 2882, -1144, 31, 2889, -1050, 27, 0, 0, 0
L 2889, -1050, 27, 2911, -743, 23, 0, 0, 0
L 2911, -743, 23, 2913, -497, 29, 0, 0, 0
L 2913, -497, 29, 2920, -319, 19, 0, 0, 0
L 2920, -319, 19, 2933, -181, 27, 0, 0, 0
L 2933, -181, 27, 2925, -93, 24, 0, 0, 0
L 2925, -93, 24, 2921, -69, 22, 0, 0, 0
L 2921, -69, 22, 2918, -47, 19, 0, 0, 0
L 2918, -47, 19, 2916, -30, 21, 0, 0, 0
L 2916, -30, 21, 2905, 49, 26, 0, 0, 0
L 2905, 49, 26, 2903, 146, 26, 0, 0, 0
L 2903, 146, 26, 2903, 302, 24, 0, 0, 0
L 2903, 302, 24, 2903, 387, 26, 0, 0, 0
L 2903, 387, 26, 2894, 506, 30, 0, 0, 0
L 2894, 506, 30, 2884, 612, 36, 0, 0, 0
L 2884, 612, 36, 2876, 762, 33, 0, 0, 0
L 2876, 762, 33, 2882, 813, 37, 0, 0, 0
L 2882, 813, 37, 2890, 883, 38, 0, 0, 0
L 2890, 883, 38, 2894, 921, 34, 0, 0, 0
L 2894, 921, 34, 2896, 936, 28, 0, 0, 0
L 2896, 936, 28, 2898, 956, 24, 0, 0, 0
L 2898, 956, 24, 2902, 990, 20, 0, 0, 0
L 2902, 990, 20, 2913, 1090, 34, 0, 0, 0
L 2913, 1090, 34, 2902, 1149, 40, 0, 0, 0
L 2902, 1149, 40, 2889, 1219, 34, 0, 0, 0
L 2889, 1219, 34, 2881, 1258, 33, 0, 0, 0
L 2881, 1258, 33, 2868, 1328, 28, 0, 0, 0
L 2868, 1328, 28, 2862, 1384, 28, 0, 0, 0
L 2862, 1384, 28, 2856, 1457, 31, 0, 0, 0
L 2856, 1457, 31, 2852, 1507, 31, 0, 0, 0
L 2852, 1507, 31, 2846, 1578, 36, 0, 0, 0
L 2846, 1578, 36, 2843, 1615, 38, 0, 0, 0
L 2843, 1615, 38, 2836, 1692, 35, 0, 0, 0
L 2836, 1692, 35, 2806, 1695, 34, 0, 0, 0
L 2806, 1695, 34, 2749, 1701, 34, 0, 0, 0
L 2749, 1701, 34, 2690, 1707, 29, 0, 0, 0
L 2690, 1707, 29, 2627, 1713, 22, 0, 0, 0
L 2627, 1713, 22, 2585, 1717, 21, 0, 0, 0
L 2585, 1717, 21, 2544, 1722, 22, 0, 0, 0
L 2544, 1722, 22, 2511, 1748, 21, 0, 0, 0
L 2511, 1748, 21, 2499, 1839, 17, 0, 0, 0
L 2499, 1839, 17, 2485, 1945, 14, 0, 0, 0
L 2485, 1945, 14, 2471, 2056, 7, 0, 0, 0
L 2471, 2056, 7, 2458, 2121, 9, 0, 0, 0
L 2458, 2121, 9, 2427, 2205, 9, 0, 0, 0
L 2427, 2205, 9, 2390, 2309, 6, 0, 0, 0
L 2390, 2309, 6, 2361, 2389, 5, 0, 0, 0
L 2361, 2389, 5, 2300, 2457, 3, 0, 0, 0
L 2300, 2457, 3, 2225, 2531, 2, 0, 0, 0
L 2225, 2531, 2, 2147, 2588, 2, 0, 0, 0
L 2147, 2588, 2, 2065, 2645, 1, 0, 0, 0
L 2065, 2645, 1, 1972, 2708, 2, 0, 0, 0
L 1972, 2708, 2, 1852, 2744, 4, 0, 0, 0
L 1852, 2744, 4, 1697, 2788, 18, 0, 0, 0
L 1697, 2788, 18, 1599, 2816, 16, 0, 0, 0
L 1599, 2816, 16, 1418, 2855, 11, 0, 0, 0
L 1418, 2855, 11, 1307, 2877, 13, 0, 0, 0
L 1307, 2877, 13, 1198, 2900, 16, 0, 0, 0
L 1198, 2900, 16, 1138, 2913, 12, 0, 0, 0
L 1138, 2913, 12, 1026, 2934, 21, 0, 0, 0
L 1026, 2934, 21, 916, 2945, 21, 0, 0, 0
L 916, 2945, 21, 795, 2958, 23, 0, 0, 0
L 795, 2958, 23, 700, 2950, 24, 0, 0, 0
L 700, 2950, 24, 600, 2941, 15, 0, 0, 0
L 600, 2941, 15, 506, 2933, 32, 0, 0, 0
L 506, 2933, 32, 483, 2933, 34, 0, 0, 0
L 483, 2933, 34, 429, 2934, 35, 0, 0, 0
L 429, 2934, 35, 358, 2936, 29, 0, 0, 0
L 358, 2936, 29, 268, 2939, 24, 0, 0, 0
L 268, 2939, 24, 149, 2942, 23, 0, 0, 0
L 149, 2942, 23, -18, 2945, 28, 0, 0, 0
L -18, 2945, 28, -62, 2946, 31, 0, 0, 0
L -62, 2946, 31, -157, 2933, 28, 0, 0, 0
L -157, 2933, 28, -201, 2927, 28, 0, 0, 0
L -201, 2927, 28, -257, 2918, 35, 0, 0, 0
L -257, 2918, 35, -347, 2905, 31, 0, 0, 0
L -347, 2905, 31, -414, 2896, 20, 0, 0, 0
L -414, 2896, 20, -490, 2898, 15, 0, 0, 0
L -490, 2898, 15, -592, 2901, 16, 0, 0, 0
L -592, 2901, 16, -664, 2903, 24, 0, 0, 0
L -664, 2903, 24, -747, 2896, 30, 0, 0, 0
L -747, 2896, 30, -811, 2889, 27, 0, 0, 0
L -811, 2889, 27, -898, 2884, 17, 0, 0, 0
L -898, 2884, 17, -974, 2885, 26, 0, 0, 0
L -974, 2885, 26, -1000, 2886, 26, 0, 0, 0
L -1000, 2886, 26, -1022, 2886, 22, 0, 0, 0
L -1022, 2886, 22, -1065, 2887, 17, 0, 0, 0
L -1065, 2887, 17, -1132, 2887, 21, 0, 0, 0
L -1132, 2887, 21, -1212, 2879, 25, 0, 0, 0
L -1212, 2879, 25, -1358, 2864, 28, 0, 0, 0
L -1358, 2864, 28, -1422, 2865, 20, 0, 0, 0
L -1422, 2865, 20, -1465, 2865, 16, 0, 0, 0
L -1465, 2865, 16, -1551, 2867, 12, 0, 0, 0
L -1551, 2867, 12, -1678, 2833, 29, 0, 0, 0
L -1678, 2833, 29, -1785, 2803, 25, 0, 0, 0
L -1785, 2803, 25, -1889, 2770, 32, 0, 0, 0
L -1889, 2770, 32, -1975, 2736, 42, 0, 0, 0
L -1975, 2736, 42, -1997, 2728, 39, 0, 0, 0
L -1997, 2728, 39, -2035, 2712, 28, 0, 0, 0
L -2035, 2712, 28, -2053, 2706, 24, 0, 0, 0
L -2053, 2706, 24, -2125, 2678, 18, 0, 0, 0
L -2125, 2678, 18, -2231, 2639, 22, 0, 0, 0
L -2231, 2639, 22, -2275, 2624, 22, 0, 0, 0
L -2275, 2624, 22, -2347, 2589, 32, 0, 0, 0
L -2347, 2589, 32, -2405, 2533, 27, 0, 0, 0
L -2405, 2533, 27, -2464, 2477, 25, 0, 0, 0
L -2464, 2477, 25, -2502, 2438, 26, 0, 0, 0
L -2502, 2438, 26, -2524, 2400, 29, 0, 0, 0
L -2524, 2400, 29, -2596, 2326, 21, 0, 0, 0
L -2596, 2326, 21, -2654, 2285, 18, 0, 0, 0
L -2654, 2285, 18, -2714, 2243, 21, 0, 0, 0
L -2714, 2243, 21, -2745, 2220, 21, 0, 0, 0
L -2745, 2220, 21, -2794, 2168, 9, 0, 0, 0
L -2794, 2168, 9, -2837, 2121, 7, 0, 0, 0
L -2837, 2121, 7, -2901, 2052, 18, 0, 0, 0
L -2901, 2052, 18, -2920, 2013, 19, 0, 0, 0
L -2920, 2013, 19, -2920, 1976, 15, 0, 0, 0
L -2920, 1976, 15, -2922, 1914, 9, 0, 0, 0
L -2922, 1914, 9, -2923, 1850, 14, 0, 0, 0
L -2923, 1850, 14, -2924, 1799, 14, 0, 0, 0
L -2924, 1799, 14, -2926, 1722, 6, 0, 0, 0
L -2926, 1722, 6, -2929, 1643, 6, 0, 0, 0
L -2929, 1643, 6, -2933, 1552, 9, 0, 0, 0
L -2933, 1552, 9, -2933, 1489, 17, 0, 0, 0
L -2933, 1489, 17, -2905, 1428, 12, 0, 0, 0
L -2905, 1428, 12, -2857, 1322, 13, 0, 0, 0
L -2857, 1322, 13, -2830, 1247, 18, 0, 0, 0
L -2830, 1247, 18, -2834, 1197, 32, 0, 0, 0
L -2834, 1197, 32, -2837, 1151, 35, 0, 0, 0
L -2837, 1151, 35, -2840, 1116, 33, 0, 0, 0
L -2840, 1116, 33, -2847, 1020, 29, 0, 0, 0
L -2847, 1020, 29, -2863, 893, 27, 0, 0, 0
L -2863, 893, 27, -2877, 751, 30, 0, 0, 0
L -2877, 751, 30, -2877, 678, 31, 0, 0, 0
L -2877, 678, 31, -2877, 630, 31, 0, 0, 0
L -2877, 630, 31, -2877, 578, 32, 0, 0, 0
L -2877, 578, 32, -2877, 479, 35, 0, 0, 0
L -2877, 479, 35, -2873, 343, 37, 0, 0, 0
L -2873, 343, 37, -2869, 245, 34, 0, 0, 0
L -2869, 245, 34, -2866, 109, 36, 0, 0, 0
L -2866, 109, 36, -2869, -16, 39, 0, 0, 0
L -2869, -16, 39, -2871, -123, 38, 0, 0, 0
L -2871, -123, 38, -2848, -229, 33, 0, 0, 0
L -2848, -229, 33, -2842, -380, 26, 0, 0, 0
L -2842, -380, 26, -2854, -448, 27, 0, 0, 0
L -2854, -448, 27, -2865, -505, 27, 0, 0, 0
L -2865, -505, 27, -2868, -569, 31, 0, 0, 0
L -2868, -569, 31, -2858, -613, 33, 0, 0, 0
L -2858, -613, 33, -2842, -685, 34, 0, 0, 0
L -2842, -685, 34, -2835, -719, 33, 0, 0, 0
L -2835, -719, 33, -2829, -745, 33, 0, 0, 0
L -2632, -1221, 139, -2586, -1215, 11, 153, 0, 0
L -2586, -1215, 11, -2578, -1199, 11, 153, 0, 0
L -2578, -1199, 11, -2557, -1182, 10, 153, 0, 0
L -2557, -1182, 10, -2531, -1176, 9, 153, 0, 0
L -2531, -1176, 9, -2504, -1170, 7, 153, 0, 0
L -2504, -1170, 7, -2486, -1156, 6, 153, 0, 0
L -2486, -1156, 6, -2477, -1140, 6, 153, 0, 0
L -2477, -1140, 6, -2459, -1128, 5, 153, 0, 0
L -2459, -1128, 5, -2439, -1114, 4, 153, 0, 0
L -2439, -1114, 4, -2427, -1098, 4, 153, 0, 0
L -2427, -1098, 4, -2401, -1081, 4, 153, 0, 0
L -2401, -1081, 4, -2375, -1072, 3, 153, 0, 0
L -2375, -1072, 3, -2348, -1065, 3, 153, 0, 0
L -2348, -1065, 3, -2333, -1057, 3, 153, 0, 0
L -2333, -1057, 3, -2318, -1040, 3, 153, 0, 0
L -2318, -1040, 3, -2296, -1025, 3, 153, 0, 0
L -2296, -1025, 3, -2269, -996, 4, 153, 0, 0
L -2269, -996, 4, -2234, -960, 4, 153, 0, 0
L -2234, -960, 4, -2219, -895, 4, 153, 0, 0
L -2219, -895, 4, -2183, -866, 4, 153, 0, 0
L -2183, -866, 4, -2164, -837, 4, 153, 0, 0
L -2164, -837, 4, -2011, -687, 3, 153, 0, 0
L -2011, -687, 3, -1860, -536, 6, 153, 0, 0
L -1860, -536, 6, -1782, -516, 6, 153, 0, 0
L -1782, -516, 6, -1764, -482, 6, 153, 0, 0
L -1764, -482, 6, -1634, -484, 4, 153, 0, 0
L -1634, -484, 4, -1615, -519, 4, 153, 0, 0
L -1615, -519, 4, -1536, -524, 4, 153, 0, 0
L -1536, -524, 4, -1238, -519, 4, 153, 0, 0
L -1238, -519, 4, -1225, -449, 4, 153, 0, 0
L -1225, -449, 4, -1180, -406, 4, 153, 0, 0
L -1180, -406, 4, -1173, -340, 4, 153, 0, 0
L -1173, -340, 4, -1090, -314, 3, 153, 0, 0
L -1090, -314, 3, -1067, -287, 3, 153, 0, 0
L -1067, -287, 3, -1032, -278, 3, 153, 0, 0
L -1032, -278, 3, -998, -273, 4, 153, 0, 0
L -998, -273, 4, -967, -242, 4, 153, 0, 0
L -967, -242, 4, -920, -223, 4, 153, 0, 0
L -920, -223, 4, -847, -220, 3, 153, 0, 0
L -847, -220, 3, -819, -195, 2, 153, 0, 0
L -819, -195, 2, -698, -171, 2, 153, 0, 0
L -698, -171, 2, -660, -126, 2, 153, 0, 0
L -660, -126, 2, 152, -124, 5, 153, 0, 0
L 152, -124, 5, 185, -79, 6, 153, 0, 0
L 185, -79, 6, 258, -70, 6, 153, 0, 0
L 258, -70, 6, 287, -33, 5, 153, 0, 0
L 287, -33, 5, 359, -19, 3, 153, 0, 0
L 359, -19, 3, 382, 15, 3, 153, 0, 0
L 382, 15, 3, 417, 38, 2, 153, 0, 0
L 417, 38, 2, 432, 65, 2, 153, 0, 0
L 432, 65, 2, 481, 73, 2, 153, 0, 0
L 481, 73, 2, 474, 25, 2, 153, 0, 0
L 474, 25, 2, 475, -53, 1, 153, 0, 0
L 475, -53, 1, 514, -85, 1, 153, 0, 0
L 514, -85, 1, 525, -135, 2, 153, 0, 0
L 525, -135, 2, 525, -402, 4, 153, 0, 0
L 525, -402, 4, 485, -434, 4, 153, 0, 0
L 485, -434, 4, 473, -501, 4, 153, 0, 0
L 473, -501, 4, 474, -555, 2, 153, 0, 0
L 474, -555, 2, 432, -588, 2, 153, 0, 0
L 432, -588, 2, 420, -659, 3, 153, 0, 0
L 420, -659, 3, 282, -791, 4, 153, 0, 0
L 282, -791, 4, 268, -864, 8, 153, 0, 0
L 268, -864, 8, 163, -968, 13, 153, 0, 0
L 163, -968, 13, 79, -984, 14, 153, 0, 0
L 79, -984, 14, 69, -1014, 15, 153, 0, 0
L 69, -1014, 15, 20, -1058, 15, 153, 0, 0
L 20, -1058, 15, -62, -1082, 13, 153, 0, 0
L -62, -1082, 13, -89, -1118, 11, 153, 0, 0
L -89, -1118, 11, -164, -1134, 11, 153, 0, 0
L -164, -1134, 11, -181, -1160, 9, 153, 0, 0
L -181, -1160, 9, -216, -1187, 7, 153, 0, 0
L -216, -1187, 7, -228, -1262, 3, 153, 0, 0
L -228, -1262, 3, -286, -1313, 4, 153, 0, 0
L -286, -1313, 4, -319, -1336, 4, 153, 0, 0
L -319, -1336, 4, -346, -1368, 5, 153, 0, 0
L -346, -1368, 5, -373, -1406, 5, 153, 0, 0
L -373, -1406, 5, -383, -1467, 5, 153, 0, 0
L -383, -1467, 5, -462, -1482, 5, 153, 0, 0
L -462, -1482, 5, -483, -1514, 4, 153, 0, 0
L -483, -1514, 4, -523, -1543, 4, 153, 0, 0
L -523, -1543, 4, -539, -1571, 4, 153, 0, 0
L -539, -1571, 4, -611, -1581, 5, 153, 0, 0
L -611, -1581, 5, -640, -1617, 5, 153, 0, 0
L -640, -1617, 5, -710, -1627, 5, 153, 0, 0
L -710, -1627, 5, -732, -1658, 5, 153, 0, 0
L -732, -1658, 5, -854, -1679, 6, 153, 0, 0
L -854, -1679, 6, -889, -1720, 6, 153, 0, 0
L -889, -1720, 6, -1010, -1730, 7, 153, 0, 0
L -1010, -1730, 7, -1034, -1766, 8, 153, 0, 0
L -1034, -1766, 8, -1073, -1790, 9, 153, 0, 0
L -1073, -1790, 9, -1068, -1867, 13, 153, 0, 0
L -1068, -1867, 13, -1027, -1885, 14, 153, 0, 0
L -1027, -1885, 14, -1023, -1977, 14, 153, 0, 0
L -1023, -1977, 14, -1029, -2112, 12, 153, 0, 0
L -1029, -2112, 12, -1069, -2138, 13, 153, 0, 0
L -1069, -2138, 13, -1084, -2168, 14, 153, 0, 0
L -1084, -2168, 14, -1132, -2172, 14, 153, 0, 0
L -1219, -2150, 180, -1257, -2128, 17, 0, 0, 0
L -1257, -2128, 17, -1278, -2128, 16, 0, 0, 0
L -1278, -2128, 16, -1300, -2122, 16, 0, 0, 0
L -1300, -2122, 16, -1442, -2129, 16, 0, 0, 0
L -1442, -2129, 16, -1497, -2157, 15, 0, 0, 0
L -1497, -2157, 15, -1549, -2207, 16, 0, 0, 0
L -1549, -2207, 16, -1585, -2283, 15, 0, 0, 0
L -1585, -2283, 15, -1600, -2401, 15, 0, 0, 0
L -1600, -2401, 15, -1672, -2445, 15, 0, 0, 0
L -1672, -2445, 15, -1696, -2502, 15, 0, 0, 0
L -1696, -2502, 15, -1696, -2552, 15, 0, 0, 0
L -1696, -2552, 15, -1677, -2592, 16, 0, 0, 0
L -1677, -2592, 16, -1636, -2638, 16, 0, 0, 0
L -1636, -2638, 16, -1612, -2659, 15, 0, 0, 0
L -1612, -2659, 15, -1609, -2727, 16, 0, 0, 0
L -1609, -2727, 16, -1639, -2769, 16, 0, 0, 0
L -1639, -2769, 16, -1677, -2783, 16, 0, 0, 0
L -1677, -2783, 16, -1726, -2791, 16, 0, 0, 0
L -1726, -2791, 16, -1752, -2811, 15, 0, 0, 0
L -1752, -2811, 15, -1780, -2892, 16, 0, 0, 0
L -1780, -2892, 16, -1766, -2951, 15, 0, 0, 0
L -1766, -2951, 15, -1754, -2990, 16, 0, 0, 0
L -1754, -2990, 16, -1721, -3019, 16, 0, 0, 0
L -1721, -3019, 16, -1697, -3079, 15, 0, 0, 0
L -1697, -3079, 15, -1701, -3105, 15, 0, 0, 0
L -1701, -3105, 15, -1778, -3168, 15, 0, 0, 0
L -1778, -3168, 15, -1819, -3160, 16, 0, 0, 0
L -1819, -3160, 16, -1857, -3126, 15, 0, 0, 0
L -1857, -3126, 15, -1898, -3015, 15, 0, 0, 0
L -1898, -3015, 15, -1959, -2985, 15, 0, 0, 0
L -1959, -2985, 15, -1999, -3012, 16, 0, 0, 0
L -1999, -3012, 16, -2091, -3096, 15, 0, 0, 0
L -2091, -3096, 15, -2104, -3154, 16, 0, 0, 0
L -2104, -3154, 16, -2080, -3219, 15, 0, 0, 0
L -2080, -3219, 15, -2039, -3270, 15, 0, 0, 0
L -2039, -3270, 15, -1976, -3286, 16, 0, 0, 0
L -1976, -3286, 16, -1923, -3272, 16, 0, 0, 0
L -1923, -3272, 16, -1875, -3239, 15, 0, 0, 0
L -1875, -3239, 15, -1828, -3235, 15, 0, 0, 0
L -1828, -3235, 15, -1791, -3249, 16, 0, 0, 0
L -1791, -3249, 16, -1780, -3351, 15, 0, 0, 0
L -1780, -3351, 15, -1821, -3411, 16, 0, 0, 0
L -1821, -3411, 16, -1872, -3421, 16, 0, 0, 0
L -1872, -3421, 16, -1962, -3423, 15, 0, 0, 0
L -1962, -3423, 15, -2016, -3435, 16, 0, 0, 0
L -2016, -3435, 16, -2049, -3481, 15, 0, 0, 0
L -2049, -3481, 15, -2054, -3566, 16, 0, 0, 0
L -2054, -3566, 16, -1995, -3632, 16, 0, 0, 0
L -1995, -3632, 16, -1900, -3666, 16, 0, 0, 0
L -1900, -3666, 16, -1820, -3661, 16, 0, 0, 0
L -1820, -3661, 16, -1757, -3627, 15, 0, 0, 0
L -1757, -3627, 15, -1724, -3573, 15, 0, 0, 0
L -1724, -3573, 15, -1717, -3536, 16, 0, 0, 0
L -1717, -3536, 16, -1728, -3473, 15, 0, 0, 0
L -1728, -3473, 15, -1739, -3436, 16, 0, 0, 0
L -1739, -3436, 16, -1718, -3400, 16, 0, 0, 0
L -1718, -3400, 16, -1653, -3347, 15, 0, 0, 0
L -1653, -3347, 15, -1618, -3296, 15, 0, 0, 0
L -1618, -3296, 15, -1608, -3167, 16, 0, 0, 0
L -1608, -3167, 16, -1631, -3112, 15, 0, 0, 0
L -1631, -3112, 15, -1614, -3070, 15, 0, 0, 0
L -1614, -3070, 15, -1530, -3007, 15, 0, 0, 0
L -1530, -3007, 15, -1505, -2973, 18, 0, 0, 0
L -1505, -2973, 18, -1496, -2948, 18, 0, 0, 0
L -1496, -2948, 18, -1498, -2884, 16, 0, 0, 0
L -1498, -2884, 16, -1513, -2836, 18, 0, 0, 0
L -1513, -2836, 18, -1547, -2757, 15, 0, 0, 0
L -1547, -2757, 15, -1544, -2682, 16, 0, 0, 0
L -1544, -2682, 16, -1517, -2640, 15, 0, 0, 0
L -1517, -2640, 15, -1477, -2611, 14, 0, 0, 0
L -1477, -2611, 14, -1458, -2569, 15, 0, 0, 0
L -1458, -2569, 15, -1452, -2531, 16, 0, 0, 0
L -1452, -2531, 16, -1460, -2480, 16, 0, 0, 0
L -1460, -2480, 16, -1512, -2420, 15, 0, 0, 0
L -1512, -2420, 15, -1530, -2393, 16, 0, 0, 0
L -1530, -2393, 16, -1519, -2339, 16, 0, 0, 0
L -1519, -2339, 16, -1484, -2280, 15, 0, 0, 0
L -1484, -2280, 15, -1449, -2239, 16, 0, 0, 0
L -1449, -2239, 16, -1407, -2203, 16, 0, 0, 0
L -1407, -2203, 16, -1351, -2184, 16, 0, 0, 0
L -1351, -2184, 16, -1285, -2184, 16, 0, 0, 0
L -1285, -2184, 16, -1233, -2182, 17, 0, 0, 0
L 478, 74, 22, 523, 90, 2, 153, 0, 0
L 523, 90, 2, 532, 121, 2, 153, 0, 0
L 532, 121, 2, 598, 125, 3, 153, 0, 0
L 598, 125, 3, 646, 171, 3, 153, 0, 0
L 652, 141, 37, 802, 150, 2, 153, 153, 153
L 802, 150, 2, 797, 188, 2, 153, 153, 153
L 797, 188, 2, 647, 195, 2, 153, 153, 153
L 647, 195, 2, 647, 147, 2, 153, 153, 153
L 646, 169, 30, 805, 169, 2, 153, 0, 0
L 805, 169, 2, 1019, -43, 1, 153, 0, 0
L 1019, -43, 1, 1029, -110, 1, 153, 0, 0
L 1029, -110, 1, 1063, -131, 1, 153, 0, 0
L 1063, -131, 1, 1147, -222, 4, 153, 0, 0
L 1147, -222, 4, 1327, -225, 13, 153, 0, 0
L 1327, -225, 13, 1392, -268, 12, 153, 0, 0
L 1392, -268, 12, 1461, -279, 8, 153, 0, 0
L 1461, -279, 8, 1568, -389, 3, 153, 0, 0
L 1568, -389, 3, 1581, -461, 3, 153, 0, 0
L 1581, -461, 3, 1618, -485, 2, 153, 0, 0
L 1618, -485, 2, 1632, -569, 1, 153, 0, 0
L 1632, -569, 1, 1746, -670, 1, 153, 0, 0
L 1752, -698, 21, 1899, -752, 7, 153, 153, 153
L 1899, -752, 7, 1900, -700, 7, 153, 153, 153
L 1900, -700, 7, 1748, -644, 1, 153, 153, 153
L 1748, -644, 1, 1748, -698, 1, 153, 153, 153
L 1747, -670, 12, 1910, -729, 7, 153, 0, 0
L 1910, -729, 7, 1943, -772, 8, 153, 0, 0
L 1943, -772, 8, 2015, -778, 12, 153, 0, 0
L 2015, -778, 12, 2046, -821, 13, 153, 0, 0
L 2046, -821, 13, 2069, -835, 13, 153, 0, 0
L 2069, -835, 13, 2080, -875, 13, 153, 0, 0
L 2080, -875, 13, 2128, -1020, 12, 153, 0, 0
L 2128, -1020, 12, 2217, -1026, 8, 153, 0, 0
L 2217, -1026, 8, 2228, -1303, 8, 153, 0, 0
L 2228, -1303, 8, 2238, -1321, 8, 153, 0, 0
L 2238, -1321, 8, 2313, -1329, 4, 153, 0, 0
L 2313, -1329, 4, 2325, -1484, 5, 153, 0, 0
L 2325, -1484, 5, 2343, -1523, 5, 153, 0, 0
L 2343, -1523, 5, 2368, -1542, 5, 153, 0, 0
L 2368, -1542, 5, 2379, -1603, 5, 153, 0, 0
L 2379, -1603, 5, 2417, -1635, 5, 153, 0, 0
L 2417, -1635, 5, 2434, -1715, 2, 153, 0, 0
L 2434, -1715, 2, 2463, -1731, 2, 153, 0, 0
L 2463, -1731, 2, 2476, -1951, 0, 153, 0, 0
L 2476, -1951, 0, 2516, -1986, 1, 153, 0, 0
L 2516, -1986, 1, 2525, -2163, 10, 153, 0, 0
L 2525, -2163, 10, 2525, -2449, 15, 153, 0, 0
L 2525, -2449, 15, 2567, -2484, 16, 153, 0, 0
L 2567, -2484, 16, 2573, -2686, 25, 153, 0, 0
L 2220, -2779, 439, 2224, -2755, 42, 0, 0, 0
L 2224, -2755, 42, 2237, -2697, 37, 0, 0, 0
L 2237, -2697, 37, 2235, -2621, 28, 0, 0, 0
L 2235, -2621, 28, 2227, -2598, 25, 0, 0, 0
L 2227, -2598, 25, 2219, -2583, 25, 0, 0, 0
L 2219, -2583, 25, 2147, -2537, 23, 0, 0, 0
L 2147, -2537, 23, 2123, -2487, 21, 0, 0, 0
L 2123, -2487, 21, 2047, -2437, 19, 0, 0, 0
L 2047, -2437, 19, 2030, -2401, 18, 0, 0, 0
L 2030, -2401, 18, 2036, -2317, 9, 0, 0, 0
L 2036, -2317, 9, 2017, -2278, 6, 0, 0, 0
L 2017, -2278, 6, 1977, -2258, 6, 0, 0, 0
L 1977, -2258, 6, 1946, -2237, 5, 0, 0, 0
L 1946, -2237, 5, 1922, -2176, 2, 0, 0, 0
L 1922, -2176, 2, 1935, -2146, 0, 0, 0, 0
L 1935, -2146, 0, 1935, -2132, 0, 0, 0, 0
L 1935, -2132, 0, 1930, -2110, -1, 0, 0, 0
L 1930, -2110, -1, 1932, -2054, -4, 0, 0, 0
L 1932, -2054, -4, 1935, -2028, -5, 0, 0, 0
L 1935, -2028, -5, 1926, -1948, -7, 0, 0, 0
L 1926, -1948, -7, 1935, -1919, -7, 0, 0, 0
L 1935, -1919, -7, 1920, -1885, -7, 0, 0, 0
L 1920, -1885, -7, 1847, -1836, -7, 0, 0, 0
L 1847, -1836, -7, 1831, -1800, -7, 0, 0, 0
L 1831, -1800, -7, 1835, -1728, -7, 0, 0, 0
L 1835, -1728, -7, 1817, -1683, -7, 0, 0, 0
L 1817, -1683, -7, 1746, -1634, -7, 0, 0, 0
L 1746, -1634, -7, 1711, -1578, -7, 0, 0, 0
L 1711, -1578, -7, 1646, -1532, -7, 0, 0, 0
L 1646, -1532, -7, 1625, -1478, -7, 0, 0, 0
L 1625, -1478, -7, 1635, -1432, -7, 0, 0, 0
L 1635, -1432, -7, 1617, -1383, -7, 0, 0, 0
L 1617, -1383, -7, 1544, -1362, -7, 0, 0, 0
L 1544, -1362, -7, 1499, -1366, -7, 0, 0, 0
L 1499, -1366, -7, 1442, -1320, -7, 0, 0, 0
L 1442, -1320, -7, 1421, -1288, -7, 0, 0, 0
L 1421, -1288, -7, 1375, -1255, -7, 0, 0, 0
L 1375, -1255, -7, 1347, -1234, -7, 0, 0, 0
L 1347, -1234, -7, 1315, -1181, -7, 0, 0, 0
L 1315, -1181, -7, 1286, -1172, -7, 0, 0, 0
L 1286, -1172, -7, 1204, -1169, -7, 0, 0, 0
L 1204, -1169, -7, 1149, -1164, -7, 0, 0, 0
L 1149, -1164, -7, 1103, -1170, -7, 0, 0, 0
L 1103, -1170, -7, 1065, -1147, -7, 0, 0, 0
L 1065, -1147, -7, 1053, -1139, -7, 0, 0, 0
L 1053, -1139, -7, 1021, -1089, -7, 0, 0, 0
L 1021, -1089, -7, 977, -1058, -7, 0, 0, 0
L 977, -1058, -7, 945, -1033, -7, 0, 0, 0
L 945, -1033, -7, 918, -983, -7, 0, 0, 0
L 918, -983, -7, 871, -953, -7, 0, 0, 0
L 871, -953, -7, 845, -932, -7, 0, 0, 0
L 845, -932, -7, 826, -879, -7, 0, 0, 0
L 826, -879, -7, 828, -822, -7, 0, 0, 0
L 828, -822, -7, 834, -785, -7, 0, 0, 0
L 834, -785, -7, 858, -749, -7, 0, 0, 0
L 858, -749, -7, 911, -722, -7, 0, 0, 0
L 911, -722, -7, 928, -701, -7, 0, 0, 0
L 928, -701, -7, 925, -675, -7, 0, 0, 0
L 925, -675, -7, 934, -650, -7, 0, 0, 0
L 934, -650, -7, 930, -607, -7, 0, 0, 0
L 930, -607, -7, 923, -561, -7, 0, 0, 0
L 923, -561, -7, 929, -501, -7, 0, 0, 0
L 929, -501, -7, 844, -429, -7, 0, 0, 0
L 844, -429, -7, 828, -381, -7, 0, 0, 0
L 828, -381, -7, 822, -350, -7, 0, 0, 0
L 822, -350, -7, 829, -304, -7, 0, 0, 0
L 829, -304, -7, 810, -274, -7, 0, 0, 0
L 810, -274, -7, 747, -235, -7, 0, 0, 0
L 747, -235, -7, 726, -177, -7, 0, 0, 0
L 726, -177, -7, 736, -144, -7, 0, 0, 0
L 736, -144, -7, 728, -89, -7, 0, 0, 0
L 728, -89, -7, 723, -47, -7, 0, 0, 0
L 723, -47, -7, 729, 0, -7, 0, 0, 0
L 729, 0, -7, 725, 26, -7, 0, 0, 0
L 725, 26, -7, 736, 67, -7, 0, 0, 0
L 736, 67, -7, 727, 118, -7, 0, 0, 0
L 727, 118, -7, 722, 142, -7, 0, 0, 0
L 728, 191, -75, 724, 227, -7, 0, 0, 0
L 724, 227, -7, 735, 251, -7, 0, 0, 0
L 735, 251, -7, 736, 267, -7, 0, 0, 0
L 736, 267, -7, 729, 296, -7, 0, 0, 0
L 729, 296, -7, 725, 304, -7, 0, 0, 0
L 725, 304, -7, 648, 365, -7, 0, 0, 0
L 648, 365, -7, 625, 413, -7, 0, 0, 0
L 625, 413, -7, 625, 453, -8, 0, 0, 0
L 625, 453, -8, 633, 545, -10, 0, 0, 0
L 633, 545, -10, 631, 581, -12, 0, 0, 0
L 631, 581, -12, 629, 595, -12, 0, 0, 0
L 668, 599, -130, 671, 581, -12, 0, 0, 0
L 671, 581, -12, 675, 571, -11, 0, 0, 0
L 675, 571, -11, 675, 548, -11, 0, 0, 0
L 675, 548, -11, 666, 529, -10, 0, 0, 0
L 666, 529, -10, 666, 517, -9, 0, 0, 0
L 666, 517, -9, 667, 509, -9, 0, 0, 0
L 667, 509, -9, 664, 447, -8, 0, 0, 0
L 664, 447, -8, 673, 399, -7, 0, 0, 0
L 673, 399, -7, 675, 390, -7, 0, 0, 0
L 675, 390, -7, 702, 371, -7, 0, 0, 0
L 702, 371, -7, 733, 355, -7, 0, 0, 0
L 733, 355, -7, 768, 302, -7, 0, 0, 0
L 768, 302, -7, 769, 283, -7, 0, 0, 0
L 769, 283, -7, 775, 269, -7, 0, 0, 0
L 775, 269, -7, 772, 241, -7, 0, 0, 0
L 772, 241, -7, 765, 229, -7, 0, 0, 0
L 765, 229, -7, 767, 190, -7, 0, 0, 0
L 761, 150, -75, 768, 100, -7, 0, 0, 0
L 768, 100, -7, 772, 58, -7, 0, 0, 0
L 772, 58, -7, 774, 43, -7, 0, 0, 0
L 774, 43, -7, 765, 30, -7, 0, 0, 0
L 765, 30, -7, 768, -3, -7, 0, 0, 0
L 768, -3, -7, 761, -61, -7, 0, 0, 0
L 761, -61, -7, 768, -106, -7, 0, 0, 0
L 768, -106, -7, 774, -140, -7, 0, 0, 0
L 774, -140, -7, 764, -168, -7, 0, 0, 0
L 764, -168, -7, 769, -197, -7, 0, 0, 0
L 769, -197, -7, 782, -217, -7, 0, 0, 0
L 782, -217, -7, 825, -239, -7, 0, 0, 0
L 825, -239, -7, 856, -268, -7, 0, 0, 0
L 856, -268, -7, 868, -306, -7, 0, 0, 0
L 868, -306, -7, 862, -350, -7, 0, 0, 0
L 862, -350, -7, 869, -396, -7, 0, 0, 0
L 869, -396, -7, 896, -429, -7, 0, 0, 0
L 896, -429, -7, 946, -458, -7, 0, 0, 0
L 946, -458, -7, 968, -498, -7, 0, 0, 0
L 968, -498, -7, 967, -518, -7, 0, 0, 0
L 967, -518, -7, 962, -551, -7, 0, 0, 0
L 962, -551, -7, 975, -643, -7, 0, 0, 0
L 975, -643, -7, 963, -675, -7, 0, 0, 0
L 963, -675, -7, 968, -700, -7, 0, 0, 0
L 968, -700, -7, 949, -732, -7, 0, 0, 0
L 949, -732, -7, 930, -755, -7, 0, 0, 0
L 930, -755, -7, 881, -788, -7, 0, 0, 0
L 881, -788, -7, 862, -848, -7, 0, 0, 0
L 862, -848, -7, 870, -898, -7, 0, 0, 0
L 870, -898, -7, 894, -928, -7, 0, 0, 0
L 894, -928, -7, 921, -938, -7, 0, 0, 0
L 921, -938, -7, 950, -959, -7, 0, 0, 0
L 950, -959, -7, 980, -1014, -7, 0, 0, 0
L 980, -1014, -7, 1032, -1044, -7, 0, 0, 0
L 1032, -1044, -7, 1077, -1111, -7, 0, 0, 0
L 1077, -1111, -7, 1102, -1129, -7, 0, 0, 0
L 1102, -1129, -7, 1127, -1125, -7, 0, 0, 0
L 1127, -1125, -7, 1174, -1135, -7, 0, 0, 0
L 1174, -1135, -7, 1229, -1123, -7, 0, 0, 0
L 1229, -1123, -7, 1276, -1127, -7, 0, 0, 0
L 1276, -1127, -7, 1322, -1137, -7, 0, 0, 0
L 1322, -1137, -7, 1337, -1146, -7, 0, 0, 0
L 1337, -1146, -7, 1357, -1171, -7, 0, 0, 0
L 1357, -1171, -7, 1374, -1211, -7, 0, 0, 0
L 1374, -1211, -7, 1422, -1238, -7, 0, 0, 0
L 1422, -1238, -7, 1437, -1249, -7, 0, 0, 0
L 1437, -1249, -7, 1475, -1309, -7, 0, 0, 0
L 1475, -1309, -7, 1499, -1328, -7, 0, 0, 0
L 1499, -1328, -7, 1548, -1324, -7, 0, 0, 0
L 1548, -1324, -7, 1580, -1330, -7, 0, 0, 0
L 1580, -1330, -7, 1612, -1334, -7, 0, 0, 0
L 1612, -1334, -7, 1642, -1350, -7, 0, 0, 0
L 1642, -1350, -7, 1665, -1396, -7, 0, 0, 0
L 1665, -1396, -7, 1673, -1435, -7, 0, 0, 0
L 1673, -1435, -7, 1663, -1471, -7, 0, 0, 0
L 1663, -1471, -7, 1672, -1506, -7, 0, 0, 0
L 1672, -1506, -7, 1696, -1527, -7, 0, 0, 0
L 1696, -1527, -7, 1732, -1545, -7, 0, 0, 0
L 1732, -1545, -7, 1761, -1584, -7, 0, 0, 0
L 1761, -1584, -7, 1790, -1621, -7, 0, 0, 0
L 1790, -1621, -7, 1812, -1634, -7, 0, 0, 0
L 1812, -1634, -7, 1832, -1643, -7, 0, 0, 0
L 1832, -1643, -7, 1851, -1662, -7, 0, 0, 0
L 1851, -1662, -7, 1872, -1715, -7, 0, 0, 0
L 1872, -1715, -7, 1877, -1740, -7, 0, 0, 0
L 1877, -1740, -7, 1871, -1777, -7, 0, 0, 0
L 1871, -1777, -7, 1871, -1794, -7, 0, 0, 0
L 1871, -1794, -7, 1880, -1817, -7, 0, 0, 0
L 1880, -1817, -7, 1906, -1831, -7, 0, 0, 0
L 1906, -1831, -7, 1939, -1851, -7, 0, 0, 0
L 1939, -1851, -7, 1955, -1870, -7, 0, 0, 0
L 1955, -1870, -7, 1967, -1897, -7, 0, 0, 0
L 1967, -1897, -7, 1970, -1919, -7, 0, 0, 0
L 1970, -1919, -7, 1966, -1938, -7, 0, 0, 0
L 1966, -1938, -7, 2006, -1927, -6, 0, 0, 0
L 2006, -1927, -6, 2024, -1910, -7, 0, 0, 0
L 2024, -1910, -7, 2027, -1889, -7, 0, 0, 0
L 2027, -1889, -7, 2024, -1871, -7, 0, 0, 0
L 2024, -1871, -7, 2035, -1846, -7, 0, 0, 0
L 2035, -1846, -7, 2035, -1829, -7, 0, 0, 0
L 2035, -1829, -7, 2030, -1809, -7, 0, 0, 0
L 2030, -1809, -7, 2034, -1775, -7, 0, 0, 0
L 2034, -1775, -7, 2038, -1736, -7, 0, 0, 0
L 2038, -1736, -7, 2026, -1673, -7, 0, 0, 0
L 2026, -1673, -7, 2035, -1651, -7, 0, 0, 0
L 2035, -1651, -7, 2036, -1632, -7, 0, 0, 0
L 2036, -1632, -7, 2030, -1617, -7, 0, 0, 0
L 2030, -1617, -7, 2030, -1588, -7, 0, 0, 0
L 2030, -1588, -7, 2035, -1565, -7, 0, 0, 0
L 2035, -1565, -7, 2038, -1545, -7, 0, 0, 0
L 2038, -1545, -7, 2034, -1522, -7, 0, 0, 0
L 2034, -1522, -7, 2027, -1489, -7, 0, 0, 0
L 2027, -1489, -7, 2029, -1465, -7, 0, 0, 0
L 2029, -1465, -7, 2037, -1431, -7, 0, 0, 0
L 2037, -1431, -7, 2030, -1408, -7, 0, 0, 0
L 2030, -1408, -7, 2033, -1383, -7, 0, 0, 0
L 2033, -1383, -7, 2037, -1350, -6, 0, 0, 0
L 2037, -1350, -6, 2035, -1322, -6, 0, 0, 0
L 2035, -1322, -6, 2027, -1283, -6, 0, 0, 0
L 2027, -1283, -6, 2035, -1252, -6, 0, 0, 0
L 2035, -1252, -6, 2027, -1211, -6, 0, 0, 0
L 2027, -1211, -6, 2017, -1183, -6, 0, 0, 0
L 2017, -1183, -6, 1992, -1167, -6, 0, 0, 0
L 1992, -1167, -6, 1958, -1138, -6, 0, 0, 0
L 1958, -1138, -6, 1934, -1111, -5, 0, 0, 0
L 1934, -1111, -5, 1930, -1095, -5, 0, 0, 0
L 1930, -1095, -5, 1938, -1048, -5, 0, 0, 0
L 1938, -1048, -5, 1935, -1024, -5, 0, 0, 0
L 1935, -1024, -5, 1929, -1003, -5, 0, 0, 0
L 1929, -1003, -5, 1912, -976, -5, 0, 0, 0
L 1912, -976, -5, 1871, -948, -5, 0, 0, 0
L 1871, -948, -5, 1849, -931, -5, 0, 0, 0
L 1849, -931, -5, 1832, -897, -4, 0, 0, 0
L 1832, -897, -4, 1827, -869, -4, 0, 0, 0
L 1827, -869, -4, 1835, -853, -4, 0, 0, 0
L 1835, -853, -4, 1831, -816, -4, 0, 0, 0
L 1831, -816, -4, 1833, -776, -4, 0, 0, 0
L 1833, -776, -4, 1836, -737, -4, 0, 0, 0
L 1878, -754, -46, 1870, -788, -4, 0, 0, 0
L 1870, -788, -4, 1868, -815, -4, 0, 0, 0
L 1868, -815, -4, 1876, -846, -4, 0, 0, 0
L 1876, -846, -4, 1867, -869, -4, 0, 0, 0
L 1867, -869, -4, 1867, -894, -4, 0, 0, 0
L 1867, -894, -4, 1877, -913, -4, 0, 0, 0
L 1877, -913, -4, 1919, -938, -5, 0, 0, 0
L 1919, -938, -5, 1941, -952, -5, 0, 0, 0
L 1941, -952, -5, 1965, -992, -5, 0, 0, 0
L 1965, -992, -5, 1972, -1022, -5, 0, 0, 0
L 1972, -1022, -5, 1975, -1040, -5, 0, 0, 0
L 1975, -1040, -5, 1974, -1061, -5, 0, 0, 0
L 1974, -1061, -5, 1970, -1087, -5, 0, 0, 0
L 1970, -1087, -5, 1978, -1113, -5, 0, 0, 0
L 1978, -1113, -5, 1996, -1128, -6, 0, 0, 0
L 1996, -1128, -6, 2027, -1143, -6, 0, 0, 0
L 2027, -1143, -6, 2049, -1162, -6, 0, 0, 0
L 2049, -1162, -6, 2065, -1193, -6, 0, 0, 0
L 2065, -1193, -6, 2068, -1215, -6, 0, 0, 0
L 2068, -1215, -6, 2072, -1233, -6, 0, 0, 0
L 2072, -1233, -6, 2072, -1262, -6, 0, 0, 0
L 2072, -1262, -6, 2067, -1272, -6, 0, 0, 0
L 2067, -1272, -6, 2069, -1301, -6, 0, 0, 0
L 2069, -1301, -6, 2077, -1339, -6, 0, 0, 0
L 2077, -1339, -6, 2066, -1399, -7, 0, 0, 0
L 2066, -1399, -7, 2075, -1441, -7, 0, 0, 0
L 2075, -1441, -7, 2072, -1452, -7, 0, 0, 0
L 2072, -1452, -7, 2063, -1476, -7, 0, 0, 0
L 2063, -1476, -7, 2074, -1529, -7, 0, 0, 0
L 2074, -1529, -7, 2072, -1577, -7, 0, 0, 0
L 2072, -1577, -7, 2075, -1637, -7, 0, 0, 0
L 2075, -1637, -7, 2062, -1670, -7, 0, 0, 0
L 2062, -1670, -7, 2071, -1713, -7, 0, 0, 0
L 2071, -1713, -7, 2077, -1748, -7, 0, 0, 0
L 2077, -1748, -7, 2073, -1773, -7, 0, 0, 0
L 2073, -1773, -7, 2069, -1804, -7, 0, 0, 0
L 2069, -1804, -7, 2073, -1839, -7, 0, 0, 0
L 2073, -1839, -7, 2063, -1877, -7, 0, 0, 0
L 2063, -1877, -7, 2067, -1905, -7, 0, 0, 0
L 2067, -1905, -7, 2048, -1933, -7, 0, 0, 0
L 2048, -1933, -7, 2031, -1952, -7, 0, 0, 0
L 2031, -1952, -7, 2001, -1964, -7, 0, 0, 0
L 2001, -1964, -7, 1976, -1970, -7, 0, 0, 0
L 1976, -1970, -7, 1971, -1979, -7, 0, 0, 0
L 1971, -1979, -7, 1971, -2022, -5, 0, 0, 0
L 1971, -2022, -5, 1977, -2048, -4, 0, 0, 0
L 1977, -2048, -4, 1968, -2099, -2, 0, 0, 0
L 1968, -2099, -2, 1969, -2115, -1, 0, 0, 0
L 1969, -2115, -1, 1974, -2127, 0, 0, 0, 0
L 1974, -2127, 0, 1967, -2166, 1, 0, 0, 0
L 1967, -2166, 1, 1966, -2190, 2, 0, 0, 0
L 1966, -2190, 2, 1986, -2223, 4, 0, 0, 0
L 1986, -2223, 4, 2012, -2235, 4, 0, 0, 0
L 2012, -2235, 4, 2051, -2261, 6, 0, 0, 0
L 2051, -2261, 6, 2074, -2312, 9, 0, 0, 0
L 2074, -2312, 9, 2076, -2332, 11, 0, 0, 0
L 2076, -2332, 11, 2075, -2363, 14, 0, 0, 0
L 2075, -2363, 14, 2071, -2401, 18, 0, 0, 0
L 2071, -2401, 18, 2100, -2428, 19, 0, 0, 0
L 2100, -2428, 19, 2134, -2445, 19, 0, 0, 0
L 2134, -2445, 19, 2160, -2478, 21, 0, 0, 0
L 2160, -2478, 21, 2185, -2520, 22, 0, 0, 0
L 2185, -2520, 22, 2246, -2555, 24, 0, 0, 0
L 2246, -2555, 24, 2264, -2585, 25, 0, 0, 0
L 2264, -2585, 25, 2277, -2620, 28, 0, 0, 0
L 2277, -2620, 28, 2269, -2693, 36, 0, 0, 0
L 2269, -2693, 36, 2268, -2704, 37, 0, 0, 0
L 2268, -2704, 37, 2275, -2731, 40, 0, 0, 0
L 2275, -2731, 40, 2267, -2761, 42, 0, 0, 0
L 2267, -2761, 42, 2265, -2780, 44, 0, 0, 0
L 1824, -668, -46, 1836, -646, -4, 0, 0, 0
L 1836, -646, -4, 1836, -638, -4, 0, 0, 0
L 1836, -638, -4, 1832, -622, -4, 0, 0, 0
L 1832, -622, -4, 1828, -602, -4, 0, 0, 0
L 1828, -602, -4, 1778, -558, -4, 0, 0, 0
L 1778, -558, -4, 1747, -535, -4, 0, 0, 0
L 1747, -535, -4, 1723, -480, -4, 0, 0, 0
L 1723, -480, -4, 1734, -437, -4, 0, 0, 0
L 1734, -437, -4, 1729, -410, -4, 0, 0, 0
L 1729, -410, -4, 1735, -344, -4, 0, 0, 0
L 1735, -344, -4, 1733, -316, -4, 0, 0, 0
L 1733, -316, -4, 1727, -268, -5, 0, 0, 0
L 1727, -268, -5, 1733, -231, -5, 0, 0, 0
L 1733, -231, -5, 1734, -174, -5, 0, 0, 0
L 1734, -174, -5, 1737, -130, -6, 0, 0, 0
L 1737, -130, -6, 1727, -78, -7, 0, 0, 0
L 1727, -78, -7, 1736, -47, -8, 0, 0, 0
L 1736, -47, -8, 1731, 19, -9, 0, 0, 0
L 1731, 19, -9, 1735, 63, -9, 0, 0, 0
L 1735, 63, -9, 1725, 123, -9, 0, 0, 0
L 1725, 123, -9, 1731, 209, -10, 0, 0, 0
L 1731, 209, -10, 1737, 263, -10, 0, 0, 0
L 1737, 263, -10, 1725, 321, -10, 0, 0, 0
L 1725, 321, -10, 1737, 361, -10, 0, 0, 0
L 1737, 361, -10, 1731, 403, -10, 0, 0, 0
L 1731, 403, -10, 1739, 465, -10, 0, 0, 0
L 1739, 465, -10, 1714, 521, -10, 0, 0, 0
L 1714, 521, -10, 1647, 563, -10, 0, 0, 0
L 1647, 563, -10, 1632, 601, -10, 0, 0, 0
L 1632, 601, -10, 1637, 669, -11, 0, 0, 0
L 1637, 669, -11, 1625, 717, -11, 0, 0, 0
L 1625, 717, -11, 1634, 770, -11, 0, 0, 0
L 1634, 770, -11, 1625, 802, -11, 0, 0, 0
L 1625, 802, -11, 1607, 826, -11, 0, 0, 0
L 1607, 826, -11, 1550, 863, -11, 0, 0, 0
L 1550, 863, -11, 1531, 905, -11, 0, 0, 0
L 1531, 905, -11, 1536, 966, -11, 0, 0, 0
L 1536, 966, -11, 1528, 1002, -11, 0, 0, 0
L 1528, 1002, -11, 1504, 1029, -11, 0, 0, 0
L 1504, 1029, -11, 1462, 1056, -12, 0, 0, 0
L 1462, 1056, -12, 1432, 1094, -12, 0, 0, 0
L 1432, 1094, -12, 1431, 1105, -13, 0, 0, 0
L 1431, 1105, -13, 1352, 1141, -12, 0, 0, 0
L 1352, 1141, -12, 1316, 1130, -13, 0, 0, 0
L 1316, 1130, -13, 1271, 1127, -12, 0, 0, 0
L 1271, 1127, -12, 1236, 1117, -12, 0, 0, 0
L 1236, 1117, -12, 1198, 1079, -13, 0, 0, 0
L 1198, 1079, -13, 1153, 1076, -13, 0, 0, 0
L 1153, 1076, -13, 1100, 1056, -13, 0, 0, 0
L 1100, 1056, -13, 1049, 1068, -12, 0, 0, 0
L 1049, 1068, -12, 994, 1073, -13, 0, 0, 0
L 994, 1073, -13, 953, 1104, -13, 0, 0, 0
L 953, 1104, -13, 914, 1151, -12, 0, 0, 0
L 914, 1151, -12, 879, 1206, -13, 0, 0, 0
L 879, 1206, -13, 854, 1255, -12, 0, 0, 0
L 854, 1255, -12, 855, 1350, -12, 0, 0, 0
L 855, 1350, -12, 807, 1534, -12, 0, 0, 0
L 807, 1534, -12, 788, 1596, -12, 0, 0, 0
L 788, 1596, -12, 752, 1633, -12, 0, 0, 0
L 752, 1633, -12, 699, 1638, -13, 0, 0, 0
L 699, 1638, -13, 693, 1632, -13, 0, 0, 0
L 693, 1632, -13, 642, 1564, -12, 0, 0, 0
L 642, 1564, -12, 639, 1489, -13, 0, 0, 0
L 639, 1489, -13, 623, 1442, -13, 0, 0, 0
L 623, 1442, -13, 622, 1425, -13, 0, 0, 0
L 622, 1425, -13, 614, 1399, -12, 0, 0, 0
L 614, 1399, -12, 625, 1354, -12, 0, 0, 0
L 625, 1354, -12, 682, 1302, -13, 0, 0, 0
L 682, 1302, -13, 674, 1273, -13, 0, 0, 0
L 674, 1273, -13, 676, 1225, -12, 0, 0, 0
L 676, 1225, -12, 683, 1195, -13, 0, 0, 0
L 683, 1195, -13, 697, 1150, -12, 0, 0, 0
L 697, 1150, -12, 734, 1098, -13, 0, 0, 0
L 734, 1098, -13, 764, 1004, -12, 0, 0, 0
L 764, 1004, -12, 793, 948, -12, 0, 0, 0
L 793, 948, -12, 832, 899, -13, 0, 0, 0
L 832, 899, -13, 808, 838, -12, 0, 0, 0
L 808, 838, -12, 781, 765, -13, 0, 0, 0
L 781, 765, -13, 748, 697, -13, 0, 0, 0
L 748, 697, -13, 719, 665, -12, 0, 0, 0
L 719, 665, -12, 715, 640, -13, 0, 0, 0
L 715, 640, -13, 692, 615, -13, 0, 0, 0
L 692, 615, -13, 671, 601, -12, 0, 0, 0
L 627, 600, -130, 551, 591, -13, 0, 0, 0
L 551, 591, -13, 498, 597, -13, 0, 0, 0
L 498, 597, -13, 461, 687, -12, 0, 0, 0
L 461, 687, -12, 418, 749, -12, 0, 0, 0
L 418, 749, -12, 399, 792, -12, 0, 0, 0
L 399, 792, -12, 351, 841, -12, 0, 0, 0
L 351, 841, -12, 303, 861, -12, 0, 0, 0
L 303, 861, -12, 259, 861, -12, 0, 0, 0
L 259, 861, -12, 222, 830, -13, 0, 0, 0
L 222, 830, -13, 189, 807, -12, 0, 0, 0
L 189, 807, -12, 160, 781, -12, 0, 0, 0
L 160, 781, -12, 118, 727, -13, 0, 0, 0
L 118, 727, -13, 54, 697, -12, 0, 0, 0
L 54, 697, -12, 0, 643, -13, 0, 0, 0
L 0, 643, -13, -27, 627, -13, 0, 0, 0
L -27, 627, -13, -65, 622, -12, 0, 0, 0
L -65, 622, -12, -112, 598, -12, 0, 0, 0
L -112, 598, -12, -198, 543, -13, 0, 0, 0
L -198, 543, -13, -252, 531, -12, 0, 0, 0
L -252, 531, -12, -303, 520, -13, 0, 0, 0
L -303, 520, -13, -390, 540, -12, 0, 0, 0
L -390, 540, -12, -441, 540, -12, 0, 0, 0
L -441, 540, -12, -487, 501, -13, 0, 0, 0
L -487, 501, -13, -488, 434, -13, 0, 0, 0
L -488, 434, -13, -472, 397, -12, 0, 0, 0
L -472, 397, -12, -445, 360, -12, 0, 0, 0
L -445, 360, -12, -404, 340, -12, 0, 0, 0
L -404, 340, -12, -297, 373, -13, 0, 0, 0
L -297, 373, -13, -224, 376, -12, 0, 0, 0
L -224, 376, -12, -193, 387, -12, 0, 0, 0
L -193, 387, -12, -154, 376, -12, 0, 0, 0
L -154, 376, -12, -126, 399, -12, 0, 0, 0
L -126, 399, -12, -118, 416, -13, 0, 0, 0
L -118, 416, -13, -52, 444, -12, 0, 0, 0
L -52, 444, -12, -19, 474, -13, 0, 0, 0
L -19, 474, -13, 31, 496, -12, 0, 0, 0
L 31, 496, -12, 44, 505, -13, 0, 0, 0
L 44, 505, -13, 46, 513, -12, 0, 0, 0
L 46, 513, -12, 65, 499, -12, 0, 0, 0
L 65, 499, -12, 146, 448, -12, 0, 0, 0
L 146, 448, -12, 200, 431, -13, 0, 0, 0
L 200, 431, -13, 250, 401, -13, 0, 0, 0
L 250, 401, -13, 243, 360, -13, 0, 0, 0
L 243, 360, -13, 234, 323, -13, 0, 0, 0
L 234, 323, -13, 194, 249, -13, 0, 0, 0
L 194, 249, -13, 133, 212, -13, 0, 0, 0
L 133, 212, -13, 68, 187, -12, 0, 0, 0
L 68, 187, -12, 36, 175, -13, 0, 0, 0
L 36, 175, -13, -83, 167, -13, 0, 0, 0
L -83, 167, -13, -143, 178, -13, 0, 0, 0
L -143, 178, -13, -262, 182, -12, 0, 0, 0
L -262, 182, -12, -329, 178, -13, 0, 0, 0
L -329, 178, -13, -350, 179, -13, 0, 0, 0
L -350, 179, -13, -411, 210, -12, 0, 0, 0
L -411, 210, -12, -445, 212, -13, 0, 0, 0
L -445, 212, -13, -494, 216, -12, 0, 0, 0
L -494, 216, -12, -545, 223, -12, 0, 0, 0
L -545, 223, -12, -596, 223, -12, 0, 0, 0
L -596, 223, -12, -645, 193, -12, 0, 0, 0
L -645, 193, -12, -702, 195, -12, 0, 0, 0
L -702, 195, -12, -742, 227, -13, 0, 0, 0
L -742, 227, -13, -835, 250, -13, 0, 0, 0
L -835, 250, -13, -896, 261, -12, 0, 0, 0
L -896, 261, -12, -943, 235, -12, 0, 0, 0
L -943, 235, -12, -989, 190, -13, 0, 0, 0
L -989, 190, -13, -1003, 195, -12, 0, 0, 0
L -1003, 195, -12, -1042, 264, -12, 0, 0, 0
L -1042, 264, -12, -1091, 358, -13, 0, 0, 0
L -1091, 358, -13, -1099, 380, -13, 0, 0, 0
L -1099, 380, -13, -1150, 431, -12, 0, 0, 0
L -1150, 431, -12, -1201, 464, -13, 0, 0, 0
L -1201, 464, -13, -1251, 506, -12, 0, 0, 0
L -1251, 506, -12, -1307, 544, -13, 0, 0, 0
L -1307, 544, -13, -1395, 631, -13, 0, 0, 0
L -1395, 631, -13, -1415, 655, -13, 0, 0, 0
L -1415, 655, -13, -1476, 747, -13, 0, 0, 0
L -1476, 747, -13, -1496, 802, -13, 0, 0, 0
L -1496, 802, -13, -1525, 848, -12, 0, 0, 0
L -1525, 848, -12, -1550, 884, -12, 0, 0, 0
L -1550, 884, -12, -1597, 933, -12, 0, 0, 0
L -1597, 933, -12, -1655, 1000, -13, 0, 0, 0
L -1655, 1000, -13, -1675, 1047, -12, 0, 0, 0
L -1675, 1047, -12, -1700, 1091, -12, 0, 0, 0
L -1700, 1091, -12, -1716, 1101, -12, 0, 0, 0
L -1716, 1101, -12, -1753, 1118, -12, 0, 0, 0
L -1753, 1118, -12, -1846, 1191, -12, 0, 0, 0
L -1846, 1191, -12, -1872, 1199, -12, 0, 0, 0
L -1872, 1199, -12, -1899, 1225, -12, 0, 0, 0
L -1899, 1225, -12, -1926, 1327, -12, 0, 0, 0
L -1926, 1327, -12, -1933, 1352, -13, 0, 0, 0
L -1933, 1352, -13, -1922, 1398, -12, 0, 0, 0
L -1922, 1398, -12, -1929, 1448, -13, 0, 0, 0
L -1929, 1448, -13, -1957, 1496, -12, 0, 0, 0
L -1957, 1496, -12, -1999, 1530, -12, 0, 0, 0
L -1999, 1530, -12, -2096, 1531, -13, 0, 0, 0
L -2096, 1531, -13, -2137, 1541, -13, 0, 0, 0
L -2137, 1541, -13, -2170, 1527, -13, 0, 0, 0
L -2170, 1527, -13, -2164, 1501, -12, 0, 0, 0
L -2164, 1501, -12, -2163, 1465, -12, 0, 0, 0
L -2163, 1465, -12, -2164, 1441, -12, 0, 0, 0
L -2164, 1441, -12, -2157, 1396, -13, 0, 0, 0
L -2157, 1396, -13, -2157, 1357, -13, 0, 0, 0
L -2157, 1357, -13, -2058, 1251, -13, 0, 0, 0
L -2058, 1251, -13, -2067, 1217, -12, 0, 0, 0
L -2067, 1217, -12, -2074, 1150, -12, 0, 0, 0
L -2074, 1150, -12, -2049, 1108, -12, 0, 0, 0
L -2049, 1108, -12, -1999, 1069, -12, 0, 0, 0
L -1999, 1069, -12, -1949, 1055, -13, 0, 0, 0
L -1949, 1055, -13, -1898, 1028, -13, 0, 0, 0
L -1898, 1028, -13, -1879, 998, -13, 0, 0, 0
L -1879, 998, -13, -1850, 945, -12, 0, 0, 0
L -1850, 945, -12, -1816, 900, -13, 0, 0, 0
L -1816, 900, -13, -1799, 847, -13, 0, 0, 0
L -1799, 847, -13, -1821, 821, -13, 0, 0, 0
L -1821, 821, -13, -1847, 824, -12, 0, 0, 0
L -1847, 824, -12, -1911, 813, -12, 0, 0, 0
L -1911, 813, -12, -1951, 804, -13, 0, 0, 0
L -1951, 804, -13, -2047, 844, -12, 0, 0, 0
L -2047, 844, -12, -2099, 856, -13, 0, 0, 0
L -2099, 856, -13, -2146, 892, -12, 0, 0, 0
L -2146, 892, -12, -2198, 917, -12, 0, 0, 0
L -2198, 917, -12, -2297, 986, -13, 0, 0, 0
L -2297, 986, -13, -2354, 1013, -13, 0, 0, 0
L -2354, 1013, -13, -2446, 1060, -13, 0, 0, 0
L -2446, 1060, -13, -2500, 1084, -13, 0, 0, 0
L -2500, 1084, -13, -2551, 1116, -13, 0, 0, 0
L -2551, 1116, -13, -2589, 1156, -13, 0, 0, 0
L -2589, 1156, -13, -2649, 1239, -13, 0, 0, 0
L -2649, 1239, -13, -2694, 1321, -13, 0, 0, 0
L -2694, 1321, -13, -2724, 1396, -13, 0, 0, 0
L -2724, 1396, -13, -2787, 1510, -13, 0, 0, 0
L -2787, 1510, -13, -2852, 1588, -12, 0, 0, 0
L -2852, 1588, -12, -2868, 1701, -13, 0, 0, 0
L -2868, 1701, -13, -2864, 1752, -13, 0, 0, 0
L -2864, 1752, -13, -2859, 1760, -12, 0, 0, 0
L -2859, 1760, -12, -2844, 1848, -13, 0, 0, 0
L -2844, 1848, -13, -2828, 1901, -13, 0, 0, 0
L -2828, 1901, -13, -2796, 1960, -13, 0, 0, 0
L -2796, 1960, -13, -2744, 2038, -13, 0, 0, 0
L -2744, 2038, -13, -2720, 2070, -13, 0, 0, 0
L -2720, 2070, -13, -2682, 2098, -13, 0, 0, 0
L -2682, 2098, -13, -2624, 2120, -12, 0, 0, 0
L -2624, 2120, -12, -2585, 2149, -13, 0, 0, 0
L -2585, 2149, -13, -2539, 2172, -13, 0, 0, 0
L -2539, 2172, -13, -2532, 2174, -13, 0, 0, 0
L -2532, 2174, -13, -2488, 2211, -12, 0, 0, 0
L -2488, 2211, -12, -2434, 2255, -12, 0, 0, 0
L -2434, 2255, -12, -2391, 2277, -13, 0, 0, 0
L -2391, 2277, -13, -2339, 2324, -13, 0, 0, 0
L -2339, 2324, -13, -2305, 2358, -13, 0, 0, 0
L -2305, 2358, -13, -2247, 2401, -13, 0, 0, 0
L -2247, 2401, -13, -2207, 2420, -13, 0, 0, 0
L -2207, 2420, -13, -2184, 2435, -13, 0, 0, 0
L -2184, 2435, -13, -2136, 2475, -13, 0, 0, 0
L -2136, 2475, -13, -2092, 2497, -13, 0, 0, 0
L -2092, 2497, -13, -2020, 2501, -12, 0, 0, 0
L -2020, 2501, -12, -1939, 2501, -13, 0, 0, 0
L -1939, 2501, -13, -1879, 2509, -12, 0, 0, 0
L -1879, 2509, -12, -1787, 2510, -13, 0, 0, 0
L -1787, 2510, -13, -1750, 2506, -13, 0, 0, 0
L -1750, 2506, -13, -1683, 2477, -12, 0, 0, 0
L -1683, 2477, -12, -1649, 2466, -13, 0, 0, 0
L -1649, 2466, -13, -1603, 2446, -13, 0, 0, 0
L -1603, 2446, -13, -1549, 2452, -13, 0, 0, 0
L -1549, 2452, -13, -1454, 2454, -12, 0, 0, 0
L -1454, 2454, -12, -1401, 2462, -12, 0, 0, 0
L -1401, 2462, -12, -1377, 2474, -12, 0, 0, 0
L -1377, 2474, -12, -1323, 2480, -12, 0, 0, 0
L -1323, 2480, -12, -1293, 2489, -13, 0, 0, 0
L -1293, 2489, -13, -1215, 2487, -13, 0, 0, 0
L -1215, 2487, -13, -1103, 2477, -12, 0, 0, 0
L -1103, 2477, -12, -1047, 2469, -13, 0, 0, 0
L -1047, 2469, -13, -996, 2459, -13, 0, 0, 0
L -996, 2459, -13, -927, 2452, -13, 0, 0, 0
L -927, 2452, -13, -850, 2446, -13, 0, 0, 0
L -850, 2446, -13, -778, 2429, -12, 0, 0, 0
L -778, 2429, -12, -744, 2420, -13, 0, 0, 0
L -744, 2420, -13, -706, 2399, -13, 0, 0, 0
L -706, 2399, -13, -649, 2387, -13, 0, 0, 0
L -649, 2387, -13, -604, 2367, -13, 0, 0, 0
L -604, 2367, -13, -542, 2341, -13, 0, 0, 0
L -542, 2341, -13, -493, 2310, -13, 0, 0, 0
L -493, 2310, -13, -438, 2268, -13, 0, 0, 0
L -438, 2268, -13, -389, 2220, -13, 0, 0, 0
L -389, 2220, -13, -356, 2189, -13, 0, 0, 0
L -356, 2189, -13, -300, 2140, -13, 0, 0, 0
L -300, 2140, -13, -236, 2097, -13, 0, 0, 0
L -236, 2097, -13, -203, 2070, -12, 0, 0, 0
L -203, 2070, -12, -158, 2047, -12, 0, 0, 0
L -158, 2047, -12, -159, 2012, -13, 0, 0, 0
L -159, 2012, -13, -158, 2003, -13, 0, 0, 0
L -158, 2003, -13, -157, 1955, -13, 0, 0, 0
L -157, 1955, -13, -152, 1937, -13, 0, 0, 0
L -152, 1937, -13, -110, 1853, -13, 0, 0, 0
L -110, 1853, -13, -104, 1845, -12, 0, 0, 0
L -104, 1845, -12, -99, 1840, -13, 0, 0, 0
L -99, 1840, -13, -52, 1855, -13, 0, 0, 0
L -52, 1855, -13, -9, 1858, -12, 0, 0, 0
L -9, 1858, -12, 9, 1893, -12, 0, 0, 0
L 9, 1893, -12, 51, 1892, -13, 0, 0, 0
L 51, 1892, -13, 62, 1888, -12, 0, 0, 0
L 62, 1888, -12, 95, 1884, -13, 0, 0, 0
L 95, 1884, -13, 120, 1878, -12, 0, 0, 0
L 120, 1878, -12, 125, 1886, -12, 0, 0, 0
L 125, 1886, -12, 128, 1900, -13, 0, 0, 0
L 128, 1900, -13, 134, 1912, -12, 0, 0, 0
L 134, 1912, -12, 125, 1950, -13, 0, 0, 0
L 125, 1950, -13, 94, 1999, -13, 0, 0, 0
L 94, 1999, -13, 154, 2056, -13, 0, 0, 0
L 154, 2056, -13, 199, 2084, -12, 0, 0, 0
L 199, 2084, -12, 236, 2113, -13, 0, 0, 0
L 236, 2113, -13, 279, 2132, -12, 0, 0, 0
L 279, 2132, -12, 313, 2155, -13, 0, 0, 0
L 313, 2155, -13, 375, 2172, -12, 0, 0, 0
L 375, 2172, -12, 413, 2198, -13, 0, 0, 0
L 413, 2198, -13, 445, 2205, -13, 0, 0, 0
L 445, 2205, -13, 479, 2214, -13, 0, 0, 0
L 479, 2214, -13, 502, 2226, -13, 0, 0, 0
L 502, 2226, -13, 547, 2243, -13, 0, 0, 0
L 547, 2243, -13, 614, 2284, -12, 0, 0, 0
L 614, 2284, -12, 656, 2321, -13, 0, 0, 0
L 656, 2321, -13, 692, 2346, -13, 0, 0, 0
L 692, 2346, -13, 754, 2377, -13, 0, 0, 0
L 754, 2377, -13, 804, 2391, -13, 0, 0, 0
L 804, 2391, -13, 858, 2409, -13, 0, 0, 0
L 858, 2409, -13, 885, 2412, -13, 0, 0, 0
L 885, 2412, -13, 963, 2440, -12, 0, 0, 0
L 963, 2440, -12, 1060, 2476, -12, 0, 0, 0
L 1060, 2476, -12, 1150, 2514, -13, 0, 0, 0
L 1150, 2514, -13, 1213, 2541, -13, 0, 0, 0
L 1213, 2541, -13, 1272, 2557, -13, 0, 0, 0
L 1272, 2557, -13, 1359, 2586, -13, 0, 0, 0
L 1359, 2586, -13, 1502, 2617, -13, 0, 0, 0
L 1502, 2617, -13, 1551, 2619, -13, 0, 0, 0
L 1551, 2619, -13, 1583, 2617, -12, 0, 0, 0
L 1583, 2617, -12, 1687, 2615, -13, 0, 0, 0
L 1687, 2615, -13, 1775, 2597, -13, 0, 0, 0
L 1775, 2597, -13, 1818, 2582, -13, 0, 0, 0
L 1818, 2582, -13, 1867, 2548, -13, 0, 0, 0
L 1867, 2548, -13, 1899, 2510, -12, 0, 0, 0
L 1899, 2510, -12, 1946, 2485, -13, 0, 0, 0
L 1946, 2485, -13, 1984, 2453, -12, 0, 0, 0
L 1984, 2453, -12, 1998, 2446, -12, 0, 0, 0
L 1998, 2446, -12, 2021, 2471, -12, 0, 0, 0
L 2021, 2471, -12, 2073, 2441, -13, 0, 0, 0
L 2073, 2441, -13, 2111, 2408, -13, 0, 0, 0
L 2111, 2408, -13, 2167, 2352, -13, 0, 0, 0
L 2167, 2352, -13, 2208, 2300, -13, 0, 0, 0
L 2208, 2300, -13, 2219, 2256, -13, 0, 0, 0
L 2219, 2256, -13, 2245, 2219, -13, 0, 0, 0
L 2245, 2219, -13, 2294, 2212, -12, 0, 0, 0
L 2294, 2212, -12, 2318, 2178, -13, 0, 0, 0
L 2318, 2178, -13, 2333, 2126, -13, 0, 0, 0
L 2333, 2126, -13, 2349, 2092, -13, 0, 0, 0
L 2349, 2092, -13, 2362, 2048, -13, 0, 0, 0
L 2362, 2048, -13, 2358, 2028, -13, 0, 0, 0
L 2358, 2028, -13, 2346, 1960, -13, 0, 0, 0
L 2346, 1960, -13, 2329, 1902, -13, 0, 0, 0
L 2329, 1902, -13, 2315, 1886, -13, 0, 0, 0
L 2315, 1886, -13, 2301, 1852, -13, 0, 0, 0
L 2301, 1852, -13, 2293, 1804, -13, 0, 0, 0
L 2293, 1804, -13, 2276, 1772, -13, 0, 0, 0
L 2276, 1772, -13, 2268, 1733, -13, 0, 0, 0
L 2268, 1733, -13, 2261, 1692, -12, 0, 0, 0
L 2261, 1692, -12, 2256, 1652, -13, 0, 0, 0
L 2256, 1652, -13, 2255, 1602, -13, 0, 0, 0
L 2255, 1602, -13, 2245, 1555, -12, 0, 0, 0
L 2245, 1555, -12, 2228, 1526, -13, 0, 0, 0
L 2228, 1526, -13, 2207, 1502, -12, 0, 0, 0
L 2207, 1502, -12, 2191, 1449, -13, 0, 0, 0
L 2191, 1449, -13, 2145, 1413, -13, 0, 0, 0
L 2145, 1413, -13, 2100, 1388, -13, 0, 0, 0
L 2100, 1388, -13, 2071, 1380, -13, 0, 0, 0
L 2071, 1380, -13, 2051, 1361, -13, 0, 0, 0
L 2051, 1361, -13, 1991, 1400, -13, 0, 0, 0
L 1991, 1400, -13, 1986, 1463, -13, 0, 0, 0
L 1986, 1463, -13, 1972, 1543, -13, 0, 0, 0
L 1972, 1543, -13, 1953, 1578, -13, 0, 0, 0
L 1953, 1578, -13, 1902, 1586, -13, 0, 0, 0
L 1902, 1586, -13, 1876, 1601, -13, 0, 0, 0
L 1876, 1601, -13, 1854, 1617, -13, 0, 0, 0
L 1854, 1617, -13, 1824, 1652, -13, 0, 0, 0
L 1824, 1652, -13, 1791, 1706, -13, 0, 0, 0
L 1791, 1706, -13, 1747, 1770, -12, 0, 0, 0
L 1747, 1770, -12, 1709, 1804, -13, 0, 0, 0
L 1709, 1804, -13, 1708, 1840, -12, 0, 0, 0
L 1708, 1840, -12, 1722, 1860, -12, 0, 0, 0
L 1722, 1860, -12, 1739, 1870, -12, 0, 0, 0
L 1739, 1870, -12, 1748, 1869, -12, 0, 0, 0
L 1748, 1869, -12, 1798, 1883, -13, 0, 0, 0
L 1798, 1883, -13, 1813, 1895, -12, 0, 0, 0
L 1813, 1895, -12, 1818, 1945, -12, 0, 0, 0
L 1818, 1945, -12, 1805, 1958, -12, 0, 0, 0
L 1805, 1958, -12, 1752, 1970, -12, 0, 0, 0
L 1752, 1970, -12, 1688, 1960, -12, 0, 0, 0
L 1688, 1960, -12, 1663, 1946, -12, 0, 0, 0
L 1663, 1946, -12, 1636, 1919, -13, 0, 0, 0
L 1636, 1919, -13, 1580, 1917, -12, 0, 0, 0
L 1580, 1917, -12, 1544, 1909, -13, 0, 0, 0
L 1544, 1909, -13, 1445, 1930, -12, 0, 0, 0
L 1445, 1930, -12, 1389, 1935, -13, 0, 0, 0
L 1389, 1935, -13, 1354, 1942, -12, 0, 0, 0
L 1354, 1942, -12, 1249, 1943, -13, 0, 0, 0
L 1249, 1943, -13, 1196, 1958, -12, 0, 0, 0
L 1196, 1958, -12, 1165, 1995, -13, 0, 0, 0
L 1165, 1995, -13, 1159, 2041, -13, 0, 0, 0
L 1159, 2041, -13, 1147, 2072, -13, 0, 0, 0
L 1147, 2072, -13, 1125, 2099, -12, 0, 0, 0
L 1125, 2099, -12, 1101, 2115, -13, 0, 0, 0
L 1101, 2115, -13, 1082, 2119, -13, 0, 0, 0
L 1082, 2119, -13, 1053, 2120, -13, 0, 0, 0
L 1053, 2120, -13, 1001, 2107, -13, 0, 0, 0
L 1001, 2107, -13, 949, 2078, -12, 0, 0, 0
L 949, 2078, -12, 924, 2053, -12, 0, 0, 0
L 924, 2053, -12, 918, 2032, -12, 0, 0, 0
L 918, 2032, -12, 883, 2023, -12, 0, 0, 0
L 883, 2023, -12, 866, 1997, -13, 0, 0, 0
L 866, 1997, -13, 866, 1981, -13, 0, 0, 0
L 866, 1981, -13, 854, 1949, -12, 0, 0, 0
L 854, 1949, -12, 851, 1929, -12, 0, 0, 0
L 851, 1929, -12, 855, 1893, -13, 0, 0, 0
L 855, 1893, -13, 858, 1832, -12, 0, 0, 0
L 858, 1832, -12, 856, 1755, -13, 0, 0, 0
L 856, 1755, -13, 897, 1712, -12, 0, 0, 0
L 897, 1712, -12, 932, 1725, -13, 0, 0, 0
L 932, 1725, -13, 972, 1733, -12, 0, 0, 0
L 972, 1733, -12, 1003, 1741, -13, 0, 0, 0
L 1003, 1741, -13, 1029, 1775, -13, 0, 0, 0
L 1029, 1775, -13, 1054, 1785, -12, 0, 0, 0
L 1054, 1785, -12, 1096, 1763, -12, 0, 0, 0
L 1096, 1763, -12, 1112, 1736, -12, 0, 0, 0
L 1112, 1736, -12, 1122, 1698, -13, 0, 0, 0
L 1122, 1698, -13, 1121, 1671, -13, 0, 0, 0
L 1121, 1671, -13, 1115, 1654, -12, 0, 0, 0
L 1115, 1654, -12, 1155, 1599, -13, 0, 0, 0
L 1155, 1599, -13, 1123, 1578, -12, 0, 0, 0
L 1123, 1578, -12, 1113, 1534, -12, 0, 0, 0
L 1113, 1534, -12, 1076, 1523, -12, 0, 0, 0
L 1076, 1523, -12, 1048, 1504, -12, 0, 0, 0
L 1048, 1504, -12, 1045, 1401, -12, 0, 0, 0
L 1045, 1401, -12, 1097, 1369, -12, 0, 0, 0
L 1097, 1369, -12, 1149, 1357, -12, 0, 0, 0
L 1149, 1357, -12, 1197, 1357, -12, 0, 0, 0
L 1197, 1357, -12, 1229, 1364, -12, 0, 0, 0
L 1229, 1364, -12, 1261, 1386, -12, 0, 0, 0
L 1261, 1386, -12, 1279, 1410, -12, 0, 0, 0
L 1279, 1410, -12, 1294, 1449, -13, 0, 0, 0
L 1294, 1449, -13, 1321, 1472, -13, 0, 0, 0
L 1321, 1472, -13, 1338, 1492, -13, 0, 0, 0
L 1338, 1492, -13, 1343, 1549, -13, 0, 0, 0
L 1343, 1549, -13, 1351, 1575, -13, 0, 0, 0
L 1351, 1575, -13, 1358, 1643, -13, 0, 0, 0
L 1358, 1643, -13, 1381, 1673, -13, 0, 0, 0
L 1381, 1673, -13, 1412, 1691, -13, 0, 0, 0
L 1412, 1691, -13, 1447, 1717, -12, 0, 0, 0
L 1447, 1717, -12, 1490, 1756, -13, 0, 0, 0
L 1490, 1756, -13, 1551, 1776, -13, 0, 0, 0
L 1551, 1776, -13, 1601, 1752, -13, 0, 0, 0
L 1601, 1752, -13, 1623, 1708, -13, 0, 0, 0
L 1623, 1708, -13, 1637, 1653, -12, 0, 0, 0
L 1637, 1653, -12, 1654, 1621, -13, 0, 0, 0
L 1654, 1621, -13, 1673, 1601, -13, 0, 0, 0
L 1673, 1601, -13, 1746, 1538, -13, 0, 0, 0
L 1746, 1538, -13, 1776, 1509, -13, 0, 0, 0
L 1776, 1509, -13, 1795, 1489, -12, 0, 0, 0
L 1795, 1489, -12, 1834, 1463, -13, 0, 0, 0
L 1834, 1463, -13, 1851, 1451, -13, 0, 0, 0
L 1851, 1451, -13, 1865, 1402, -13, 0, 0, 0
L 1865, 1402, -13, 1862, 1387, -12, 0, 0, 0
L 1862, 1387, -12, 1852, 1351, -13, 0, 0, 0
L 1852, 1351, -13, 1835, 1309, -13, 0, 0, 0
L 1835, 1309, -13, 1801, 1281, -13, 0, 0, 0
L 1801, 1281, -13, 1783, 1262, -13, 0, 0, 0
L 1783, 1262, -13, 1756, 1240, -13, 0, 0, 0
L 1756, 1240, -13, 1725, 1222, -12, 0, 0, 0
L 1725, 1222, -12, 1699, 1204, -13, 0, 0, 0
L 1699, 1204, -13, 1659, 1189, -12, 0, 0, 0
L 1659, 1189, -12, 1643, 1184, -13, 0, 0, 0
L 1643, 1184, -13, 1600, 1179, -13, 0, 0, 0
L 1600, 1179, -13, 1580, 1175, -12, 0, 0, 0
L 1580, 1175, -12, 1557, 1154, -13, 0, 0, 0
L 1557, 1154, -13, 1550, 1138, -12, 0, 0, 0
L 1550, 1138, -12, 1517, 1135, -12, 0, 0, 0
L 1517, 1135, -12, 1496, 1106, -13, 0, 0, 0
L 1496, 1106, -13, 1475, 1103, -12, 0, 0, 0
L 1475, 1103, -12, 1473, 1094, -12, 0, 0, 0
L 1473, 1094, -12, 1495, 1073, -12, 0, 0, 0
L 1495, 1073, -12, 1526, 1058, -12, 0, 0, 0
L 1526, 1058, -12, 1551, 1037, -12, 0, 0, 0
L 1551, 1037, -12, 1566, 1005, -11, 0, 0, 0
L 1566, 1005, -11, 1572, 972, -11, 0, 0, 0
L 1572, 972, -11, 1574, 952, -11, 0, 0, 0
L 1574, 952, -11, 1569, 919, -11, 0, 0, 0
L 1569, 919, -11, 1576, 886, -11, 0, 0, 0
L 1576, 886, -11, 1596, 870, -11, 0, 0, 0
L 1596, 870, -11, 1644, 843, -11, 0, 0, 0
L 1644, 843, -11, 1665, 807, -11, 0, 0, 0
L 1665, 807, -11, 1669, 782, -11, 0, 0, 0
L 1669, 782, -11, 1672, 754, -11, 0, 0, 0
L 1672, 754, -11, 1662, 723, -11, 0, 0, 0
L 1662, 723, -11, 1669, 689, -11, 0, 0, 0
L 1669, 689, -11, 1672, 643, -11, 0, 0, 0
L 1672, 643, -11, 1669, 605, -10, 0, 0, 0
L 1669, 605, -10, 1675, 588, -10, 0, 0, 0
L 1675, 588, -10, 1753, 530, -10, 0, 0, 0
L 1753, 530, -10, 1772, 484, -10, 0, 0, 0
L 1772, 484, -10, 1776, 458, -10, 0, 0, 0
L 1776, 458, -10, 1768, 394, -10, 0, 0, 0
L 1768, 394, -10, 1774, 363, -10, 0, 0, 0
L 1774, 363, -10, 1764, 333, -10, 0, 0, 0
L 1764, 333, -10, 1775, 268, -10, 0, 0, 0
L 1775, 268, -10, 1770, 218, -10, 0, 0, 0
L 1770, 218, -10, 1768, 191, -10, 0, 0, 0
L 1768, 191, -10, 1772, 152, -10, 0, 0, 0
L 1772, 152, -10, 1763, 125, -9, 0, 0, 0
L 1763, 125, -9, 1774, 67, -9, 0, 0, 0
L 1774, 67, -9, 1768, 1, -9, 0, 0, 0
L 1768, 1, -9, 1772, -29, -8, 0, 0, 0
L 1772, -29, -8, 1772, -52, -8, 0, 0, 0
L 1772, -52, -8, 1763, -76, -7, 0, 0, 0
L 1763, -76, -7, 1769, -110, -6, 0, 0, 0
L 1769, -110, -6, 1773, -158, -6, 0, 0, 0
L 1773, -158, -6, 1768, -207, -5, 0, 0, 0
L 1768, -207, -5, 1773, -241, -5, 0, 0, 0
L 1773, -241, -5, 1764, -274, -4, 0, 0, 0
L 1764, -274, -4, 1774, -334, -4, 0, 0, 0
L 1774, -334, -4, 1767, -406, -4, 0, 0, 0
L 1767, -406, -4, 1771, -438, -4, 0, 0, 0
L 1771, -438, -4, 1762, -473, -4, 0, 0, 0
L 1762, -473, -4, 1775, -512, -4, 0, 0, 0
L 1775, -512, -4, 1795, -527, -4, 0, 0, 0
L 1795, -527, -4, 1828, -542, -4, 0, 0, 0
L 1828, -542, -4, 1855, -570, -4, 0, 0, 0
L 1855, -570, -4, 1867, -609, -4, 0, 0, 0
L 1867, -609, -4, 1875, -630, -4, 0, 0, 0
L 1875, -630, -4, 1872, -654, -4, 0, 0, 0
L 1872, -654, -4, 1864, -670, -4, 0, 0, 0
L 1864, -670, -4, 1863, -682, -4, 0, 0, 0
L 2762, -559, 668, 2762, -559, 66, 153, 153, 153
L 2762, -559, 66, 2796, -573, 73, 153, 153, 153
L 2796, -573, 73, 2826, -573, 73, 153, 153, 153
L 2826, -573, 73, 2862, -578, 72, 153, 153, 153
L 2862, -578, 72, 2881, -623, 74, 153, 153, 153
L 2881, -623, 74, 2906, -672, 73, 153, 153, 153
L 2906, -672, 73, 2918, -666, 69, 153, 153, 153
L 2918, -666, 69, 2941, -670, 64, 153, 153, 153
L 2941, -670, 64, 2986, -688, 71, 153, 153, 153
L 2986, -688, 71, 3027, -647, 74, 153, 153, 153
L 3027, -647, 74, 3027, -602, 73, 153, 153, 153
L 3027, -602, 73, 3006, -567, 56, 153, 153, 153
L 3006, -567, 56, 3007, -536, 58, 153, 153, 153
L 3007, -536, 58, 3027, -512, 73, 153, 153, 153
L 3027, -512, 73, 3027, -502, 73, 153, 153, 153
L 3027, -502, 73, 2995, -488, 63, 153, 153, 153
L 2995, -488, 63, 2992, -444, 66, 153, 153, 153
L 2992, -444, 66, 2972, -422, 66, 153, 153, 153
L 2972, -422, 66, 2931, -402, 74, 153, 153, 153
L 2931, -402, 74, 2907, -425, 74, 153, 153, 153
L 2907, -425, 74, 2881, -475, 74, 153, 153, 153
L 2881, -475, 74, 2880, -501, 73, 153, 153, 153
L 2880, -501, 73, 2807, -502, 74, 153, 153, 153
L 2807, -502, 74, 2793, -515, 73, 153, 153, 153
L 2793, -515, 73, 2794, -535, 68, 153, 153, 153
L 2794, -535, 68, 2769, -541, 73, 153, 153, 153
L 2769, -541, 73, 2760, -528, 64, 153, 153, 153
L -3035, 1701, -1249, -3035, 1701, -124, 153, 153, 153
L -3035, 1701, -124, -3035, 1743, -124, 153, 153, 153
L -3035, 1743, -124, -3067, 1792, -125, 153, 153, 153
L -3067, 1792, -125, -3057, 1858, -125, 153, 153, 153
L -3057, 1858, -125, -3044, 1868, -125, 153, 153, 153
L -3044, 1868, -125, -2975, 1874, -125, 153, 153, 153
L -2975, 1874, -125, -2948, 1830, -111, 153, 153, 153
L -2948, 1830, -111, -2904, 1842, -109, 153, 153, 153
L -2904, 1842, -109, -2878, 1844, -106, 153, 153, 153
L -2878, 1844, -106, -2871, 1838, -114, 153, 153, 153
L -2871, 1838, -114, -2860, 1836, -108, 153, 153, 153
L -2860, 1836, -108, -2845, 1853, -109, 153, 153, 153
L -2848, 1789, -1166, -2848, 1789, -116, 153, 153, 153
L -2848, 1789, -116, -2853, 1817, -113, 153, 153, 153
L -2853, 1817, -113, -2856, 1818, -110, 153, 153, 153
L -2856, 1818, -110, -2877, 1814, -112, 153, 153, 153
L -2877, 1814, -112, -2913, 1807, -112, 153, 153, 153
L -2913, 1807, -112, -2967, 1766, -125, 153, 153, 153
L -2967, 1766, -125, -2983, 1758, -125, 153, 153, 153
L -2983, 1758, -125, -3006, 1736, -124, 153, 153, 153
L -3006, 1736, -124, -3006, 1621, -124, 153, 153, 153
L -3006, 1621, -124, -3032, 1621, -124, 153, 153, 153
L -3035, 1650, -1249, -3035, 1650, -124, 153, 153, 153
L -3035, 1650, -124, -3035, 1742, -124, 153, 153, 153
L -3035, 1692, -124, -3035, 1692, -124, 153, 153, 153
L -2449, 1720, -1290, -2449, 1720, -129, 0, 255, 0
L -2449, 1720, -129, -2405, 1750, -129, 0, 255, 0
L -2405, 1750, -129, -2378, 1779, -129, 0, 255, 0
L -2378, 1779, -129, -2367, 1800, -130, 0, 255, 0
L -2367, 1800, -130, -2369, 1820, -129, 0, 255, 0
L -2369, 1820, -129, -2369, 1855, -129, 0, 255, 0
L -2369, 1855, -129, -2375, 1870, -129, 0, 255, 0
L -2375, 1870, -129, -2376, 1898, -129, 0, 255, 0
L -2376, 1898, -129, -2364, 1911, -129, 0, 255, 0
L -2364, 1911, -129, -2356, 1947, -129, 0, 255, 0
L -2356, 1947, -129, -2350, 1955, -129, 0, 255, 0
L -2350, 1955, -129, -2301, 1993, -129, 0, 255, 0
L -2301, 1993, -129, -2252, 2004, -129, 0, 255, 0
L -2252, 2004, -129, -2201, 2019, -129, 0, 255, 0
L -2201, 2019, -129, -2182, 2032, -129, 0, 255, 0
L -2182, 2032, -129, -2171, 2050, -130, 0, 255, 0
L -2171, 2050, -130, -2148, 2062, -129, 0, 255, 0
L -2148, 2062, -129, -2116, 2061, -129, 0, 255, 0
L -2116, 2061, -129, -2074, 2070, -129, 0, 255, 0
L -2074, 2070, -129, -2051, 2090, -129, 0, 255, 0
L -2051, 2090, -129, -2042, 2092, -129, 0, 255, 0
L -2042, 2092, -129, -2001, 2137, -129, 0, 255, 0
L -2001, 2137, -129, -1993, 2140, -129, 0, 255, 0
L -1993, 2140, -129, -1989, 2149, -129, 0, 255, 0
L -1989, 2149, -129, -1964, 2166, -129, 0, 255, 0
L -1964, 2166, -129, -1958, 2193, -129, 0, 255, 0
L -1958, 2193, -129, -1949, 2214, -129, 0, 255, 0
L -1949, 2214, -129, -1933, 2229, -129, 0, 255, 0
L -1933, 2229, -129, -1902, 2242, -129, 0, 255, 0
L -1902, 2242, -129, -1850, 2226, -129, 0, 255, 0
L -1850, 2226, -129, -1801, 2225, -129, 0, 255, 0
L -1801, 2225, -129, -1762, 2213, -129, 0, 255, 0
L -1762, 2213, -129, -1745, 2202, -129, 0, 255, 0
L -1745, 2202, -129, -1701, 2197, -129, 0, 255, 0
L -1701, 2197, -129, -1691, 2198, -128, 0, 255, 0
L -1691, 2198, -128, -1672, 2219, -129, 0, 255, 0
L -1672, 2219, -129, -1648, 2226, -129, 0, 255, 0
L -1648, 2226, -129, -1626, 2225, -129, 0, 255, 0
L -1626, 2225, -129, -1552, 2243, -129, 0, 255, 0
L -1552, 2243, -129, -1541, 2249, -129, 0, 255, 0
L -1541, 2249, -129, -1520, 2267, -129, 0, 255, 0
L -1520, 2267, -129, -1481, 2282, -129, 0, 255, 0
L -1481, 2282, -129, -1450, 2281, -129, 0, 255, 0
L -1450, 2281, -129, -1349, 2230, -129, 0, 255, 0
L -1349, 2230, -129, -1330, 2198, -129, 0, 255, 0
L -1330, 2198, -129, -1295, 2148, -129, 0, 255, 0
L -1295, 2148, -129, -1257, 2101, -129, 0, 255, 0
L -1257, 2101, -129, -1203, 2049, -128, 0, 255, 0
L -1203, 2049, -128, -1111, 2003, -130, 0, 255, 0
L -1111, 2003, -130, -1103, 1994, -129, 0, 255, 0
L -1103, 1994, -129, -1091, 1994, -129, 0, 255, 0
L -1091, 1994, -129, -1086, 2000, -129, 0, 255, 0
L -1086, 2000, -129, -1077, 2022, -129, 0, 255, 0
L -1077, 2022, -129, -1052, 2038, -129, 0, 255, 0
L -1052, 2038, -129, -999, 2037, -129, 0, 255, 0
L -999, 2037, -129, -995, 2043, -129, 0, 255, 0
L -995, 2043, -129, -972, 2051, -129, 0, 255, 0
L -972, 2051, -129, -955, 2055, -129, 0, 255, 0
L -955, 2055, -129, -935, 2049, -129, 0, 255, 0
L -935, 2049, -129, -897, 2025, -129, 0, 255, 0
L -897, 2025, -129, -865, 2014, -129, 0, 255, 0
L -865, 2014, -129, -850, 2005, -129, 0, 255, 0
L -850, 2005, -129, -839, 1999, -128, 0, 255, 0
L -839, 1999, -128, -801, 1982, -129, 0, 255, 0
L -801, 1982, -129, -770, 1951, -129, 0, 255, 0
L -770, 1951, -129, -749, 1913, -129, 0, 255, 0
L -749, 1913, -129, -744, 1900, -129, 0, 255, 0
L -744, 1900, -129, -702, 1815, -129, 0, 255, 0
L -702, 1815, -129, -675, 1801, -129, 0, 255, 0
L -675, 1801, -129, -650, 1795, -129, 0, 255, 0
L -650, 1795, -129, -647, 1795, -129, 0, 255, 0
L -647, 1795, -129, -584, 1785, -129, 0, 255, 0
L -584, 1785, -129, -553, 1786, -129, 0, 255, 0
L -553, 1786, -129, -526, 1776, -129, 0, 255, 0
L -526, 1776, -129, -497, 1762, -129, 0, 255, 0
L -497, 1762, -129, -454, 1756, -129, 0, 255, 0
L -454, 1756, -129, -429, 1773, -129, 0, 255, 0
L -429, 1773, -129, -409, 1799, -129, 0, 255, 0
L -409, 1799, -129, -403, 1805, -130, 0, 255, 0
L -403, 1805, -130, -370, 1822, -130, 0, 255, 0
L -370, 1822, -130, -350, 1826, -129, 0, 255, 0
L -350, 1826, -129, -326, 1826, -130, 0, 255, 0
L -326, 1826, -130, -303, 1842, -130, 0, 255, 0
L -303, 1842, -130, -278, 1828, -129, 0, 255, 0
L -278, 1828, -129, -251, 1826, -129, 0, 255, 0
L -251, 1826, -129, -239, 1799, -129, 0, 255, 0
L -239, 1799, -129, -201, 1769, -129, 0, 255, 0
L -201, 1769, -129, -150, 1745, -129, 0, 255, 0
L -150, 1745, -129, -101, 1743, -129, 0, 255, 0
L -101, 1743, -129, -86, 1737, -129, 0, 255, 0
L -86, 1737, -129, -50, 1726, -129, 0, 255, 0
L -50, 1726, -129, -31, 1701, -129, 0, 255, 0
L -31, 1701, -129, -32, 1680, -128, 0, 255, 0
L -32, 1680, -128, -15, 1601, -129, 0, 255, 0
L -15, 1601, -129, 0, 1562, -129, 0, 255, 0
L 0, 1562, -129, 14, 1535, -129, 0, 255, 0
L 14, 1535, -129, 26, 1497, -129, 0, 255, 0
L 26, 1497, -129, 59, 1449, -129, 0, 255, 0
L 59, 1449, -129, 99, 1420, -129, 0, 255, 0
L 99, 1420, -129, 149, 1419, -129, 0, 255, 0
L 149, 1419, -129, 200, 1394, -129, 0, 255, 0
L 200, 1394, -129, 209, 1398, -129, 0, 255, 0
L 209, 1398, -129, 232, 1414, -129, 0, 255, 0
L 232, 1414, -129, 250, 1414, -129, 0, 255, 0
L 250, 1414, -129, 277, 1421, -129, 0, 255, 0
L 277, 1421, -129, 297, 1429, -129, 0, 255, 0
L 297, 1429, -129, 311, 1433, -129, 0, 255, 0
L 311, 1433, -129, 336, 1448, -129, 0, 255, 0
L 336, 1448, -129, 391, 1471, -129, 0, 255, 0
L 391, 1471, -129, 399, 1493, -129, 0, 255, 0
L 399, 1493, -129, 447, 1491, -129, 0, 255, 0
L 447, 1491, -129, 477, 1475, -129, 0, 255, 0
L 477, 1475, -129, 505, 1452, -129, 0, 255, 0
L 505, 1452, -129, 550, 1409, -129, 0, 255, 0
L 550, 1409, -129, 571, 1401, -129, 0, 255, 0
L 571, 1401, -129, 576, 1325, -129, 0, 255, 0
L 576, 1325, -129, 549, 1321, -129, 0, 255, 0
L 549, 1321, -129, 544, 1304, -129, 0, 255, 0
L 544, 1304, -129, 537, 1298, -129, 0, 255, 0
L 537, 1298, -129, 513, 1286, -129, 0, 255, 0
L 513, 1286, -129, 502, 1286, -129, 0, 255, 0
L 502, 1286, -129, 463, 1298, -129, 0, 255, 0
L 463, 1298, -129, 452, 1303, -129, 0, 255, 0
L 452, 1303, -129, 439, 1310, -129, 0, 255, 0
L 439, 1310, -129, 400, 1323, -129, 0, 255, 0
L 400, 1323, -129, 349, 1323, -129, 0, 255, 0
L 349, 1323, -129, 333, 1318, -129, 0, 255, 0
L 333, 1318, -129, 298, 1316, -129, 0, 255, 0
L 298, 1316, -129, 286, 1314, -129, 0, 255, 0
L 286, 1314, -129, 276, 1298, -129, 0, 255, 0
L 276, 1298, -129, 298, 1282, -129, 0, 255, 0
L 298, 1282, -129, 324, 1251, -129, 0, 255, 0
L 324, 1251, -129, 320, 1229, -129, 0, 255, 0
L 320, 1229, -129, 325, 1199, -129, 0, 255, 0
L 325, 1199, -129, 319, 1179, -129, 0, 255, 0
L 319, 1179, -129, 316, 1153, -130, 0, 255, 0
L 316, 1153, -130, 316, 1136, -129, 0, 255, 0
L 316, 1136, -129, 300, 1105, -130, 0, 255, 0
L 300, 1105, -130, 294, 1100, -129, 0, 255, 0
L 294, 1100, -129, 279, 1072, -129, 0, 255, 0
L 279, 1072, -129, 260, 1050, -129, 0, 255, 0
L 260, 1050, -129, 259, 1041, -129, 0, 255, 0
L 259, 1041, -129, 250, 1036, -129, 0, 255, 0
L 250, 1036, -129, 233, 1019, -129, 0, 255, 0
L 233, 1019, -129, 200, 1029, -129, 0, 255, 0
L 200, 1029, -129, 170, 1030, -129, 0, 255, 0
L 170, 1030, -129, 148, 1034, -129, 0, 255, 0
L 148, 1034, -129, 99, 1023, -129, 0, 255, 0
L 99, 1023, -129, 43, 1006, -129, 0, 255, 0
L 43, 1006, -129, 36, 997, -129, 0, 255, 0
L 36, 997, -129, 12, 981, -128, 0, 255, 0
L 12, 981, -128, -18, 963, -128, 0, 255, 0
L -18, 963, -128, -24, 948, -130, 0, 255, 0
L -24, 948, -130, -35, 937, -129, 0, 255, 0
L -35, 937, -129, -48, 930, -128, 0, 255, 0
L -48, 930, -128, -71, 923, -128, 0, 255, 0
L -71, 923, -128, -98, 912, -128, 0, 255, 0
L -98, 912, -128, -111, 910, -129, 0, 255, 0
L -111, 910, -129, -183, 885, -129, 0, 255, 0
L -183, 885, -129, -226, 873, -129, 0, 255, 0
L -226, 873, -129, -247, 864, -129, 0, 255, 0
L -247, 864, -129, -295, 847, -129, 0, 255, 0
L -295, 847, -129, -351, 848, -127, 0, 255, 0
L -351, 848, -127, -425, 869, -129, 0, 255, 0
L -425, 869, -129, -448, 857, -129, 0, 255, 0
L -448, 857, -129, -552, 856, -129, 0, 255, 0
L -552, 856, -129, -559, 847, -129, 0, 255, 0
L -559, 847, -129, -599, 807, -129, 0, 255, 0
L -599, 807, -129, -698, 806, -129, 0, 255, 0
L -698, 806, -129, -748, 822, -129, 0, 255, 0
L -748, 822, -129, -786, 849, -129, 0, 255, 0
L -786, 849, -129, -799, 873, -129, 0, 255, 0
L -799, 873, -129, -806, 859, -129, 0, 255, 0
L -806, 859, -129, -847, 837, -129, 0, 255, 0
L -847, 837, -129, -874, 849, -129, 0, 255, 0
L -874, 849, -129, -950, 867, -129, 0, 255, 0
L -950, 867, -129, -997, 891, -129, 0, 255, 0
L -997, 891, -129, -1045, 892, -129, 0, 255, 0
L -1045, 892, -129, -1098, 916, -129, 0, 255, 0
L -1098, 916, -129, -1140, 946, -129, 0, 255, 0
L -1140, 946, -129, -1158, 997, -129, 0, 255, 0
L -1158, 997, -129, -1191, 1047, -129, 0, 255, 0
L -1191, 1047, -129, -1200, 1070, -129, 0, 255, 0
L -1200, 1070, -129, -1250, 1123, -129, 0, 255, 0
L -1250, 1123, -129, -1270, 1121, -129, 0, 255, 0
L -1270, 1121, -129, -1300, 1142, -129, 0, 255, 0
L -1300, 1142, -129, -1348, 1155, -129, 0, 255, 0
L -1348, 1155, -129, -1396, 1167, -129, 0, 255, 0
L -1396, 1167, -129, -1442, 1198, -129, 0, 255, 0
L -1442, 1198, -129, -1496, 1228, -129, 0, 255, 0
L -1496, 1228, -129, -1519, 1250, -129, 0, 255, 0
L -1519, 1250, -129, -1531, 1278, -129, 0, 255, 0
L -1531, 1278, -129, -1550, 1317, -129, 0, 255, 0
L -1550, 1317, -129, -1569, 1347, -129, 0, 255, 0
L -1569, 1347, -129, -1598, 1376, -129, 0, 255, 0
L -1598, 1376, -129, -1619, 1371, -129, 0, 255, 0
L -1619, 1371, -129, -1675, 1377, -128, 0, 255, 0
L -1675, 1377, -128, -1699, 1376, -129, 0, 255, 0
L -1699, 1376, -129, -1729, 1381, -129, 0, 255, 0
L -1729, 1381, -129, -1749, 1378, -129, 0, 255, 0
L -1749, 1378, -129, -1796, 1377, -129, 0, 255, 0
L -1796, 1377, -129, -1838, 1396, -129, 0, 255, 0
L -1838, 1396, -129, -1827, 1446, -129, 0, 255, 0
L -1827, 1446, -129, -1812, 1458, -129, 0, 255, 0
L -1812, 1458, -129, -1799, 1464, -129, 0, 255, 0
L -1799, 1464, -129, -1778, 1478, -129, 0, 255, 0
L -1778, 1478, -129, -1772, 1502, -129, 0, 255, 0
L -1772, 1502, -129, -1779, 1525, -129, 0, 255, 0
L -1779, 1525, -129, -1769, 1547, -129, 0, 255, 0
L -1769, 1547, -129, -1776, 1572, -129, 0, 255, 0
L -1776, 1572, -129, -1765, 1599, -129, 0, 255, 0
L -1765, 1599, -129, -1776, 1623, -129, 0, 255, 0
L -1776, 1623, -129, -1777, 1651, -129, 0, 255, 0
L -1777, 1651, -129, -1805, 1664, -129, 0, 255, 0
L -1805, 1664, -129, -1837, 1698, -129, 0, 255, 0
L -1837, 1698, -129, -1818, 1718, -128, 0, 255, 0
L -1818, 1718, -128, -1820, 1749, -129, 0, 255, 0
L -1820, 1749, -129, -1812, 1761, -129, 0, 255, 0
L -1812, 1761, -129, -1800, 1787, -129, 0, 255, 0
L -1800, 1787, -129, -1796, 1792, -129, 0, 255, 0
L -1796, 1792, -129, -1795, 1799, -129, 0, 255, 0
L -1795, 1799, -129, -1750, 1843, -129, 0, 255, 0
L -1750, 1843, -129, -1736, 1899, -129, 0, 255, 0
L -1736, 1899, -129, -1774, 1947, -129, 0, 255, 0
L -1774, 1947, -129, -1801, 1966, -130, 0, 255, 0
L -1801, 1966, -130, -1849, 1989, -129, 0, 255, 0
L -1849, 1989, -129, -1884, 1998, -129, 0, 255, 0
L -1884, 1998, -129, -1902, 2013, -129, 0, 255, 0
L -1902, 2013, -129, -1907, 2004, -129, 0, 255, 0
L -1907, 2004, -129, -1913, 1998, -129, 0, 255, 0
L -1913, 1998, -129, -1929, 1980, -129, 0, 255, 0
L -1929, 1980, -129, -1941, 1950, -129, 0, 255, 0
L -1941, 1950, -129, -1949, 1940, -129, 0, 255, 0
L -1949, 1940, -129, -2038, 1940, -129, 0, 255, 0
L -2038, 1940, -129, -2055, 1909, -129, 0, 255, 0
L -2055, 1909, -129, -2098, 1907, -129, 0, 255, 0
L -2098, 1907, -129, -2105, 1905, -129, 0, 255, 0
L -2105, 1905, -129, -2106, 1900, -129, 0, 255, 0
L -2106, 1900, -129, -2074, 1850, -129, 0, 255, 0
L -2074, 1850, -129, -2074, 1824, -129, 0, 255, 0
L -2074, 1824, -129, -2059, 1798, -129, 0, 255, 0
L -2059, 1798, -129, -2050, 1776, -129, 0, 255, 0
L -2050, 1776, -129, -2040, 1743, -129, 0, 255, 0
L -2040, 1743, -129, -2045, 1695, -129, 0, 255, 0
L -2045, 1695, -129, -2051, 1689, -128, 0, 255, 0
L -2051, 1689, -128, -2059, 1661, -129, 0, 255, 0
L -2059, 1661, -129, -2070, 1649, -129, 0, 255, 0
L -2070, 1649, -129, -2079, 1630, -129, 0, 255, 0
L -2079, 1630, -129, -2101, 1615, -128, 0, 255, 0
L -2101, 1615, -128, -2107, 1605, -130, 0, 255, 0
L -2107, 1605, -130, -2120, 1597, -129, 0, 255, 0
L -2120, 1597, -129, -2118, 1566, -129, 0, 255, 0
L -2118, 1566, -129, -2146, 1558, -129, 0, 255, 0
L -2146, 1558, -129, -2154, 1553, -128, 0, 255, 0
L -2154, 1553, -128, -2210, 1558, -129, 0, 255, 0
L -2210, 1558, -129, -2248, 1572, -130, 0, 255, 0
L -2248, 1572, -130, -2298, 1595, -130, 0, 255, 0
L -2298, 1595, -130, -2330, 1580, -129, 0, 255, 0
L -2330, 1580, -129, -2349, 1554, -129, 0, 255, 0
L -2349, 1554, -129, -2347, 1505, -129, 0, 255, 0
L -2347, 1505, -129, -2345, 1495, -129, 0, 255, 0
L -2345, 1495, -129, -2321, 1451, -129, 0, 255, 0
L -2321, 1451, -129, -2299, 1413, -130, 0, 255, 0
L -2299, 1413, -130, -2284, 1402, -131, 0, 255, 0
L -2284, 1402, -131, -2287, 1388, -129, 0, 255, 0
L -2287, 1388, -129, -2299, 1362, -129, 0, 255, 0
L -2299, 1362, -129, -2303, 1352, -129, 0, 255, 0
L -2303, 1352, -129, -2334, 1334, -129, 0, 255, 0
L -2334, 1334, -129, -2345, 1331, -130, 0, 255, 0
L -2345, 1331, -130, -2384, 1335, -129, 0, 255, 0
L -2384, 1335, -129, -2398, 1336, -129, 0, 255, 0
L -2398, 1336, -129, -2412, 1349, -128, 0, 255, 0
L -2412, 1349, -128, -2446, 1397, -129, 0, 255, 0
L -2446, 1397, -129, -2450, 1406, -128, 0, 255, 0
L -2450, 1406, -128, -2465, 1445, -130, 0, 255, 0
L -2465, 1445, -130, -2488, 1496, -130, 0, 255, 0
L -2488, 1496, -130, -2502, 1546, -129, 0, 255, 0
L -2502, 1546, -129, -2507, 1603, -129, 0, 255, 0
L -2507, 1603, -129, -2497, 1653, -129, 0, 255, 0
L -2497, 1653, -129, -2483, 1679, -129, 0, 255, 0
L -2483, 1679, -129, -2469, 1697, -129, 0, 255, 0
L -2469, 1697, -129, -2454, 1716, -130, 0, 255, 0
L -2454, 1716, -130, -2448, 1721, -129, 0, 255, 0
L -1421, 1870, -1292, -1421, 1870, -129, 0, 0, 255
L -1421, 1870, -129, -1418, 1851, -129, 0, 0, 255
L -1418, 1851, -129, -1404, 1805, -130, 0, 0, 255
L -1404, 1805, -130, -1404, 1801, -129, 0, 0, 255
L -1404, 1801, -129, -1450, 1753, -129, 0, 0, 255
L -1450, 1753, -129, -1492, 1742, -129, 0, 0, 255
L -1492, 1742, -129, -1505, 1740, -129, 0, 0, 255
L -1505, 1740, -129, -1534, 1733, -129, 0, 0, 255
L -1534, 1733, -129, -1548, 1727, -129, 0, 0, 255
L -1548, 1727, -129, -1603, 1746, -129, 0, 0, 255
L -1603, 1746, -129, -1650, 1745, -129, 0, 0, 255
L -1650, 1745, -129, -1685, 1734, -128, 0, 0, 255
L -1685, 1734, -128, -1703, 1723, -129, 0, 0, 255
L -1703, 1723, -129, -1717, 1717, -129, 0, 0, 255
L -1717, 1717, -129, -1742, 1696, -129, 0, 0, 255
L -1742, 1696, -129, -1744, 1599, -129, 0, 0, 255
L -1744, 1599, -129, -1733, 1547, -129, 0, 0, 255
L -1733, 1547, -129, -1700, 1533, -129, 0, 0, 255
L -1700, 1533, -129, -1689, 1538, -130, 0, 0, 255
L -1689, 1538, -130, -1672, 1550, -129, 0, 0, 255
L -1672, 1550, -129, -1671, 1566, -130, 0, 0, 255
L -1671, 1566, -130, -1649, 1571, -129, 0, 0, 255
L -1649, 1571, -129, -1631, 1580, -129, 0, 0, 255
L -1631, 1580, -129, -1605, 1584, -129, 0, 0, 255
L -1605, 1584, -129, -1576, 1575, -128, 0, 0, 255
L -1576, 1575, -128, -1531, 1552, -129, 0, 0, 255
L -1531, 1552, -129, -1502, 1538, -129, 0, 0, 255
L -1502, 1538, -129, -1465, 1516, -129, 0, 0, 255
L -1465, 1516, -129, -1450, 1509, -130, 0, 0, 255
L -1450, 1509, -130, -1400, 1465, -131, 0, 0, 255
L -1400, 1465, -131, -1367, 1450, -129, 0, 0, 255
L -1367, 1450, -129, -1351, 1445, -129, 0, 0, 255
L -1351, 1445, -129, -1335, 1437, -129, 0, 0, 255
L -1335, 1437, -129, -1302, 1426, -129, 0, 0, 255
L -1302, 1426, -129, -1257, 1402, -130, 0, 0, 255
L -1257, 1402, -130, -1239, 1389, -129, 0, 0, 255
L -1239, 1389, -129, -1203, 1368, -129, 0, 0, 255
L -1203, 1368, -129, -1157, 1356, -129, 0, 0, 255
L -1157, 1356, -129, -1121, 1369, -129, 0, 0, 255
L -1121, 1369, -129, -1109, 1398, -129, 0, 0, 255
L -1109, 1398, -129, -1101, 1408, -129, 0, 0, 255
L -1101, 1408, -129, -1076, 1425, -129, 0, 0, 255
L -1076, 1425, -129, -1058, 1448, -129, 0, 0, 255
L -1058, 1448, -129, -1052, 1455, -129, 0, 0, 255
L -1052, 1455, -129, -1022, 1469, -129, 0, 0, 255
L -1022, 1469, -129, -1005, 1502, -129, 0, 0, 255
L -1005, 1502, -129, -983, 1595, -129, 0, 0, 255
L -983, 1595, -129, -1008, 1649, -129, 0, 0, 255
L -1008, 1649, -129, -1048, 1656, -130, 0, 0, 255
L -1048, 1656, -130, -1105, 1653, -129, 0, 0, 255
L -1105, 1653, -129, -1149, 1646, -129, 0, 0, 255
L -1149, 1646, -129, -1197, 1646, -129, 0, 0, 255
L -1197, 1646, -129, -1252, 1697, -130, 0, 0, 255
L -1252, 1697, -130, -1282, 1749, -129, 0, 0, 255
L -1282, 1749, -129, -1300, 1785, -129, 0, 0, 255
L -1300, 1785, -129, -1312, 1798, -130, 0, 0, 255
L -1312, 1798, -130, -1351, 1832, -129, 0, 0, 255
L -1351, 1832, -129, -1373, 1847, -129, 0, 0, 255
L -1373, 1847, -129, -1398, 1873, -129, 0, 0, 255
L -1398, 1873, -129, -1418, 1869, -129, 0, 0, 255
L -1418, 1869, -129, -1418, 1847, -128, 0, 0, 255
L -1418, 1847, -128, -1404, 1801, -129, 0, 0, 255
L -1404, 1801, -129, -1450, 1754, -129, 0, 0, 255
L -1450, 1754, -129, -1491, 1741, -129, 0, 0, 255
L -1491, 1741, -129, -1534, 1733, -129, 0, 0, 255
L -774, 1451, -1299, -774, 1451, -129, 0, 0, 255
L -774, 1451, -129, -783, 1437, -129, 0, 0, 255
L -783, 1437, -129, -813, 1414, -129, 0, 0, 255
L -813, 1414, -129, -823, 1377, -129, 0, 0, 255
L -823, 1377, -129, -839, 1342, -129, 0, 0, 255
L -839, 1342, -129, -848, 1337, -129, 0, 0, 255
L -848, 1337, -129, -861, 1317, -129, 0, 0, 255
L -861, 1317, -129, -885, 1300, -129, 0, 0, 255
L -885, 1300, -129, -917, 1267, -129, 0, 0, 255
L -917, 1267, -129, -923, 1251, -129, 0, 0, 255
L -923, 1251, -129, -948, 1212, -129, 0, 0, 255
L -948, 1212, -129, -961, 1200, -129, 0, 0, 255
L -961, 1200, -129, -972, 1175, -129, 0, 0, 255
L -972, 1175, -129, -998, 1161, -129, 0, 0, 255
L -998, 1161, -129, -1010, 1161, -129, 0, 0, 255
L -1010, 1161, -129, -999, 1124, -129, 0, 0, 255
L -999, 1124, -129, -987, 1104, -129, 0, 0, 255
L -987, 1104, -129, -952, 1066, -129, 0, 0, 255
L -952, 1066, -129, -902, 1040, -129, 0, 0, 255
L -902, 1040, -129, -852, 989, -129, 0, 0, 255
L -852, 989, -129, -777, 952, -129, 0, 0, 255
L -777, 952, -129, -753, 929, -129, 0, 0, 255
L -753, 929, -129, -653, 925, -129, 0, 0, 255
L -653, 925, -129, -642, 940, -129, 0, 0, 255
L -642, 940, -129, -628, 949, -129, 0, 0, 255
L -628, 949, -129, -630, 975, -129, 0, 0, 255
L -630, 975, -129, -602, 964, -129, 0, 0, 255
L -602, 964, -129, -586, 978, -129, 0, 0, 255
L -586, 978, -129, -553, 990, -129, 0, 0, 255
L -553, 990, -129, -544, 990, -129, 0, 0, 255
L -544, 990, -129, -533, 1028, -129, 0, 0, 255
L -533, 1028, -129, -513, 1049, -129, 0, 0, 255
L -513, 1049, -129, -510, 1060, -128, 0, 0, 255
L -510, 1060, -128, -501, 1076, -129, 0, 0, 255
L -501, 1076, -129, -495, 1094, -129, 0, 0, 255
L -495, 1094, -129, -496, 1139, -130, 0, 0, 255
L -496, 1139, -130, -493, 1149, -129, 0, 0, 255
L -493, 1149, -129, -493, 1188, -129, 0, 0, 255
L -493, 1188, -129, -454, 1181, -129, 0, 0, 255
L -454, 1181, -129, -418, 1197, -129, 0, 0, 255
L -418, 1197, -129, -408, 1206, -129, 0, 0, 255
L -408, 1206, -129, -404, 1204, -128, 0, 0, 255
L -404, 1204, -128, -349, 1204, -129, 0, 0, 255
L -349, 1204, -129, -302, 1188, -129, 0, 0, 255
L -302, 1188, -129, -253, 1180, -129, 0, 0, 255
L -253, 1180, -129, -201, 1157, -130, 0, 0, 255
L -201, 1157, -130, -171, 1167, -129, 0, 0, 255
L -171, 1167, -129, -153, 1167, -129, 0, 0, 255
L -153, 1167, -129, -115, 1163, -129, 0, 0, 255
L -115, 1163, -129, -105, 1163, -130, 0, 0, 255
L -105, 1163, -130, -54, 1155, -129, 0, 0, 255
L -54, 1155, -129, -9, 1198, -129, 0, 0, 255
L -9, 1198, -129, -49, 1241, -129, 0, 0, 255
L -49, 1241, -129, -78, 1250, -129, 0, 0, 255
L -78, 1250, -129, -100, 1261, -129, 0, 0, 255
L -100, 1261, -129, -120, 1302, -129, 0, 0, 255
L -120, 1302, -129, -147, 1329, -128, 0, 0, 255
L -147, 1329, -128, -166, 1351, -129, 0, 0, 255
L -166, 1351, -129, -194, 1396, -129, 0, 0, 255
L -194, 1396, -129, -206, 1450, -129, 0, 0, 255
L -206, 1450, -129, -226, 1502, -129, 0, 0, 255
L -226, 1502, -129, -226, 1546, -129, 0, 0, 255
L -226, 1546, -129, -248, 1603, -129, 0, 0, 255
L -248, 1603, -129, -296, 1631, -129, 0, 0, 255
L -296, 1631, -129, -335, 1648, -129, 0, 0, 255
L -335, 1648, -129, -398, 1689, -129, 0, 0, 255
L -398, 1689, -129, -431, 1680, -129, 0, 0, 255
L -431, 1680, -129, -451, 1679, -129, 0, 0, 255
L -451, 1679, -129, -471, 1674, -129, 0, 0, 255
L -471, 1674, -129, -492, 1602, -129, 0, 0, 255
L -492, 1602, -129, -448, 1553, -129, 0, 0, 255
L -448, 1553, -129, -442, 1541, -129, 0, 0, 255
L -442, 1541, -129, -440, 1499, -129, 0, 0, 255
L -440, 1499, -129, -425, 1453, -129, 0, 0, 255
L -425, 1453, -129, -440, 1402, -129, 0, 0, 255
L -440, 1402, -129, -446, 1395, -129, 0, 0, 255
L -446, 1395, -129, -450, 1377, -128, 0, 0, 255
L -450, 1377, -128, -460, 1352, -129, 0, 0, 255
L -460, 1352, -129, -496, 1314, -129, 0, 0, 255
L -496, 1314, -129, -505, 1309, -129, 0, 0, 255
L -505, 1309, -129, -524, 1272, -129, 0, 0, 255
L -524, 1272, -129, -524, 1251, -129, 0, 0, 255
L -524, 1251, -129, -512, 1212, -129, 0, 0, 255
L -512, 1212, -129, -522, 1200, -129, 0, 0, 255
L -522, 1200, -129, -523, 1179, -129, 0, 0, 255
L -523, 1179, -129, -545, 1173, -129, 0, 0, 255
L -545, 1173, -129, -555, 1152, -129, 0, 0, 255
L -555, 1152, -129, -560, 1151, -129, 0, 0, 255
L -560, 1151, -129, -586, 1101, -129, 0, 0, 255
L -586, 1101, -129, -586, 1092, -129, 0, 0, 255
L -586, 1092, -129, -601, 1086, -129, 0, 0, 255
L -601, 1086, -129, -620, 1076, -129, 0, 0, 255
L -620, 1076, -129, -635, 1051, -129, 0, 0, 255
L -635, 1051, -129, -637, 1035, -129, 0, 0, 255
L -637, 1035, -129, -647, 1024, -129, 0, 0, 255
L -647, 1024, -129, -670, 1023, -129, 0, 0, 255
L -670, 1023, -129, -698, 1036, -129, 0, 0, 255
L -698, 1036, -129, -713, 1048, -129, 0, 0, 255
L -713, 1048, -129, -726, 1075, -129, 0, 0, 255
L -726, 1075, -129, -775, 1149, -129, 0, 0, 255
L -775, 1149, -129, -776, 1176, -129, 0, 0, 255
L -776, 1176, -129, -785, 1200, -129, 0, 0, 255
L -785, 1200, -129, -780, 1228, -129, 0, 0, 255
L -780, 1228, -129, -769, 1250, -129, 0, 0, 255
L -769, 1250, -129, -770, 1264, -129, 0, 0, 255
L -770, 1264, -129, -750, 1274, -129, 0, 0, 255
L -750, 1274, -129, -732, 1299, -129, 0, 0, 255
L -732, 1299, -129, -735, 1329, -130, 0, 0, 255
L -735, 1329, -130, -700, 1332, -129, 0, 0, 255
L -700, 1332, -129, -654, 1343, -129, 0, 0, 255
L -654, 1343, -129, -641, 1341, -129, 0, 0, 255
L -641, 1341, -129, -602, 1342, -129, 0, 0, 255
L -602, 1342, -129, -586, 1337, -129, 0, 0, 255
L -586, 1337, -129, -592, 1349, -129, 0, 0, 255
L -592, 1349, -129, -593, 1393, -129, 0, 0, 255
L -593, 1393, -129, -594, 1397, -129, 0, 0, 255
L -594, 1397, -129, -625, 1447, -129, 0, 0, 255
L -625, 1447, -129, -642, 1491, -129, 0, 0, 255
L -642, 1491, -129, -638, 1499, -129, 0, 0, 255
L -638, 1499, -129, -651, 1523, -129, 0, 0, 255
L -651, 1523, -129, -662, 1512, -129, 0, 0, 255
L -662, 1512, -129, -696, 1522, -129, 0, 0, 255
L -696, 1522, -129, -735, 1546, -129, 0, 0, 255
L -735, 1546, -129, -749, 1560, -129, 0, 0, 255
L -749, 1560, -129, -773, 1548, -129, 0, 0, 255
L -773, 1548, -129, -785, 1537, -129, 0, 0, 255
L -785, 1537, -129, -786, 1489, -129, 0, 0, 255
L -786, 1489, -129, -775, 1453, -129, 0, 0, 255
L 432, 1562, -1298, 438, 1561, -129, 0, 255, 0
L 438, 1561, -129, 400, 1578, -129, 0, 255, 0
L 400, 1578, -129, 361, 1587, -130, 0, 255, 0
L 361, 1587, -130, 353, 1592, -129, 0, 255, 0
L 353, 1592, -129, 343, 1598, -129, 0, 255, 0
L 343, 1598, -129, 268, 1648, -129, 0, 255, 0
L 268, 1648, -129, 249, 1673, -129, 0, 255, 0
L 249, 1673, -129, 201, 1721, -129, 0, 255, 0
L 201, 1721, -129, 178, 1750, -129, 0, 255, 0
L 178, 1750, -129, 161, 1787, -129, 0, 255, 0
L 161, 1787, -129, 156, 1803, -129, 0, 255, 0
L 156, 1803, -129, 156, 1840, -129, 0, 255, 0
L 156, 1840, -129, 174, 1848, -129, 0, 255, 0
L 174, 1848, -129, 172, 1872, -129, 0, 255, 0
L 172, 1872, -129, 226, 1851, -129, 0, 255, 0
L 226, 1851, -129, 257, 1843, -129, 0, 255, 0
L 257, 1843, -129, 298, 1826, -130, 0, 255, 0
L 298, 1826, -130, 322, 1825, -129, 0, 255, 0
L 322, 1825, -129, 351, 1818, -129, 0, 255, 0
L 351, 1818, -129, 374, 1825, -129, 0, 255, 0
L 374, 1825, -129, 406, 1840, -129, 0, 255, 0
L 406, 1840, -129, 433, 1864, -130, 0, 255, 0
L 433, 1864, -130, 452, 1872, -129, 0, 255, 0
L 452, 1872, -129, 467, 1882, -129, 0, 255, 0
L 467, 1882, -129, 499, 1896, -129, 0, 255, 0
L 499, 1896, -129, 538, 1908, -129, 0, 255, 0
L 538, 1908, -129, 548, 1910, -129, 0, 255, 0
L 548, 1910, -129, 586, 1900, -129, 0, 255, 0
L 586, 1900, -129, 597, 1893, -129, 0, 255, 0
L 597, 1893, -129, 631, 1850, -129, 0, 255, 0
L 631, 1850, -129, 626, 1821, -129, 0, 255, 0
L 626, 1821, -129, 626, 1774, -130, 0, 255, 0
L 626, 1774, -130, 619, 1752, -129, 0, 255, 0
L 619, 1752, -129, 625, 1727, -129, 0, 255, 0
L 625, 1727, -129, 601, 1723, -129, 0, 255, 0
L 601, 1723, -129, 589, 1712, -129, 0, 255, 0
L 589, 1712, -129, 565, 1699, -129, 0, 255, 0
L 565, 1699, -129, 530, 1674, -129, 0, 255, 0
L 530, 1674, -129, 491, 1645, -116, 0, 255, 0
L 491, 1645, -116, 482, 1631, -130, 0, 255, 0
L 482, 1631, -130, 457, 1600, -129, 0, 255, 0
L 457, 1600, -129, 451, 1574, -129, 0, 255, 0
L 451, 1574, -129, 439, 1563, -129, 0, 255, 0
L 439, 1563, -129, 432, 1564, -129, 0, 255, 0
L 2062, 2136, -1293, 2062, 2136, -129, 0, 255, 0
L 2038, 2111, -129, 2000, 2111, -129, 0, 255, 0
L 2000, 2111, -129, 1976, 2122, -129, 0, 255, 0
L 1976, 2122, -129, 1949, 2122, -129, 0, 255, 0
L 1949, 2122, -129, 1938, 2111, -129, 0, 255, 0
L 1938, 2111, -129, 1900, 2111, -129, 0, 255, 0
L 1900, 2111, -129, 1876, 2098, -129, 0, 255, 0
L 1876, 2098, -129, 1854, 2093, -129, 0, 255, 0
L 1854, 2093, -129, 1834, 2099, -129, 0, 255, 0
L 1834, 2099, -129, 1734, 2151, -129, 0, 255, 0
L 1734, 2151, -129, 1700, 2187, -129, 0, 255, 0
L 1700, 2187, -129, 1662, 2185, -129, 0, 255, 0
L 1662, 2185, -129, 1647, 2193, -129, 0, 255, 0
L 1647, 2193, -129, 1607, 2191, -129, 0, 255, 0
L 1607, 2191, -129, 1598, 2195, -128, 0, 255, 0
L 1598, 2195, -128, 1552, 2172, -129, 0, 255, 0
L 1552, 2172, -129, 1527, 2173, -129, 0, 255, 0
L 1527, 2173, -129, 1504, 2159, -129, 0, 255, 0
L 1504, 2159, -129, 1493, 2161, -128, 0, 255, 0
L 1493, 2161, -128, 1452, 2178, -129, 0, 255, 0
L 1452, 2178, -129, 1437, 2199, -129, 0, 255, 0
L 1437, 2199, -129, 1436, 2251, -129, 0, 255, 0
L 1436, 2251, -129, 1449, 2276, -129, 0, 255, 0
L 1449, 2276, -129, 1462, 2287, -129, 0, 255, 0
L 1462, 2287, -129, 1467, 2300, -129, 0, 255, 0
L 1467, 2300, -129, 1499, 2320, -129, 0, 255, 0
L 1499, 2320, -129, 1575, 2320, -129, 0, 255, 0
L 1575, 2320, -129, 1594, 2324, -129, 0, 255, 0
L 1594, 2324, -129, 1701, 2306, -129, 0, 255, 0
L 1701, 2306, -129, 1741, 2305, -129, 0, 255, 0
L 1741, 2305, -129, 1749, 2308, -129, 0, 255, 0
L 1749, 2308, -129, 1790, 2308, -129, 0, 255, 0
L 1790, 2308, -129, 1800, 2305, -129, 0, 255, 0
L 1800, 2305, -129, 1849, 2268, -129, 0, 255, 0
L 1849, 2268, -129, 1884, 2253, -129, 0, 255, 0
L 1884, 2253, -129, 1899, 2243, -129, 0, 255, 0
L 1899, 2243, -129, 1939, 2203, -129, 0, 255, 0
L 1939, 2203, -129, 1951, 2176, -129, 0, 255, 0
L 1951, 2176, -129, 1959, 2187, -129, 0, 255, 0
L 1959, 2187, -129, 2051, 2158, -129, 0, 255, 0
L 2051, 2158, -129, 2059, 2149, -129, 0, 255, 0
L 2059, 2149, -129, 2063, 2137, -129, 0, 255, 0
L 2063, 2137, -129, 2038, 2111, -129, 0, 255, 0
L 1782, 2215, -1130, 1782, 2215, -113, 153, 153, 153
L 1782, 2215, -113, 1782, 2246, -107, 153, 153, 153
L 1782, 2246, -107, 1752, 2250, -107, 153, 153, 153
L 1752, 2250, -107, 1750, 2225, -107, 153, 153, 153
L 1750, 2225, -107, 1776, 2222, -107, 153, 153, 153
L 1577, 2242, -971, 1577, 2242, -97, 153, 153, 153
L 1577, 2242, -97, 1577, 2266, -97, 153, 153, 153
L 1577, 2266, -97, 1536, 2268, -100, 153, 153, 153
L 1536, 2268, -100, 1536, 2239, -100, 153, 153, 153
L 1536, 2239, -100, 1577, 2239, -99, 153, 153, 153
P 2424, -3325, 0, 255, 255, 255, 2, Grimling_Forest
P -3249, -1242, 0, 255, 255, 255, 2, Shar_Vhal
P -3006, 1703, 0, 255, 255, 255, 2, Paludal_Caverns
P -2420, -1241, 0, 255, 255, 255, 2, Succor_Point
