L 695, -691, 40, 695, -691, 4, 153, 153, 153
L 695, -691, 4, 695, -624, 4, 153, 153, 153
L 695, -624, 4, 579, -624, 4, 153, 153, 153
L 579, -624, 4, 577, -545, 4, 153, 153, 153
L 577, -545, 4, 558, -541, 4, 153, 153, 153
L 558, -541, 4, 559, -513, 4, 153, 153, 153
L 559, -513, 4, 618, -513, 4, 153, 153, 153
L 618, -513, 4, 618, -237, 4, 153, 153, 153
L 618, -237, 4, 960, -234, 4, 153, 153, 153
L 960, -234, 4, 962, -338, 4, 153, 153, 153
L 962, -338, 4, 949, -341, 4, 153, 153, 153
L 949, -341, 4, 947, -248, 5, 153, 153, 153
L 947, -248, 5, 632, -249, 5, 153, 153, 153
L 632, -249, 5, 634, -513, 5, 153, 153, 153
L 634, -513, 5, 881, -513, 5, 153, 153, 153
L 881, -513, 5, 946, -448, 5, 153, 153, 153
L 946, -448, 5, 946, -361, 5, 153, 153, 153
L 946, -361, 5, 962, -361, 4, 153, 153, 153
L 962, -361, 4, 962, -447, 4, 153, 153, 153
L 962, -447, 4, 1026, -447, 4, 153, 153, 153
L 1026, -447, 4, 1026, -361, 4, 153, 153, 153
L 1026, -361, 4, 1032, -357, 4, 153, 153, 153
L 1032, -357, 4, 1043, -365, 4, 153, 153, 153
L 1043, -365, 4, 1042, -447, 4, 153, 153, 153
L 1042, -447, 4, 1440, -447, 4, 153, 153, 153
L 1440, -447, 4, 1440, -362, 4, 153, 153, 153
L 1440, -362, 4, 1451, -357, 4, 153, 153, 153
L 1451, -357, 4, 1457, -358, 4, 153, 153, 153
L 1457, -358, 4, 1456, -439, 4, 153, 153, 153
L 1456, -439, 4, 1685, -214, 4, 153, 153, 153
L 1685, -214, 4, 1614, -206, 4, 153, 153, 153
L 1614, -206, 4, 1608, -191, 4, 153, 153, 153
L 1608, -191, 4, 1920, -189, 4, 153, 153, 153
L 1920, -189, 4, 1920, -65, 4, 153, 153, 153
L 1920, -65, 4, 1837, -64, 4, 153, 153, 153
L 1837, -64, 4, 1813, -40, 4, 153, 153, 153
L 1813, -40, 4, 1777, -38, 4, 153, 153, 153
L 1777, -38, 4, 1776, -14, 4, 153, 153, 153
L 1776, -14, 4, 1695, 0, 4, 153, 153, 153
L 1695, 0, 4, 1789, 0, 33, 153, 153, 153
L 1789, 0, 33, 1792, -24, 33, 153, 153, 153
L 1792, -24, 33, 1810, -24, 33, 153, 153, 153
L 1810, -24, 33, 1809, -2, 33, 153, 153, 153
L 1809, -2, 33, 1821, 3, 33, 153, 153, 153
L 1821, 3, 33, 1825, 3, 33, 153, 153, 153
L 1825, 3, 33, 1823, -24, 33, 153, 153, 153
L 1823, -24, 33, 1826, -38, 33, 153, 153, 153
L 1826, -38, 33, 1837, -49, 33, 153, 153, 153
L 1837, -49, 33, 1851, -52, 33, 153, 153, 153
L 1851, -52, 33, 2015, -53, 33, 153, 153, 153
L 2015, -53, 33, 2016, -63, 33, 153, 153, 153
L 2016, -63, 33, 1973, -68, 33, 153, 153, 153
L 1973, -68, 33, 1973, -114, 33, 153, 153, 153
L 1973, -114, 33, 1962, -116, 33, 153, 153, 153
L 1962, -116, 33, 1960, -68, 33, 153, 153, 153
L 1960, -68, 33, 1934, -68, 35, 153, 153, 153
L 1934, -68, 35, 1934, -180, 35, 153, 153, 153
L 1934, -180, 35, 1960, -180, 33, 153, 153, 153
L 1960, -180, 33, 1959, -136, 33, 153, 153, 153
L 1959, -136, 33, 1970, -132, 33, 153, 153, 153
L 1970, -132, 33, 1973, -180, 33, 153, 153, 153
L 1973, -180, 33, 2075, -180, 33, 153, 153, 153
L 2075, -180, 33, 2074, -138, 33, 153, 153, 153
L 2074, -138, 33, 2088, -132, 33, 153, 153, 153
L 2088, -132, 33, 2089, -180, 35, 153, 153, 153
L 2089, -180, 35, 2128, -180, 35, 153, 153, 153
L 2128, -180, 35, 2128, -68, 35, 153, 153, 153
L 2128, -68, 35, 2089, -68, 35, 153, 153, 153
L 2089, -68, 35, 2089, -111, 33, 153, 153, 153
L 2089, -111, 33, 2082, -116, 33, 153, 153, 153
L 2082, -116, 33, 2074, -116, 33, 153, 153, 153
L 2074, -116, 33, 2075, -68, 33, 153, 153, 153
L 2075, -68, 33, 2037, -69, 33, 153, 153, 153
L 2037, -69, 33, 2032, -52, 33, 153, 153, 153
L 2032, -52, 33, 2101, -52, 33, 153, 153, 153
L 2101, -52, 33, 2110, -45, 33, 153, 153, 153
L 2110, -45, 33, 2111, -8, 33, 153, 153, 153
L 2111, -8, 33, 2073, -2, 33, 153, 153, 153
L 2073, -2, 33, 2072, 5, 34, 153, 153, 153
L 2072, 5, 34, 2114, 4, 54, 153, 153, 153
L 2114, 4, 54, 2117, -6, 59, 153, 153, 153
L 2117, -6, 59, 2116, -52, 80, 153, 153, 153
L 2116, -52, 80, 1956, -60, 80, 153, 153, 153
L 1956, -60, 80, 1949, -82, 76, 153, 153, 153
L 1949, -82, 76, 1966, -82, 76, 153, 153, 153
L 1966, -82, 76, 1966, -95, 76, 153, 153, 153
L 1966, -95, 76, 1949, -95, 80, 153, 153, 153
L 1949, -95, 80, 1949, -164, 76, 153, 153, 153
L 1949, -164, 76, 1988, -164, 76, 153, 153, 153
L 1988, -164, 76, 1988, -95, 80, 153, 153, 153
L 1988, -95, 80, 1978, -96, 76, 153, 153, 153
L 1978, -96, 76, 1978, -82, 76, 153, 153, 153
L 1978, -82, 76, 2017, -81, 76, 153, 153, 153
L 2017, -81, 76, 2017, -96, 76, 153, 153, 153
L 2017, -96, 76, 2000, -95, 81, 153, 153, 153
L 2000, -95, 81, 2000, -164, 76, 153, 153, 153
L 2000, -164, 76, 2043, -164, 76, 153, 153, 153
L 2043, -164, 76, 2043, -95, 81, 153, 153, 153
L 2043, -95, 81, 2029, -96, 76, 153, 153, 153
L 2029, -96, 76, 2029, -81, 76, 153, 153, 153
L 2029, -81, 76, 2069, -81, 76, 153, 153, 153
L 2069, -81, 76, 2067, -95, 76, 153, 153, 153
L 2067, -95, 76, 2055, -95, 81, 153, 153, 153
L 2055, -95, 81, 2055, -164, 76, 153, 153, 153
L 2055, -164, 76, 2128, -164, 76, 153, 153, 153
L 2128, -164, 76, 2128, -95, 76, 153, 153, 153
L 2128, -95, 76, 2083, -95, 76, 153, 153, 153
L 2083, -95, 76, 2078, -79, 76, 153, 153, 153
L 2078, -79, 76, 2149, -82, 76, 153, 153, 153
L 2149, -82, 76, 2149, 101, 76, 153, 153, 153
L 2149, 101, 76, 2082, 100, 76, 153, 153, 153
L 2082, 100, 76, 2081, 115, 76, 153, 153, 153
L 2081, 115, 76, 2129, 114, 76, 153, 153, 153
L 2129, 114, 76, 2129, 183, 76, 153, 153, 153
L 2129, 183, 76, 2060, 183, 76, 153, 153, 153
L 2060, 183, 76, 2060, 114, 80, 153, 153, 153
L 2060, 114, 80, 2069, 115, 76, 153, 153, 153
L 2069, 115, 76, 2068, 100, 76, 153, 153, 153
L 2068, 100, 76, 2031, 100, 76, 153, 153, 153
L 2031, 100, 76, 2029, 114, 76, 153, 153, 153
L 2029, 114, 76, 2048, 114, 78, 153, 153, 153
L 2048, 114, 78, 2048, 183, 76, 153, 153, 153
L 2048, 183, 76, 2005, 183, 76, 153, 153, 153
L 2005, 183, 76, 2005, 114, 76, 153, 153, 153
L 2005, 114, 76, 2018, 115, 76, 153, 153, 153
L 2018, 115, 76, 2018, 100, 76, 153, 153, 153
L 2018, 100, 76, 1980, 100, 76, 153, 153, 153
L 1980, 100, 76, 1979, 115, 76, 153, 153, 153
L 1979, 115, 76, 1993, 114, 85, 153, 153, 153
L 1993, 114, 85, 1993, 183, 76, 153, 153, 153
L 1993, 183, 76, 1949, 183, 76, 153, 153, 153
L 1949, 183, 76, 1949, 114, 76, 153, 153, 153
L 1949, 114, 76, 1968, 115, 76, 153, 153, 153
L 1968, 115, 76, 1969, 101, 76, 153, 153, 153
L 1969, 101, 76, 1949, 101, 76, 153, 153, 153
L 1949, 101, 76, 1949, 86, 76, 153, 153, 153
L 1949, 86, 76, 1956, 81, 79, 153, 153, 153
L 1956, 81, 79, 2116, 79, 80, 153, 153, 153
L 2116, 79, 80, 2117, 17, 56, 153, 153, 153
L 2117, 17, 56, 2066, 17, 33, 153, 153, 153
L 2066, 17, 33, 2072, 22, 33, 153, 153, 153
L 2072, 22, 33, 2106, 22, 33, 153, 153, 153
L 2106, 22, 33, 2111, 27, 33, 153, 153, 153
L 2111, 27, 33, 2110, 63, 33, 153, 153, 153
L 2110, 63, 33, 2101, 71, 33, 153, 153, 153
L 2101, 71, 33, 2035, 70, 33, 153, 153, 153
L 2035, 70, 33, 2034, 87, 33, 153, 153, 153
L 2034, 87, 33, 2075, 87, 33, 153, 153, 153
L 2075, 87, 33, 2075, 133, 33, 153, 153, 153
L 2075, 133, 33, 2086, 135, 33, 153, 153, 153
L 2086, 135, 33, 2089, 87, 35, 153, 153, 153
L 2089, 87, 35, 2128, 87, 36, 153, 153, 153
L 2128, 87, 36, 2128, 199, 35, 153, 153, 153
L 2128, 199, 35, 2089, 199, 35, 153, 153, 153
L 2089, 199, 35, 2089, 155, 33, 153, 153, 153
L 2089, 155, 33, 2078, 151, 33, 153, 153, 153
L 2078, 151, 33, 2075, 199, 33, 153, 153, 153
L 2075, 199, 33, 1973, 199, 33, 153, 153, 153
L 1973, 199, 33, 1974, 154, 33, 153, 153, 153
L 1974, 154, 33, 1973, 151, 33, 153, 153, 153
L 1973, 151, 33, 1962, 152, 33, 153, 153, 153
L 1962, 152, 33, 1960, 199, 33, 153, 153, 153
L 1960, 199, 33, 1934, 199, 35, 153, 153, 153
L 1934, 199, 35, 1934, 87, 35, 153, 153, 153
L 1934, 87, 35, 1960, 87, 33, 153, 153, 153
L 1960, 87, 33, 1959, 128, 33, 153, 153, 153
L 1959, 128, 33, 1973, 132, 33, 153, 153, 153
L 1973, 132, 33, 1973, 87, 33, 153, 153, 153
L 1973, 87, 33, 2011, 88, 33, 153, 153, 153
L 2011, 88, 33, 2011, 70, 33, 153, 153, 153
L 2011, 70, 33, 1851, 71, 33, 153, 153, 153
L 1851, 71, 33, 1837, 68, 33, 153, 153, 153
L 1837, 68, 33, 1826, 57, 33, 153, 153, 153
L 1826, 57, 33, 1823, 43, 33, 153, 153, 153
L 1823, 43, 33, 1824, 22, 33, 153, 153, 153
L 1824, 22, 33, 1810, 19, 33, 153, 153, 153
L 1810, 19, 33, 1810, 43, 33, 153, 153, 153
L 1810, 43, 33, 1792, 43, 33, 153, 153, 153
L 1792, 43, 33, 1792, 21, 33, 153, 153, 153
L 1792, 21, 33, 1697, 17, 4, 153, 153, 153
L 1697, 17, 4, 1695, 31, 4, 153, 153, 153
L 1695, 31, 4, 1776, 33, 4, 153, 153, 153
L 1776, 33, 4, 1776, 56, 4, 153, 153, 153
L 1776, 56, 4, 1813, 59, 4, 153, 153, 153
L 1813, 59, 4, 1837, 83, 4, 153, 153, 153
L 1837, 83, 4, 1920, 84, 4, 153, 153, 153
L 1920, 84, 4, 1920, 209, 4, 153, 153, 153
L 1920, 209, 4, 1700, 209, 4, 153, 153, 153
L 1700, 209, 4, 1612, 210, 4, 153, 153, 153
L 1612, 210, 4, 1608, 224, 4, 153, 153, 153
L 1608, 224, 4, 1697, 226, 5, 153, 153, 153
L 1697, 226, 5, 1698, 398, 5, 153, 153, 153
L 1698, 398, 5, 1809, 398, 5, 153, 153, 153
L 1809, 398, 5, 1809, 586, 5, 153, 153, 153
L 1809, 586, 5, 1669, 726, 5, 153, 153, 153
L 1669, 726, 5, 1635, 759, 5, 153, 153, 153
L 1635, 759, 5, 1432, 761, 5, 153, 153, 153
L 1432, 761, 5, 1315, 648, 5, 153, 153, 153
L 1315, 648, 5, 1253, 584, 5, 153, 153, 153
L 1253, 584, 5, 1252, 427, 5, 153, 153, 153
L 1252, 427, 5, 1305, 370, 5, 153, 153, 153
L 1305, 370, 5, 1392, 369, 5, 153, 153, 153
L 1392, 369, 5, 1452, 309, 5, 153, 153, 153
L 1452, 309, 5, 1455, 225, 5, 153, 153, 153
L 1455, 225, 5, 1589, 225, 4, 153, 153, 153
L 1589, 225, 4, 1588, 211, 4, 153, 153, 153
L 1588, 211, 4, 1454, 211, 4, 153, 153, 153
L 1454, 211, 4, 1455, -192, 4, 153, 153, 153
L 1455, -192, 4, 1590, -192, 4, 153, 153, 153
L 1590, -192, 4, 1590, -204, 4, 153, 153, 153
L 1590, -204, 4, 1455, -204, 4, 153, 153, 153
L 1455, -204, 4, 1455, -339, 4, 153, 153, 153
L 1455, -339, 4, 1440, -337, 4, 153, 153, 153
L 1440, -337, 4, 1441, -204, 4, 153, 153, 153
L 1441, -204, 4, 1041, -204, 4, 153, 153, 153
L 1041, -204, 4, 1041, -339, 4, 153, 153, 153
L 1041, -339, 4, 1027, -339, 4, 153, 153, 153
L 1027, -339, 4, 1028, -205, 4, 153, 153, 153
L 1028, -205, 4, 1002, -203, 4, 153, 153, 153
L 984, -205, 40, 984, -205, 4, 153, 153, 153
L 984, -205, 4, 963, -204, 4, 153, 153, 153
L 963, -204, 4, 619, -204, 4, 153, 153, 153
L 619, -204, 4, 620, 80, 4, 153, 153, 153
L 620, 80, 4, 711, 81, 4, 153, 153, 153
L 711, 81, 4, 711, 461, 4, 153, 153, 153
L 711, 461, 4, 431, 465, 4, 153, 153, 153
L 431, 465, 4, 432, 507, 4, 153, 153, 153
L 432, 507, 4, 404, 536, 4, 153, 153, 153
L 404, 536, 4, 377, 565, 4, 153, 153, 153
L 377, 565, 4, 325, 567, 4, 153, 153, 153
L 325, 567, 4, 326, 997, 4, 153, 153, 153
L 326, 997, 4, 270, 1056, 4, 153, 153, 153
L 270, 1056, 4, -68, 1058, 4, 153, 153, 153
L -68, 1058, 4, -104, 1026, 4, 153, 153, 153
L -104, 1026, 4, -127, 1000, 4, 153, 153, 153
L -127, 1000, 4, -129, 566, 4, 153, 153, 153
L -129, 566, 4, -236, 567, 6, 153, 153, 153
L -236, 567, 6, -236, 480, 6, 153, 153, 153
L -236, 480, 6, -209, 453, 6, 153, 153, 153
L -209, 453, 6, 235, 449, 6, 153, 153, 153
L 235, 449, 6, 284, 432, 6, 153, 153, 153
L 284, 432, 6, 344, 397, 6, 153, 153, 153
L 344, 397, 6, 451, 286, 6, 153, 153, 153
L 451, 286, 6, 506, 195, 6, 153, 153, 153
L 506, 195, 6, 531, 113, 6, 153, 153, 153
L 531, 113, 6, 533, 24, 6, 153, 153, 153
L 533, 24, 6, 497, 21, 6, 153, 153, 153
L 497, 21, 6, 495, 108, 6, 153, 153, 153
L 495, 108, 6, 470, 190, 6, 153, 153, 153
L 470, 190, 6, 422, 273, 6, 153, 153, 153
L 422, 273, 6, 339, 362, 6, 153, 153, 153
L 339, 362, 6, 289, 393, 6, 153, 153, 153
L 289, 393, 6, 239, 410, 6, 153, 153, 153
L 239, 410, 6, 193, 415, 6, 153, 153, 153
L 193, 415, 6, -212, 416, 6, 153, 153, 153
L 47, 415, 6, 47, 415, 6, 153, 153, 153
L 8, 415, 6, 8, 415, 6, 153, 153, 153
L -212, 416, 6, -272, 476, 6, 153, 153, 153
L -272, 476, 6, -274, 567, 6, 153, 153, 153
L -274, 567, 6, -361, 565, 4, 153, 153, 153
L -361, 565, 4, -361, 383, 4, 153, 153, 153
L -361, 383, 4, -279, 377, 4, 153, 153, 153
L -279, 377, 4, -280, 362, 4, 153, 153, 153
L -280, 362, 4, -286, 357, 4, 153, 153, 153
L -286, 357, 4, -286, 326, 4, 153, 153, 153
L -286, 326, 4, -49, 321, 4, 153, 153, 153
L -49, 321, 4, -47, 327, 4, 153, 153, 153
L -47, 327, 4, 44, 326, 4, 153, 153, 153
L 44, 326, 4, 44, 359, 4, 153, 153, 153
L 44, 359, 4, 38, 363, 4, 153, 153, 153
L 38, 363, 4, 37, 377, 4, 153, 153, 153
L 37, 377, 4, 43, 383, 4, 153, 153, 153
L 43, 383, 4, 52, 379, 4, 153, 153, 153
L 52, 379, 4, 110, 379, 4, 153, 153, 153
L 110, 379, 4, 111, 382, 4, 153, 153, 153
L 111, 382, 4, 126, 375, 4, 153, 153, 153
L 126, 375, 4, 118, 359, 4, 153, 153, 153
L 118, 359, 4, 118, 326, 4, 153, 153, 153
L 118, 326, 4, 122, 324, 4, 153, 153, 153
L 122, 324, 4, 125, 321, 4, 153, 153, 153
L 125, 321, 4, 126, 315, 4, 153, 153, 153
L 126, 315, 4, 126, 309, 4, 153, 153, 153
L 126, 309, 4, 120, 302, 4, 153, 153, 153
L 120, 302, 4, 118, 302, 4, 153, 153, 153
L 118, 302, 4, 118, 295, 4, 153, 153, 153
L 118, 295, 4, 119, 294, 4, 153, 153, 153
L 119, 294, 4, 120, 290, 4, 153, 153, 153
L 120, 290, 4, 120, 282, 4, 153, 153, 153
L 120, 282, 4, 113, 278, 4, 153, 153, 153
L 113, 278, 4, 113, 134, 4, 153, 153, 153
L 113, 134, 4, 117, 133, 4, 153, 153, 153
L 117, 133, 4, 120, 120, 4, 153, 153, 153
L 120, 120, 4, 118, 115, 4, 153, 153, 153
L 118, 115, 4, 121, 114, 4, 153, 153, 153
L 121, 114, 4, 125, 110, 4, 153, 153, 153
L 125, 110, 4, 126, 105, 4, 153, 153, 153
L 126, 105, 4, 126, 98, 4, 153, 153, 153
L 126, 98, 4, 125, 95, 4, 153, 153, 153
L 125, 95, 4, 122, 93, 4, 153, 153, 153
L 122, 93, 4, 118, 91, 4, 153, 153, 153
L 118, 91, 4, 118, 88, 4, 153, 153, 153
L 118, 88, 4, 120, 80, 4, 153, 153, 153
L 120, 80, 4, 120, 79, 4, 153, 153, 153
L 120, 79, 4, 110, 71, 4, 153, 153, 153
L 110, 71, 4, 112, 32, 4, 153, 153, 153
L 112, 32, 4, 91, 31, 5, 153, 153, 153
L 91, 31, 5, 93, 65, 5, 153, 153, 153
L 93, 65, 5, 86, 67, 5, 153, 153, 153
L 86, 67, 5, -72, 70, 5, 153, 153, 153
L -72, 70, 5, -67, 83, 5, 153, 153, 153
L -67, 83, 5, -67, 120, 5, 153, 153, 153
L -67, 120, 5, -50, 120, 5, 153, 153, 153
L -50, 120, 5, -51, 83, 5, 153, 153, 153
L -51, 83, 5, 5, 83, 10, 153, 153, 153
L 5, 83, 10, 5, 165, 9, 153, 153, 153
L 5, 165, 9, -51, 165, 5, 153, 153, 153
L -51, 165, 5, -50, 131, 5, 153, 153, 153
L -50, 131, 5, -68, 129, 5, 153, 153, 153
L -68, 129, 5, -66, 187, 5, 153, 153, 153
L -66, 187, 5, -53, 188, 5, 153, 153, 153
L -53, 188, 5, -51, 181, 9, 153, 153, 153
L -51, 181, 9, 69, 181, 5, 153, 153, 153
L 69, 181, 5, 73, 132, 5, 153, 153, 153
L 73, 132, 5, 56, 131, 5, 153, 153, 153
L 56, 131, 5, 57, 165, 9, 153, 153, 153
L 57, 165, 9, 21, 165, 5, 153, 153, 153
L 21, 165, 5, 21, 83, 5, 153, 153, 153
L 21, 83, 5, 57, 83, 5, 153, 153, 153
L 57, 83, 5, 56, 118, 5, 153, 153, 153
L 56, 118, 5, 74, 119, 5, 153, 153, 153
L 74, 119, 5, 73, 83, 5, 153, 153, 153
L 73, 83, 5, 93, 83, 6, 153, 153, 153
L 93, 83, 6, 93, 305, 5, 153, 153, 153
L 93, 305, 5, 73, 305, 8, 153, 153, 153
L 73, 305, 8, 74, 271, 5, 153, 153, 153
L 74, 271, 5, 56, 268, 5, 153, 153, 153
L 56, 268, 5, 57, 305, 5, 153, 153, 153
L 57, 305, 5, 21, 305, 5, 153, 153, 153
L 21, 305, 5, 21, 223, 5, 153, 153, 153
L 21, 223, 5, 57, 223, 5, 153, 153, 153
L 57, 223, 5, 56, 257, 5, 153, 153, 153
L 56, 257, 5, 74, 259, 5, 153, 153, 153
L 74, 259, 5, 73, 212, 5, 153, 153, 153
L 73, 212, 5, 72, 209, 5, 153, 153, 153
L 72, 209, 5, -51, 207, 9, 153, 153, 153
L -51, 207, 9, -52, 201, 5, 153, 153, 153
L -52, 201, 5, -67, 203, 5, 153, 153, 153
L -67, 203, 5, -68, 258, 5, 153, 153, 153
L -68, 258, 5, -50, 258, 5, 153, 153, 153
L -50, 258, 5, -51, 223, 5, 153, 153, 153
L -51, 223, 5, 5, 223, 9, 153, 153, 153
L 5, 223, 9, 5, 305, 9, 153, 153, 153
L 5, 305, 9, -51, 305, 5, 153, 153, 153
L -51, 305, 5, -50, 270, 5, 153, 153, 153
L -50, 270, 5, -68, 269, 5, 153, 153, 153
L -68, 269, 5, -67, 305, 10, 153, 153, 153
L -67, 305, 10, -102, 305, 5, 153, 153, 153
L -102, 305, 5, -101, 270, 5, 153, 153, 153
L -101, 270, 5, -119, 269, 5, 153, 153, 153
L -119, 269, 5, -118, 305, 5, 153, 153, 153
L -118, 305, 5, -175, 305, 5, 153, 153, 153
L -175, 305, 5, -175, 223, 5, 153, 153, 153
L -175, 223, 5, -118, 223, 5, 153, 153, 153
L -118, 223, 5, -119, 258, 5, 153, 153, 153
L -119, 258, 5, -101, 258, 5, 153, 153, 153
L -101, 258, 5, -103, 202, 5, 153, 153, 153
L -103, 202, 5, -115, 200, 5, 153, 153, 153
L -115, 200, 5, -118, 207, 5, 153, 153, 153
L -118, 207, 5, -263, 209, 5, 153, 153, 153
L -263, 209, 5, -264, 256, 5, 153, 153, 153
L -264, 256, 5, -247, 257, 5, 153, 153, 153
L -247, 257, 5, -248, 223, 5, 153, 153, 153
L -248, 223, 5, -191, 223, 5, 153, 153, 153
L -191, 223, 5, -191, 305, 5, 153, 153, 153
L -191, 305, 5, -248, 305, 5, 153, 153, 153
L -248, 305, 5, -247, 270, 5, 153, 153, 153
L -247, 270, 5, -265, 269, 5, 153, 153, 153
L -265, 269, 5, -264, 305, 9, 153, 153, 153
L -264, 305, 9, -281, 305, 8, 153, 153, 153
L -281, 305, 8, -281, 83, 10, 153, 153, 153
L -281, 83, 10, -264, 83, 9, 153, 153, 153
L -264, 83, 9, -265, 119, 5, 153, 153, 153
L -265, 119, 5, -247, 119, 5, 153, 153, 153
L -247, 119, 5, -248, 83, 8, 153, 153, 153
L -248, 83, 8, -191, 83, 9, 153, 153, 153
L -191, 83, 9, -191, 165, 5, 153, 153, 153
L -191, 165, 5, -248, 165, 5, 153, 153, 153
L -248, 165, 5, -247, 131, 5, 153, 153, 153
L -247, 131, 5, -265, 131, 5, 153, 153, 153
L -265, 131, 5, -264, 177, 5, 153, 153, 153
L -264, 177, 5, -199, 181, 5, 153, 153, 153
L -199, 181, 5, -118, 181, 5, 153, 153, 153
L -118, 181, 5, -115, 189, 5, 153, 153, 153
L -115, 189, 5, -104, 188, 5, 153, 153, 153
L -104, 188, 5, -102, 133, 5, 153, 153, 153
L -102, 133, 5, -119, 131, 5, 153, 153, 153
L -119, 131, 5, -118, 165, 9, 153, 153, 153
L -118, 165, 9, -175, 165, 5, 153, 153, 153
L -175, 165, 5, -175, 83, 5, 153, 153, 153
L -175, 83, 5, -118, 83, 8, 153, 153, 153
L -118, 83, 8, -119, 118, 5, 153, 153, 153
L -119, 118, 5, -100, 118, 5, 153, 153, 153
L -100, 118, 5, -102, 67, 5, 153, 153, 153
L -102, 67, 5, -256, 67, 5, 153, 153, 153
L -256, 67, 5, -255, 16, 7, 153, 153, 153
L -255, 16, 7, -180, 16, 7, 153, 153, 153
L -180, 16, 7, -180, 7, 6, 153, 153, 153
L -180, 7, 6, -267, 7, 45, 153, 153, 153
L -267, 7, 45, -270, 76, 76, 153, 153, 153
L -270, 76, 76, 86, 75, 77, 153, 153, 153
L 86, 75, 77, 93, 95, 71, 153, 153, 153
L 93, 95, 71, -269, 96, 71, 153, 153, 153
L -269, 96, 71, -271, 195, 71, 153, 153, 153
L -271, 195, 71, -258, 197, 71, 153, 153, 153
L -258, 197, 71, -256, 188, 71, 153, 153, 153
L -256, 188, 71, -189, 187, 71, 153, 153, 153
L -189, 187, 71, -187, 175, 71, 153, 153, 153
L -187, 175, 71, -196, 172, 71, 153, 153, 153
L -196, 172, 71, -196, 148, 71, 153, 153, 153
L -196, 148, 71, -210, 146, 71, 153, 153, 153
L -210, 146, 71, -209, 170, 71, 153, 153, 153
L -209, 170, 71, -256, 172, 75, 153, 153, 153
L -256, 172, 75, -256, 108, 72, 153, 153, 153
L -256, 108, 72, -209, 108, 76, 153, 153, 153
L -209, 108, 76, -210, 134, 71, 153, 153, 153
L -210, 134, 71, -195, 135, 71, 153, 153, 153
L -195, 135, 71, -196, 108, 71, 153, 153, 153
L -196, 108, 71, -166, 108, 71, 153, 153, 153
L -166, 108, 71, -167, 134, 71, 153, 153, 153
L -167, 134, 71, -152, 134, 71, 153, 153, 153
L -152, 134, 71, -153, 108, 75, 153, 153, 153
L -153, 108, 75, -121, 108, 75, 153, 153, 153
L -121, 108, 75, -121, 172, 76, 153, 153, 153
L -121, 172, 76, -153, 172, 75, 153, 153, 153
L -153, 172, 75, -152, 145, 71, 153, 153, 153
L -152, 145, 71, -167, 144, 71, 153, 153, 153
L -167, 144, 71, -166, 172, 71, 153, 153, 153
L -166, 172, 71, -175, 174, 71, 153, 153, 153
L -175, 174, 71, -173, 190, 71, 153, 153, 153
L -173, 190, 71, -121, 188, 76, 153, 153, 153
L -121, 188, 76, -119, 197, 71, 153, 153, 153
L -119, 197, 71, -108, 194, 71, 153, 153, 153
L -108, 194, 71, -108, 132, 71, 153, 153, 153
L -108, 132, 71, -102, 126, 71, 153, 153, 153
L -102, 126, 71, 87, 126, 71, 153, 153, 153
L 87, 126, 71, 92, 132, 71, 153, 153, 153
L 92, 132, 71, 92, 273, 71, 153, 153, 153
L 92, 273, 71, 87, 279, 71, 153, 153, 153
L 87, 279, 71, -102, 279, 71, 153, 153, 153
L -102, 279, 71, -108, 273, 71, 153, 153, 153
L -108, 273, 71, -108, 212, 71, 153, 153, 153
L -108, 212, 71, -120, 210, 71, 153, 153, 153
L -120, 210, 71, -121, 218, 71, 153, 153, 153
L -121, 218, 71, -173, 219, 71, 153, 153, 153
L -173, 219, 71, -175, 233, 71, 153, 153, 153
L -175, 233, 71, -166, 234, 71, 153, 153, 153
L -166, 234, 71, -167, 265, 71, 153, 153, 153
L -167, 265, 71, -152, 265, 71, 153, 153, 153
L -152, 265, 71, -153, 234, 76, 153, 153, 153
L -153, 234, 76, -121, 234, 76, 153, 153, 153
L -121, 234, 76, -121, 305, 75, 153, 153, 153
L -121, 305, 75, -153, 305, 79, 153, 153, 153
L -153, 305, 79, -153, 305, 75, 153, 153, 153
L -153, 305, 75, -152, 275, 71, 153, 153, 153
L -152, 275, 71, -167, 275, 71, 153, 153, 153
L -167, 275, 71, -166, 305, 76, 153, 153, 153
L -166, 305, 76, -196, 305, 75, 153, 153, 153
L -196, 305, 75, -195, 275, 71, 153, 153, 153
L -195, 275, 71, -210, 275, 71, 153, 153, 153
L -210, 275, 71, -209, 305, 75, 153, 153, 153
L -209, 305, 75, -256, 305, 75, 153, 153, 153
L -256, 305, 75, -256, 234, 75, 153, 153, 153
L -256, 234, 75, -209, 234, 74, 153, 153, 153
L -209, 234, 74, -210, 264, 71, 153, 153, 153
L -210, 264, 71, -195, 264, 71, 153, 153, 153
L -195, 264, 71, -196, 234, 75, 153, 153, 153
L -196, 234, 75, -188, 233, 71, 153, 153, 153
L -188, 233, 71, -189, 219, 71, 153, 153, 153
L -189, 219, 71, -256, 218, 71, 153, 153, 153
L -256, 218, 71, -257, 211, 71, 153, 153, 153
L -257, 211, 71, -270, 210, 71, 153, 153, 153
L -270, 210, 71, -271, 305, 75, 153, 153, 153
L -271, 305, 75, -281, 305, 76, 153, 153, 153
L -281, 305, 76, -281, 73, 75, 153, 153, 153
L -281, 73, 75, -281, 53, 68, 153, 153, 153
L -281, 53, 68, -281, 14, 49, 153, 153, 153
L -281, 14, 49, -281, -23, 51, 153, 153, 153
L -281, -23, 51, -281, -63, 71, 153, 153, 153
L -281, -63, 71, -281, -215, 71, 153, 153, 153
L -281, -101, 71, -281, -101, 71, 153, 153, 153
L -281, -177, 71, -281, -177, 71, 153, 153, 153
L -281, -215, 71, -281, -303, 75, 153, 153, 153
L -281, -303, 75, -271, -306, 75, 153, 153, 153
L -271, -306, 75, -271, -214, 71, 153, 153, 153
L -271, -214, 71, -257, -212, 71, 153, 153, 153
L -257, -212, 71, -256, -219, 71, 153, 153, 153
L -256, -219, 71, -189, -220, 71, 153, 153, 153
L -189, -220, 71, -187, -233, 71, 153, 153, 153
L -187, -233, 71, -196, -235, 71, 153, 153, 153
L -196, -235, 71, -195, -264, 71, 153, 153, 153
L -195, -264, 71, -210, -264, 71, 153, 153, 153
L -210, -264, 71, -209, -235, 71, 153, 153, 153
L -209, -235, 71, -256, -235, 74, 153, 153, 153
L -256, -235, 74, -256, -306, 75, 153, 153, 153
L -256, -306, 75, -209, -306, 71, 153, 153, 153
L -209, -306, 71, -210, -276, 71, 153, 153, 153
L -210, -276, 71, -195, -276, 71, 153, 153, 153
L -195, -276, 71, -196, -306, 71, 153, 153, 153
L -196, -306, 71, -166, -306, 71, 153, 153, 153
L -166, -306, 71, -167, -277, 71, 153, 153, 153
L -167, -277, 71, -152, -277, 71, 153, 153, 153
L -152, -277, 71, -153, -306, 76, 153, 153, 153
L -153, -306, 76, -121, -306, 75, 153, 153, 153
L -121, -306, 75, -121, -235, 75, 153, 153, 153
L -121, -235, 75, -153, -235, 78, 153, 153, 153
L -153, -235, 78, -152, -264, 71, 153, 153, 153
L -152, -264, 71, -167, -265, 71, 153, 153, 153
L -167, -265, 71, -166, -235, 71, 153, 153, 153
L -166, -235, 71, -175, -233, 71, 153, 153, 153
L -175, -233, 71, -173, -220, 71, 153, 153, 153
L -173, -220, 71, -121, -219, 71, 153, 153, 153
L -121, -219, 71, -118, -210, 71, 153, 153, 153
L -118, -210, 71, -109, -211, 71, 153, 153, 153
L -109, -211, 71, -108, -274, 71, 153, 153, 153
L -108, -274, 71, -102, -280, 71, 153, 153, 153
L -102, -280, 71, 87, -280, 71, 153, 153, 153
L 87, -280, 71, 92, -274, 71, 153, 153, 153
L 92, -274, 71, 92, -133, 71, 153, 153, 153
L 92, -133, 71, 87, -127, 71, 153, 153, 153
L 87, -127, 71, -102, -127, 71, 153, 153, 153
L -102, -127, 71, -108, -133, 71, 153, 153, 153
L -108, -133, 71, -108, -195, 71, 153, 153, 153
L -108, -195, 71, -119, -198, 71, 153, 153, 153
L -119, -198, 71, -121, -189, 71, 153, 153, 153
L -121, -189, 71, -171, -189, 71, 153, 153, 153
L -171, -189, 71, -174, -174, 71, 153, 153, 153
L -174, -174, 71, -166, -173, 71, 153, 153, 153
L -166, -173, 71, -167, -147, 71, 153, 153, 153
L -167, -147, 71, -152, -147, 71, 153, 153, 153
L -152, -147, 71, -153, -173, 75, 153, 153, 153
L -153, -173, 75, -121, -173, 75, 153, 153, 153
L -121, -173, 75, -121, -109, 75, 153, 153, 153
L -121, -109, 75, -153, -109, 75, 153, 153, 153
L -153, -109, 75, -152, -135, 71, 153, 153, 153
L -152, -135, 71, -167, -135, 71, 153, 153, 153
L -167, -135, 71, -166, -109, 75, 153, 153, 153
L -166, -109, 75, -196, -109, 76, 153, 153, 153
L -196, -109, 76, -194, -133, 71, 153, 153, 153
L -194, -133, 71, -210, -135, 71, 153, 153, 153
L -210, -135, 71, -209, -109, 74, 153, 153, 153
L -209, -109, 74, -256, -109, 78, 153, 153, 153
L -256, -109, 78, -256, -173, 71, 153, 153, 153
L -256, -173, 71, -209, -173, 77, 153, 153, 153
L -209, -173, 77, -210, -145, 71, 153, 153, 153
L -210, -145, 71, -195, -146, 71, 153, 153, 153
L -195, -146, 71, -196, -173, 71, 153, 153, 153
L -196, -173, 71, -187, -175, 71, 153, 153, 153
L -187, -175, 71, -187, -188, 71, 153, 153, 153
L -187, -188, 71, -256, -189, 71, 153, 153, 153
L -256, -189, 71, -257, -197, 71, 153, 153, 153
L -257, -197, 71, -269, -198, 71, 153, 153, 153
L -269, -198, 71, -271, -100, 71, 153, 153, 153
L -271, -100, 71, 93, -96, 71, 153, 153, 153
L 93, -96, 71, 93, -84, 71, 153, 153, 153
L 93, -84, 71, 86, -77, 77, 153, 153, 153
L 86, -77, 77, -270, -78, 76, 153, 153, 153
L -270, -78, 76, -269, -10, 46, 153, 153, 153
L -269, -10, 46, -176, -11, 7, 153, 153, 153
L -176, -11, 7, -180, -16, 7, 153, 153, 153
L -180, -16, 7, -255, -17, 7, 153, 153, 153
L -255, -17, 7, -256, -22, 5, 153, 153, 153
L -256, -22, 5, -256, -68, 5, 153, 153, 153
L -256, -68, 5, -101, -68, 5, 153, 153, 153
L -101, -68, 5, -100, -84, 5, 153, 153, 153
L -100, -84, 5, -102, -84, 5, 153, 153, 153
L -102, -84, 5, -101, -119, 5, 153, 153, 153
L -101, -119, 5, -119, -119, 5, 153, 153, 153
L -119, -119, 5, -118, -84, 5, 153, 153, 153
L -118, -84, 5, -175, -84, 5, 153, 153, 153
L -175, -84, 5, -175, -166, 5, 153, 153, 153
L -175, -166, 5, -118, -166, 5, 153, 153, 153
L -118, -166, 5, -119, -131, 5, 153, 153, 153
L -119, -131, 5, -101, -132, 5, 153, 153, 153
L -101, -132, 5, -105, -190, 5, 153, 153, 153
L -105, -190, 5, -117, -187, 5, 153, 153, 153
L -117, -187, 5, -118, -182, 5, 153, 153, 153
L -118, -182, 5, -263, -180, 5, 153, 153, 153
L -263, -180, 5, -265, -132, 5, 153, 153, 153
L -265, -132, 5, -247, -131, 5, 153, 153, 153
L -247, -131, 5, -248, -166, 5, 153, 153, 153
L -248, -166, 5, -191, -166, 5, 153, 153, 153
L -191, -166, 5, -191, -84, 5, 153, 153, 153
L -191, -84, 5, -248, -84, 5, 153, 153, 153
L -248, -84, 5, -247, -120, 5, 153, 153, 153
L -247, -120, 5, -265, -119, 5, 153, 153, 153
L -265, -119, 5, -264, -84, 7, 153, 153, 153
L -264, -84, 7, -281, -84, 9, 153, 153, 153
L -281, -84, 9, -281, -96, 5, 153, 153, 153
L -281, -96, 5, -281, -306, 5, 153, 153, 153
L -281, -174, 5, -281, -174, 5, 153, 153, 153
L -281, -306, 5, -264, -306, 5, 153, 153, 153
L -264, -306, 5, -265, -270, 5, 153, 153, 153
L -265, -270, 5, -247, -271, 5, 153, 153, 153
L -247, -271, 5, -248, -306, 5, 153, 153, 153
L -248, -306, 5, -191, -306, 8, 153, 153, 153
L -191, -306, 8, -191, -224, 5, 153, 153, 153
L -191, -224, 5, -248, -224, 5, 153, 153, 153
L -248, -224, 5, -247, -258, 5, 153, 153, 153
L -247, -258, 5, -265, -259, 5, 153, 153, 153
L -265, -259, 5, -263, -210, 5, 153, 153, 153
L -263, -210, 5, -118, -208, 10, 153, 153, 153
L -118, -208, 10, -116, -201, 5, 153, 153, 153
L -116, -201, 5, -103, -203, 5, 153, 153, 153
L -103, -203, 5, -101, -259, 5, 153, 153, 153
L -101, -259, 5, -119, -258, 5, 153, 153, 153
L -119, -258, 5, -118, -224, 5, 153, 153, 153
L -118, -224, 5, -175, -224, 5, 153, 153, 153
L -175, -224, 5, -175, -306, 5, 153, 153, 153
L -175, -306, 5, -118, -306, 5, 153, 153, 153
L -118, -306, 5, -119, -270, 5, 153, 153, 153
L -119, -270, 5, -101, -270, 5, 153, 153, 153
L -101, -270, 5, -102, -306, 8, 153, 153, 153
L -102, -306, 8, -71, -305, 6, 153, 153, 153
L -71, -305, 6, -68, -271, 5, 153, 153, 153
L -68, -271, 5, -50, -271, 5, 153, 153, 153
L -50, -271, 5, -51, -306, 6, 153, 153, 153
L -51, -306, 6, -10, -306, 5, 153, 153, 153
L -10, -306, 5, 5, -224, 10, 153, 153, 153
L 5, -224, 10, 5, -306, 5, 153, 153, 153
L 5, -306, 5, -51, -306, 5, 153, 153, 153
L -51, -306, 5, 5, -306, 5, 153, 153, 153
L 5, -306, 5, 5, -224, 7, 153, 153, 153
L 5, -224, 7, -51, -224, 5, 153, 153, 153
L -51, -224, 5, -50, -259, 5, 153, 153, 153
L -50, -259, 5, -68, -258, 5, 153, 153, 153
L -68, -258, 5, -67, -204, 5, 153, 153, 153
L -67, -204, 5, -53, -201, 5, 153, 153, 153
L -53, -201, 5, -51, -208, 5, 153, 153, 153
L -51, -208, 5, 71, -209, 5, 153, 153, 153
L 71, -209, 5, 74, -259, 5, 153, 153, 153
L 74, -259, 5, 56, -259, 5, 153, 153, 153
L 56, -259, 5, 54, -232, 5, 153, 153, 153
L 54, -232, 5, 21, -224, 5, 153, 153, 153
L 21, -224, 5, 57, -224, 5, 153, 153, 153
L 57, -224, 5, 56, -258, 5, 153, 153, 153
L 56, -258, 5, 57, -224, 5, 153, 153, 153
L 57, -224, 5, 21, -224, 5, 153, 153, 153
L 21, -224, 5, 21, -306, 5, 153, 153, 153
L 21, -306, 5, 57, -306, 5, 153, 153, 153
L 57, -306, 5, 56, -269, 5, 153, 153, 153
L 56, -269, 5, 74, -271, 5, 153, 153, 153
L 74, -271, 5, 73, -306, 9, 153, 153, 153
L 73, -306, 9, 93, -306, 9, 153, 153, 153
L 93, -306, 9, 93, -84, 9, 153, 153, 153
L 93, -84, 9, 73, -84, 9, 153, 153, 153
L 73, -84, 9, 74, -120, 5, 153, 153, 153
L 74, -120, 5, 56, -119, 5, 153, 153, 153
L 56, -119, 5, 57, -84, 9, 153, 153, 153
L 57, -84, 9, 21, -84, 10, 153, 153, 153
L 21, -84, 10, 21, -166, 5, 153, 153, 153
L 21, -166, 5, 57, -166, 5, 153, 153, 153
L 57, -166, 5, 56, -131, 5, 153, 153, 153
L 56, -131, 5, 74, -131, 5, 153, 153, 153
L 74, -131, 5, 72, -180, 5, 153, 153, 153
L 72, -180, 5, -51, -182, 10, 153, 153, 153
L -51, -182, 10, -52, -188, 5, 153, 153, 153
L -52, -188, 5, -66, -188, 5, 153, 153, 153
L -66, -188, 5, -68, -131, 5, 153, 153, 153
L -68, -131, 5, -49, -131, 5, 153, 153, 153
L -49, -131, 5, -51, -166, 5, 153, 153, 153
L -51, -166, 5, 5, -166, 6, 153, 153, 153
L 5, -166, 6, 5, -84, 5, 153, 153, 153
L 5, -84, 5, -51, -84, 5, 153, 153, 153
L -51, -84, 5, -50, -120, 5, 153, 153, 153
L -50, -120, 5, -68, -120, 5, 153, 153, 153
L -68, -120, 5, -67, -84, 9, 153, 153, 153
L -67, -84, 9, -71, -82, 5, 153, 153, 153
L -71, -82, 5, -71, -70, 5, 153, 153, 153
L -71, -70, 5, 93, -66, 5, 153, 153, 153
L 93, -66, 5, 91, -32, 5, 153, 153, 153
L 91, -32, 5, 111, -31, 4, 153, 153, 153
L 111, -31, 4, 113, -136, 4, 153, 153, 153
L 113, -136, 4, 113, -280, 4, 153, 153, 153
L 113, -280, 4, 117, -281, 4, 153, 153, 153
L 117, -281, 4, 118, -297, 4, 153, 153, 153
L 118, -297, 4, 118, -302, 4, 153, 153, 153
L 118, -302, 4, 122, -303, 4, 153, 153, 153
L 122, -303, 4, 125, -307, 4, 153, 153, 153
L 125, -307, 4, 126, -311, 4, 153, 153, 153
L 126, -311, 4, 126, -318, 4, 153, 153, 153
L 126, -313, 4, 126, -313, 4, 153, 153, 153
L 126, -318, 4, 124, -322, 4, 153, 153, 153
L 124, -322, 4, 121, -325, 4, 153, 153, 153
L 121, -325, 4, 118, -359, 4, 153, 153, 153
L 118, -359, 4, 120, -359, 4, 153, 153, 153
L 120, -359, 4, 126, -365, 4, 153, 153, 153
L 126, -365, 4, 126, -374, 4, 153, 153, 153
L 126, -374, 4, 125, -379, 4, 153, 153, 153
L 125, -379, 4, 119, -383, 4, 153, 153, 153
L 119, -383, 4, 118, -383, 4, 153, 153, 153
L 118, -383, 4, 110, -380, 4, 153, 153, 153
L 110, -380, 4, 52, -380, 4, 153, 153, 153
L 52, -380, 4, 51, -382, 4, 153, 153, 153
L 51, -382, 4, 38, -379, 4, 153, 153, 153
L 38, -379, 4, 36, -374, 4, 153, 153, 153
L 36, -374, 4, 36, -373, 4, 153, 153, 153
L 36, -373, 4, 35, -370, 4, 153, 153, 153
L 35, -370, 4, 37, -365, 4, 153, 153, 153
L 37, -365, 4, 37, -364, 4, 153, 153, 153
L 37, -364, 4, 43, -359, 4, 153, 153, 153
L 43, -359, 4, 44, -326, 4, 153, 153, 153
L 44, -326, 4, -196, -321, 4, 153, 153, 153
L -196, -321, 4, -198, -327, 4, 153, 153, 153
L -198, -327, 4, -213, -326, 4, 153, 153, 153
L -213, -326, 4, -286, -326, 4, 153, 153, 153
L -286, -326, 4, -286, -359, 4, 153, 153, 153
L -286, -359, 4, -284, -359, 4, 153, 153, 153
L -284, -359, 4, -281, -362, 4, 153, 153, 153
L -281, -362, 4, -278, -367, 4, 153, 153, 153
L -278, -367, 4, -278, -375, 4, 153, 153, 153
L -278, -375, 4, -281, -381, 4, 153, 153, 153
L -281, -381, 4, -286, -383, 4, 153, 153, 153
L -286, -383, 4, -290, -384, 4, 153, 153, 153
L -290, -384, 4, -294, -380, 4, 153, 153, 153
L -294, -380, 4, -352, -380, 4, 153, 153, 153
L -352, -380, 4, -361, -382, 4, 153, 153, 153
L -361, -382, 4, -361, -690, 4, 153, 153, 153
L -361, -690, 4, -10, -690, 6, 153, 153, 153
L -10, -690, 6, -10, -484, 6, 153, 153, 153
L -10, -484, 6, -7, -473, 5, 153, 153, 153
L -7, -473, 5, 50, -418, 6, 153, 153, 153
L 50, -418, 6, 96, -416, 6, 153, 153, 153
L 96, -416, 6, 182, -416, 6, 153, 153, 153
L 182, -416, 6, 214, -414, 6, 153, 153, 153
L 214, -414, 6, 249, -408, 6, 153, 153, 153
L 249, -408, 6, 281, -397, 6, 153, 153, 153
L 281, -397, 6, 305, -384, 6, 153, 153, 153
L 305, -384, 6, 328, -369, 6, 153, 153, 153
L 328, -369, 6, 346, -356, 6, 153, 153, 153
L 346, -356, 6, 356, -345, 6, 153, 153, 153
L 356, -345, 6, 374, -327, 6, 153, 153, 153
L 374, -327, 6, 381, -319, 6, 153, 153, 153
L 381, -319, 6, 403, -296, 6, 153, 153, 153
L 403, -296, 6, 423, -272, 6, 153, 153, 153
L 423, -272, 6, 440, -245, 6, 153, 153, 153
L 440, -245, 6, 456, -216, 6, 153, 153, 153
L 456, -216, 6, 462, -207, 6, 153, 153, 153
L 462, -207, 6, 472, -185, 6, 153, 153, 153
L 472, -185, 6, 485, -144, 6, 153, 153, 153
L 485, -144, 6, 488, -133, 6, 153, 153, 153
L 488, -133, 6, 492, -122, 6, 153, 153, 153
L 492, -122, 6, 495, -92, 6, 153, 153, 153
L 495, -92, 6, 495, -26, 6, 153, 153, 153
L 495, -74, 6, 495, -74, 6, 153, 153, 153
L 495, -26, 6, 532, -23, 6, 153, 153, 153
L 532, -23, 6, 533, -32, 6, 153, 153, 153
L 533, -32, 6, 533, -111, 6, 153, 153, 153
L 533, -111, 6, 516, -163, 6, 153, 153, 153
L 516, -163, 6, 508, -191, 6, 153, 153, 153
L 508, -191, 6, 504, -200, 6, 153, 153, 153
L 504, -200, 6, 472, -255, 6, 153, 153, 153
L 489, -226, 6, 489, -226, 6, 153, 153, 153
L 472, -255, 6, 456, -281, 6, 153, 153, 153
L 456, -281, 6, 429, -311, 6, 153, 153, 153
L 448, -290, 6, 448, -290, 6, 153, 153, 153
L 429, -311, 6, 379, -363, 6, 153, 153, 153
L 404, -337, 6, 404, -337, 6, 153, 153, 153
L 379, -363, 6, 350, -392, 6, 153, 153, 153
L 350, -392, 6, 342, -399, 6, 153, 153, 153
L 342, -399, 6, 325, -410, 6, 153, 153, 153
L 325, -410, 6, 296, -428, 6, 153, 153, 153
L 296, -428, 6, 286, -433, 6, 153, 153, 153
L 286, -433, 6, 247, -446, 6, 153, 153, 153
L 247, -446, 6, 237, -450, 6, 153, 153, 153
L 237, -450, 6, 183, -454, 6, 153, 153, 153
L 183, -454, 6, 67, -454, 6, 153, 153, 153
L 144, -454, 6, 144, -454, 6, 153, 153, 153
L 67, -454, 6, 48, -460, 6, 153, 153, 153
L 48, -460, 6, 43, -465, 6, 153, 153, 153
L 43, -465, 6, 27, -483, 6, 153, 153, 153
L 27, -483, 6, 27, -690, 6, 153, 153, 153
L 27, -496, 6, 27, -496, 6, 153, 153, 153
L 27, -518, 6, 27, -518, 6, 153, 153, 153
L 27, -581, 6, 27, -581, 6, 153, 153, 153
L 27, -618, 6, 27, -618, 6, 153, 153, 153
L 27, -690, 6, 451, -690, 4, 153, 153, 153
L 451, -690, 4, 452, -515, 4, 153, 153, 153
L 452, -515, 4, 528, -512, 4, 153, 153, 153
L 528, -512, 4, 531, -543, 4, 153, 153, 153
L 531, -543, 4, 513, -545, 4, 153, 153, 153
L 513, -545, 4, 513, -686, 4, 153, 153, 153
L 513, -686, 4, 638, -686, 4, 153, 153, 153
L 638, -686, 4, 643, -687, 4, 153, 153, 153
L 848, -404, 50, 848, -404, 5, 153, 153, 153
L 848, -404, 5, 848, -455, 5, 153, 153, 153
L 848, -455, 5, 831, -473, 5, 153, 153, 153
L 831, -473, 5, 808, -475, 5, 153, 153, 153
L 808, -475, 5, 792, -460, 5, 153, 153, 153
L 792, -460, 5, 788, -443, 5, 153, 153, 153
L 788, -443, 5, 747, -443, 5, 153, 153, 153
L 747, -443, 5, 747, -455, 5, 153, 153, 153
L 747, -455, 5, 742, -461, 5, 153, 153, 153
L 742, -461, 5, 734, -469, 5, 153, 153, 153
L 734, -469, 5, 725, -475, 5, 153, 153, 153
L 725, -475, 5, 705, -474, 5, 153, 153, 153
L 705, -474, 5, 694, -463, 5, 153, 153, 153
L 694, -463, 5, 688, -458, 5, 153, 153, 153
L 688, -458, 5, 687, -455, 5, 153, 153, 153
L 687, -455, 5, 687, -404, 5, 153, 153, 153
L 687, -404, 5, 671, -404, 5, 153, 153, 153
L 671, -404, 5, 665, -402, 5, 153, 153, 153
L 665, -402, 5, 649, -386, 5, 153, 153, 153
L 649, -386, 5, 649, -369, 5, 153, 153, 153
L 649, -369, 5, 648, -364, 5, 153, 153, 153
L 648, -364, 5, 665, -346, 5, 153, 153, 153
L 665, -346, 5, 687, -344, 5, 153, 153, 153
L 687, -344, 5, 687, -296, 5, 153, 153, 153
L 687, -296, 5, 703, -276, 5, 153, 153, 153
L 703, -276, 5, 721, -274, 5, 153, 153, 153
L 721, -274, 5, 725, -273, 5, 153, 153, 153
L 725, -273, 5, 732, -276, 5, 153, 153, 153
L 732, -276, 5, 737, -282, 5, 153, 153, 153
L 737, -282, 5, 743, -288, 5, 153, 153, 153
L 743, -288, 5, 747, -305, 5, 153, 153, 153
L 747, -305, 5, 788, -305, 5, 153, 153, 153
L 788, -305, 5, 788, -294, 5, 153, 153, 153
L 788, -294, 5, 805, -275, 5, 153, 153, 153
L 805, -275, 5, 826, -273, 5, 153, 153, 153
L 826, -273, 5, 827, -273, 5, 153, 153, 153
L 827, -273, 5, 831, -275, 5, 153, 153, 153
L 831, -275, 5, 848, -292, 5, 153, 153, 153
L 848, -292, 5, 848, -329, 5, 153, 153, 153
L 848, -329, 5, 867, -344, 5, 153, 153, 153
L 867, -344, 5, 882, -358, 5, 153, 153, 153
L 882, -358, 5, 888, -368, 4, 153, 153, 153
L 888, -368, 4, 874, -368, 5, 153, 153, 153
L 874, -368, 5, 866, -356, 5, 153, 153, 153
L 866, -356, 5, 838, -355, 5, 153, 153, 153
L 838, -355, 5, 836, -336, 5, 153, 153, 153
L 836, -336, 5, 800, -336, 11, 153, 153, 153
L 800, -336, 11, 800, -340, 5, 153, 153, 153
L 800, -340, 5, 786, -338, 5, 153, 153, 153
L 786, -338, 5, 787, -317, 5, 153, 153, 153
L 787, -317, 5, 739, -317, 5, 153, 153, 153
L 739, -317, 5, 735, -294, 5, 153, 153, 153
L 735, -294, 5, 725, -285, 5, 153, 153, 153
L 725, -285, 5, 708, -285, 5, 153, 153, 153
L 708, -285, 5, 699, -294, 5, 153, 153, 153
L 699, -294, 5, 699, -360, 5, 153, 153, 153
L 699, -360, 5, 745, -363, 6, 153, 153, 153
L 745, -363, 6, 745, -365, 7, 153, 153, 153
L 745, -365, 7, 685, -368, 38, 153, 153, 153
L 685, -368, 38, 679, -362, 41, 153, 153, 153
L 679, -362, 41, 712, -364, 41, 153, 153, 153
L 712, -364, 41, 716, -384, 41, 153, 153, 153
L 716, -384, 41, 684, -385, 41, 153, 153, 153
L 684, -385, 41, 745, -381, 7, 153, 153, 153
L 745, -381, 7, 744, -383, 7, 153, 153, 153
L 744, -383, 7, 699, -388, 5, 153, 153, 153
L 699, -388, 5, 699, -454, 5, 153, 153, 153
L 699, -454, 5, 709, -463, 5, 153, 153, 153
L 709, -463, 5, 726, -463, 5, 153, 153, 153
L 726, -463, 5, 735, -454, 5, 153, 153, 153
L 735, -454, 5, 737, -432, 5, 153, 153, 153
L 737, -432, 5, 787, -431, 5, 153, 153, 153
L 787, -431, 5, 786, -411, 5, 153, 153, 153
L 786, -411, 5, 801, -411, 5, 153, 153, 153
L 801, -411, 5, 800, -413, 5, 153, 153, 153
L 800, -413, 5, 836, -413, 7, 153, 153, 153
L 836, -413, 7, 837, -395, 5, 153, 153, 153
L 837, -395, 5, 866, -392, 5, 153, 153, 153
L 866, -392, 5, 875, -383, 5, 153, 153, 153
L 875, -383, 5, 874, -379, 5, 153, 153, 153
L 874, -379, 5, 888, -379, 4, 153, 153, 153
L 888, -379, 4, 886, -386, 5, 153, 153, 153
L 886, -386, 5, 871, -402, 5, 153, 153, 153
L 871, -402, 5, 848, -404, 5, 153, 153, 153
L 1232, -308, 109, 1232, -308, 10, 153, 153, 153
L 1232, -308, 10, 1216, -307, 11, 153, 153, 153
L 1216, -307, 11, 1214, -323, 4, 153, 153, 153
L 1214, -323, 4, 1199, -323, 4, 153, 153, 153
L 1199, -323, 4, 1196, -307, 8, 153, 153, 153
L 1196, -307, 8, 1155, -306, 8, 153, 153, 153
L 1155, -306, 8, 1152, -270, 8, 153, 153, 153
L 1152, -270, 8, 1065, -270, 8, 153, 153, 153
L 1065, -270, 8, 1061, -214, 8, 153, 153, 153
L 1061, -214, 8, 1422, -212, 8, 153, 153, 153
L 1422, -212, 8, 1422, -268, 8, 153, 153, 153
L 1422, -268, 8, 1336, -272, 8, 153, 153, 153
L 1336, -272, 8, 1335, -304, 8, 153, 153, 153
L 1335, -304, 8, 1292, -307, 8, 153, 153, 153
L 1292, -307, 8, 1289, -323, 4, 153, 153, 153
L 1289, -323, 4, 1274, -323, 4, 153, 153, 153
L 1274, -323, 4, 1272, -307, 11, 153, 153, 153
L 1272, -307, 11, 1256, -308, 11, 153, 153, 153
L 1256, -308, 11, 1257, -294, 11, 153, 153, 153
L 1257, -294, 11, 1324, -295, 17, 153, 153, 153
L 1324, -295, 17, 1324, -260, 11, 153, 153, 153
L 1324, -260, 11, 1385, -258, 15, 153, 153, 153
L 1385, -258, 15, 1385, -222, 17, 153, 153, 153
L 1385, -222, 17, 1098, -222, 15, 153, 153, 153
L 1098, -222, 15, 1098, -258, 15, 153, 153, 153
L 1098, -258, 15, 1161, -259, 11, 153, 153, 153
L 1161, -259, 11, 1164, -295, 17, 153, 153, 153
L 1164, -295, 17, 1231, -294, 11, 153, 153, 153
L 1231, -294, 11, 1231, -308, 11, 153, 153, 153
L 329, -574, 80, 329, -574, 8, 153, 153, 153
L 329, -574, 8, 331, -608, 8, 153, 153, 153
L 331, -608, 8, 415, -611, 8, 153, 153, 153
L 415, -611, 8, 417, -668, 8, 153, 153, 153
L 417, -668, 8, 57, -668, 8, 153, 153, 153
L 57, -668, 8, 58, -610, 8, 153, 153, 153
L 58, -610, 8, 147, -610, 8, 153, 153, 153
L 147, -610, 8, 149, -574, 8, 153, 153, 153
L 149, -574, 8, 191, -573, 8, 153, 153, 153
L 191, -573, 8, 195, -557, 4, 153, 153, 153
L 195, -557, 4, 209, -557, 4, 153, 153, 153
L 209, -557, 4, 211, -573, 11, 153, 153, 153
L 211, -573, 11, 226, -572, 11, 153, 153, 153
L 226, -572, 11, 226, -586, 11, 153, 153, 153
L 226, -586, 11, 159, -585, 17, 153, 153, 153
L 159, -585, 17, 159, -619, 11, 153, 153, 153
L 159, -619, 11, 93, -622, 17, 153, 153, 153
L 93, -622, 17, 93, -658, 17, 153, 153, 153
L 93, -658, 17, 380, -658, 16, 153, 153, 153
L 380, -658, 16, 380, -622, 16, 153, 153, 153
L 380, -622, 16, 322, -621, 11, 153, 153, 153
L 322, -621, 11, 319, -585, 16, 153, 153, 153
L 319, -585, 16, 252, -586, 11, 153, 153, 153
L 252, -586, 11, 251, -572, 11, 153, 153, 153
L 251, -572, 11, 267, -573, 11, 153, 153, 153
L 267, -573, 11, 269, -557, 4, 153, 153, 153
L 269, -557, 4, 285, -558, 4, 153, 153, 153
L 285, -558, 4, 287, -573, 8, 153, 153, 153
L 287, -573, 8, 329, -574, 8, 153, 153, 153
L 641, 92, 80, 641, 92, 8, 153, 153, 153
L 641, 92, 8, 639, 182, 8, 153, 153, 153
L 639, 182, 8, 604, 183, 8, 153, 153, 153
L 604, 183, 8, 602, 226, 8, 153, 153, 153
L 602, 226, 8, 586, 230, 4, 153, 153, 153
L 586, 230, 4, 587, 246, 4, 153, 153, 153
L 587, 246, 4, 602, 246, 11, 153, 153, 153
L 602, 246, 11, 601, 262, 11, 153, 153, 153
L 601, 262, 11, 615, 260, 11, 153, 153, 153
L 615, 260, 11, 614, 194, 17, 153, 153, 153
L 614, 194, 17, 648, 193, 11, 153, 153, 153
L 648, 193, 11, 651, 128, 15, 153, 153, 153
L 651, 128, 15, 687, 128, 16, 153, 153, 153
L 687, 128, 16, 687, 415, 17, 153, 153, 153
L 687, 415, 17, 651, 415, 16, 153, 153, 153
L 651, 415, 16, 648, 355, 11, 153, 153, 153
L 648, 355, 11, 614, 354, 11, 153, 153, 153
L 614, 354, 11, 615, 287, 11, 153, 153, 153
L 615, 287, 11, 601, 288, 11, 153, 153, 153
L 601, 288, 11, 602, 302, 11, 153, 153, 153
L 602, 302, 11, 589, 301, 4, 153, 153, 153
L 589, 301, 4, 586, 318, 4, 153, 153, 153
L 586, 318, 4, 602, 322, 8, 153, 153, 153
L 602, 322, 8, 602, 363, 8, 153, 153, 153
L 602, 363, 8, 637, 366, 8, 153, 153, 153
L 637, 366, 8, 639, 450, 8, 153, 153, 153
L 639, 450, 8, 697, 452, 8, 153, 153, 153
L 697, 452, 8, 698, 94, 8, 153, 153, 153
L 698, 94, 8, 642, 91, 8, 153, 153, 153
L 295, 656, 40, 295, 656, 4, 153, 153, 153
L 295, 656, 4, 269, 629, 4, 153, 153, 153
L 269, 629, 4, 215, 629, 4, 153, 153, 153
L 215, 629, 4, 189, 655, 4, 153, 153, 153
L 189, 655, 4, 188, 706, 4, 153, 153, 153
L 188, 706, 4, 180, 714, 4, 153, 153, 153
L 180, 714, 4, 115, 713, 4, 153, 153, 153
L 115, 713, 4, 115, 733, 5, 153, 153, 153
L 115, 733, 5, 178, 732, 5, 153, 153, 153
L 178, 732, 5, 207, 705, 5, 153, 153, 153
L 207, 705, 5, 201, 701, 5, 153, 153, 153
L 201, 701, 5, 201, 663, 5, 153, 153, 153
L 201, 663, 5, 223, 641, 5, 153, 153, 153
L 223, 641, 5, 261, 641, 5, 153, 153, 153
L 261, 641, 5, 283, 663, 5, 153, 153, 153
L 283, 663, 5, 283, 701, 5, 153, 153, 153
L 283, 701, 5, 261, 723, 5, 153, 153, 153
L 261, 723, 5, 223, 723, 5, 153, 153, 153
L 223, 723, 5, 219, 717, 5, 153, 153, 153
L 219, 717, 5, 192, 746, 5, 153, 153, 153
L 192, 746, 5, 192, 910, 5, 153, 153, 153
L 192, 910, 5, 220, 938, 5, 153, 153, 153
L 220, 938, 5, 223, 933, 5, 153, 153, 153
L 223, 933, 5, 261, 933, 5, 153, 153, 153
L 261, 933, 5, 283, 955, 5, 153, 153, 153
L 283, 955, 5, 283, 993, 5, 153, 153, 153
L 283, 993, 5, 261, 1015, 5, 153, 153, 153
L 261, 1015, 5, 223, 1015, 5, 153, 153, 153
L 223, 1015, 5, 201, 993, 5, 153, 153, 153
L 201, 993, 5, 201, 955, 5, 153, 153, 153
L 201, 955, 5, 207, 951, 5, 153, 153, 153
L 207, 951, 5, 178, 924, 5, 153, 153, 153
L 178, 924, 5, 14, 924, 5, 153, 153, 153
L 14, 924, 5, -13, 952, 5, 153, 153, 153
L -13, 952, 5, -8, 955, 5, 153, 153, 153
L -8, 955, 5, -13, 988, 5, 153, 153, 153
L -13, 988, 5, -30, 1015, 5, 153, 153, 153
L -30, 1015, 5, -68, 1015, 5, 153, 153, 153
L -68, 1015, 5, -90, 993, 5, 153, 153, 153
L -90, 993, 5, -90, 955, 5, 153, 153, 153
L -90, 955, 5, -68, 933, 5, 153, 153, 153
L -68, 933, 5, -30, 933, 5, 153, 153, 153
L -30, 933, 5, -26, 939, 5, 153, 153, 153
L -26, 939, 5, 0, 910, 5, 153, 153, 153
L 0, 910, 5, 0, 746, 5, 153, 153, 153
L 0, 746, 5, -26, 717, 5, 153, 153, 153
L -26, 717, 5, -30, 723, 5, 153, 153, 153
L -30, 723, 5, -68, 723, 5, 153, 153, 153
L -68, 723, 5, -90, 701, 5, 153, 153, 153
L -90, 701, 5, -90, 663, 5, 153, 153, 153
L -90, 663, 5, -68, 641, 5, 153, 153, 153
L -68, 641, 5, -30, 641, 5, 153, 153, 153
L -30, 641, 5, -8, 663, 5, 153, 153, 153
L -8, 663, 5, -8, 701, 5, 153, 153, 153
L -8, 701, 5, -14, 705, 5, 153, 153, 153
L -14, 705, 5, 14, 732, 5, 153, 153, 153
L 14, 732, 5, 75, 733, 5, 153, 153, 153
L 75, 733, 5, 78, 713, 4, 153, 153, 153
L 78, 713, 4, 15, 714, 4, 153, 153, 153
L 15, 714, 4, 4, 705, 4, 153, 153, 153
L 4, 705, 4, 3, 655, 4, 153, 153, 153
L 3, 655, 4, -22, 629, 4, 153, 153, 153
L -22, 629, 4, -75, 628, 4, 153, 153, 153
L -75, 628, 4, -102, 655, 4, 153, 153, 153
L -102, 655, 4, -103, 707, 4, 153, 153, 153
L -103, 707, 4, -75, 735, 4, 153, 153, 153
L -75, 735, 4, -25, 736, 4, 153, 153, 153
L -25, 736, 4, -17, 744, 4, 153, 153, 153
L -17, 744, 4, -17, 912, 4, 153, 153, 153
L -17, 912, 4, -25, 920, 4, 153, 153, 153
L -25, 920, 4, -75, 921, 4, 153, 153, 153
L -75, 921, 4, -102, 948, 4, 153, 153, 153
L -102, 948, 4, -102, 1000, 4, 153, 153, 153
L -102, 1000, 4, -76, 1027, 4, 153, 153, 153
L -76, 1027, 4, -22, 1027, 4, 153, 153, 153
L -22, 1027, 4, 3, 1001, 4, 153, 153, 153
L 3, 1001, 4, 4, 950, 4, 153, 153, 153
L 4, 950, 4, 12, 942, 4, 153, 153, 153
L 12, 942, 4, 180, 942, 4, 153, 153, 153
L 180, 942, 4, 188, 950, 4, 153, 153, 153
L 188, 950, 4, 188, 1000, 4, 153, 153, 153
L 188, 1000, 4, 216, 1027, 4, 153, 153, 153
L 216, 1027, 4, 269, 1027, 4, 153, 153, 153
L 269, 1027, 4, 295, 1001, 4, 153, 153, 153
L 295, 1001, 4, 296, 949, 4, 153, 153, 153
L 296, 949, 4, 267, 920, 4, 153, 153, 153
L 267, 920, 4, 218, 920, 4, 153, 153, 153
L 218, 920, 4, 210, 912, 4, 153, 153, 153
L 210, 912, 4, 210, 744, 4, 153, 153, 153
L 210, 744, 4, 218, 736, 4, 153, 153, 153
L 218, 736, 4, 268, 736, 4, 153, 153, 153
L 268, 736, 4, 294, 710, 4, 153, 153, 153
L 294, 710, 4, 296, 657, 4, 153, 153, 153
L 154, 836, 50, 154, 836, 5, 153, 153, 153
L 154, 836, 5, 154, 805, 5, 153, 153, 153
L 154, 805, 5, 150, 792, 5, 153, 153, 153
L 150, 792, 5, 139, 803, 9, 153, 153, 153
L 139, 803, 9, 138, 852, 9, 153, 153, 153
L 138, 852, 9, 151, 866, 5, 153, 153, 153
L 151, 866, 5, 154, 831, 5, 153, 153, 153
L 98, 770, 50, 77, 770, 5, 153, 153, 153
L 77, 770, 5, 62, 771, 5, 153, 153, 153
L 62, 771, 5, 73, 785, 9, 153, 153, 153
L 73, 785, 9, 120, 785, 9, 153, 153, 153
L 120, 785, 9, 131, 772, 5, 153, 153, 153
L 131, 772, 5, 95, 770, 5, 153, 153, 153
L 38, 826, 50, 38, 858, 5, 153, 153, 153
L 38, 858, 5, 42, 866, 5, 153, 153, 153
L 42, 866, 5, 54, 852, 9, 153, 153, 153
L 54, 852, 9, 54, 805, 9, 153, 153, 153
L 54, 805, 9, 41, 792, 5, 153, 153, 153
L 41, 792, 5, 38, 823, 5, 153, 153, 153
L 84, 888, 50, 131, 886, 5, 153, 153, 153
L 131, 886, 5, 118, 872, 9, 153, 153, 153
L 118, 872, 9, 71, 874, 8, 153, 153, 153
L 71, 874, 8, 61, 886, 5, 153, 153, 153
L 61, 886, 5, 94, 888, 5, 153, 153, 153
L 1234, 340, -1932, 1142, 245, -264, 153, 153, 153
L 1142, 245, -264, 1152, 237, -264, 153, 153, 153
L 1152, 237, -264, 1245, 341, -228, 153, 153, 153
L 1245, 341, -228, 1267, 316, -230, 153, 153, 153
L 1267, 316, -230, 1288, 318, -226, 153, 153, 153
L 1288, 318, -226, 1303, 312, -227, 153, 153, 153
L 1303, 312, -227, 1327, 288, -227, 153, 153, 153
L 1327, 288, -227, 1359, 252, -231, 153, 153, 153
L 1359, 252, -231, 1357, 229, -226, 153, 153, 153
L 1357, 229, -226, 1349, 205, -226, 153, 153, 153
L 1349, 205, -226, 1346, 195, -226, 153, 153, 153
L 1346, 195, -226, 1344, 184, -226, 153, 153, 153
L 1344, 184, -226, 1344, 174, -226, 153, 153, 153
L 1344, 174, -226, 1346, 165, -226, 153, 153, 153
L 1346, 165, -226, 1353, 155, -227, 153, 153, 153
L 1353, 155, -227, 1367, 134, -227, 153, 153, 153
L 1367, 134, -227, 1372, 127, -227, 153, 153, 153
L 1372, 127, -227, 1364, 119, -227, 153, 153, 153
L 1364, 119, -227, 1339, 92, -227, 153, 153, 153
L 1339, 92, -227, 1330, 83, -227, 153, 153, 153
L 1330, 83, -227, 1324, 75, -227, 153, 153, 153
L 1324, 75, -227, 1335, 59, -227, 153, 153, 153
L 1335, 59, -227, 1343, 49, -227, 153, 153, 153
L 1343, 49, -227, 1352, 40, -227, 153, 153, 153
L 1352, 40, -227, 1363, 28, -227, 153, 153, 153
L 1363, 28, -227, 1373, 18, -226, 153, 153, 153
L 1373, 18, -226, 1373, -1, -226, 153, 153, 153
L 1373, -1, -226, 1372, -41, -227, 153, 153, 153
L 1372, -41, -227, 1358, -55, -227, 153, 153, 153
L 1366, -47, -227, 1366, -47, -227, 153, 153, 153
L 1358, -55, -227, 1338, -76, -227, 153, 153, 153
L 1338, -76, -227, 1324, -89, -227, 153, 153, 153
L 1324, -89, -227, 1316, -97, -227, 153, 153, 153
L 1316, -97, -227, 1296, -108, -226, 153, 153, 153
L 1296, -108, -226, 1258, -106, -227, 153, 153, 153
L 1258, -106, -227, 1246, -94, -227, 153, 153, 153
L 1246, -94, -227, 1216, -67, -227, 153, 153, 153
L 1216, -67, -227, 1199, -61, -228, 153, 153, 153
L 1199, -61, -228, 1182, -77, -227, 153, 153, 153
L 1182, -77, -227, 1150, -107, -226, 153, 153, 153
L 1150, -107, -226, 1104, -90, -226, 153, 153, 153
L 1104, -90, -226, 1047, -106, -226, 153, 153, 153
L 1047, -106, -226, 1012, -128, -226, 153, 153, 153
L 1012, -128, -226, 951, -128, -226, 153, 153, 153
L 951, -128, -226, 896, -78, -227, 153, 153, 153
L 896, -78, -227, 841, -126, -227, 153, 153, 153
L 841, -126, -227, 809, -67, -255, 153, 153, 153
L 809, -67, -255, 817, -43, -264, 153, 153, 153
L 817, -43, -264, 807, -38, -264, 153, 153, 153
L 807, -38, -264, 728, -42, -264, 153, 153, 153
L 728, -42, -264, 729, -62, -259, 153, 153, 153
L 729, -62, -259, 693, -61, -264, 153, 153, 153
L 693, -61, -264, 694, -75, -264, 153, 153, 153
L 694, -75, -264, 704, -74, -261, 153, 153, 153
L 704, -74, -261, 704, -94, -262, 153, 153, 153
L 704, -94, -262, 672, -94, -262, 153, 153, 153
L 672, -94, -262, 672, -74, -263, 153, 153, 153
L 672, -74, -263, 683, -75, -264, 153, 153, 153
L 683, -75, -264, 683, -61, -264, 153, 153, 153
L 683, -61, -264, 647, -62, -259, 153, 153, 153
L 647, -62, -259, 647, -5, -259, 153, 153, 153
L 647, -5, -259, 680, -6, -264, 153, 153, 153
L 680, -6, -264, 682, 52, -264, 153, 153, 153
L 682, 52, -264, 444, 52, -264, 153, 153, 153
L 444, 52, -264, 442, 39, -264, 153, 153, 153
L 442, 39, -264, 450, 40, -264, 153, 153, 153
L 450, 40, -264, 451, 20, -262, 153, 153, 153
L 451, 20, -262, 421, 20, -262, 153, 153, 153
L 421, 20, -262, 421, 40, -261, 153, 153, 153
L 421, 40, -261, 430, 39, -264, 153, 153, 153
L 430, 39, -264, 430, 53, -264, 153, 153, 153
L 430, 53, -264, 364, 52, -264, 153, 153, 153
L 364, 52, -264, 365, 54, -264, 153, 153, 153
L 365, 54, -264, 351, 54, -264, 153, 153, 153
L 351, 54, -264, 352, 45, -262, 153, 153, 153
L 352, 45, -262, 333, 44, -262, 153, 153, 153
L 333, 44, -262, 333, 74, -262, 153, 153, 153
L 333, 74, -262, 352, 74, -261, 153, 153, 153
L 352, 74, -261, 351, 63, -264, 153, 153, 153
L 351, 63, -264, 365, 64, -264, 153, 153, 153
L 365, 64, -264, 364, 66, -264, 153, 153, 153
L 364, 66, -264, 372, 65, -264, 153, 153, 153
L 372, 65, -264, 371, 166, -264, 153, 153, 153
L 371, 166, -264, 285, 167, -264, 153, 153, 153
L 285, 167, -264, 284, 169, -264, 153, 153, 153
L 284, 169, -264, 268, 169, -264, 153, 153, 153
L 268, 169, -264, 272, 154, -264, 153, 153, 153
L 272, 154, -264, 258, 155, -264, 153, 153, 153
L 258, 155, -264, 257, 141, -264, 153, 153, 153
L 257, 141, -264, 266, 142, -264, 153, 153, 153
L 266, 142, -264, 267, 122, -262, 153, 153, 153
L 267, 122, -262, 237, 122, -262, 153, 153, 153
L 237, 122, -262, 237, 142, -263, 153, 153, 153
L 237, 142, -263, 247, 141, -264, 153, 153, 153
L 247, 141, -264, 246, 155, -264, 153, 153, 153
L 246, 155, -264, 232, 154, -259, 153, 153, 153
L 232, 154, -259, 232, 194, -264, 153, 153, 153
L 232, 194, -264, 245, 193, -264, 153, 153, 153
L 245, 193, -264, 248, 206, -264, 153, 153, 153
L 248, 206, -264, 245, 207, -264, 153, 153, 153
L 245, 207, -264, 244, 294, -264, 153, 153, 153
L 244, 294, -264, 128, 295, -264, 153, 153, 153
L 128, 295, -264, 129, 299, -264, 153, 153, 153
L 129, 299, -264, 114, 298, -264, 153, 153, 153
L 114, 298, -264, 115, 282, -264, 153, 153, 153
L 115, 282, -264, 75, 282, -259, 153, 153, 153
L 75, 282, -259, 75, 322, -264, 153, 153, 153
L 75, 322, -264, 88, 321, -264, 153, 153, 153
L 88, 321, -264, 88, 510, -264, 153, 153, 153
L 88, 510, -264, 89, 524, -264, 153, 153, 153
L 89, 524, -264, 20, 523, -264, 153, 153, 153
L 20, 523, -264, -90, 634, -264, 153, 153, 153
L -90, 634, -264, -103, 657, -264, 153, 153, 153
L -103, 657, -264, -175, 656, -264, 153, 153, 153
L -175, 656, -264, -177, 460, -264, 153, 153, 153
L -177, 460, -264, -180, 459, -264, 153, 153, 153
L -180, 459, -264, -180, 447, -264, 153, 153, 153
L -180, 447, -264, -162, 447, -259, 153, 153, 153
L -162, 447, -259, -162, 407, -259, 153, 153, 153
L -162, 407, -259, -272, 407, -259, 153, 153, 153
L -272, 407, -259, -271, 421, -264, 153, 153, 153
L -271, 421, -264, -457, 424, -264, 153, 153, 153
L -457, 424, -264, -480, 413, -262, 153, 153, 153
L -480, 413, -262, -529, 438, -264, 153, 153, 153
L -529, 438, -264, -552, 461, -263, 153, 153, 153
L -552, 461, -263, -571, 484, -264, 153, 153, 153
L -571, 484, -264, -606, 511, -262, 153, 153, 153
L -606, 511, -262, -624, 534, -263, 153, 153, 153
L -624, 534, -263, -640, 568, -262, 153, 153, 153
L -640, 568, -262, -640, 958, -263, 153, 153, 153
L -640, 958, -263, -639, 1032, -263, 153, 153, 153
L -639, 1032, -263, -640, 1265, -263, 153, 153, 153
L -640, 1265, -263, -641, 1420, -262, 153, 153, 153
L -641, 1420, -262, -628, 1451, -262, 153, 153, 153
L -628, 1451, -262, -598, 1483, -262, 153, 153, 153
L -598, 1483, -262, -549, 1531, -262, 153, 153, 153
L -549, 1531, -262, -526, 1555, -262, 153, 153, 153
L -526, 1555, -262, -488, 1573, -262, 153, 153, 153
L -488, 1573, -262, -202, 1575, -262, 153, 153, 153
L -202, 1575, -262, -5, 1573, -262, 153, 153, 153
L -5, 1573, -262, 101, 1574, -262, 153, 153, 153
L 101, 1574, -262, 563, 1574, -262, 153, 153, 153
L 563, 1574, -262, 685, 1575, -262, 153, 153, 153
L 685, 1575, -262, 727, 1574, -262, 153, 153, 153
L 727, 1574, -262, 810, 1574, -262, 153, 153, 153
L 810, 1574, -262, 835, 1569, -264, 153, 153, 153
L 835, 1569, -264, 883, 1569, -264, 153, 153, 153
L 883, 1569, -264, 890, 1573, -264, 153, 153, 153
L 890, 1573, -264, 889, 1589, -264, 153, 153, 153
L 889, 1589, -264, 944, 1644, -264, 153, 153, 153
L 944, 1644, -264, 959, 1643, -264, 153, 153, 153
L 959, 1643, -264, 962, 1743, -264, 153, 153, 153
L 1226, 353, -1930, 1226, 353, -193, 153, 153, 153
L 1226, 353, -193, 1132, 256, -264, 153, 153, 153
L 1132, 256, -264, 1126, 261, -264, 153, 153, 153
L 1126, 261, -264, 1217, 369, -227, 153, 153, 153
L 1217, 369, -227, 1186, 428, -226, 153, 153, 153
L 1186, 428, -226, 1144, 428, -264, 153, 153, 153
L 1144, 428, -264, 1110, 455, -264, 153, 153, 153
L 1110, 455, -264, 1081, 484, -264, 153, 153, 153
L 1081, 484, -264, 1045, 495, -264, 153, 153, 153
L 1045, 495, -264, 1010, 522, -264, 153, 153, 153
L 1010, 522, -264, 948, 526, -264, 153, 153, 153
L 948, 526, -264, 913, 504, -264, 153, 153, 153
L 913, 504, -264, 876, 496, -264, 153, 153, 153
L 876, 496, -264, 824, 446, -264, 153, 153, 153
L 824, 446, -264, 779, 447, -226, 153, 153, 153
L 779, 447, -226, 788, 421, -226, 153, 153, 153
L 788, 421, -226, 793, 409, -226, 153, 153, 153
L 793, 409, -226, 794, 398, -227, 153, 153, 153
L 794, 398, -227, 790, 387, -226, 153, 153, 153
L 790, 387, -226, 780, 360, -226, 153, 153, 153
L 780, 360, -226, 775, 342, -226, 153, 153, 153
L 775, 342, -226, 775, 216, -226, 153, 153, 153
L 775, 283, -226, 775, 283, -226, 153, 153, 153
L 775, 249, -226, 775, 249, -226, 153, 153, 153
L 775, 216, -226, 777, 205, -226, 153, 153, 153
L 777, 205, -226, 794, 160, -226, 153, 153, 153
L 788, 176, -226, 788, 176, -226, 153, 153, 153
L 794, 160, -226, 793, 149, -226, 153, 153, 153
L 793, 149, -226, 779, 112, -226, 153, 153, 153
L 789, 138, -226, 789, 138, -226, 153, 153, 153
L 779, 112, -226, 777, 102, -226, 153, 153, 153
L 777, 102, -226, 787, 91, -227, 153, 153, 153
L 787, 91, -227, 794, 84, -227, 153, 153, 153
L 794, 84, -227, 806, 70, -227, 153, 153, 153
L 806, 70, -227, 814, 62, -227, 153, 153, 153
L 814, 62, -227, 822, 52, -227, 153, 153, 153
L 822, 52, -227, 804, 24, -227, 153, 153, 153
L 804, 24, -227, 801, 20, -227, 153, 153, 153
L 801, 20, -227, 792, 10, -227, 153, 153, 153
L 792, 10, -227, 784, 2, -227, 153, 153, 153
L 784, 2, -227, 775, -21, -226, 153, 153, 153
L 775, -21, -226, 775, -34, -226, 153, 153, 153
L 775, -34, -226, 776, -62, -227, 153, 153, 153
L 776, -62, -227, 785, -70, -227, 153, 153, 153
L 785, -70, -227, 803, -89, -227, 153, 153, 153
L 803, -89, -227, 811, -97, -227, 153, 153, 153
L 811, -97, -227, 844, -123, -227, 153, 153, 153
L 844, -123, -227, 856, -113, -227, 153, 153, 153
L 856, -113, -227, 865, -104, -227, 153, 153, 153
L 865, -104, -227, 880, -91, -227, 153, 153, 153
L 880, -91, -227, 914, -94, -227, 153, 153, 153
L 914, -94, -227, 932, -111, -227, 153, 153, 153
L 915, -95, -227, 915, -95, -227, 153, 153, 153
L 932, -111, -227, 950, -127, -227, 153, 153, 153
L 950, -127, -227, 957, -128, -226, 153, 153, 153
L 957, -128, -226, 1013, -128, -226, 153, 153, 153
L 1013, -128, -226, 1019, -123, -227, 153, 153, 153
L 1019, -123, -227, 1041, -109, -227, 153, 153, 153
L 1688, 434, -2649, 1688, 434, -264, 153, 153, 153
L 1688, 434, -264, 1895, 434, -264, 153, 153, 153
L 1895, 434, -264, 1926, 440, -262, 153, 153, 153
L 1926, 440, -262, 1965, 459, -262, 153, 153, 153
L 1965, 459, -262, 1981, 474, -262, 153, 153, 153
L 1981, 474, -262, 2031, 520, -263, 153, 153, 153
L 2031, 520, -263, 2037, 527, -262, 153, 153, 153
L 2037, 527, -262, 2053, 560, -262, 153, 153, 153
L 2053, 560, -262, 2057, 740, -262, 153, 153, 153
L 2057, 740, -262, 2058, 816, -262, 153, 153, 153
L 2058, 816, -262, 2056, 899, -262, 153, 153, 153
L 2056, 899, -262, 2057, 1420, -262, 153, 153, 153
L 2057, 1420, -262, 2040, 1456, -262, 153, 153, 153
L 2040, 1456, -262, 1971, 1527, -262, 153, 153, 153
L 1971, 1527, -262, 1930, 1547, -262, 153, 153, 153
L 1930, 1547, -262, 1835, 1549, -262, 153, 153, 153
L 1835, 1549, -262, 1795, 1548, -262, 153, 153, 153
L 1795, 1548, -262, 1122, 1547, -262, 153, 153, 153
L 1246, 1547, -262, 1246, 1547, -262, 153, 153, 153
L 1204, 1547, -262, 1204, 1547, -262, 153, 153, 153
L 1164, 1547, -262, 1164, 1547, -262, 153, 153, 153
L 1122, 1547, -262, 1055, 1552, -264, 153, 153, 153
L 1055, 1552, -264, 1054, 1534, -264, 153, 153, 153
L 1054, 1534, -264, 999, 1479, -264, 153, 153, 153
L 999, 1479, -264, 944, 1479, -264, 153, 153, 153
L 944, 1479, -264, 889, 1534, -264, 153, 153, 153
L 889, 1534, -264, 889, 1550, -264, 153, 153, 153
L 889, 1550, -264, 579, 1550, -263, 153, 153, 153
L 579, 1550, -263, 390, 1548, -262, 153, 153, 153
L 390, 1548, -262, 180, 1547, -262, 153, 153, 153
L 180, 1547, -262, 139, 1548, -262, 153, 153, 153
L 139, 1548, -262, 56, 1547, -262, 153, 153, 153
L 56, 1547, -262, -485, 1548, -262, 153, 153, 153
L -485, 1548, -262, -523, 1531, -262, 153, 153, 153
L -523, 1531, -262, -597, 1458, -262, 153, 153, 153
L -597, 1458, -262, -615, 1418, -262, 153, 153, 153
L -615, 1418, -262, -616, 1309, -262, 153, 153, 153
L -616, 1309, -262, -615, 1251, -262, 153, 153, 153
L -615, 1251, -262, -615, 603, -262, 153, 153, 153
L -615, 603, -262, -598, 532, -262, 153, 153, 153
L -598, 532, -262, -535, 471, -262, 153, 153, 153
L -535, 471, -262, -528, 463, -262, 153, 153, 153
L -528, 463, -262, -483, 439, -262, 153, 153, 153
L -483, 439, -262, -476, 439, -262, 153, 153, 153
L -476, 439, -262, -459, 430, -264, 153, 153, 153
L -459, 430, -264, -271, 434, -264, 153, 153, 153
L -271, 434, -264, -272, 447, -259, 153, 153, 153
L -272, 447, -259, -256, 446, -264, 153, 153, 153
L -256, 446, -264, -257, 460, -264, 153, 153, 153
L -257, 460, -264, -263, 459, -263, 153, 153, 153
L -263, 459, -263, -266, 479, -262, 153, 153, 153
L -266, 479, -262, -236, 479, -262, 153, 153, 153
L -236, 479, -262, -236, 459, -261, 153, 153, 153
L -236, 459, -261, -244, 459, -264, 153, 153, 153
L -244, 459, -264, -244, 446, -264, 153, 153, 153
L -244, 446, -264, -192, 446, -264, 153, 153, 153
L -192, 446, -264, -189, 460, -264, 153, 153, 153
L -189, 460, -264, -191, 460, -264, 153, 153, 153
L -191, 460, -264, -191, 671, -264, 153, 153, 153
L -191, 671, -264, -103, 671, -264, 153, 153, 153
L -103, 671, -264, -89, 672, -264, 153, 153, 153
L -89, 672, -264, -90, 829, -264, 153, 153, 153
L -90, 829, -264, -12, 895, -264, 153, 153, 153
L -12, 895, -264, 174, 895, -264, 153, 153, 153
L 174, 895, -264, 283, 829, -264, 153, 153, 153
L 283, 829, -264, 283, 634, -264, 153, 153, 153
L 283, 634, -264, 172, 523, -264, 153, 153, 153
L 172, 523, -264, 102, 524, -264, 153, 153, 153
L 102, 524, -264, 102, 321, -264, 153, 153, 153
L 102, 321, -264, 112, 322, -259, 153, 153, 153
L 112, 322, -259, 114, 309, -264, 153, 153, 153
L 114, 309, -264, 180, 308, -264, 153, 153, 153
L 180, 308, -264, 180, 322, -264, 153, 153, 153
L 180, 322, -264, 171, 321, -261, 153, 153, 153
L 171, 321, -261, 171, 335, -264, 153, 153, 153
L 171, 335, -264, 201, 341, -262, 153, 153, 153
L 201, 341, -262, 201, 322, -264, 153, 153, 153
L 201, 322, -264, 190, 322, -264, 153, 153, 153
L 190, 322, -264, 191, 308, -264, 153, 153, 153
L 191, 308, -264, 259, 309, -264, 153, 153, 153
L 259, 309, -264, 259, 207, -264, 153, 153, 153
L 259, 207, -264, 256, 206, -264, 153, 153, 153
L 256, 206, -264, 258, 193, -264, 153, 153, 153
L 258, 193, -264, 260, 193, -263, 153, 153, 153
L 260, 193, -263, 271, 182, -264, 153, 153, 153
L 271, 182, -264, 378, 181, -264, 153, 153, 153
L 378, 181, -264, 386, 79, -264, 153, 153, 153
L 386, 79, -264, 388, 65, -264, 153, 153, 153
L 388, 65, -264, 530, 65, -264, 153, 153, 153
L 530, 65, -264, 529, 79, -264, 153, 153, 153
L 529, 79, -264, 520, 78, -264, 153, 153, 153
L 520, 78, -264, 519, 98, -262, 153, 153, 153
L 519, 98, -262, 549, 98, -262, 153, 153, 153
L 549, 98, -262, 549, 78, -261, 153, 153, 153
L 549, 78, -261, 542, 78, -264, 153, 153, 153
L 542, 78, -264, 539, 65, -264, 153, 153, 153
L 539, 65, -264, 682, 66, -264, 153, 153, 153
L 682, 66, -264, 682, 68, -264, 153, 153, 153
L 682, 68, -264, 685, 74, -264, 153, 153, 153
L 685, 74, -264, 684, 88, -264, 153, 153, 153
L 684, 88, -264, 674, 87, -262, 153, 153, 153
L 674, 87, -262, 673, 107, -262, 153, 153, 153
L 673, 107, -262, 703, 107, -262, 153, 153, 153
L 703, 107, -262, 703, 88, -264, 153, 153, 153
L 703, 88, -264, 691, 88, -264, 153, 153, 153
L 691, 88, -264, 693, 74, -264, 153, 153, 153
L 693, 74, -264, 695, 74, -264, 153, 153, 153
L 695, 74, -264, 695, 7, -264, 153, 153, 153
L 695, 7, -264, 696, -7, -264, 153, 153, 153
L 696, -7, -264, 729, -5, -257, 153, 153, 153
L 729, -5, -257, 728, -27, -264, 153, 153, 153
L 728, -27, -264, 817, -26, -264, 153, 153, 153
L 1688, 420, -2649, 1688, 420, -264, 153, 153, 153
L 1688, 420, -264, 1894, 417, -264, 153, 153, 153
L 1894, 417, -264, 1927, 413, -262, 153, 153, 153
L 1927, 413, -262, 1969, 437, -264, 153, 153, 153
L 1969, 437, -264, 1975, 443, -264, 153, 153, 153
L 1975, 443, -264, 2043, 509, -262, 153, 153, 153
L 2043, 509, -262, 2062, 526, -262, 153, 153, 153
L 2062, 526, -262, 2081, 560, -262, 153, 153, 153
L 2081, 560, -262, 2084, 607, -262, 153, 153, 153
L 2084, 607, -262, 2084, 1417, -262, 153, 153, 153
L 2084, 1417, -262, 2070, 1451, -262, 153, 153, 153
L 2070, 1451, -262, 2040, 1483, -262, 153, 153, 153
L 2040, 1483, -262, 1970, 1554, -262, 153, 153, 153
L 1970, 1554, -262, 1932, 1573, -262, 153, 153, 153
L 1932, 1573, -262, 1901, 1574, -262, 153, 153, 153
L 1901, 1574, -262, 1530, 1575, -262, 153, 153, 153
L 1530, 1575, -262, 1113, 1574, -262, 153, 153, 153
L 1113, 1574, -262, 1053, 1574, -264, 153, 153, 153
L 1053, 1574, -264, 1054, 1589, -264, 153, 153, 153
L 1054, 1589, -264, 999, 1644, -264, 153, 153, 153
L 999, 1644, -264, 986, 1643, -264, 153, 153, 153
L 986, 1643, -264, 980, 1743, -264, 153, 153, 153
L 1136, 77, -2593, 1137, 77, -260, 153, 153, 153
L 1137, 77, -260, 1178, 76, -260, 153, 153, 153
L 1178, 76, -260, 1181, -16, -260, 153, 153, 153
L 1181, -16, -260, 998, -18, -260, 153, 153, 153
L 998, -18, -260, 1000, 77, -260, 153, 153, 153
L 1000, 77, -260, 1041, 77, -260, 153, 153, 153
L 1041, 77, -260, 1042, 90, -264, 153, 153, 153
L 1042, 90, -264, 1059, 93, -264, 153, 153, 153
L 1059, 93, -264, 1061, 77, -257, 153, 153, 153
L 1061, 77, -257, 1075, 78, -257, 153, 153, 153
L 1075, 78, -257, 1076, 64, -257, 153, 153, 153
L 1076, 64, -257, 1009, 65, -253, 153, 153, 153
L 1009, 65, -253, 1009, 3, -252, 153, 153, 153
L 1009, 3, -252, 1055, 3, -253, 153, 153, 153
L 1055, 3, -253, 1169, 3, -253, 153, 153, 153
L 1169, 3, -253, 1169, 65, -252, 153, 153, 153
L 1169, 65, -252, 1102, 64, -257, 153, 153, 153
L 1102, 64, -257, 1101, 78, -257, 153, 153, 153
L 1101, 78, -257, 1110, 77, -257, 153, 153, 153
L 1110, 77, -257, 1117, 92, -264, 153, 153, 153
L 1117, 92, -264, 1134, 92, -264, 153, 153, 153
L 1134, 92, -264, 1137, 77, -260, 153, 153, 153
L 1137, 77, -260, 1165, 77, -260, 153, 153, 153
L 910, 183, -2609, 910, 183, -260, 153, 153, 153
L 910, 183, -260, 909, 94, -260, 153, 153, 153
L 909, 94, -260, 851, 93, -260, 153, 153, 153
L 851, 93, -260, 850, 451, -260, 153, 153, 153
L 850, 451, -260, 910, 451, -261, 153, 153, 153
L 910, 451, -261, 910, 376, -260, 153, 153, 153
L 910, 376, -260, 912, 367, -260, 153, 153, 153
L 912, 367, -260, 944, 366, -260, 153, 153, 153
L 944, 366, -260, 947, 323, -260, 153, 153, 153
L 947, 323, -260, 962, 321, -264, 153, 153, 153
L 962, 321, -264, 963, 304, -264, 153, 153, 153
L 963, 304, -264, 947, 303, -257, 153, 153, 153
L 947, 303, -257, 948, 287, -257, 153, 153, 153
L 948, 287, -257, 934, 289, -257, 153, 153, 153
L 934, 289, -257, 935, 355, -251, 153, 153, 153
L 935, 355, -251, 901, 356, -257, 153, 153, 153
L 901, 356, -257, 898, 415, -248, 153, 153, 153
L 898, 415, -248, 862, 413, -253, 153, 153, 153
L 862, 413, -253, 862, 129, -248, 153, 153, 153
L 862, 129, -248, 898, 131, -252, 153, 153, 153
L 898, 131, -252, 899, 193, -257, 153, 153, 153
L 899, 193, -257, 935, 195, -251, 153, 153, 153
L 935, 195, -251, 934, 261, -257, 153, 153, 153
L 934, 261, -257, 948, 262, -257, 153, 153, 153
L 948, 262, -257, 947, 247, -257, 153, 153, 153
L 947, 247, -257, 961, 248, -264, 153, 153, 153
L 961, 248, -264, 962, 230, -264, 153, 153, 153
L 962, 230, -264, 947, 227, -260, 153, 153, 153
L 947, 227, -260, 947, 187, -260, 153, 153, 153
L 947, 187, -260, 910, 183, -260, 153, 153, 153
L 1331, -6, -2649, 1331, -6, -264, 153, 153, 153
L 1331, -6, -264, 1428, -5, -264, 153, 153, 153
L 1428, -5, -264, 1427, 17, -259, 153, 153, 153
L 1427, 17, -259, 1460, 16, -264, 153, 153, 153
L 1460, 16, -264, 1461, 215, -264, 153, 153, 153
L 1461, 215, -264, 1475, 215, -264, 153, 153, 153
L 1475, 215, -264, 1474, 209, -264, 153, 153, 153
L 1474, 209, -264, 1522, 209, -264, 153, 153, 153
L 1522, 209, -264, 1536, 211, -264, 153, 153, 153
L 1536, 211, -264, 1535, 216, -264, 153, 153, 153
L 1535, 216, -264, 1552, 233, -264, 153, 153, 153
L 1552, 233, -264, 1564, 233, -264, 153, 153, 153
L 1564, 233, -264, 1581, 216, -264, 153, 153, 153
L 1581, 216, -264, 1580, 211, -264, 153, 153, 153
L 1580, 211, -264, 1642, 210, -264, 153, 153, 153
L 1642, 210, -264, 1642, 300, -264, 153, 153, 153
L 1642, 300, -264, 1628, 301, -264, 153, 153, 153
L 1628, 301, -264, 1629, 291, -262, 153, 153, 153
L 1629, 291, -262, 1609, 291, -262, 153, 153, 153
L 1609, 291, -262, 1609, 321, -262, 153, 153, 153
L 1609, 321, -262, 1628, 321, -263, 153, 153, 153
L 1628, 321, -263, 1628, 312, -264, 153, 153, 153
L 1628, 312, -264, 1642, 312, -264, 153, 153, 153
L 1642, 312, -264, 1640, 401, -264, 153, 153, 153
L 1640, 401, -264, 1607, 400, -257, 153, 153, 153
L 1607, 400, -257, 1607, 457, -259, 153, 153, 153
L 1607, 457, -259, 1642, 456, -264, 153, 153, 153
L 1642, 456, -264, 1642, 470, -264, 153, 153, 153
L 1642, 470, -264, 1634, 469, -263, 153, 153, 153
L 1634, 469, -263, 1633, 489, -262, 153, 153, 153
L 1633, 489, -262, 1663, 489, -262, 153, 153, 153
L 1663, 489, -262, 1663, 469, -263, 153, 153, 153
L 1663, 469, -263, 1654, 470, -264, 153, 153, 153
L 1654, 470, -264, 1655, 456, -264, 153, 153, 153
L 1655, 456, -264, 1689, 457, -259, 153, 153, 153
L 1689, 457, -259, 1688, 436, -264, 153, 153, 153
L 1688, 436, -264, 1688, 435, -264, 153, 153, 153
L 1688, 420, -2649, 1688, 420, -264, 153, 153, 153
L 1688, 420, -264, 1689, 400, -259, 153, 153, 153
L 1689, 400, -259, 1655, 401, -264, 153, 153, 153
L 1655, 401, -264, 1655, 189, -264, 153, 153, 153
L 1655, 189, -264, 1641, 189, -264, 153, 153, 153
L 1641, 189, -264, 1642, 195, -264, 153, 153, 153
L 1642, 195, -264, 1580, 194, -264, 153, 153, 153
L 1580, 194, -264, 1581, 188, -264, 153, 153, 153
L 1581, 188, -264, 1564, 171, -264, 153, 153, 153
L 1564, 171, -264, 1552, 171, -264, 153, 153, 153
L 1552, 171, -264, 1535, 188, -264, 153, 153, 153
L 1535, 188, -264, 1536, 194, -264, 153, 153, 153
L 1536, 194, -264, 1474, 195, -264, 153, 153, 153
L 1474, 195, -264, 1474, 108, -264, 153, 153, 153
L 1474, 108, -264, 1488, 108, -264, 153, 153, 153
L 1488, 108, -264, 1487, 116, -262, 153, 153, 153
L 1487, 116, -262, 1508, 116, -262, 153, 153, 153
L 1508, 116, -262, 1508, 86, -262, 153, 153, 153
L 1508, 86, -262, 1488, 86, -264, 153, 153, 153
L 1488, 86, -264, 1488, 94, -264, 153, 153, 153
L 1488, 94, -264, 1474, 94, -264, 153, 153, 153
L 1474, 94, -264, 1475, 16, -264, 153, 153, 153
L 1475, 16, -264, 1509, 17, -259, 153, 153, 153
L 1509, 17, -259, 1509, -39, -259, 153, 153, 153
L 1509, -39, -259, 1472, -38, -264, 153, 153, 153
L 1472, -38, -264, 1475, -52, -264, 153, 153, 153
L 1475, -52, -264, 1483, -51, -261, 153, 153, 153
L 1483, -51, -261, 1483, -71, -262, 153, 153, 153
L 1483, -71, -262, 1453, -71, -262, 153, 153, 153
L 1453, -71, -262, 1453, -52, -263, 153, 153, 153
L 1453, -52, -263, 1461, -51, -264, 153, 153, 153
L 1461, -51, -264, 1461, -38, -264, 153, 153, 153
L 1461, -38, -264, 1427, -39, -259, 153, 153, 153
L 1427, -39, -259, 1428, -19, -264, 153, 153, 153
L 1428, -19, -264, 1331, -19, -264, 153, 153, 153
P 931, -158, 0, 255, 255, 255, 2, Top_of_Ramp
P 1135, 208, 0, 255, 255, 255, 2, Bottom_of_Ramp
P 753, 1710, 0, 255, 255, 0, 2, Twilight_Zone
P 730, -671, 0, 255, 255, 0, 2, Tenebrous_Mtns
P 1050, 50, 0, 255, 255, 0, 2, Bank
P 545, -645, 0, 255, 255, 255, 2, Succor_Point
