L -1146, 102, 3486, -1146, 102, 348, 153, 153, 153
L -1146, 102, 348, -760, 102, 348, 153, 153, 153
L -760, 102, 348, -751, 92, 348, 153, 153, 153
L -751, 92, 348, -751, -87, 348, 153, 153, 153
L -751, -87, 348, -759, -97, 348, 153, 153, 153
L -759, -97, 348, -760, -117, 343, 153, 153, 153
L -760, -117, 343, -751, -126, 341, 153, 153, 153
L -751, -126, 341, -749, -141, 340, 153, 153, 153
L -749, -141, 340, -705, -227, 323, 153, 153, 153
L -705, -227, 323, -569, -228, 323, 153, 153, 153
L -569, -228, 323, -551, -246, 323, 153, 153, 153
L -551, -246, 323, -551, -339, 327, 153, 153, 153
L -551, -339, 327, -561, -348, 327, 153, 153, 153
L -561, -348, 327, -585, -348, 327, 153, 153, 153
L -585, -348, 327, -595, -358, 327, 153, 153, 153
L -595, -358, 327, -595, -391, 327, 153, 153, 153
L -595, -391, 327, -586, -401, 327, 153, 153, 153
L -586, -401, 327, -560, -402, 327, 153, 153, 153
L -560, -402, 327, -551, -411, 327, 153, 153, 153
L -551, -411, 327, -551, -502, 323, 153, 153, 153
L -551, -502, 323, -566, -519, 323, 153, 153, 153
L -566, -519, 323, -703, -523, 323, 153, 153, 153
L -703, -523, 323, -749, -611, 339, 153, 153, 153
L -749, -611, 339, -751, -619, 342, 153, 153, 153
L -751, -619, 342, -763, -630, 343, 153, 153, 153
L -763, -630, 343, -757, -648, 348, 153, 153, 153
L -757, -648, 348, -752, -650, 348, 153, 153, 153
L -752, -650, 348, -680, -722, 348, 153, 153, 153
L -680, -722, 348, -676, -801, 348, 153, 153, 153
L -676, -801, 348, -686, -814, 348, 153, 153, 153
L -686, -814, 348, -892, -822, 348, 153, 153, 153
L -892, -822, 348, -910, -806, 348, 153, 153, 153
L -910, -806, 348, -911, -734, 348, 153, 153, 153
L -911, -734, 348, -832, -647, 348, 153, 153, 153
L -832, -647, 348, -828, -647, 348, 153, 153, 153
L -828, -647, 348, -826, -630, 343, 153, 153, 153
L -826, -630, 343, -836, -618, 342, 153, 153, 153
L -836, -618, 342, -882, -523, 323, 153, 153, 153
L -882, -523, 323, -1018, -523, 323, 153, 153, 153
L -1018, -523, 323, -1036, -504, 323, 153, 153, 153
L -1036, -504, 323, -1036, -411, 325, 153, 153, 153
L -1036, -411, 325, -1028, -402, 325, 153, 153, 153
L -1028, -402, 325, -1004, -402, 325, 153, 153, 153
L -1004, -402, 325, -992, -392, 325, 153, 153, 153
L -992, -392, 325, -992, -358, 325, 153, 153, 153
L -992, -358, 325, -999, -351, 325, 153, 153, 153
L -999, -351, 325, -1028, -347, 325, 153, 153, 153
L -1028, -347, 325, -1036, -338, 325, 153, 153, 153
L -1036, -338, 325, -1036, -246, 323, 153, 153, 153
L -1036, -246, 323, -1018, -227, 323, 153, 153, 153
L -1018, -227, 323, -884, -227, 323, 153, 153, 153
L -884, -227, 323, -837, -138, 339, 153, 153, 153
L -837, -138, 339, -835, -125, 343, 153, 153, 153
L -835, -125, 343, -828, -118, 343, 153, 153, 153
L -828, -118, 343, -826, -114, 343, 153, 153, 153
L -826, -114, 343, -827, -98, 343, 153, 153, 153
L -827, -98, 343, -836, -89, 348, 153, 153, 153
L -836, -89, 348, -836, 8, 348, 153, 153, 153
L -836, 8, 348, -844, 16, 348, 153, 153, 153
L -844, 16, 348, -1154, 16, 348, 153, 153, 153
L -827, -394, 3236, -827, -394, 323, 153, 153, 153
L -827, -394, 323, -817, -407, 323, 153, 153, 153
L -817, -407, 323, -772, -408, 323, 153, 153, 153
L -772, -408, 323, -762, -397, 323, 153, 153, 153
L -762, -397, 323, -761, -354, 323, 153, 153, 153
L -761, -354, 323, -771, -344, 323, 153, 153, 153
L -771, -344, 323, -816, -342, 323, 153, 153, 153
L -816, -342, 323, -826, -351, 323, 153, 153, 153
L -826, -351, 323, -827, -396, 323, 153, 153, 153
L -806, -718, 3436, -806, -718, 343, 153, 153, 153
L -806, -718, 343, -816, -728, 343, 153, 153, 153
L -816, -728, 343, -816, -750, 343, 153, 153, 153
L -816, -750, 343, -806, -763, 343, 153, 153, 153
L -806, -763, 343, -780, -763, 343, 153, 153, 153
L -780, -763, 343, -771, -754, 343, 153, 153, 153
L -771, -754, 343, -770, -730, 343, 153, 153, 153
L -770, -730, 343, -782, -717, 343, 153, 153, 153
L -782, -717, 343, -806, -717, 343, 153, 153, 153
L -1152, -1202, 37, -1152, -1202, 3, 153, 153, 153
L -1152, -1202, 3, -1152, -1283, 3, 153, 153, 153
L -1152, -1283, 3, -1165, -1287, 3, 153, 153, 153
L -1165, -1287, 3, -1167, -1295, 3, 153, 153, 153
L -1167, -1295, 3, -1161, -1301, 3, 153, 153, 153
L -1161, -1301, 3, -1030, -1303, 3, 153, 153, 153
L -1030, -1303, 3, -1012, -1320, 3, 153, 153, 153
L -1012, -1320, 3, -1012, -1430, 3, 153, 153, 153
L -1012, -1430, 3, -987, -1456, 3, 153, 153, 153
L -987, -1456, 3, -987, -1524, 3, 153, 153, 153
L -987, -1524, 3, -1011, -1548, 3, 153, 153, 153
L -1011, -1548, 3, -1012, -1658, 3, 153, 153, 153
L -1012, -1658, 3, -1022, -1669, 3, 153, 153, 153
L -1022, -1669, 3, -1158, -1677, 3, 153, 153, 153
L -1158, -1677, 3, -1162, -1709, 3, 153, 153, 153
L -1162, -1709, 3, -1167, -1714, 3, 153, 153, 153
L -1167, -1714, 3, -1167, -1721, 3, 153, 153, 153
L -1167, -1721, 3, -1166, -1736, 3, 153, 153, 153
L -1166, -1736, 3, -1162, -1740, 3, 153, 153, 153
L -1162, -1740, 3, -1162, -1805, 3, 153, 153, 153
L -1162, -1805, 3, -1012, -1807, 3, 153, 153, 153
L -1012, -1807, 3, -1012, -2037, 3, 153, 153, 153
L -1012, -2037, 3, -1102, -2038, 3, 153, 153, 153
L -1102, -2038, 3, -1110, -2047, 3, 153, 153, 153
L -1110, -2047, 3, -1112, -2162, 3, 153, 153, 153
L -1112, -2162, 3, -1292, -2162, 3, 153, 153, 153
L -1292, -2162, 3, -1292, -1918, 4, 153, 153, 153
L -1292, -1918, 4, -1280, -1906, 5, 153, 153, 153
L -1280, -1906, 5, -1112, -1906, 3, 153, 153, 153
L -1112, -1906, 3, -1110, -1952, 3, 153, 153, 153
L -1110, -1952, 3, -1101, -1961, 3, 153, 153, 153
L -1101, -1961, 3, -1089, -1961, 3, 153, 153, 153
L -1089, -1961, 3, -1087, -1884, 3, 153, 153, 153
L -1087, -1884, 3, -1302, -1882, 3, 153, 153, 153
L -1302, -1882, 3, -1310, -1877, 3, 153, 153, 153
L -1310, -1877, 3, -1313, -1880, 3, 153, 153, 153
L -1313, -1880, 3, -1317, -1889, 3, 153, 153, 153
L -1317, -1889, 3, -1317, -2012, -16, 153, 153, 153
L -1317, -2012, -16, -1338, -2034, -16, 153, 153, 153
L -1338, -2034, -16, -1520, -2036, -36, 153, 153, 153
L -1520, -2036, -36, -1542, -2013, -36, 153, 153, 153
L -1542, -2013, -36, -1543, -1892, -56, 153, 153, 153
L -1543, -1892, -56, -1563, -1873, -56, 153, 153, 153
L -1563, -1873, -56, -1605, -1872, -56, 153, 153, 153
L -1605, -1872, -56, -1629, -1877, -56, 153, 153, 153
L -1629, -1877, -56, -1632, -1873, -56, 153, 153, 153
L -1632, -1873, -56, -1652, -1872, -56, 153, 153, 153
L -1652, -1872, -56, -1691, -1898, -56, 153, 153, 153
L -1691, -1898, -56, -1693, -1945, -56, 153, 153, 153
L -1693, -1945, -56, -1731, -1982, -56, 153, 153, 153
L -1731, -1982, -56, -1814, -2009, -54, 153, 153, 153
L -1814, -2009, -54, -1883, -2017, -56, 153, 153, 153
L -1883, -2017, -56, -1898, -2007, -56, 153, 153, 153
L -1898, -2007, -56, -1963, -1989, -56, 153, 153, 153
L -1963, -1989, -56, -1997, -1968, -56, 153, 153, 153
L -1997, -1968, -56, -2016, -1949, -56, 153, 153, 153
L -2016, -1949, -56, -2020, -1930, -56, 153, 153, 153
L -2020, -1930, -56, -2017, -1769, -54, 153, 153, 153
L -2017, -1769, -54, -2020, -1751, -56, 153, 153, 153
L -2020, -1751, -56, -2016, -1729, -56, 153, 153, 153
L -2016, -1729, -56, -1999, -1713, -56, 153, 153, 153
L -1999, -1713, -56, -1970, -1693, -56, 153, 153, 153
L -1970, -1693, -56, -1902, -1672, -53, 153, 153, 153
L -1902, -1672, -53, -1888, -1662, -56, 153, 153, 153
L -1888, -1662, -56, -1816, -1666, -56, 153, 153, 153
L -1816, -1666, -56, -1808, -1672, -53, 153, 153, 153
L -1808, -1672, -53, -1748, -1688, -56, 153, 153, 153
L -1748, -1688, -56, -1730, -1697, -56, 153, 153, 153
L -1730, -1697, -56, -1692, -1735, -56, 153, 153, 153
L -1692, -1735, -56, -1691, -1780, -56, 153, 153, 153
L -1691, -1780, -56, -1666, -1798, -56, 153, 153, 153
L -1666, -1798, -56, -1655, -1807, -56, 153, 153, 153
L -1655, -1807, -56, -1636, -1807, -56, 153, 153, 153
L -1636, -1807, -56, -1628, -1802, -56, 153, 153, 153
L -1628, -1802, -56, -1605, -1806, -56, 153, 153, 153
L -1605, -1806, -56, -1502, -1807, -56, 153, 153, 153
L -1502, -1807, -56, -1477, -1831, -56, 153, 153, 153
L -1477, -1831, -56, -1477, -1948, -36, 153, 153, 153
L -1477, -1948, -36, -1456, -1971, -36, 153, 153, 153
L -1456, -1971, -36, -1403, -1971, -16, 153, 153, 153
L -1403, -1971, -16, -1382, -1949, -15, 153, 153, 153
L -1382, -1949, -15, -1382, -1899, 3, 153, 153, 153
L -1382, -1899, 3, -1382, -1884, 3, 153, 153, 153
L -1382, -1884, 3, -1387, -1878, 3, 153, 153, 153
L -1387, -1878, 3, -1387, -1774, 3, 153, 153, 153
L -1387, -1774, 3, -1647, -1772, 3, 153, 153, 153
L -1647, -1772, 3, -1647, -1675, 3, 153, 153, 153
L -1647, -1675, 3, -1642, -1658, 3, 153, 153, 153
L -1642, -1658, 3, -1642, -1645, 3, 153, 153, 153
L -1642, -1645, 3, -1664, -1637, 3, 153, 153, 153
L -1664, -1637, 3, -1654, -1612, 4, 153, 153, 153
L -1654, -1612, 4, -1644, -1603, 3, 153, 153, 153
L -1644, -1603, 3, -1642, -1590, 4, 153, 153, 153
L -1642, -1590, 4, -1652, -1579, 4, 153, 153, 153
L -1652, -1579, 4, -1652, -1495, 3, 153, 153, 153
L -1652, -1495, 3, -1642, -1486, 3, 153, 153, 153
L -1642, -1486, 3, -1642, -1474, 3, 153, 153, 153
L -1642, -1474, 3, -1648, -1468, 3, 153, 153, 153
L -1648, -1468, 3, -1653, -1382, 3, 153, 153, 153
L -1653, -1382, 3, -1645, -1373, 3, 153, 153, 153
L -1645, -1373, 3, -1642, -1368, 3, 153, 153, 153
L -1642, -1368, 3, -1652, -1348, 3, 153, 153, 153
L -1652, -1348, 3, -1666, -1324, 3, 153, 153, 153
L -1666, -1324, 3, -1651, -1322, 3, 153, 153, 153
L -1651, -1322, 3, -1640, -1307, 3, 153, 153, 153
L -1640, -1307, 3, -1642, -1295, 3, 153, 153, 153
L -1642, -1295, 3, -1647, -1287, 3, 153, 153, 153
L -1647, -1287, 3, -1657, -1282, 4, 153, 153, 153
L -1657, -1282, 4, -1730, -1282, 3, 153, 153, 153
L -1730, -1282, 3, -1745, -1274, 3, 153, 153, 153
L -1745, -1274, 3, -1758, -1261, 3, 153, 153, 153
L -1758, -1261, 3, -1767, -1238, 3, 153, 153, 153
L -1767, -1238, 3, -1767, -1110, 3, 153, 153, 153
L -1767, -1110, 3, -1757, -1090, 3, 153, 153, 153
L -1757, -1090, 3, -1747, -1081, 3, 153, 153, 153
L -1747, -1081, 3, -1732, -1073, 3, 153, 153, 153
L -1732, -1073, 3, -1650, -1073, 3, 153, 153, 153
L -1650, -1073, 3, -1619, -1102, 3, 153, 153, 153
L -1619, -1102, 3, -1577, -1125, 3, 153, 153, 153
L -1577, -1125, 3, -1572, -1130, 3, 153, 153, 153
L -1572, -1130, 3, -1538, -1155, 3, 153, 153, 153
L -1538, -1155, 3, -1511, -1182, 3, 153, 153, 153
L -1511, -1182, 3, -1503, -1198, 3, 153, 153, 153
L -1503, -1198, 3, -1493, -1202, 3, 153, 153, 153
L -1493, -1202, 3, -1493, -1188, 1, 153, 153, 153
L -1493, -1188, 1, -1518, -1148, -6, 153, 153, 153
L -1518, -1148, -6, -1615, -1084, -26, 153, 153, 153
L -1615, -1084, -26, -1627, -1068, -26, 153, 153, 153
L -1627, -1068, -26, -1627, -1044, -26, 153, 153, 153
L -1627, -1044, -26, -1633, -1038, -26, 153, 153, 153
L -1633, -1038, -26, -1649, -1042, -26, 153, 153, 153
L -1649, -1042, -26, -1694, -1042, -26, 153, 153, 153
L -1694, -1042, -26, -1698, -1038, -26, 153, 153, 153
L -1698, -1038, -26, -1890, -1038, -35, 153, 153, 153
L -1890, -1038, -35, -1891, -1212, -35, 153, 153, 153
L -1891, -1212, -35, -1886, -1221, -35, 153, 153, 153
L -1886, -1221, -35, -1887, -1259, -35, 153, 153, 153
L -1887, -1259, -35, -1891, -1265, -35, 153, 153, 153
L -1891, -1265, -35, -1891, -1272, -37, 153, 153, 153
L -1757, -1598, -822, -1757, -1598, -82, 0, 0, 255
L -1757, -1598, -82, -1757, -1360, -70, 0, 0, 255
L -1757, -1360, -70, -1751, -1354, -69, 0, 0, 255
L -1751, -1354, -69, -1656, -1322, -64, 0, 0, 255
L -1656, -1322, -64, -1557, -1323, -89, 0, 0, 255
L -1557, -1323, -89, -1473, -1351, -141, 0, 0, 255
L -1473, -1351, -141, -1463, -1359, -146, 0, 0, 255
L -1463, -1359, -146, -1462, -1598, -75, 0, 0, 255
L -1462, -1598, -75, -1469, -1605, -71, 0, 0, 255
L -1469, -1605, -71, -1559, -1636, -59, 0, 0, 255
L -1559, -1636, -59, -1666, -1635, -111, 0, 0, 255
L -1666, -1635, -111, -1748, -1607, -145, 0, 0, 255
L -1748, -1607, -145, -1757, -1598, -145, 0, 0, 255
L -1788, -1441, -371, -1788, -1441, -37, 255, 0, 255
L -1788, -1441, -37, -1787, -1361, -37, 255, 0, 255
L -1787, -1361, -37, -1750, -1324, -37, 255, 0, 255
L -1750, -1324, -37, -1471, -1322, -37, 255, 0, 255
L -1471, -1322, -37, -1435, -1357, -37, 255, 0, 255
L -1435, -1357, -37, -1432, -1598, -37, 255, 0, 255
L -1432, -1598, -37, -1469, -1636, -37, 255, 0, 255
L -1469, -1636, -37, -1749, -1637, -37, 255, 0, 255
L -1749, -1637, -37, -1787, -1598, -37, 255, 0, 255
L -1787, -1598, -37, -1787, -1519, -37, 255, 0, 255
L -1787, -1519, -374, -1787, -1519, -37, 153, 153, 153
L -1787, -1519, -37, -1967, -1517, -37, 153, 153, 153
L -1967, -1517, -37, -1968, -1348, -36, 153, 153, 153
L -1968, -1348, -36, -2050, -1347, -37, 153, 153, 153
L -2050, -1347, -37, -2051, -1447, -37, 153, 153, 153
L -2051, -1447, -37, -2235, -1447, -36, 153, 153, 153
L -2235, -1447, -36, -2235, -1473, -37, 153, 153, 153
L -2235, -1473, -37, -2231, -1480, -37, 153, 153, 153
L -2231, -1480, -37, -2231, -1519, -37, 153, 153, 153
L -2231, -1519, -37, -2235, -1527, -37, 153, 153, 153
L -2235, -1527, -37, -2236, -1533, -36, 153, 153, 153
L -2236, -1533, -36, -2232, -1539, -36, 153, 153, 153
L -2232, -1539, -36, -2176, -1542, -36, 153, 153, 153
L -2176, -1542, -36, -2176, -1566, -35, 153, 153, 153
L -2176, -1566, -35, -2169, -1572, -36, 153, 153, 153
L -2169, -1572, -36, -2125, -1572, -36, 153, 153, 153
L -2125, -1572, -36, -2101, -1581, -36, 153, 153, 153
L -2101, -1581, -36, -2102, -1899, -36, 153, 153, 153
L -2102, -1899, -36, -2114, -1907, -36, 153, 153, 153
L -2114, -1907, -36, -2223, -1907, -36, 153, 153, 153
L -2223, -1907, -36, -2231, -1913, -36, 153, 153, 153
L -2231, -1913, -36, -2231, -1946, -40, 153, 153, 153
L -2231, -1946, -40, -2236, -1960, -43, 153, 153, 153
L -2236, -1960, -43, -2231, -1972, -45, 153, 153, 153
L -2231, -1972, -45, -2231, -2048, -53, 153, 153, 153
L -2231, -2048, -53, -2236, -2052, -54, 153, 153, 153
L -2236, -2052, -54, -2565, -2052, -101, 153, 153, 153
L -2565, -2052, -101, -2577, -2038, -101, 153, 153, 153
L -2577, -2038, -101, -2577, -1794, -147, 153, 153, 153
L -2501, -1792, -1482, -2501, -1792, -147, 153, 153, 153
L -2501, -1792, -147, -2501, -1970, -101, 153, 153, 153
L -2501, -1970, -101, -2495, -1976, -101, 153, 153, 153
L -2495, -1976, -101, -2310, -1973, -56, 153, 153, 153
L -2310, -1973, -56, -2305, -1969, -56, 153, 153, 153
L -2305, -1969, -56, -2307, -1952, -54, 153, 153, 153
L -2307, -1952, -54, -2307, -1914, -38, 153, 153, 153
L -2307, -1914, -38, -2313, -1907, -35, 153, 153, 153
L -2313, -1907, -35, -2426, -1907, -36, 153, 153, 153
L -2426, -1907, -36, -2437, -1899, -36, 153, 153, 153
L -2437, -1899, -36, -2437, -1581, -36, 153, 153, 153
L -2437, -1581, -36, -2426, -1572, -36, 153, 153, 153
L -2426, -1572, -36, -2369, -1572, -36, 153, 153, 153
L -2369, -1572, -36, -2364, -1567, -36, 153, 153, 153
L -2364, -1567, -36, -2362, -1543, -36, 153, 153, 153
L -2362, -1543, -36, -2314, -1542, -36, 153, 153, 153
L -2314, -1542, -36, -2302, -1534, -36, 153, 153, 153
L -2302, -1534, -36, -2307, -1523, -36, 153, 153, 153
L -2307, -1523, -36, -2307, -1476, -37, 153, 153, 153
L -2307, -1476, -37, -2304, -1472, -37, 153, 153, 153
L -2304, -1472, -37, -2302, -1450, -37, 153, 153, 153
L -2302, -1450, -37, -2307, -1447, -37, 153, 153, 153
L -2307, -1447, -37, -2485, -1447, -37, 153, 153, 153
L -2485, -1447, -37, -2487, -972, -37, 153, 153, 153
L -2487, -972, -37, -2118, -972, -36, 153, 153, 153
L -2118, -972, -36, -1697, -971, -25, 153, 153, 153
L -1697, -971, -25, -1686, -967, -25, 153, 153, 153
L -1686, -967, -25, -1645, -967, -26, 153, 153, 153
L -1645, -967, -26, -1640, -972, -26, 153, 153, 153
L -1640, -972, -26, -1630, -969, -26, 153, 153, 153
L -1630, -969, -26, -1627, -967, -26, 153, 153, 153
L -1627, -967, -26, -1546, -967, -26, 153, 153, 153
L -1546, -967, -26, -1532, -985, -26, 153, 153, 153
L -1532, -985, -26, -1531, -1051, -26, 153, 153, 153
L -1531, -1051, -26, -1523, -1059, -26, 153, 153, 153
L -1523, -1059, -26, -1493, -1071, -26, 153, 153, 153
L -1493, -1071, -26, -1446, -1116, -26, 153, 153, 153
L -1446, -1116, -26, -1406, -1190, 0, 153, 153, 153
L -1406, -1190, 0, -1394, -1245, 3, 153, 153, 153
L -1394, -1245, 3, -1400, -1261, 4, 153, 153, 153
L -1400, -1261, 4, -1415, -1275, 3, 153, 153, 153
L -1415, -1275, 3, -1431, -1282, 3, 153, 153, 153
L -1431, -1282, 3, -1570, -1282, 4, 153, 153, 153
L -1570, -1282, 4, -1573, -1290, 3, 153, 153, 153
L -1573, -1290, 3, -1577, -1297, 3, 153, 153, 153
L -1577, -1297, 3, -1577, -1313, 3, 153, 153, 153
L -1577, -1313, 3, -1565, -1327, 4, 153, 153, 153
L -1565, -1327, 4, -1568, -1344, 3, 153, 153, 153
L -1568, -1344, 3, -1577, -1360, 3, 153, 153, 153
L -1577, -1360, 3, -1577, -1368, 3, 153, 153, 153
L -1577, -1368, 3, -1567, -1380, 4, 153, 153, 153
L -1567, -1380, 4, -1567, -1464, 4, 153, 153, 153
L -1567, -1464, 4, -1577, -1475, 3, 153, 153, 153
L -1577, -1475, 3, -1569, -1496, 3, 153, 153, 153
L -1569, -1496, 3, -1566, -1574, 3, 153, 153, 153
L -1566, -1574, 3, -1577, -1590, 4, 153, 153, 153
L -1577, -1590, 4, -1577, -1600, 3, 153, 153, 153
L -1577, -1600, 3, -1565, -1612, 4, 153, 153, 153
L -1565, -1612, 4, -1553, -1637, 4, 153, 153, 153
L -1553, -1637, 4, -1571, -1637, 3, 153, 153, 153
L -1571, -1637, 3, -1577, -1651, 4, 153, 153, 153
L -1577, -1651, 4, -1570, -1696, 3, 153, 153, 153
L -1570, -1696, 3, -1312, -1697, 3, 153, 153, 153
L -1312, -1697, 3, -1312, -1805, 3, 153, 153, 153
L -1312, -1805, 3, -1237, -1805, 3, 153, 153, 153
L -1237, -1805, 3, -1237, -1740, 3, 153, 153, 153
L -1237, -1740, 3, -1232, -1731, 3, 153, 153, 153
L -1232, -1731, 3, -1237, -1705, 4, 153, 153, 153
L -1237, -1705, 4, -1237, -1680, 4, 153, 153, 153
L -1237, -1680, 4, -1367, -1677, 3, 153, 153, 153
L -1367, -1677, 3, -1386, -1659, 3, 153, 153, 153
L -1386, -1659, 3, -1387, -1552, 3, 153, 153, 153
L -1387, -1552, 3, -1412, -1522, 3, 153, 153, 153
L -1412, -1522, 3, -1412, -1455, 3, 153, 153, 153
L -1412, -1455, 3, -1387, -1428, 4, 153, 153, 153
L -1387, -1428, 4, -1386, -1319, 3, 153, 153, 153
L -1386, -1319, 3, -1370, -1303, 3, 153, 153, 153
L -1370, -1303, 3, -1239, -1302, 4, 153, 153, 153
L -1239, -1302, 4, -1236, -1299, 4, 153, 153, 153
L -1236, -1299, 4, -1232, -1291, 3, 153, 153, 153
L -1232, -1291, 3, -1247, -1283, 3, 153, 153, 153
L -1247, -1283, 3, -1247, -1202, 3, 153, 153, 153
L -1247, -1202, 3, -1152, -1202, 3, 153, 153, 153
L -1294, -1425, 43, -1294, -1425, 4, 153, 153, 153
L -1294, -1425, 4, -1303, -1454, 6, 153, 153, 153
L -1303, -1454, 6, -1303, -1527, 6, 153, 153, 153
L -1303, -1527, 6, -1293, -1545, 6, 153, 153, 153
L -1293, -1545, 6, -1262, -1581, 6, 153, 153, 153
L -1262, -1581, 6, -1237, -1591, 6, 153, 153, 153
L -1237, -1591, 6, -1163, -1592, 6, 153, 153, 153
L -1163, -1592, 6, -1145, -1587, 6, 153, 153, 153
L -1145, -1587, 6, -1108, -1552, 6, 153, 153, 153
L -1108, -1552, 6, -1099, -1532, 6, 153, 153, 153
L -1099, -1532, 6, -1097, -1454, 6, 153, 153, 153
L -1097, -1454, 6, -1107, -1431, 6, 153, 153, 153
L -1107, -1431, 6, -1133, -1403, 6, 153, 153, 153
L -1133, -1403, 6, -1161, -1387, 6, 153, 153, 153
L -1161, -1387, 6, -1238, -1387, 6, 153, 153, 153
L -1238, -1387, 6, -1260, -1395, 6, 153, 153, 153
L -1260, -1395, 6, -1293, -1425, 6, 153, 153, 153
L -2110, -1037, -359, -2110, -1037, -35, 153, 153, 153
L -2110, -1037, -35, -1967, -1039, -35, 153, 153, 153
L -1967, -1039, -35, -1967, -1217, -34, 153, 153, 153
L -1967, -1217, -34, -1972, -1222, -34, 153, 153, 153
L -1972, -1222, -34, -1971, -1260, -34, 153, 153, 153
L -1971, -1260, -34, -1968, -1263, -34, 153, 153, 153
L -1968, -1263, -34, -1970, -1272, -37, 153, 153, 153
L -1970, -1272, -367, -1970, -1272, -36, 255, 0, 0
L -1970, -1272, -36, -1891, -1272, -37, 255, 0, 0
L -1891, -1272, -371, -1891, -1272, -37, 153, 153, 153
L -1891, -1272, -37, -1891, -1441, -37, 153, 153, 153
L -1891, -1441, -37, -1789, -1442, -37, 153, 153, 153
L -1968, -1272, -371, -1968, -1272, -36, 153, 153, 153
L -1968, -1272, -36, -2127, -1272, -37, 153, 153, 153
L -2127, -1272, -37, -2128, -1372, -37, 153, 153, 153
L -2128, -1372, -37, -2410, -1371, -37, 153, 153, 153
L -2410, -1371, -37, -2411, -1039, -36, 153, 153, 153
L -2411, -1039, -36, -2108, -1037, -35, 153, 153, 153
L -2577, -1798, -1456, -2577, -1798, -145, 153, 153, 153
L -2577, -1798, -145, -2577, -1714, -151, 153, 153, 153
L -2577, -1714, -151, -2578, -1705, -153, 153, 153, 153
L -2578, -1705, -153, -2574, -1700, -153, 153, 153, 153
L -2574, -1700, -153, -2499, -1700, -153, 153, 153, 153
L -2499, -1700, -153, -2495, -1705, -152, 153, 153, 153
L -2495, -1705, -152, -2481, -1705, -153, 153, 153, 153
L -2500, -1796, -1464, -2500, -1796, -146, 153, 153, 153
L -2500, -1796, -146, -2500, -1779, -150, 153, 153, 153
L -2500, -1779, -150, -2494, -1773, -153, 153, 153, 153
L -2494, -1773, -153, -2481, -1773, -153, 153, 153, 153
L -2481, -1773, -1530, -2481, -1773, -153, 255, 0, 255
L -2481, -1773, -153, -2458, -1774, -152, 255, 0, 255
L -2458, -1774, -152, -2453, -1779, -152, 255, 0, 255
L -2453, -1779, -152, -2448, -1799, -153, 255, 0, 255
L -2448, -1799, -153, -2448, -1859, -156, 255, 0, 255
L -2448, -1859, -156, -2457, -1869, -157, 255, 0, 255
L -2457, -1869, -157, -2458, -1909, -162, 255, 0, 255
L -2458, -1909, -162, -2447, -1920, -163, 255, 0, 255
L -2447, -1920, -163, -2418, -1959, -162, 255, 0, 255
L -2418, -1959, -162, -2409, -1963, -162, 255, 0, 255
L -2409, -1963, -162, -2340, -1963, -162, 255, 0, 255
L -2340, -1963, -162, -2332, -1958, -162, 255, 0, 255
L -2332, -1958, -162, -2326, -1963, -163, 255, 0, 255
L -2326, -1963, -163, -2280, -1963, -162, 255, 0, 255
L -2280, -1963, -162, -2273, -1958, -162, 255, 0, 255
L -2273, -1958, -162, -2268, -1963, -163, 255, 0, 255
L -2268, -1963, -163, -2219, -1963, -162, 255, 0, 255
L -2219, -1963, -162, -2213, -1958, -162, 255, 0, 255
L -2213, -1958, -162, -2111, -1958, -165, 255, 0, 255
L -2111, -1958, -165, -2040, -1888, -190, 255, 0, 255
L -2040, -1888, -190, -2041, -1589, -202, 255, 0, 255
L -2041, -1589, -202, -2109, -1516, -202, 255, 0, 255
L -2109, -1516, -202, -2216, -1515, -162, 255, 0, 255
L -2216, -1515, -162, -2220, -1511, -163, 255, 0, 255
L -2220, -1511, -163, -2269, -1511, -162, 255, 0, 255
L -2269, -1511, -162, -2274, -1516, -162, 255, 0, 255
L -2274, -1516, -162, -2279, -1511, -163, 255, 0, 255
L -2279, -1511, -163, -2329, -1511, -162, 255, 0, 255
L -2329, -1511, -162, -2334, -1516, -163, 255, 0, 255
L -2334, -1516, -163, -2341, -1511, -163, 255, 0, 255
L -2341, -1511, -163, -2410, -1511, -162, 255, 0, 255
L -2410, -1511, -162, -2419, -1517, -162, 255, 0, 255
L -2419, -1517, -162, -2448, -1560, -163, 255, 0, 255
L -2448, -1560, -163, -2458, -1570, -163, 255, 0, 255
L -2458, -1570, -163, -2458, -1609, -163, 255, 0, 255
L -2458, -1609, -163, -2447, -1620, -161, 255, 0, 255
L -2447, -1620, -161, -2448, -1680, -153, 255, 0, 255
L -2448, -1680, -153, -2454, -1701, -152, 255, 0, 255
L -2454, -1701, -152, -2458, -1704, -152, 255, 0, 255
L -2458, -1704, -152, -2476, -1705, -153, 255, 0, 255
L -2476, -1705, -153, -2481, -1705, -153, 255, 0, 255
L -2215, -1818, -1630, -2215, -1818, -162, 255, 0, 255
L -2215, -1818, -162, -2259, -1833, -163, 255, 0, 255
L -2259, -1833, -163, -2260, -1846, -162, 255, 0, 255
L -2260, -1846, -162, -2216, -1860, -162, 255, 0, 255
L -2216, -1860, -162, -2215, -1870, -163, 255, 0, 255
L -2215, -1870, -163, -2151, -1890, -165, 255, 0, 255
L -2151, -1890, -165, -2132, -1890, -168, 255, 0, 255
L -2132, -1890, -168, -2107, -1863, -173, 255, 0, 255
L -2107, -1863, -173, -2108, -1615, -194, 255, 0, 255
L -2108, -1615, -194, -2132, -1590, -195, 255, 0, 255
L -2132, -1590, -195, -2155, -1588, -192, 255, 0, 255
L -2155, -1588, -192, -2215, -1609, -163, 255, 0, 255
L -2215, -1609, -163, -2215, -1619, -162, 255, 0, 255
L -2215, -1619, -162, -2260, -1634, -162, 255, 0, 255
L -2260, -1634, -162, -2260, -1645, -162, 255, 0, 255
L -2260, -1645, -162, -2215, -1660, -163, 255, 0, 255
L -2215, -1660, -1626, -2215, -1660, -163, 0, 255, 255
L -2215, -1660, -163, -2215, -1680, -162, 0, 255, 255
L -2215, -1680, -162, -2156, -1705, -162, 0, 255, 255
L -2156, -1705, -162, -2038, -1705, -162, 0, 255, 255
L -2038, -1705, -162, -2007, -1701, -163, 0, 255, 255
L -2007, -1701, -163, -1945, -1710, -162, 0, 255, 255
L -1945, -1710, -162, -1940, -1779, -162, 0, 255, 255
L -1940, -1779, -162, -1930, -1780, -161, 0, 255, 255
L -1930, -1780, -161, -1905, -1920, -162, 0, 255, 255
L -1905, -1920, -162, -1870, -1945, -161, 0, 255, 255
L -1870, -1945, -161, -1870, -2004, -161, 0, 255, 255
L -1870, -2004, -161, -1890, -2028, -162, 0, 255, 255
L -1890, -2028, -162, -1931, -2029, -162, 0, 255, 255
L -1931, -2029, -162, -1930, -2051, -162, 0, 255, 255
L -1930, -2051, -162, -1919, -2060, -161, 0, 255, 255
L -1919, -2060, -161, -1889, -2050, -162, 0, 255, 255
L -1889, -2050, -162, -1850, -2060, -162, 0, 255, 255
L -1850, -2060, -162, -1850, -2098, -162, 0, 255, 255
L -1850, -2098, -162, -1873, -2108, -161, 0, 255, 255
L -1873, -2108, -161, -1910, -2108, -161, 0, 255, 255
L -1910, -2108, -161, -1920, -2118, -163, 0, 255, 255
L -1920, -2118, -163, -1920, -2161, -162, 0, 255, 255
L -1920, -2161, -162, -1909, -2170, -162, 0, 255, 255
L -1909, -2170, -162, -1869, -2171, -162, 0, 255, 255
L -1869, -2171, -162, -1850, -2180, -162, 0, 255, 255
L -1850, -2180, -162, -1850, -2209, -162, 0, 255, 255
L -1850, -2209, -162, -1790, -2245, -162, 0, 255, 255
L -1790, -2245, -162, -1740, -2226, -162, 0, 255, 255
L -1740, -2226, -162, -1730, -2246, -161, 0, 255, 255
L -1730, -2246, -161, -1730, -2285, -161, 0, 255, 255
L -1730, -2285, -161, -1718, -2296, -162, 0, 255, 255
L -1718, -2296, -162, -1675, -2295, -163, 0, 255, 255
L -1675, -2295, -163, -1663, -2284, -161, 0, 255, 255
L -1663, -2284, -161, -1663, -2244, -161, 0, 255, 255
L -1663, -2244, -161, -1654, -2225, -161, 0, 255, 255
L -1654, -2225, -161, -1410, -2225, -161, 0, 255, 255
L -1410, -2225, -161, -1321, -2329, -162, 0, 255, 255
L -1321, -2329, -162, -1321, -2544, -161, 0, 255, 255
L -1321, -2544, -161, -1345, -2623, -161, 0, 255, 255
L -1345, -2623, -161, -1367, -2633, -162, 0, 255, 255
L -1367, -2633, -162, -1404, -2633, -161, 0, 255, 255
L -1404, -2633, -161, -1416, -2644, -163, 0, 255, 255
L -1416, -2644, -163, -1416, -2683, -163, 0, 255, 255
L -1416, -2683, -163, -1406, -2694, -163, 0, 255, 255
L -1406, -2694, -163, -1362, -2696, -162, 0, 255, 255
L -1362, -2696, -162, -1345, -2705, -162, 0, 255, 255
L -1345, -2705, -162, -1321, -2785, -162, 0, 255, 255
L -1321, -2785, -162, -1321, -2955, -161, 0, 255, 255
L -1321, -2955, -161, -1361, -3039, -162, 0, 255, 255
L -1361, -3039, -162, -1391, -3068, -161, 0, 255, 255
L -1391, -3068, -161, -1552, -3098, -162, 0, 255, 255
L -1552, -3098, -162, -1654, -3098, -162, 0, 255, 255
L -1654, -3098, -162, -1663, -3076, -161, 0, 255, 255
L -1663, -3076, -161, -1663, -3039, -162, 0, 255, 255
L -1663, -3039, -162, -1674, -3028, -162, 0, 255, 255
L -1674, -3028, -162, -1722, -3028, -162, 0, 255, 255
L -1722, -3028, -162, -1731, -3039, -162, 0, 255, 255
L -1731, -3039, -162, -1730, -3079, -162, 0, 255, 255
L -1730, -3079, -162, -1740, -3097, -162, 0, 255, 255
L -1740, -3097, -162, -1825, -3098, -161, 0, 255, 255
L -1825, -3098, -161, -1887, -3133, -162, 0, 255, 255
L -1887, -3133, -162, -2066, -3131, -161, 0, 255, 255
L -2066, -3131, -161, -2123, -3098, -161, 0, 255, 255
L -2123, -3098, -161, -2209, -3097, -162, 0, 255, 255
L -2209, -3097, -162, -2217, -3080, -161, 0, 255, 255
L -2217, -3080, -161, -2219, -3037, -162, 0, 255, 255
L -2219, -3037, -162, -2228, -3028, -162, 0, 255, 255
L -2228, -3028, -162, -2271, -3029, -162, 0, 255, 255
L -2271, -3029, -162, -2281, -3040, -161, 0, 255, 255
L -2281, -3040, -161, -2280, -3079, -161, 0, 255, 255
L -2280, -3079, -161, -2290, -3098, -162, 0, 255, 255
L -2290, -3098, -162, -2539, -3097, -161, 0, 255, 255
L -2539, -3097, -161, -2594, -3032, -162, 0, 255, 255
L -2594, -3032, -162, -2628, -2952, -162, 0, 255, 255
L -2628, -2952, -162, -2627, -2781, -162, 0, 255, 255
L -2627, -2781, -162, -2608, -2705, -162, 0, 255, 255
L -2608, -2705, -162, -2586, -2695, -162, 0, 255, 255
L -2586, -2695, -162, -2546, -2693, -162, 0, 255, 255
L -2546, -2693, -162, -2538, -2684, -162, 0, 255, 255
L -2538, -2684, -162, -2538, -2643, -163, 0, 255, 255
L -2538, -2643, -163, -2550, -2632, -162, 0, 255, 255
L -2550, -2632, -162, -2590, -2632, -162, 0, 255, 255
L -2590, -2632, -162, -2608, -2623, -161, 0, 255, 255
L -2608, -2623, -161, -2628, -2543, -161, 0, 255, 255
L -2628, -2543, -161, -2628, -2329, -162, 0, 255, 255
L -2628, -2329, -162, -2608, -2300, -162, 0, 255, 255
L -2608, -2300, -162, -2538, -2225, -161, 0, 255, 255
L -2538, -2225, -161, -2290, -2225, -162, 0, 255, 255
L -2290, -2225, -162, -2280, -2283, -162, 0, 255, 255
L -2280, -2283, -162, -2270, -2294, -163, 0, 255, 255
L -2270, -2294, -163, -2227, -2295, -162, 0, 255, 255
L -2227, -2295, -162, -2218, -2283, -162, 0, 255, 255
L -2218, -2283, -162, -2218, -2244, -162, 0, 255, 255
L -2218, -2244, -162, -2209, -2226, -162, 0, 255, 255
L -2209, -2226, -162, -2158, -2246, -162, 0, 255, 255
L -2158, -2246, -162, -2098, -2209, -162, 0, 255, 255
L -2098, -2209, -162, -2098, -2180, -162, 0, 255, 255
L -2098, -2180, -162, -2075, -2170, -161, 0, 255, 255
L -2075, -2170, -161, -2040, -2170, -161, 0, 255, 255
L -2040, -2170, -161, -2028, -2160, -163, 0, 255, 255
L -2028, -2160, -163, -2029, -2118, -162, 0, 255, 255
L -2029, -2118, -162, -2040, -2107, -161, 0, 255, 255
L -2040, -2107, -161, -2080, -2108, -161, 0, 255, 255
L -2080, -2108, -161, -2098, -2099, -162, 0, 255, 255
L -2098, -2099, -162, -2098, -2060, -161, 0, 255, 255
L -2098, -2060, -161, -2059, -2051, -163, 0, 255, 255
L -2059, -2051, -163, -2030, -2060, -161, 0, 255, 255
L -2030, -2060, -161, -2018, -2049, -163, 0, 255, 255
L -2018, -2049, -163, -2019, -2027, -162, 0, 255, 255
L -2019, -2027, -162, -2049, -2028, -162, 0, 255, 255
L -2049, -2028, -162, -2068, -2004, -162, 0, 255, 255
L -2068, -2004, -162, -2066, -1943, -162, 0, 255, 255
L -2066, -1943, -162, -2033, -1919, -161, 0, 255, 255
L -2033, -1919, -161, -2008, -1780, -161, 0, 255, 255
L -2008, -1780, -161, -1999, -1780, -161, 0, 255, 255
L -1999, -1780, -161, -2010, -1767, -163, 0, 255, 255
L -2010, -1767, -163, -2039, -1773, -162, 0, 255, 255
L -2039, -1773, -162, -2156, -1774, -163, 0, 255, 255
L -2156, -1774, -163, -2215, -1798, -163, 0, 255, 255
L -2215, -1798, -163, -2215, -1818, -163, 0, 255, 255
L -1878, -2461, -2023, -1878, -2461, -202, 0, 0, 255
L -1878, -2461, -202, -1859, -2462, -195, 0, 0, 255
L -1859, -2462, -195, -1742, -2560, -189, 0, 0, 255
L -1742, -2560, -189, -1742, -2577, -189, 0, 0, 255
L -1742, -2577, -189, -1707, -2632, -190, 0, 0, 255
L -1707, -2632, -190, -1707, -2678, -194, 0, 0, 255
L -1707, -2678, -194, -1742, -2731, -189, 0, 0, 255
L -1742, -2731, -189, -1742, -2747, -189, 0, 0, 255
L -1742, -2747, -189, -1860, -2847, -189, 0, 0, 255
L -1860, -2847, -189, -1878, -2847, -189, 0, 0, 255
L -1878, -2847, -1897, -1878, -2847, -189, 153, 153, 153
L -1878, -2847, -189, -1906, -2781, -189, 153, 153, 153
L -1906, -2781, -189, -1861, -2781, -189, 153, 153, 153
L -1861, -2781, -189, -1808, -2731, -189, 153, 153, 153
L -1808, -2731, -189, -1807, -2682, -189, 153, 153, 153
L -1807, -2682, -189, -1771, -2680, -199, 153, 153, 153
L -1771, -2680, -199, -1774, -2627, -201, 153, 153, 153
L -1774, -2627, -201, -1807, -2627, -202, 153, 153, 153
L -1807, -2627, -202, -1807, -2580, -203, 153, 153, 153
L -1807, -2580, -203, -1857, -2528, -205, 153, 153, 153
L -1857, -2528, -205, -1906, -2527, -206, 153, 153, 153
L -1906, -2527, -206, -1878, -2461, -209, 153, 153, 153
L -2071, -2847, -2032, -2071, -2847, -203, 153, 153, 153
L -2071, -2847, -203, -2043, -2781, -189, 153, 153, 153
L -2043, -2781, -189, -2087, -2782, -189, 153, 153, 153
L -2087, -2782, -189, -2139, -2732, -189, 153, 153, 153
L -2139, -2732, -189, -2141, -2681, -189, 153, 153, 153
L -2141, -2681, -189, -2176, -2680, -213, 153, 153, 153
L -2176, -2680, -213, -2176, -2627, -213, 153, 153, 153
L -2176, -2627, -213, -2141, -2627, -213, 153, 153, 153
L -2141, -2627, -213, -2141, -2580, -213, 153, 153, 153
L -2141, -2580, -213, -2093, -2529, -213, 153, 153, 153
L -2093, -2529, -213, -2043, -2527, -213, 153, 153, 153
L -2043, -2527, -213, -2071, -2461, -213, 153, 153, 153
L -2071, -2461, -2138, -2071, -2461, -213, 0, 0, 255
L -2071, -2461, -213, -2086, -2461, -214, 0, 0, 255
L -2086, -2461, -214, -2207, -2560, -213, 0, 0, 255
L -2207, -2560, -213, -2207, -2577, -214, 0, 0, 255
L -2207, -2577, -214, -2242, -2630, -213, 0, 0, 255
L -2242, -2630, -213, -2242, -2678, -213, 0, 0, 255
L -2242, -2678, -213, -2208, -2726, -213, 0, 0, 255
L -2208, -2726, -213, -2207, -2748, -213, 0, 0, 255
L -2207, -2748, -213, -2088, -2847, -213, 0, 0, 255
L -2071, -2461, -1923, -2071, -2461, -192, 153, 153, 153
L -2071, -2461, -192, -1878, -2461, -180, 153, 153, 153
L -2071, -2847, -1837, -2071, -2847, -183, 0, 255, 255
L -2071, -2847, -183, -2031, -2864, -160, 0, 255, 255
L -2031, -2864, -160, -2023, -2867, -161, 0, 255, 255
L -2023, -2867, -161, -2022, -2873, -161, 0, 255, 255
L -2022, -2873, -161, -2022, -2890, -160, 0, 255, 255
L -2022, -2890, -160, -2037, -2905, -160, 0, 255, 255
L -2037, -2905, -160, -2041, -2906, -160, 0, 255, 255
L -2041, -2906, -160, -2065, -2871, -159, 0, 255, 255
L -2065, -2871, -159, -2208, -2871, -160, 0, 255, 255
L -2208, -2871, -160, -2217, -2896, -160, 0, 255, 255
L -2217, -2896, -160, -2217, -2929, -160, 0, 255, 255
L -2217, -2929, -160, -2227, -2940, -160, 0, 255, 255
L -2227, -2940, -160, -2273, -2939, -161, 0, 255, 255
L -2273, -2939, -161, -2282, -2928, -160, 0, 255, 255
L -2282, -2928, -160, -2281, -2889, -160, 0, 255, 255
L -2281, -2889, -160, -2291, -2871, -160, 0, 255, 255
L -2291, -2871, -160, -2353, -2871, -160, 0, 255, 255
L -2353, -2871, -160, -2368, -2866, -160, 0, 255, 255
L -2368, -2866, -160, -2376, -2847, -159, 0, 255, 255
L -2376, -2847, -159, -2376, -2705, -160, 0, 255, 255
L -2376, -2705, -160, -2394, -2697, -160, 0, 255, 255
L -2394, -2697, -160, -2434, -2696, -160, 0, 255, 255
L -2434, -2696, -160, -2446, -2685, -161, 0, 255, 255
L -2446, -2685, -161, -2446, -2642, -160, 0, 255, 255
L -2446, -2642, -160, -2434, -2631, -160, 0, 255, 255
L -2434, -2631, -160, -2392, -2630, -160, 0, 255, 255
L -2392, -2630, -160, -2377, -2623, -159, 0, 255, 255
L -2377, -2623, -159, -2376, -2467, -160, 0, 255, 255
L -2376, -2467, -160, -2371, -2452, -159, 0, 255, 255
L -2371, -2452, -159, -2290, -2452, -160, 0, 255, 255
L -2290, -2452, -160, -2281, -2433, -160, 0, 255, 255
L -2281, -2433, -160, -2280, -2392, -160, 0, 255, 255
L -2280, -2392, -160, -2270, -2382, -160, 0, 255, 255
L -2270, -2382, -160, -2229, -2382, -160, 0, 255, 255
L -2229, -2382, -160, -2218, -2392, -161, 0, 255, 255
L -2218, -2392, -161, -2216, -2436, -160, 0, 255, 255
L -2216, -2436, -160, -2208, -2450, -160, 0, 255, 255
L -2208, -2450, -160, -1741, -2452, -160, 0, 255, 255
L -1741, -2452, -160, -1732, -2433, -160, 0, 255, 255
L -1732, -2433, -160, -1732, -2396, -160, 0, 255, 255
L -1732, -2396, -160, -1722, -2384, -160, 0, 255, 255
L -1722, -2384, -160, -1676, -2382, -160, 0, 255, 255
L -1676, -2382, -160, -1664, -2392, -161, 0, 255, 255
L -1664, -2392, -161, -1662, -2431, -160, 0, 255, 255
L -1662, -2431, -160, -1653, -2452, -160, 0, 255, 255
L -1653, -2452, -160, -1580, -2452, -159, 0, 255, 255
L -1580, -2452, -159, -1572, -2468, -160, 0, 255, 255
L -1572, -2468, -160, -1572, -2621, -159, 0, 255, 255
L -1572, -2621, -159, -1550, -2631, -160, 0, 255, 255
L -1550, -2631, -160, -1512, -2633, -160, 0, 255, 255
L -1512, -2633, -160, -1503, -2642, -160, 0, 255, 255
L -1503, -2642, -160, -1502, -2682, -160, 0, 255, 255
L -1502, -2682, -160, -1514, -2697, -160, 0, 255, 255
L -1514, -2697, -160, -1551, -2697, -160, 0, 255, 255
L -1551, -2697, -160, -1572, -2705, -160, 0, 255, 255
L -1572, -2705, -160, -1572, -2851, -159, 0, 255, 255
L -1572, -2851, -159, -1581, -2871, -160, 0, 255, 255
L -1581, -2871, -160, -1649, -2871, -159, 0, 255, 255
L -1649, -2871, -159, -1662, -2889, -160, 0, 255, 255
L -1662, -2889, -160, -1662, -2930, -160, 0, 255, 255
L -1662, -2930, -160, -1672, -2940, -160, 0, 255, 255
L -1672, -2940, -160, -1719, -2941, -161, 0, 255, 255
L -1719, -2941, -161, -1729, -2932, -161, 0, 255, 255
L -1729, -2932, -161, -1732, -2890, -160, 0, 255, 255
L -1732, -2890, -160, -1740, -2873, -160, 0, 255, 255
L -1740, -2873, -160, -1883, -2871, -159, 0, 255, 255
L -1883, -2871, -159, -1905, -2902, -160, 0, 255, 255
L -1905, -2902, -160, -1927, -2888, -160, 0, 255, 255
L -1927, -2888, -160, -1926, -2885, -161, 0, 255, 255
L -1926, -2885, -161, -1924, -2866, -160, 0, 255, 255
L -1924, -2866, -160, -1878, -2847, -177, 0, 255, 255
P -1245, 77, 0, 255, 255, 255, 2, Skyshrine
P -857, -772, 0, 255, 255, 255, 2, To_quest_hall
P -1236, -1223, 0, 255, 255, 255, 2, Teleport_in
P -1292, -2068, 0, 255, 255, 255, 2, Skyshrine
P -1292, -1993, 0, 255, 255, 255, 2, Skyshrine2
P -2040, -2480, 0, 255, 255, 255, 2, Skyshrine
P 730, 210, 0, 255, 255, 255, 2, Succor_Point
