L 1804, 2227, 37, 1804, 2227, 3, 153, 153, 153
L 1804, 2227, 3, 1804, 2207, 3, 153, 153, 153
L 1804, 2207, 3, 1789, 2192, 3, 153, 153, 153
L 1789, 2192, 3, 1742, 2192, 3, 153, 153, 153
L 1742, 2192, 3, 1724, 2175, -11, 153, 153, 153
L 1724, 2175, -118, 1724, 2175, -11, 0, 0, 255
L 1724, 2175, -11, 1742, 2140, -14, 0, 0, 255
L 1742, 2140, -14, 1805, 2140, -14, 0, 0, 255
L 1805, 2140, -14, 1805, 2128, -14, 0, 0, 255
L 1805, 2128, -14, 1740, 2127, -14, 0, 0, 255
L 1740, 2127, -14, 1724, 2096, -14, 0, 0, 255
L 1724, 2096, -14, 1694, 2080, -14, 0, 0, 255
L 1694, 2080, -14, 1677, 2080, -196, 0, 0, 255
L 1677, 2080, -196, 1676, 2156, -207, 0, 0, 255
L 1676, 2156, -207, 1631, 2156, -193, 0, 0, 255
L 1631, 2156, -193, 1600, 2140, -190, 0, 0, 255
L 1600, 2140, -190, 1584, 2109, -188, 0, 0, 255
L 1584, 2109, -1889, 1584, 2109, -188, 153, 153, 153
L 1584, 2109, -188, 1534, 2108, -172, 153, 153, 153
L 1534, 2108, -172, 1517, 2156, -172, 153, 153, 153
L 1677, 2080, -1980, 1677, 2080, -198, 0, 0, 255
L 1677, 2080, -198, 1644, 2046, -193, 0, 0, 255
L 1644, 2046, -193, 1617, 2046, -190, 0, 0, 255
L 1617, 2046, -190, 1600, 2064, -189, 0, 0, 255
L 1600, 2064, -189, 1583, 2096, -188, 0, 0, 255
L 1583, 2096, -1885, 1583, 2096, -188, 153, 153, 153
L 1583, 2096, -188, 1533, 2080, -172, 153, 153, 153
L 1533, 2080, -172, 1516, 2047, -172, 153, 153, 153
L 1516, 2047, -172, 1516, 1967, -172, 153, 153, 153
L 1516, 1967, -172, 1453, 1905, -172, 153, 153, 153
L 1453, 1905, -172, 1358, 1904, -172, 153, 153, 153
L 1358, 1904, -172, 1325, 1857, -172, 153, 153, 153
L 1325, 1857, -172, 1278, 1856, -172, 153, 153, 153
L 1278, 1856, -172, 1244, 1823, -172, 153, 153, 153
L 1244, 1823, -172, 1260, 1790, -172, 153, 153, 153
L 1260, 1790, -172, 1251, 1771, -172, 153, 153, 153
L 1251, 1771, -172, 1201, 1791, -167, 153, 153, 153
L 1201, 1791, -167, 1216, 1821, -172, 153, 153, 153
L 1216, 1821, -172, 1182, 1873, -172, 153, 153, 153
L 1182, 1873, -172, 1167, 1873, -172, 153, 153, 153
L 1167, 1873, -172, 1135, 1904, -172, 153, 153, 153
L 1135, 1904, -172, 1107, 1905, -172, 153, 153, 153
L 1107, 1905, -172, 1097, 1912, -172, 153, 153, 153
L 1097, 1912, -172, 1038, 1888, -172, 153, 153, 153
L 1793, 2224, 37, 1793, 2224, 3, 153, 153, 153
L 1793, 2224, 3, 1792, 2221, 3, 153, 153, 153
L 1792, 2221, 3, 1776, 2205, 3, 153, 153, 153
L 1776, 2205, 3, 1727, 2204, 2, 153, 153, 153
L 1727, 2204, 2, 1696, 2172, -14, 153, 153, 153
L 1696, 2172, -142, 1696, 2172, -14, 0, 0, 255
L 1696, 2172, -14, 1677, 2156, -192, 0, 0, 255
L 1517, 2156, -1721, 1517, 2156, -172, 153, 153, 153
L 1517, 2156, -172, 1487, 2156, -172, 153, 153, 153
L 1487, 2156, -172, 1473, 2141, -172, 153, 153, 153
L 1473, 2141, -172, 1473, 2079, -172, 153, 153, 153
L 1473, 2079, -172, 1488, 2049, -172, 153, 153, 153
L 1488, 2049, -172, 1489, 1983, -172, 153, 153, 153
L 1489, 1983, -172, 1440, 1933, -172, 153, 153, 153
L 1440, 1933, -172, 1358, 1932, -172, 153, 153, 153
L 1358, 1932, -172, 1292, 1965, -172, 153, 153, 153
L 1292, 1965, -172, 1293, 2031, -172, 153, 153, 153
L 1293, 2031, -172, 1307, 2061, -172, 153, 153, 153
L 1307, 2061, -172, 1278, 2076, -172, 153, 153, 153
L 1278, 2076, -172, 1246, 2107, -172, 153, 153, 153
L 1246, 2107, -172, 1217, 2093, -172, 153, 153, 153
L 1217, 2093, -172, 1217, 2063, -172, 153, 153, 153
L 1217, 2063, -172, 1231, 2048, -172, 153, 153, 153
L 1231, 2048, -172, 1246, 2048, -172, 153, 153, 153
L 1246, 2048, -172, 1263, 2033, -172, 153, 153, 153
L 1263, 2033, -172, 1281, 1999, -172, 153, 153, 153
L 1281, 1999, -172, 1264, 1964, -172, 153, 153, 153
L 1264, 1964, -172, 1215, 1948, -172, 153, 153, 153
L 1215, 1948, -172, 1135, 1932, -172, 153, 153, 153
L 1135, 1932, -172, 1086, 1932, -172, 153, 153, 153
L 1086, 1932, -172, 1022, 1948, -171, 153, 153, 153
L 1022, 1948, -171, 972, 1964, -172, 153, 153, 153
L 972, 1964, -172, 972, 2110, -172, 153, 153, 153
L 972, 2110, -172, 974, 2112, -220, 153, 153, 153
L 974, 2112, -220, 928, 2112, -220, 153, 153, 153
L 1165, 1324, -1721, 1165, 1324, -172, 153, 153, 153
L 1165, 1324, -172, 1180, 1278, -172, 153, 153, 153
L 1180, 1278, -172, 1229, 1261, -172, 153, 153, 153
L 1229, 1261, -172, 1244, 1215, -172, 153, 153, 153
L 1244, 1215, -172, 1228, 1183, -172, 153, 153, 153
L 1228, 1183, -172, 1261, 1165, -172, 153, 153, 153
L 1261, 1165, -172, 1276, 1135, -172, 153, 153, 153
L 1276, 1135, -172, 1261, 1105, -172, 153, 153, 153
L 1261, 1105, -172, 1231, 1105, -172, 153, 153, 153
L 1231, 1105, -172, 1198, 1137, -172, 153, 153, 153
L 1198, 1137, -172, 1166, 1137, -172, 153, 153, 153
L 1166, 1137, -172, 1135, 1153, -172, 153, 153, 153
L 1135, 1153, -172, 1102, 1185, -172, 153, 153, 153
L 1102, 1185, -172, 1071, 1185, -172, 153, 153, 153
L 1071, 1185, -172, 1022, 1201, -172, 153, 153, 153
L 1022, 1201, -172, 989, 1168, -172, 153, 153, 153
L 989, 1168, -172, 957, 1152, -172, 153, 153, 153
L 957, 1152, -172, 988, 1069, -172, 153, 153, 153
L 988, 1069, -172, 988, 1039, -172, 153, 153, 153
L 988, 1039, -172, 958, 1009, -172, 153, 153, 153
L 958, 1009, -172, 877, 1008, -172, 153, 153, 153
L 877, 1008, -172, 861, 993, -172, 153, 153, 153
L 861, 993, -172, 860, 944, -172, 153, 153, 153
L 860, 944, -172, 853, 937, -172, 153, 153, 153
L 853, 937, -172, 849, 935, -170, 153, 153, 153
L 849, 935, -170, 842, 927, -170, 153, 153, 153
L 842, 927, -170, 843, 923, -170, 153, 153, 153
L 843, 923, -170, 844, 922, -170, 153, 153, 153
L 844, 922, -170, 844, 919, -170, 153, 153, 153
L 844, 919, -170, 845, 894, -172, 153, 153, 153
L 845, 894, -172, 861, 877, -172, 153, 153, 153
L 861, 877, -172, 909, 876, -172, 153, 153, 153
L 909, 876, -172, 924, 862, -172, 153, 153, 153
L 924, 862, -172, 924, 843, -172, 153, 153, 153
L 913, 841, -1721, 913, 841, -172, 153, 153, 153
L 913, 841, -172, 912, 848, -172, 153, 153, 153
L 912, 848, -172, 896, 865, -172, 153, 153, 153
L 896, 865, -172, 848, 865, -172, 153, 153, 153
L 848, 865, -172, 817, 896, -172, 153, 153, 153
L 817, 896, -172, 817, 918, -170, 153, 153, 153
L 817, 918, -170, 818, 923, -170, 153, 153, 153
L 818, 923, -170, 818, 930, -170, 153, 153, 153
L 818, 930, -170, 814, 934, -170, 153, 153, 153
L 814, 934, -170, 808, 936, -172, 153, 153, 153
L 808, 936, -172, 801, 944, -172, 153, 153, 153
L 801, 944, -172, 801, 1006, -172, 153, 153, 153
L 801, 1006, -172, 816, 1021, -172, 153, 153, 153
L 816, 1021, -172, 847, 1036, -172, 153, 153, 153
L 847, 1036, -172, 911, 1036, -172, 153, 153, 153
L 911, 1036, -172, 945, 1070, -172, 153, 153, 153
L 945, 1070, -172, 928, 1152, -172, 153, 153, 153
L 928, 1152, -172, 881, 1184, -172, 153, 153, 153
L 881, 1184, -172, 864, 1232, -172, 153, 153, 153
L 864, 1232, -172, 781, 1232, -172, 153, 153, 153
L 781, 1232, -172, 717, 1200, -172, 153, 153, 153
L 717, 1200, -172, 716, 1135, -172, 153, 153, 153
L 716, 1135, -172, 685, 1057, -172, 153, 153, 153
L 685, 1057, -172, 639, 1057, -172, 153, 153, 153
L 639, 1057, -172, 590, 1025, -172, 153, 153, 153
L 590, 1025, -172, 560, 1025, -172, 153, 153, 153
L 560, 1025, -172, 528, 1104, -172, 153, 153, 153
L 528, 1104, -172, 496, 1105, -172, 153, 153, 153
L 496, 1105, -172, 482, 1136, -171, 153, 153, 153
L 482, 1136, -171, 496, 1164, -172, 153, 153, 153
L 496, 1164, -172, 541, 1164, -172, 153, 153, 153
L 541, 1164, -172, 557, 1133, -172, 153, 153, 153
L 557, 1133, -172, 590, 1132, -172, 153, 153, 153
L 590, 1132, -172, 639, 1084, -172, 153, 153, 153
L 639, 1084, -172, 689, 1135, -172, 153, 153, 153
L 689, 1135, -172, 689, 1198, -172, 153, 153, 153
L 689, 1198, -172, 641, 1264, -172, 153, 153, 153
L 641, 1264, -172, 576, 1265, -172, 153, 153, 153
L 576, 1265, -172, 545, 1311, -172, 153, 153, 153
L 545, 1311, -172, 545, 1406, -187, 153, 153, 153
L 545, 1406, -187, 509, 1441, -188, 153, 153, 153
L 509, 1441, -188, 465, 1456, -188, 153, 153, 153
L 465, 1456, -188, 449, 1503, -188, 153, 153, 153
L 449, 1503, -188, 398, 1457, -172, 153, 153, 153
L 398, 1457, -172, 397, 1407, -165, 153, 153, 153
L 397, 1407, -165, 381, 1391, -172, 153, 153, 153
L 381, 1391, -172, 381, 1358, -172, 153, 153, 153
L 381, 1358, -172, 397, 1326, -172, 153, 153, 153
L 397, 1326, -172, 397, 1295, -172, 153, 153, 153
L 397, 1295, -172, 381, 1265, -172, 153, 153, 153
L 381, 1265, -172, 352, 1265, -172, 153, 153, 153
L 352, 1265, -172, 337, 1280, -172, 153, 153, 153
L 337, 1280, -172, 337, 1310, -172, 153, 153, 153
L 337, 1310, -172, 353, 1359, -172, 153, 153, 153
L 353, 1359, -172, 300, 1393, -172, 153, 153, 153
L 300, 1393, -172, 176, 1393, -188, 153, 153, 153
L 176, 1393, -188, 144, 1425, -188, 153, 153, 153
L 144, 1425, -188, 112, 1425, -188, 153, 153, 153
L 112, 1425, -188, 77, 1456, -188, 153, 153, 153
L 77, 1456, -188, 45, 1440, -188, 153, 153, 153
L 45, 1440, -188, 45, 1359, -188, 153, 153, 153
L 45, 1359, -188, 94, 1340, -187, 153, 153, 153
L 94, 1340, -187, 107, 1330, -187, 153, 153, 153
L 107, 1330, -187, 77, 1249, -188, 153, 153, 153
L 77, 1249, -188, 64, 1249, -188, 153, 153, 153
L 64, 1249, -188, 33, 1264, -188, 153, 153, 153
L 33, 1264, -188, 17, 1312, -188, 153, 153, 153
L 17, 1312, -188, -15, 1313, -188, 153, 153, 153
L -15, 1313, -188, -46, 1328, -188, 153, 153, 153
L -46, 1328, -188, -63, 1392, -188, 153, 153, 153
L -63, 1392, -188, -96, 1393, -188, 153, 153, 153
L -96, 1393, -188, -159, 1409, -188, 153, 153, 153
L -159, 1409, -188, -223, 1409, -188, 153, 153, 153
L -223, 1409, -188, -258, 1360, -188, 153, 153, 153
L -258, 1360, -188, -194, 1278, -188, 153, 153, 153
L -194, 1278, -188, -178, 1198, -188, 153, 153, 153
L -178, 1198, -188, -161, 1196, -188, 153, 153, 153
L -161, 1196, -188, -130, 1166, -188, 153, 153, 153
L -130, 1166, -188, -130, 1119, -188, 153, 153, 153
L -130, 1119, -188, -145, 1105, -188, 153, 153, 153
L -145, 1105, -188, -162, 1104, -188, 153, 153, 153
L -162, 1104, -188, -177, 1089, -188, 153, 153, 153
L -177, 1089, -188, -207, 1089, -188, 153, 153, 153
L -207, 1089, -188, -222, 1104, -188, 153, 153, 153
L -222, 1104, -188, -239, 1105, -188, 153, 153, 153
L -239, 1105, -188, -254, 1119, -188, 153, 153, 153
L -254, 1119, -188, -254, 1134, -188, 153, 153, 153
L -254, 1134, -188, -239, 1164, -188, 153, 153, 153
L -239, 1164, -188, -223, 1165, -188, 153, 153, 153
L -223, 1165, -188, -206, 1199, -188, 153, 153, 153
L -206, 1199, -188, -238, 1279, -188, 153, 153, 153
L -238, 1279, -188, -287, 1328, -188, 153, 153, 153
L -287, 1328, -188, -321, 1297, -188, 153, 153, 153
L -321, 1297, -188, -353, 1296, -188, 153, 153, 153
L -353, 1296, -188, -386, 1198, -188, 153, 153, 153
L -386, 1198, -188, -386, 1166, -188, 153, 153, 153
L -386, 1166, -188, -355, 1134, -188, 153, 153, 153
L -355, 1134, -188, -369, 1105, -188, 153, 153, 153
L -369, 1105, -188, -383, 1105, -188, 153, 153, 153
L -383, 1105, -188, -414, 1120, -188, 153, 153, 153
L -414, 1120, -188, -414, 1150, -188, 153, 153, 153
L -414, 1150, -188, -433, 1153, -188, 153, 153, 153
L -433, 1153, -188, -463, 1137, -188, 153, 153, 153
L -463, 1137, -188, -480, 1137, -188, 153, 153, 153
L -480, 1137, -188, -497, 1106, -188, 153, 153, 153
L -497, 1106, -188, -542, 1089, -188, 153, 153, 153
L -542, 1089, -188, -559, 1089, -188, 153, 153, 153
L -559, 1089, -188, -590, 1120, -188, 153, 153, 153
L -590, 1120, -188, -622, 1121, -188, 153, 153, 153
L -622, 1121, -188, -637, 1151, -188, 153, 153, 153
L -637, 1151, -188, -669, 1183, -188, 153, 153, 153
L -669, 1183, -188, -669, 1197, -188, 153, 153, 153
L -669, 1197, -188, -624, 1212, -188, 153, 153, 153
L -624, 1212, -188, -577, 1196, -188, 153, 153, 153
L -577, 1196, -188, -558, 1180, -188, 153, 153, 153
L -558, 1180, -188, -513, 1180, -188, 153, 153, 153
L -513, 1180, -188, -478, 1164, -188, 153, 153, 153
L -478, 1164, -188, -430, 1165, -188, 153, 153, 153
L -430, 1165, -188, -398, 1197, -188, 153, 153, 153
L -398, 1197, -188, -398, 1246, -188, 153, 153, 153
L -398, 1246, -188, -414, 1311, -188, 153, 153, 153
L -414, 1311, -188, -430, 1343, -188, 153, 153, 153
L -430, 1343, -188, -430, 1365, -188, 153, 153, 153
L -430, 1365, -188, -424, 1382, -188, 153, 153, 153
L -424, 1382, -188, -438, 1399, -188, 153, 153, 153
L -438, 1399, -188, -446, 1428, -188, 153, 153, 153
L -446, 1428, -188, -445, 1458, -188, 153, 153, 153
L -445, 1458, -188, -430, 1521, -204, 153, 153, 153
L -430, 1521, -204, -430, 1581, -204, 153, 153, 153
L -430, 1581, -204, -479, 1632, -204, 153, 153, 153
L -479, 1632, -204, -575, 1648, -218, 153, 153, 153
L -575, 1648, -218, -610, 1633, -220, 153, 153, 153
L -610, 1633, -220, -638, 1633, -220, 153, 153, 153
L -638, 1633, -220, -706, 1551, -220, 153, 153, 153
L -706, 1551, -220, -706, 1440, -236, 153, 153, 153
L -706, 1440, -236, -751, 1410, -236, 153, 153, 153
L -751, 1410, -236, -897, 1409, -251, 153, 153, 153
L -897, 1409, -251, -975, 1393, -252, 153, 153, 153
L -975, 1393, -252, -1008, 1425, -252, 153, 153, 153
L -1008, 1425, -252, -1120, 1425, -267, 153, 153, 153
L -1120, 1425, -267, -1169, 1376, -268, 153, 153, 153
L -1169, 1376, -268, -1185, 1282, -282, 153, 153, 153
L -1185, 1282, -282, -1138, 1245, -284, 153, 153, 153
L -1138, 1245, -284, -1138, 1217, -284, 153, 153, 153
L -1138, 1217, -284, -1169, 1185, -284, 153, 153, 153
L -1169, 1185, -284, -1199, 1185, -284, 153, 153, 153
L -1199, 1185, -284, -1231, 1217, -284, 153, 153, 153
L -1231, 1217, -284, -1279, 1185, -284, 153, 153, 153
L -1279, 1185, -284, -1327, 1185, -284, 153, 153, 153
L -1327, 1185, -284, -1373, 1216, -284, 153, 153, 153
L -1373, 1216, -284, -1390, 1264, -284, 153, 153, 153
L -1390, 1264, -284, -1437, 1265, -284, 153, 153, 153
L -1437, 1265, -284, -1501, 1312, -291, 153, 153, 153
L -1501, 1312, -291, -1502, 1360, -300, 153, 153, 153
L -1502, 1360, -300, -1537, 1426, -300, 153, 153, 153
L -1537, 1426, -300, -1551, 1425, -300, 153, 153, 153
L -1551, 1425, -300, -1597, 1456, -300, 153, 153, 153
L -1597, 1456, -300, -1597, 1502, -300, 153, 153, 153
L -1597, 1502, -300, -1629, 1520, -300, 153, 153, 153
L -1629, 1520, -300, -1645, 1551, -300, 153, 153, 153
L -1645, 1551, -300, -1645, 1581, -300, 153, 153, 153
L -1645, 1581, -300, -1630, 1632, -310, 153, 153, 153
L -1630, 1632, -310, -1645, 1663, -313, 153, 153, 153
L -1645, 1663, -3136, -1645, 1663, -313, 0, 0, 255
L -1645, 1663, -313, -1661, 1695, -319, 0, 0, 255
L -1661, 1695, -319, -1661, 1742, -319, 0, 0, 255
L -1661, 1742, -319, -1628, 1789, -319, 0, 0, 255
L -1628, 1789, -319, -1600, 1803, -319, 0, 0, 255
L -1600, 1803, -319, -1552, 1788, -320, 0, 0, 255
L -1552, 1788, -320, -1522, 1758, -336, 0, 0, 255
L -1522, 1758, -336, -1487, 1740, -347, 0, 0, 255
L -1487, 1740, -347, -1437, 1741, -348, 0, 0, 255
L -1437, 1741, -348, -1391, 1788, -348, 0, 0, 255
L -1391, 1788, -348, -1389, 1836, -348, 0, 0, 255
L -1389, 1836, -348, -1404, 1869, -332, 0, 0, 255
L -1404, 1869, -332, -1421, 1887, -330, 0, 0, 255
L -1421, 1887, -330, -1419, 1939, -324, 0, 0, 255
L -1419, 1939, -324, -1406, 1964, -317, 0, 0, 255
L -1406, 1964, -3170, -1406, 1964, -317, 153, 153, 153
L -1406, 1964, -317, -1390, 1997, -300, 153, 153, 153
L -1390, 1997, -300, -1359, 2012, -300, 153, 153, 153
L -1359, 2012, -300, -1344, 2012, -302, 153, 153, 153
L -1344, 2012, -302, -1313, 1997, -305, 153, 153, 153
L -1313, 1997, -305, -1298, 1950, -315, 153, 153, 153
L -1298, 1950, -315, -1298, 1934, -315, 153, 153, 153
L -1298, 1934, -315, -1314, 1919, -326, 153, 153, 153
L -1314, 1919, -3268, -1314, 1919, -326, 0, 0, 255
L -1314, 1919, -326, -1329, 1888, -330, 0, 0, 255
L -1329, 1888, -330, -1359, 1873, -331, 0, 0, 255
L -1359, 1873, -331, -1378, 1839, -337, 0, 0, 255
L -1378, 1839, -337, -1378, 1775, -345, 0, 0, 255
L -1378, 1775, -345, -1424, 1729, -348, 0, 0, 255
L -1424, 1729, -348, -1486, 1729, -348, 0, 0, 255
L -1486, 1729, -348, -1520, 1712, -334, 0, 0, 255
L -1520, 1712, -334, -1522, 1682, -336, 0, 0, 255
L -1522, 1682, -336, -1568, 1649, -320, 0, 0, 255
L -1568, 1649, -320, -1584, 1649, -317, 0, 0, 255
L -1584, 1648, -3175, -1584, 1648, -317, 153, 153, 153
L -1584, 1648, -317, -1613, 1634, -308, 153, 153, 153
L -1613, 1634, -308, -1619, 1630, -307, 153, 153, 153
L -1619, 1630, -307, -1616, 1579, -300, 153, 153, 153
L -1616, 1579, -300, -1601, 1548, -300, 153, 153, 153
L -1601, 1548, -300, -1570, 1533, -300, 153, 153, 153
L -1570, 1533, -300, -1534, 1549, -300, 153, 153, 153
L -1534, 1549, -300, -1517, 1583, -298, 153, 153, 153
L -1517, 1583, -298, -1517, 1616, -284, 153, 153, 153
L -1517, 1616, -284, -1517, 1629, -284, 153, 153, 153
L -1517, 1629, -284, -1486, 1660, -284, 153, 153, 153
L -1486, 1660, -284, -1424, 1660, -268, 153, 153, 153
L -1424, 1660, -268, -1405, 1678, -270, 153, 153, 153
L -1405, 1678, -270, -1406, 1696, -276, 153, 153, 153
L -1458, 1518, -3001, -1458, 1518, -300, 153, 153, 153
L -1458, 1518, -300, -1473, 1472, -300, 153, 153, 153
L -1473, 1472, -300, -1505, 1440, -300, 153, 153, 153
L -1505, 1440, -300, -1457, 1357, -298, 153, 153, 153
L -1457, 1357, -298, -1361, 1292, -284, 153, 153, 153
L -1361, 1292, -284, -1281, 1308, -284, 153, 153, 153
L -1281, 1308, -284, -1217, 1277, -284, 153, 153, 153
L -1217, 1277, -284, -1213, 1374, -268, 153, 153, 153
L -1213, 1374, -268, -1198, 1421, -268, 153, 153, 153
L -1198, 1421, -268, -1119, 1452, -266, 153, 153, 153
L -1119, 1452, -266, -1008, 1452, -252, 153, 153, 153
L -1008, 1452, -252, -896, 1436, -251, 153, 153, 153
L -896, 1436, -251, -784, 1436, -236, 153, 153, 153
L -784, 1436, -236, -734, 1485, -236, 153, 153, 153
L -734, 1485, -236, -733, 1550, -220, 153, 153, 153
L -733, 1550, -220, -671, 1644, -220, 153, 153, 153
L -671, 1644, -220, -654, 1677, -220, 153, 153, 153
L -654, 1677, -220, -608, 1692, -220, 153, 153, 153
L -608, 1692, -220, -576, 1676, -219, 153, 153, 153
L -576, 1676, -219, -433, 1676, -204, 153, 153, 153
L -433, 1676, -204, -402, 1629, -204, 153, 153, 153
L -402, 1629, -204, -401, 1452, -188, 153, 153, 153
L -401, 1452, -188, -350, 1404, -188, 153, 153, 153
L -350, 1404, -188, -305, 1388, -188, 153, 153, 153
L -305, 1388, -188, -286, 1438, -188, 153, 153, 153
L -286, 1438, -188, -271, 1452, -188, 153, 153, 153
L -271, 1452, -188, -257, 1452, -188, 153, 153, 153
L -257, 1452, -188, -226, 1437, -188, 153, 153, 153
L -226, 1437, -188, -158, 1420, -188, 153, 153, 153
L -158, 1420, -188, -65, 1436, -188, 153, 153, 153
L -65, 1436, -188, -15, 1484, -188, 153, 153, 153
L -15, 1484, -188, 30, 1468, -188, 153, 153, 153
L 30, 1468, -188, 65, 1502, -188, 153, 153, 153
L 65, 1502, -188, 31, 1553, -188, 153, 153, 153
L 31, 1553, -188, 0, 1553, -188, 153, 153, 153
L 0, 1553, -188, -30, 1568, -188, 153, 153, 153
L -30, 1568, -188, -30, 1598, -188, 153, 153, 153
L -30, 1598, -188, 0, 1628, -188, 153, 153, 153
L 0, 1628, -188, 46, 1644, -188, 153, 153, 153
L 46, 1644, -188, 76, 1614, -188, 153, 153, 153
L 76, 1614, -188, 61, 1583, -188, 153, 153, 153
L 61, 1583, -188, 109, 1549, -188, 153, 153, 153
L 109, 1549, -188, 109, 1517, -188, 153, 153, 153
L 109, 1517, -188, 157, 1485, -188, 153, 153, 153
L 157, 1485, -188, 157, 1454, -188, 153, 153, 153
L 157, 1454, -188, 175, 1451, -188, 153, 153, 153
L 175, 1451, -188, 225, 1420, -186, 153, 153, 153
L 225, 1420, -186, 302, 1420, -172, 153, 153, 153
L 302, 1420, -172, 352, 1468, -172, 153, 153, 153
L 352, 1468, -172, 382, 1468, -172, 153, 153, 153
L 382, 1468, -172, 449, 1534, -188, 153, 153, 153
L 449, 1534, -188, 465, 1597, -185, 153, 153, 153
L 465, 1597, -185, 525, 1612, -188, 153, 153, 153
L 525, 1612, -188, 637, 1612, -183, 153, 153, 153
L 637, 1612, -183, 637, 1581, -188, 153, 153, 153
L 637, 1581, -188, 690, 1564, -186, 153, 153, 153
L 690, 1564, -186, 877, 1564, -169, 153, 153, 153
L 877, 1564, -169, 907, 1534, -171, 153, 153, 153
L 907, 1534, -171, 909, 1503, -171, 153, 153, 153
L 909, 1503, -171, 926, 1498, -172, 153, 153, 153
L 926, 1498, -172, 957, 1471, -171, 153, 153, 153
L 957, 1471, -171, 991, 1470, -172, 153, 153, 153
L 991, 1470, -172, 1007, 1502, -172, 153, 153, 153
L 1007, 1502, -172, 1009, 1520, -179, 153, 153, 153
L 1009, 1520, -179, 1022, 1535, -187, 153, 153, 153
L 1022, 1535, -187, 1024, 1566, -205, 153, 153, 153
L 1024, 1566, -205, 1003, 1586, -220, 153, 153, 153
L 1055, 1425, -1721, 1055, 1425, -172, 153, 153, 153
L 1055, 1425, -172, 1037, 1441, -172, 153, 153, 153
L 1037, 1441, -172, 1022, 1441, -172, 153, 153, 153
L 1022, 1441, -172, 991, 1425, -171, 153, 153, 153
L 991, 1425, -171, 978, 1392, -169, 153, 153, 153
L 978, 1392, -169, 965, 1385, -167, 153, 153, 153
L 965, 1385, -167, 962, 1424, -165, 153, 153, 153
L 962, 1424, -165, 944, 1456, -172, 153, 153, 153
L 944, 1456, -172, 928, 1457, -172, 153, 153, 153
L 928, 1457, -172, 881, 1534, -171, 153, 153, 153
L 881, 1534, -171, 703, 1537, -183, 153, 153, 153
L 703, 1537, -183, 681, 1505, -177, 153, 153, 153
L 681, 1505, -177, 648, 1504, -188, 153, 153, 153
L 648, 1504, -188, 603, 1438, -188, 153, 153, 153
L 603, 1438, -188, 573, 1408, -188, 153, 153, 153
L 573, 1408, -188, 573, 1341, -172, 153, 153, 153
L 573, 1341, -172, 638, 1292, -172, 153, 153, 153
L 638, 1292, -172, 719, 1292, -172, 153, 153, 153
L 719, 1292, -172, 783, 1260, -172, 153, 153, 153
L 783, 1260, -172, 862, 1260, -172, 153, 153, 153
L 862, 1260, -172, 913, 1295, -172, 153, 153, 153
L 913, 1295, -172, 908, 1305, -172, 153, 153, 153
L 908, 1305, -172, 908, 1332, -172, 153, 153, 153
L 908, 1332, -172, 954, 1365, -172, 153, 153, 153
L 954, 1365, -172, 986, 1365, -172, 153, 153, 153
L 986, 1365, -172, 1022, 1356, -172, 153, 153, 153
L 1022, 1356, -172, 1056, 1388, -172, 153, 153, 153
L 1056, 1388, -172, 1071, 1388, -172, 153, 153, 153
L 1071, 1388, -172, 1101, 1372, -172, 153, 153, 153
L 1101, 1372, -172, 1116, 1326, -172, 153, 153, 153
L 1116, 1326, -172, 1165, 1324, -172, 153, 153, 153
L 1165, 1324, -172, 1181, 1277, -172, 153, 153, 153
L 1181, 1277, -172, 1229, 1260, -172, 153, 153, 153
L 1117, 1213, -1721, 1117, 1213, -172, 153, 153, 153
L 1117, 1213, -172, 1169, 1214, -172, 153, 153, 153
L 1169, 1214, -172, 1152, 1248, -172, 153, 153, 153
L 1152, 1248, -172, 1119, 1249, -172, 153, 153, 153
L 1119, 1249, -172, 1117, 1213, -172, 153, 153, 153
L 1005, 1261, -1721, 1005, 1261, -172, 153, 153, 153
L 1005, 1261, -172, 1055, 1276, -172, 153, 153, 153
L 1055, 1276, -172, 1024, 1328, -172, 153, 153, 153
L 1024, 1328, -172, 972, 1294, -172, 153, 153, 153
L 972, 1294, -172, 1005, 1261, -172, 153, 153, 153
L -1458, 1518, -3001, -1458, 1518, -300, 153, 153, 153
L -1458, 1518, -300, -1489, 1548, -300, 153, 153, 153
L -1489, 1548, -300, -1506, 1582, -299, 153, 153, 153
L -1506, 1582, -299, -1506, 1615, -284, 153, 153, 153
L -1506, 1615, -284, -1472, 1648, -284, 153, 153, 153
L -1472, 1648, -284, -1417, 1649, -268, 153, 153, 153
L -1417, 1649, -268, -1391, 1649, -269, 153, 153, 153
L -1391, 1649, -269, -1359, 1633, -269, 153, 153, 153
L -1359, 1633, -269, -1329, 1633, -269, 153, 153, 153
L -1329, 1633, -269, -1314, 1678, -270, 153, 153, 153
L -1314, 1678, -270, -1345, 1708, -269, 153, 153, 153
L -1345, 1708, -269, -1389, 1708, -271, 153, 153, 153
L -1389, 1708, -2716, -1391, 1708, -276, 0, 0, 255
L -1391, 1708, -276, -1381, 1698, -274, 0, 0, 255
L -1381, 1698, -274, -1346, 1692, -274, 0, 0, 255
L -1346, 1692, -274, -1327, 1673, -274, 0, 0, 255
L -1327, 1673, -274, -1335, 1650, -275, 0, 0, 255
L -1335, 1650, -275, -1360, 1648, -274, 0, 0, 255
L -1360, 1648, -274, -1376, 1656, -275, 0, 0, 255
L -1376, 1656, -275, -1391, 1675, -275, 0, 0, 255
L -1391, 1675, -275, -1392, 1686, -274, 0, 0, 255
L -1392, 1686, -274, -1406, 1696, -276, 0, 0, 255
L -1406, 1696, -276, -1522, 1695, -320, 0, 0, 255
L -1522, 1695, -320, -1522, 1694, -323, 0, 0, 255
L -1392, 1708, -2761, -1392, 1708, -276, 0, 0, 255
L -1392, 1708, -276, -1522, 1711, -320, 0, 0, 255
L 1055, 1425, -1721, 1055, 1425, -172, 153, 153, 153
L 1055, 1425, -172, 1087, 1425, -172, 153, 153, 153
L 1087, 1425, -172, 1104, 1393, -172, 153, 153, 153
L 1104, 1393, -172, 1150, 1393, -172, 153, 153, 153
L 1150, 1393, -172, 1168, 1361, -172, 153, 153, 153
L 1168, 1361, -172, 1182, 1361, -172, 153, 153, 153
L 1182, 1361, -172, 1216, 1329, -165, 153, 153, 153
L 1216, 1329, -165, 1232, 1330, -160, 153, 153, 153
L 1232, 1330, -160, 1260, 1344, -172, 153, 153, 153
L 1260, 1344, -172, 1263, 1362, -172, 153, 153, 153
L 1263, 1362, -172, 1277, 1361, -172, 153, 153, 153
L 1277, 1361, -172, 1292, 1407, -163, 153, 153, 153
L 1292, 1407, -163, 1276, 1438, -172, 153, 153, 153
L 1276, 1438, -172, 1276, 1549, -172, 153, 153, 153
L 1276, 1549, -172, 1310, 1601, -171, 153, 153, 153
L 1310, 1601, -171, 1375, 1601, -162, 153, 153, 153
L 1375, 1601, -162, 1423, 1617, -153, 153, 153, 153
L 1423, 1617, -153, 1492, 1617, -122, 153, 153, 153
L 1492, 1617, -122, 1517, 1617, -122, 153, 153, 153
L 1517, 1617, -122, 1564, 1680, -110, 153, 153, 153
L 1564, 1680, -110, 1565, 1825, -57, 153, 153, 153
L 1565, 1825, -57, 1661, 1888, -43, 153, 153, 153
L 1661, 1888, -43, 1760, 1889, 5, 153, 153, 153
L 1760, 1889, 5, 1837, 1889, 22, 153, 153, 153
L 1837, 1889, 221, 1837, 1889, 22, 153, 153, 153
L 1837, 1889, 22, 1868, 1967, 33, 153, 153, 153
L 1868, 1967, 33, 1868, 1986, 34, 153, 153, 153
L 1868, 1986, 34, 1868, 2046, 22, 153, 153, 153
L 1868, 2046, 222, 1868, 2046, 22, 0, 0, 255
L 1868, 2046, 22, 1886, 2049, 18, 0, 0, 255
L 1886, 2049, 18, 1923, 2081, 21, 0, 0, 255
L 1923, 2081, 21, 1952, 2064, 21, 0, 0, 255
L 1952, 2064, 21, 1952, 1999, 25, 0, 0, 255
L 1952, 1999, 25, 1952, 1984, 97, 0, 0, 255
L 1952, 1984, 97, 1964, 1984, 97, 0, 0, 255
L 1964, 1984, 97, 1964, 1999, 25, 0, 0, 255
L 1964, 1999, 25, 1964, 2077, 25, 0, 0, 255
L 1964, 2077, 25, 1933, 2092, 21, 0, 0, 255
L 1933, 2092, 21, 1918, 2092, 18, 0, 0, 255
L 1918, 2092, 18, 1883, 2110, 15, 0, 0, 255
L 1883, 2110, 15, 1869, 2140, 17, 0, 0, 255
L 1869, 2140, 17, 1805, 2140, -14, 0, 0, 255
L 1805, 2128, -142, 1805, 2128, -14, 0, 0, 255
L 1805, 2128, -14, 1822, 2128, 17, 0, 0, 255
L 1822, 2128, 17, 1856, 2112, 17, 0, 0, 255
L 1856, 2112, 17, 1857, 2053, 20, 0, 0, 255
L 1857, 2053, 209, 1857, 2053, 20, 153, 153, 153
L 1857, 2053, 20, 1857, 2047, 21, 153, 153, 153
L 1857, 2047, 21, 1841, 1984, 35, 153, 153, 153
L 1841, 1984, 35, 1808, 1918, 25, 153, 153, 153
L 1808, 1918, 25, 1758, 1900, 4, 153, 153, 153
L 1758, 1900, 4, 1675, 1900, -33, 153, 153, 153
L 1675, 1900, -33, 1631, 1900, -48, 153, 153, 153
L 1631, 1900, -48, 1553, 1853, -58, 153, 153, 153
L 1553, 1853, -58, 1552, 1693, -108, 153, 153, 153
L 1552, 1693, -108, 1487, 1628, -120, 153, 153, 153
L 1487, 1628, -120, 1342, 1628, -166, 153, 153, 153
L 1342, 1628, -166, 1312, 1613, -170, 153, 153, 153
L 1312, 1613, -170, 1296, 1612, -172, 153, 153, 153
L 1296, 1612, -172, 1265, 1567, -172, 153, 153, 153
L 1265, 1567, -172, 1265, 1487, -186, 153, 153, 153
L 1265, 1487, -186, 1249, 1438, -172, 153, 153, 153
L 1249, 1438, -172, 1198, 1420, -172, 153, 153, 153
L 1198, 1420, -172, 1183, 1420, -172, 153, 153, 153
L 1183, 1420, -172, 1151, 1404, -172, 153, 153, 153
L 1151, 1404, -172, 1119, 1404, -172, 153, 153, 153
L 1119, 1404, -172, 1101, 1436, -172, 153, 153, 153
L 1101, 1436, -172, 1084, 1438, -172, 153, 153, 153
L 1084, 1438, -172, 1071, 1464, -172, 153, 153, 153
L 1071, 1464, -172, 1052, 1468, -172, 153, 153, 153
L 1052, 1468, -172, 1021, 1501, -172, 153, 153, 153
L 1021, 1501, -172, 1036, 1535, -187, 153, 153, 153
L 1036, 1535, -187, 1036, 1581, -207, 153, 153, 153
L 1036, 1581, -207, 1004, 1614, -220, 153, 153, 153
L 1004, 1614, -220, 973, 1660, -220, 153, 153, 153
L 973, 1660, -220, 943, 1660, -220, 153, 153, 153
L 943, 1660, -220, 911, 1676, -220, 153, 153, 153
L 911, 1676, -220, 878, 1660, -220, 153, 153, 153
L 878, 1660, -220, 815, 1660, -220, 153, 153, 153
L 815, 1660, -220, 781, 1710, -220, 153, 153, 153
L 781, 1710, -220, 765, 1789, -220, 153, 153, 153
L 765, 1789, -220, 764, 1838, -220, 153, 153, 153
L 764, 1838, -220, 748, 1870, -220, 153, 153, 153
L 748, 1870, -220, 764, 1903, -220, 153, 153, 153
L 764, 1903, -220, 880, 1904, -220, 153, 153, 153
L 880, 1904, -220, 913, 1872, -220, 153, 153, 153
L 913, 1872, -220, 943, 1857, -220, 153, 153, 153
L 943, 1857, -220, 975, 1857, -220, 153, 153, 153
L 975, 1857, -220, 1007, 1874, -220, 153, 153, 153
L 1007, 1874, -220, 1020, 1887, -220, 153, 153, 153
L 1020, 1887, -220, 1019, 1933, -220, 153, 153, 153
L 1019, 1933, -220, 1020, 1949, -220, 153, 153, 153
L 1020, 1949, -220, 974, 1963, -220, 153, 153, 153
L 974, 1963, -220, 927, 1963, -220, 153, 153, 153
L 927, 1963, -220, 885, 1950, -220, 153, 153, 153
L 885, 1950, -220, 815, 1932, -220, 153, 153, 153
L 815, 1932, -220, 767, 1932, -220, 153, 153, 153
L 767, 1932, -220, 733, 1966, -220, 153, 153, 153
L 733, 1966, -220, 732, 2030, -220, 153, 153, 153
L 732, 2030, -220, 764, 2063, -220, 153, 153, 153
L 764, 2063, -220, 845, 2064, -220, 153, 153, 153
L 845, 2064, -220, 860, 2095, -220, 153, 153, 153
L 860, 2095, -220, 860, 2126, -220, 153, 153, 153
L 860, 2126, -220, 844, 2158, -220, 153, 153, 153
L 844, 2158, -220, 828, 2207, -220, 153, 153, 153
L 828, 2207, -220, 860, 2239, -220, 153, 153, 153
L 860, 2239, -220, 860, 2253, -220, 153, 153, 153
L 860, 2253, -220, 830, 2300, -220, 153, 153, 153
L 830, 2300, -220, 862, 2352, -220, 153, 153, 153
L 862, 2352, -220, 910, 2352, -220, 153, 153, 153
L 910, 2352, -220, 944, 2320, -220, 153, 153, 153
L 944, 2320, -220, 945, 2273, -220, 153, 153, 153
L 945, 2273, -220, 914, 2223, -220, 153, 153, 153
L 914, 2223, -220, 913, 2192, -220, 153, 153, 153
L 913, 2192, -220, 897, 2143, -220, 153, 153, 153
L 897, 2143, -220, 926, 2114, -220, 153, 153, 153
L 926, 2114, -220, 974, 2112, -220, 153, 153, 153
L 974, 2112, -220, 1004, 2127, -220, 153, 153, 153
L 1004, 2127, -220, 1005, 2192, -220, 153, 153, 153
L 1005, 2192, -220, 1020, 2239, -220, 153, 153, 153
L 1020, 2239, -220, 1020, 2253, -220, 153, 153, 153
L 1020, 2253, -220, 988, 2270, -220, 153, 153, 153
L 988, 2270, -220, 972, 2318, -220, 153, 153, 153
L 972, 2318, -220, 941, 2365, -220, 153, 153, 153
L 941, 2365, -220, 910, 2380, -220, 153, 153, 153
L 910, 2380, -220, 863, 2364, -220, 153, 153, 153
L 863, 2364, -220, 832, 2364, -220, 153, 153, 153
L 832, 2364, -220, 801, 2317, -220, 153, 153, 153
L 801, 2317, -220, 801, 2303, -220, 153, 153, 153
L 801, 2303, -220, 785, 2254, -220, 153, 153, 153
L 785, 2254, -220, 785, 2223, -220, 153, 153, 153
L 785, 2223, -220, 817, 2207, -220, 153, 153, 153
L 817, 2207, -220, 817, 2159, -220, 153, 153, 153
L 817, 2159, -220, 848, 2128, -220, 153, 153, 153
L 848, 2128, -220, 817, 2077, -220, 153, 153, 153
L 817, 2077, -220, 753, 2076, -220, 153, 153, 153
L 753, 2076, -220, 721, 2045, -220, 153, 153, 153
L 721, 2045, -220, 721, 1966, -220, 153, 153, 153
L 721, 1966, -220, 689, 1949, -220, 153, 153, 153
L 689, 1949, -220, 655, 1963, -220, 153, 153, 153
L 655, 1963, -220, 640, 1964, -220, 153, 153, 153
L 640, 1964, -220, 609, 1949, -220, 153, 153, 153
L 609, 1949, -220, 609, 1919, -220, 153, 153, 153
L 609, 1919, -220, 624, 1889, -220, 153, 153, 153
L 624, 1889, -220, 654, 1889, -220, 153, 153, 153
L 654, 1889, -220, 687, 1858, -220, 153, 153, 153
L 687, 1858, -220, 719, 1856, -220, 153, 153, 153
L 719, 1856, -220, 753, 1791, -220, 153, 153, 153
L 753, 1791, -220, 753, 1679, -220, 153, 153, 153
L 753, 1679, -220, 783, 1649, -220, 153, 153, 153
L 783, 1649, -220, 876, 1649, -220, 153, 153, 153
L 876, 1649, -220, 897, 1614, -220, 153, 153, 153
L 897, 1614, -220, 882, 1570, -220, 153, 153, 153
L 882, 1570, -220, 881, 1537, -218, 153, 153, 153
L 881, 1537, -218, 896, 1505, -220, 153, 153, 153
L 896, 1505, -220, 926, 1505, -220, 153, 153, 153
L 926, 1505, -220, 958, 1474, -220, 153, 153, 153
L 958, 1474, -220, 989, 1473, -220, 153, 153, 153
L 989, 1473, -220, 1004, 1502, -219, 153, 153, 153
L 1004, 1502, -219, 1004, 1518, -220, 153, 153, 153
L 1004, 1518, -220, 1020, 1535, -216, 153, 153, 153
L 1020, 1535, -216, 1020, 1565, -220, 153, 153, 153
L 928, 2112, -2201, 928, 2112, -220, 153, 153, 153
L 928, 2112, -220, 945, 2079, -172, 153, 153, 153
L 945, 2079, -172, 945, 2015, -172, 153, 153, 153
L 945, 2015, -172, 930, 1968, -172, 153, 153, 153
L 930, 1968, -172, 925, 1963, -172, 153, 153, 153
L 925, 1963, -172, 917, 1961, -172, 153, 153, 153
L 961, 2093, -1713, 961, 2093, -171, 153, 153, 153
L 961, 2093, -171, 961, 1639, -220, 153, 153, 153
L 956, 2080, -1711, 956, 2080, -171, 153, 153, 153
L 956, 2080, -171, 956, 1659, -216, 153, 153, 153
L 974, 1857, -2201, 974, 1857, -220, 153, 153, 153
L 974, 1857, -220, 973, 1660, -220, 153, 153, 153
L 943, 1857, -2201, 943, 1857, -220, 153, 153, 153
L 943, 1857, -220, 942, 1660, -220, 153, 153, 153
L 1037, 1889, -1721, 1037, 1889, -172, 153, 153, 153
L 1037, 1889, -172, 1020, 1887, -220, 153, 153, 153
L 1026, 1934, -1721, 1026, 1934, -172, 153, 153, 153
L 1026, 1934, -172, 972, 1953, -172, 153, 153, 153
L 972, 1953, -172, 929, 1952, -172, 153, 153, 153
L 929, 1952, -172, 917, 1961, -172, 153, 153, 153
L 875, 1933, -1721, 875, 1933, -172, 153, 153, 153
L 875, 1933, -172, 875, 1947, -163, 153, 153, 153
L 875, 1947, -163, 891, 1952, -166, 153, 153, 153
L 891, 1952, -166, 897, 1945, -169, 153, 153, 153
L 897, 1945, -169, 875, 1933, -172, 153, 153, 153
L -98, 1031, -1066, -98, 1031, -106, 153, 153, 153
L -98, 1031, -106, -98, 1054, -108, 153, 153, 153
L -98, 1054, -108, -113, 1068, -108, 153, 153, 153
L -113, 1068, -108, -160, 1068, -108, 153, 153, 153
L -160, 1068, -108, -171, 1078, -106, 153, 153, 153
L -171, 1078, -106, -175, 1078, -105, 153, 153, 153
L -175, 1078, -105, -180, 1088, -106, 153, 153, 153
L -180, 1088, -106, -162, 1104, -107, 153, 153, 153
L -221, 1103, -1081, -221, 1103, -107, 153, 153, 153
L -221, 1103, -107, -212, 1095, -106, 153, 153, 153
L -212, 1095, -106, -205, 1090, -105, 153, 153, 153
L -205, 1090, -105, -202, 1084, -106, 153, 153, 153
L -202, 1084, -106, -175, 1057, -107, 153, 153, 153
L -175, 1057, -107, -127, 1057, -108, 153, 153, 153
L -127, 1057, -108, -111, 1041, -108, 153, 153, 153
L -111, 1041, -108, -110, 1035, -107, 153, 153, 153
L -110, 1035, -107, -110, 1033, -108, 153, 153, 153
P 1400, 2300, 0, 255, 255, 255, 2, Frontier_Mountains
P 924, 850, 0, 255, 255, 255, 2, Mines_of_Droga
P -98, 1034, 0, 255, 255, 255, 2, Mines_of_Droga
