L 840, -280, 1, 840, -280, 2, 1, 2, 4
L -620, 460, 1, -620, 460, 2, 1, 2, 4
L 45, -81, 2, 64, -81, 1, 180, 180, 0
L 24, -82, 1, 45, -81, 2, 180, 180, 0
L 22, -81, 1, 24, -82, 1, 180, 180, 0
L 12, -81, 2, 22, -81, 1, 180, 180, 0
L 19, -81, 2, 12, -81, 2, 180, 180, 0
L 20, -81, 1, 19, -81, 2, 180, 180, 0
L 22, -81, 1, 20, -81, 1, 180, 180, 0
L 24, -82, 1, 22, -81, 1, 180, 180, 0
L 27, -82, 2, 24, -82, 1, 180, 180, 0
L 28, -82, 2, 27, -82, 2, 180, 180, 0
L 30, -82, 1, 28, -82, 2, 180, 180, 0
L 32, -81, 2, 30, -82, 1, 180, 180, 0
L 85, -81, 2, 32, -81, 2, 180, 180, 0
L 87, -80, 2, 85, -81, 2, 180, 180, 0
L 88, -79, 2, 87, -80, 2, 180, 180, 0
L 89, -77, 2, 88, -79, 2, 180, 180, 0
L 88, -79, 2, 89, -77, 2, 180, 180, 0
L 87, -80, 2, 88, -79, 2, 180, 180, 0
L 85, -81, 2, 87, -80, 2, 180, 180, 0
L 83, -81, 2, 85, -81, 2, 180, 180, 0
L 82, -86, 2, 83, -81, 2, 180, 180, 0
L 82, -87, 2, 82, -86, 2, 180, 180, 0
L 88, -79, 2, 82, -87, 2, 180, 180, 0
L 89, -31, 2, 88, -79, 2, 180, 180, 0
L 90, -30, 2, 89, -31, 2, 180, 180, 0
L 90, -24, 2, 90, -30, 2, 180, 180, 0
L 89, -23, 2, 90, -24, 2, 180, 180, 0
L 89, -11, 2, 89, -23, 2, 180, 180, 0
L -93, 49, 0, -93, 61, 1, 180, 180, 0
L -92, 47, 0, -93, 49, 1, 180, 180, 0
L -92, 46, 0, -92, 47, 1, 180, 180, 0
L -91, 36, 0, -92, 46, 1, 180, 180, 0
L -91, 35, 0, -91, 36, 1, 180, 180, 0
L -92, 33, 0, -91, 35, 1, 180, 180, 0
L -94, 33, 0, -92, 33, 1, 180, 180, 0
L -95, 31, 0, -94, 33, 1, 180, 180, 0
L -101, 31, 0, -95, 31, 1, 180, 180, 0
L -101, -15, -16, -101, 31, 1, 180, 180, 0
L -101, -17, -16, -101, -15, -16, 180, 180, 0
L -100, -19, -16, -101, -17, -16, 180, 180, 0
L -96, -16, -16, -100, -19, -16, 180, 180, 0
L -95, -15, -16, -96, -16, -16, 180, 180, 0
L -93, -16, -16, -95, -15, -16, 180, 180, 0
L -94, -17, -16, -93, -16, -16, 180, 180, 0
L -94, -19, -16, -94, -17, -16, 180, 180, 0
L -95, -21, -16, -94, -19, -16, 180, 180, 0
L -95, -22, -16, -95, -21, -16, 180, 180, 0
L -96, -24, -16, -95, -22, -16, 180, 180, 0
L -97, -24, -16, -96, -24, -16, 180, 180, 0
L -98, -26, -16, -97, -24, -16, 180, 180, 0
L -99, -26, -16, -98, -26, -16, 180, 180, 0
L -101, -25, -16, -99, -26, -16, 180, 180, 0
L -91, -26, -16, -101, -25, -16, 180, 180, 0
L -90, -26, -16, -91, -26, -16, 180, 180, 0
L -88, -25, -15, -90, -26, -16, 180, 180, 0
L -89, -22, -15, -88, -25, -15, 180, 180, 0
L -88, -20, -15, -89, -22, -15, 180, 180, 0
L -88, -17, -16, -88, -20, -15, 180, 180, 0
L -88, -16, -16, -88, -17, -16, 180, 180, 0
L -84, -20, -16, -88, -16, -16, 180, 180, 0
L -83, -22, -16, -84, -20, -16, 180, 180, 0
L -83, -23, -16, -83, -22, -16, 180, 180, 0
L -82, -25, -16, -83, -23, -16, 180, 180, 0
L -81, -26, -16, -82, -25, -16, 180, 180, 0
L -83, -26, -16, -81, -26, -16, 180, 180, 0
L -76, -26, -16, -83, -26, -16, 180, 180, 0
L -75, -25, -14, -76, -26, -16, 180, 180, 0
L -76, -19, -12, -75, -25, -14, 180, 180, 0
L -76, -17, -12, -76, -19, -12, 180, 180, 0
L -76, -16, -11, -76, -17, -12, 180, 180, 0
L -76, -14, -11, -76, -16, -11, 180, 180, 0
L -75, -13, -10, -76, -14, -11, 180, 180, 0
L -75, -9, -9, -75, -13, -10, 180, 180, 0
L -75, -7, -8, -75, -9, -9, 180, 180, 0
L -76, -5, -7, -75, -7, -8, 180, 180, 0
L -76, -3, -6, -76, -5, -7, 180, 180, 0
L -75, -2, -6, -76, -3, -6, 180, 180, 0
L -75, 21, 0, -75, -2, -6, 180, 180, 0
L -75, 23, 0, -75, 21, 1, 180, 180, 0
L -80, 21, 1, -75, 23, 1, 180, 180, 0
L -77, 28, 2, -80, 21, 1, 180, 180, 0
L -76, 29, 1, -77, 28, 2, 180, 180, 0
L -75, 30, 1, -76, 29, 1, 180, 180, 0
L -77, 29, 1, -75, 30, 1, 180, 180, 0
L -78, 28, 2, -77, 29, 1, 180, 180, 0
L -84, 34, 2, -78, 28, 2, 180, 180, 0
L -85, 44, 2, -84, 34, 2, 180, 180, 0
L -85, 45, 2, -85, 44, 2, 180, 180, 0
L -83, 47, 3, -85, 45, 2, 180, 180, 0
L -273, 30, 0, -273, 38, 1, 180, 180, 0
L -274, 28, 0, -273, 30, 1, 180, 180, 0
L -276, 27, 0, -274, 28, 1, 180, 180, 0
L -277, 26, 0, -276, 27, 1, 180, 180, 0
L -291, 26, 0, -277, 26, 1, 180, 180, 0
L -291, 13, 0, -291, 26, 1, 180, 180, 0
L -292, 12, 0, -291, 13, 1, 180, 180, 0
L -293, 10, 0, -292, 12, 1, 180, 180, 0
L -294, 9, 0, -293, 10, 1, 180, 180, 0
L -298, 9, 0, -294, 9, 1, 180, 180, 0
L -300, 9, 1, -298, 9, 1, 180, 180, 0
L -301, 10, 1, -300, 9, 1, 180, 180, 0
L -310, 10, 3, -301, 10, 1, 180, 180, 0
L -329, 10, 0, -310, 10, 3, 180, 180, 0
L -331, 10, 0, -329, 10, 1, 180, 180, 0
L -333, 11, 0, -331, 10, 1, 180, 180, 0
L -334, 12, 0, -333, 11, 1, 180, 180, 0
L -335, 25, 0, -334, 12, 1, 180, 180, 0
L -336, 26, 0, -335, 25, 1, 180, 180, 0
L -345, 26, 1, -336, 26, 1, 180, 180, 0
L -347, 26, 0, -345, 26, 1, 180, 180, 0
L -349, 27, 0, -347, 26, 1, 180, 180, 0
L -350, 28, 0, -349, 27, 1, 180, 180, 0
L -351, 91, 1, -350, 28, 1, 180, 180, 0
L -376, 91, 0, -351, 91, 1, 180, 180, 0
L -376, 59, 1, -376, 91, 1, 180, 180, 0
L -376, 58, 2, -376, 59, 1, 180, 180, 0
L -375, 59, 2, -376, 58, 2, 180, 180, 0
L -373, 59, 3, -375, 59, 2, 180, 180, 0
L -372, 57, 3, -373, 59, 3, 180, 180, 0
L -371, 56, 3, -372, 57, 3, 180, 180, 0
L -372, 54, 3, -371, 56, 3, 180, 180, 0
L -373, 53, 2, -372, 54, 3, 180, 180, 0
L -375, 52, 1, -373, 53, 2, 180, 180, 0
L -376, 51, 1, -375, 52, 1, 180, 180, 0
L -376, 50, 1, -376, 51, 1, 180, 180, 0
L -366, 50, 1, -376, 50, 1, 180, 180, 0
L -364, 50, 0, -366, 50, 1, 180, 180, 0
L -362, 49, 0, -364, 50, 1, 180, 180, 0
L -361, 48, 0, -362, 49, 1, 180, 180, 0
L -360, 3, 1, -361, 48, 1, 180, 180, 0
L -360, 2, 0, -360, 3, 1, 180, 180, 0
L -360, 1, 0, -360, 2, 1, 180, 180, 0
L -358, 1, 0, -360, 1, 1, 180, 180, 0
L -357, 3, 0, -358, 1, 1, 180, 180, 0
L -355, 5, 0, -357, 3, 1, 180, 180, 0
L -350, 5, 0, -355, 5, 1, 180, 180, 0
L -349, 3, 1, -350, 5, 1, 180, 180, 0
L -348, 2, 1, -349, 3, 1, 180, 180, 0
L -348, 1, 0, -348, 2, 1, 180, 180, 0
L -301, 1, 0, -348, 1, 1, 180, 180, 0
L -299, 2, 0, -301, 1, 1, 180, 180, 0
L -294, 2, 0, -299, 2, 1, 180, 180, 0
L -292, 1, 0, -294, 2, 1, 180, 180, 0
L -278, 1, 0, -292, 1, 1, 180, 180, 0
L -277, 0, 0, -278, 1, 1, 180, 180, 0
L -275, -1, 1, -277, 1, 1, 180, 180, 0 
L -275, -14, 3, -275, -1, 1, 180, 180, 0
L -275, -15, 4, -275, -14, 3, 180, 180, 0
L -254, -15, 0, -275, -15, 4, 180, 180, 0
L -253, -15, 0, -254, -15, 1, 180, 180, 0
L -249, -13, 0, -253, -15, 1, 180, 180, 0
L -249, -1, 0, -249, -13, 1, 180, 180, 0
L -248, 1, 0, -249, -1, 1, 180, 180, 0
L -246, 2, 0, -248, 1, 1, 180, 180, 0
L -235, 2, 0, -246, 2, 1, 180, 180, 0
L -233, 1, 0, -235, 2, 1, 180, 180, 0
L -220, 1, 0, -233, 1, 1, 180, 180, 0
L -218, 0, 0, -220, 1, 1, 180, 180, 0
L -216, 0, 0, -218, 1, 1, 180, 180, 0 
L -216, -18, 3, -216, 1, 1, 180, 180, 0 
L -216, -19, 3, -216, -18, 3, 180, 180, 0
L -217, -21, 3, -216, -19, 3, 180, 180, 0
L -218, -22, 3, -217, -21, 3, 180, 180, 0
L -229, -22, 0, -218, -22, 3, 180, 180, 0
L -231, -22, 0, -229, -22, 1, 180, 180, 0
L -232, -30, 0, -231, -22, 1, 180, 180, 0
L -232, -31, 0, -232, -30, 1, 180, 180, 0
L -190, -31, 0, -232, -31, 1, 180, 180, 0
L -190, -14, 0, -190, -31, 1, 180, 180, 0
L -191, -13, 1, -190, -14, 1, 180, 180, 0
L -191, -11, 1, -191, -13, 1, 180, 180, 0
L -191, -9, 2, -191, -11, 1, 180, 180, 0
L -193, -8, 2, -191, -9, 2, 180, 180, 0
L -194, -8, 2, -193, -8, 2, 180, 180, 0
L -196, -6, 2, -194, -8, 2, 180, 180, 0
L -195, -5, 1, -196, -6, 2, 180, 180, 0
L -193, -4, 0, -195, -5, 1, 180, 180, 0
L -192, 0, 0, -193, -4, 1, 180, 180, 0
L -191, -3, 1, -192, 1, 1, 180, 180, 0 
L -191, -5, 0, -191, -3, 1, 180, 180, 0
L -190, -3, 0, -191, -5, 1, 180, 180, 0
L -190, 10, 0, -190, -3, 1, 180, 180, 0
L -231, 10, 0, -190, 10, 1, 180, 180, 0
L -235, 9, 0, -231, 10, 1, 180, 180, 0
L -246, 9, 0, -235, 9, 1, 180, 180, 0
L -248, 10, 0, -246, 9, 1, 180, 180, 0
L -249, 12, 0, -248, 10, 1, 180, 180, 0
L -249, 23, 0, -249, 12, 1, 180, 180, 0
L -250, 24, 0, -249, 23, 1, 180, 180, 0
L -251, 26, 0, -250, 24, 1, 180, 180, 0
L -262, 26, 0, -251, 26, 1, 180, 180, 0
L -264, 28, 0, -262, 26, 1, 180, 180, 0
L -266, 29, 0, -264, 28, 1, 180, 180, 0
L -266, 40, 0, -266, 29, 1, 180, 180, 0
L 759, -142, -7, 759, -105, 1, 180, 180, 0
L 759, -144, -8, 759, -142, -7, 180, 180, 0
L 760, -146, -8, 759, -144, -8, 180, 180, 0
L 784, -153, -8, 760, -146, -8, 180, 180, 0
L 807, -176, -8, 784, -153, -8, 180, 180, 0
L 815, -207, -8, 807, -176, -8, 180, 180, 0
L 807, -238, -8, 815, -207, -8, 180, 180, 0
L 784, -261, -8, 807, -238, -8, 180, 180, 0
L 772, -264, -8, 784, -261, -8, 180, 180, 0
L 691, -208, -8, 699, -236, -8, 180, 180, 0
L 691, -206, -8, 691, -208, -8, 180, 180, 0
L 694, -196, -8, 691, -206, -8, 180, 180, 0
L 699, -177, -1, 694, -196, -8, 180, 180, 0
L 699, -176, -1, 699, -177, -1, 180, 180, 0
L 704, -171, -8, 699, -176, -1, 180, 180, 0
L 707, -168, -8, 704, -171, -8, 180, 180, 0
L 709, -167, -8, 707, -168, -8, 180, 180, 0
L 710, -165, -5, 709, -167, -8, 180, 180, 0
L 715, -160, 0, 710, -165, -5, 180, 180, 0
L 723, -154, -8, 715, -160, 1, 180, 180, 0
L 724, -153, -8, 723, -154, -8, 180, 180, 0
L 745, -147, -8, 724, -153, -8, 180, 180, 0
L 746, -146, -8, 745, -147, -8, 180, 180, 0
L 747, -123, 0, 746, -146, -8, 180, 180, 0
L 747, -121, 0, 747, -123, 1, 180, 180, 0
L 746, -120, 0, 747, -121, 1, 180, 180, 0
L 714, -119, 0, 746, -120, 1, 180, 180, 0
L 712, -118, 0, 714, -119, 1, 180, 180, 0
L 711, -117, 0, 712, -118, 1, 180, 180, 0
L 706, -117, 0, 711, -117, 1, 180, 180, 0
L 704, -119, 0, 706, -117, 1, 180, 180, 0
L 704, -134, 0, 704, -119, 1, 180, 180, 0
L 673, -134, 0, 704, -134, 1, 180, 180, 0
L 671, -133, 1, 673, -134, 1, 180, 180, 0
L 670, -132, 1, 671, -133, 1, 180, 180, 0
L 667, -133, 1, 670, -132, 1, 180, 180, 0
L 665, -133, 0, 667, -133, 1, 180, 180, 0
L 664, -134, 0, 665, -133, 1, 180, 180, 0
L 666, -134, 0, 664, -134, 1, 180, 180, 0
L 628, -134, 0, 666, -134, 1, 180, 180, 0
L 627, -133, 0, 628, -134, 1, 180, 180, 0
L 628, -131, 0, 627, -133, 1, 180, 180, 0
L 628, -126, 0, 628, -131, 1, 180, 180, 0
L 627, -120, 0, 628, -126, 1, 180, 180, 0
L 626, -119, 0, 627, -120, 1, 180, 180, 0
L 613, -118, 0, 626, -119, 1, 180, 180, 0
L 611, -117, 0, 613, -118, 1, 180, 180, 0
L 611, -99, 0, 611, -117, 1, 180, 180, 0
L 612, -90, 0, 611, -99, 1, 180, 180, 0
L 612, -88, 0, 612, -90, 1, 180, 180, 0
L 610, -87, 0, 612, -88, 1, 180, 180, 0
L 580, -86, 0, 610, -87, 1, 180, 180, 0
L 579, -72, 0, 580, -86, 1, 180, 180, 0
L 579, -70, 0, 579, -72, 1, 180, 180, 0
L 577, -69, 0, 579, -70, 1, 180, 180, 0
L 567, -69, 0, 577, -69, 1, 180, 180, 0
L 566, -71, 0, 567, -69, 1, 180, 180, 0
L 759, -104, 0, 759, -108, 1, 180, 180, 0
L 728, -105, 0, 759, -104, 1, 180, 180, 0
L 724, -109, 0, 728, -105, 1, 180, 180, 0
L 717, -109, 0, 724, -109, 1, 180, 180, 0
L 715, -110, 0, 717, -109, 1, 180, 180, 0
L 710, -108, 0, 715, -110, 1, 180, 180, 0
L 709, -107, 0, 710, -108, 1, 180, 180, 0
L 706, -107, 0, 709, -107, 1, 180, 180, 0
L 704, -105, 0, 706, -107, 1, 180, 180, 0
L 704, -90, 0, 704, -105, 1, 180, 180, 0
L 674, -90, 0, 704, -90, 1, 180, 180, 0
L 672, -89, 0, 674, -90, 1, 180, 180, 0
L 672, -74, 0, 672, -89, 1, 180, 180, 0
L 669, -74, 2, 672, -74, 1, 180, 180, 0
L 667, -74, 2, 669, -74, 2, 180, 180, 0
L 664, -75, 1, 667, -74, 2, 180, 180, 0
L 662, -76, 2, 664, -75, 1, 180, 180, 0
L 659, -76, 2, 662, -76, 2, 180, 180, 0
L 657, -75, 0, 659, -76, 2, 180, 180, 0
L 656, -73, 0, 657, -75, 1, 180, 180, 0
L 656, -59, 0, 656, -73, 1, 180, 180, 0
L 655, -58, 0, 656, -59, 1, 180, 180, 0
L 655, -56, 0, 655, -58, 1, 180, 180, 0
L 656, -55, 0, 655, -56, 1, 180, 180, 0
L 663, -54, 0, 656, -55, 1, 180, 180, 0
L 668, -50, 0, 663, -54, 1, 180, 180, 0
L 669, -49, 0, 668, -50, 1, 180, 180, 0
L 664, -42, 0, 669, -49, 1, 180, 180, 0
L 625, -42, 0, 664, -42, 1, 180, 180, 0
L 623, -42, 1, 625, -42, 1, 180, 180, 0
L 622, -43, 1, 623, -42, 1, 180, 180, 0
L 618, -43, 1, 622, -43, 1, 180, 180, 0
L 617, -42, 0, 618, -43, 1, 180, 180, 0
L 580, -42, 0, 617, -42, 1, 180, 180, 0
L 579, -55, 0, 580, -42, 1, 180, 180, 0
L 579, -57, 0, 579, -55, 1, 180, 180, 0
L 578, -59, 0, 579, -57, 1, 180, 180, 0
L 567, -59, 0, 578, -59, 1, 180, 180, 0
L 566, -58, 0, 567, -59, 1, 180, 180, 0
L 551, -58, 0, 566, -58, 1, 180, 180, 0
L 549, -56, 0, 551, -58, 1, 180, 180, 0
L 549, -52, 0, 549, -56, 1, 180, 180, 0
L 549, -41, 2, 549, -52, 1, 180, 180, 0
L 549, -39, 1, 549, -41, 2, 180, 180, 0
L 551, -38, 3, 549, -39, 1, 180, 180, 0
L 560, -37, 3, 551, -38, 3, 180, 180, 0
L 562, -37, 0, 560, -37, 3, 180, 180, 0
L 563, -37, 0, 562, -37, 1, 180, 180, 0
L 563, -38, 0, 563, -37, 1, 180, 180, 0
L 565, -38, 0, 563, -38, 1, 180, 180, 0
L 565, -28, 0, 565, -38, 1, 180, 180, 0
L 564, -27, 0, 565, -28, 1, 180, 180, 0
L 562, -26, 0, 564, -27, 1, 180, 180, 0
L 521, -26, 0, 562, -26, 1, 180, 180, 0
L 521, -40, 0, 521, -26, 1, 180, 180, 0
L 518, -43, 0, 521, -40, 1, 180, 180, 0
L 508, -43, 0, 518, -43, 1, 180, 180, 0
L 506, -42, 0, 508, -43, 1, 180, 180, 0
L 506, -26, 0, 506, -42, 1, 180, 180, 0
L 476, -26, 0, 506, -26, 1, 180, 180, 0
L 474, -25, 0, 476, -26, 1, 180, 180, 0
L 474, -17, 0, 474, -25, 1, 180, 180, 0
L 470, -13, 0, 474, -17, 1, 180, 180, 0
L 470, -11, 0, 470, -13, 1, 180, 180, 0
L 471, -9, 0, 470, -11, 1, 180, 180, 0
L 472, -8, 0, 471, -9, 1, 180, 180, 0
L 474, -8, 0, 472, -8, 1, 180, 180, 0
L 474, -4, 3, 474, -8, 1, 180, 180, 0
L 474, -3, 3, 474, -4, 3, 180, 180, 0
L 473, 1, 2, 474, -3, 3, 180, 180, 0
L 472, 3, 1, 473, 1, 2, 180, 180, 0
L 463, 4, 2, 472, 3, 1, 180, 180, 0
L 461, 4, 0, 463, 4, 2, 180, 180, 0
L 458, 7, 0, 461, 4, 1, 180, 180, 0
L 458, 21, 0, 458, 7, 1, 180, 180, 0
L 457, 22, 1, 458, 21, 1, 180, 180, 0
L 381, 23, 0, 457, 22, 1, 180, 180, 0
L 382, 19, 0, 381, 23, 1, 180, 180, 0
L 381, 15, 0, 382, 19, 1, 180, 180, 0
L 381, 13, 0, 381, 15, 1, 180, 180, 0
L 382, 10, 0, 381, 13, 1, 180, 180, 0
L 382, 8, 0, 382, 10, 1, 180, 180, 0
L 381, 6, 0, 382, 8, 1, 180, 180, 0
L 379, 5, 0, 381, 6, 1, 180, 180, 0
L 376, 5, 0, 379, 5, 1, 180, 180, 0
L 521, -70, 0, 566, -71, 1, 180, 180, 0
L 521, -68, 0, 521, -70, 1, 180, 180, 0
L 520, -56, 0, 521, -68, 1, 180, 180, 0
L 519, -55, 0, 520, -56, 1, 180, 180, 0
L 518, -53, 0, 519, -55, 1, 180, 180, 0
L 507, -53, 0, 518, -53, 1, 180, 180, 0
L 506, -55, 0, 507, -53, 1, 180, 180, 0
L 506, -70, 0, 506, -55, 1, 180, 180, 0
L 479, -70, 0, 506, -70, 1, 180, 180, 0
L 475, -68, 1, 479, -70, 1, 180, 180, 0
L 474, -67, 0, 475, -68, 1, 180, 180, 0
L 469, -70, 0, 474, -67, 1, 180, 180, 0
L 445, -70, 0, 469, -70, 1, 180, 180, 0
L 445, -58, 1, 445, -70, 1, 180, 180, 0
L 445, -56, 1, 445, -58, 1, 180, 180, 0
L 444, -55, 2, 445, -56, 1, 180, 180, 0
L 432, -54, 0, 444, -55, 2, 180, 180, 0
L 430, -54, 0, 432, -54, 1, 180, 180, 0
L 429, -45, 0, 430, -54, 1, 180, 180, 0
L 430, -41, 0, 429, -45, 1, 180, 180, 0
L 429, -39, 0, 430, -41, 1, 180, 180, 0
L 428, -38, 0, 429, -39, 1, 180, 180, 0
L 414, -38, 0, 428, -38, 1, 180, 180, 0
L 413, -24, 0, 414, -38, 1, 180, 180, 0
L 412, -23, 0, 413, -24, 1, 180, 180, 0
L 382, -23, 0, 412, -23, 1, 180, 180, 0
L 382, -7, 0, 382, -23, 1, 180, 180, 0
L 380, -6, 0, 382, -7, 1, 180, 180, 0
L 379, -5, 0, 380, -6, 1, 180, 180, 0
L 376, -5, 0, 379, -5, 1, 180, 180, 0
L 190, 4, 0, 189, 5, 1, 180, 180, 0
L 191, 4, 0, 190, 4, 1, 180, 180, 0
L 194, 7, 0, 191, 4, 1, 180, 180, 0
L 194, 16, 0, 194, 7, 1, 180, 180, 0
L 200, 14, 0, 194, 16, 1, 180, 180, 0
L 204, 16, 0, 200, 14, 1, 180, 180, 0
L 205, 18, 0, 204, 16, 1, 180, 180, 0
L 206, 19, 0, 205, 18, 1, 180, 180, 0
L 206, 21, 0, 206, 19, 1, 180, 180, 0
L 205, 22, 0, 206, 21, 1, 180, 180, 0
L 222, 22, 1, 205, 22, 1, 180, 180, 0
L 224, 23, 1, 222, 22, 1, 180, 180, 0
L 237, 9, 0, 224, 23, 1, 180, 180, 0
L 239, 8, 0, 237, 9, 1, 180, 180, 0
L 240, 7, 0, 239, 8, 1, 180, 180, 0
L 263, 6, 0, 240, 7, 1, 180, 180, 0
L 272, 5, 0, 263, 6, 1, 180, 180, 0
L 274, 7, 0, 272, 5, 1, 180, 180, 0
L 274, 24, 0, 274, 7, 1, 180, 180, 0
L 287, 8, 0, 287, 24, 1, 180, 180, 0
L 288, 7, 0, 287, 8, 1, 180, 180, 0
L 320, 6, 0, 288, 7, 1, 180, 180, 0
L 337, 22, 0, 320, 6, 1, 180, 180, 0
L 367, 22, 0, 337, 22, 1, 180, 180, 0
L 367, 6, 0, 367, 22, 1, 180, 180, 0
L 369, 5, 0, 367, 6, 1, 180, 180, 0
L 372, 5, 0, 369, 5, 1, 180, 180, 0
L 369, -5, 0, 374, -5, 1, 180, 180, 0
L 367, -6, 0, 369, -5, 1, 180, 180, 0
L 367, -22, 0, 367, -6, 1, 180, 180, 0
L 353, -22, 0, 367, -22, 1, 180, 180, 0
L 319, -55, 0, 353, -22, 1, 180, 180, 0
L 319, -69, 1, 319, -55, 1, 180, 180, 0
L 319, -71, 1, 319, -69, 1, 180, 180, 0
L 288, -86, 0, 319, -71, 1, 180, 180, 0
L 273, -87, 0, 288, -86, 1, 180, 180, 0
L 242, -71, 0, 273, -87, 1, 180, 180, 0
L 242, -62, 3, 242, -71, 1, 180, 180, 0
L 242, -60, 0, 242, -62, 3, 180, 180, 0
L 242, -55, 0, 242, -60, 1, 180, 180, 0
L 231, -44, 0, 242, -55, 1, 180, 180, 0
L 231, -43, 0, 231, -44, 1, 180, 180, 0
L 230, -41, 1, 231, -43, 1, 180, 180, 0
L 229, -39, 1, 230, -41, 1, 180, 180, 0
L 227, -39, 1, 229, -39, 1, 180, 180, 0
L 225, -38, 0, 227, -39, 1, 180, 180, 0
L 209, -23, 0, 225, -38, 1, 180, 180, 0
L 194, -22, 0, 209, -23, 1, 180, 180, 0
L 194, -8, 0, 194, -22, 1, 180, 180, 0
L 193, -7, 0, 194, -8, 1, 180, 180, 0
L 192, -5, 0, 193, -7, 1, 180, 180, 0
L -3, 6, 0, -14, 7, 1, 180, 180, 0
L -1, 6, 0, -3, 6, 1, 180, 180, 0
L 0, 5, 0, -1, 6, 1, 180, 180, 0
L 6, 5, 0, 0, 5, 1, 180, 180, 0
L 7, 7, 0, 6, 5, 1, 180, 180, 0
L 7, 22, 0, 7, 7, 1, 180, 180, 0
L 20, 22, 0, 7, 22, 1, 180, 180, 0
L 22, 23, 0, 20, 22, 1, 180, 180, 0
L 49, 49, 0, 22, 23, 1, 180, 180, 0
L 52, 51, 0, 49, 49, 1, 180, 180, 0
L 55, 55, 0, 52, 51, 1, 180, 180, 0
L 55, 71, 1, 55, 55, 1, 180, 180, 0
L 84, 86, 0, 55, 71, 1, 180, 180, 0
L 86, 86, 0, 84, 86, 1, 180, 180, 0
L 101, 87, 0, 86, 86, 1, 180, 180, 0
L 130, 72, 2, 101, 87, 1, 180, 180, 0
L 131, 71, 6, 130, 72, 2, 180, 180, 0
L 132, 57, 0, 131, 71, 6, 180, 180, 0
L 132, 55, 0, 132, 57, 1, 180, 180, 0
L 163, 24, 0, 132, 55, 1, 180, 180, 0
L 163, 18, 0, 163, 24, 1, 180, 180, 0
L 165, 17, 0, 163, 18, 1, 180, 180, 0
L 167, 17, 0, 165, 17, 1, 180, 180, 0
L 169, 15, 0, 167, 17, 1, 180, 180, 0
L 171, 16, 0, 169, 15, 1, 180, 180, 0
L 172, 17, 0, 171, 16, 1, 180, 180, 0
L 173, 20, 0, 172, 17, 1, 180, 180, 0
L 174, 22, 0, 173, 20, 1, 180, 180, 0
L 172, 21, 0, 174, 22, 1, 180, 180, 0
L 171, 22, 0, 172, 21, 1, 180, 180, 0
L 179, 22, 0, 171, 22, 1, 180, 180, 0
L 180, 21, 0, 179, 22, 1, 180, 180, 0
L 179, 19, 0, 180, 21, 1, 180, 180, 0
L 177, 18, 0, 179, 19, 1, 180, 180, 0
L 177, 14, 0, 177, 18, 1, 180, 180, 0
L 178, 13, 0, 177, 14, 1, 180, 180, 0
L 180, 8, 0, 178, 13, 1, 180, 180, 0
L 181, 6, 0, 180, 8, 1, 180, 180, 0
L 182, 5, 0, 181, 6, 1, 180, 180, 0
L 190, 5, 0, 182, 5, 1, 180, 180, 0
L 188, -5, 0, 191, -5, 1, 180, 180, 0
L 182, -5, 0, 192, -5, 1, 180, 180, 0
L 180, -7, 0, 182, -5, 1, 180, 180, 0
L 180, -22, 0, 180, -7, 1, 180, 180, 0
L 152, -22, 1, 180, -22, 1, 180, 180, 0
L 150, -23, 1, 152, -22, 1, 180, 180, 0
L 137, -9, 0, 150, -23, 1, 180, 180, 0
L 134, -7, 0, 137, -9, 1, 180, 180, 0
L 102, -6, 0, 134, -7, 1, 180, 180, 0
L 100, -7, 0, 102, -6, 1, 180, 180, 0
L 100, -22, 0, 100, -7, 1, 180, 180, 0
L 99, -24, 0, 100, -22, 1, 180, 180, 0
L 98, -27, 0, 99, -24, 1, 180, 180, 0
L 98, -29, 0, 98, -27, 1, 180, 180, 0
L 100, -30, 0, 98, -29, 1, 180, 180, 0
L 100, -44, 0, 100, -30, 1, 180, 180, 0
L 87, -32, 0, 87, -39, 1, 180, 180, 0
L 88, -31, 0, 87, -32, 1, 180, 180, 0
L 89, -27, 0, 88, -31, 1, 180, 180, 0
L 89, -25, 0, 89, -27, 1, 180, 180, 0
L 87, -24, 0, 89, -25, 1, 180, 180, 0
L 87, -13, 0, 87, -24, 1, 180, 180, 0
L 88, -11, 0, 87, -13, 1, 180, 180, 0
L 88, -9, 0, 88, -11, 1, 180, 180, 0
L 86, -7, 0, 88, -9, 1, 180, 180, 0
L 54, -6, 0, 86, -7, 1, 180, 180, 0
L 37, -22, 0, 54, -6, 1, 180, 180, 0
L 7, -22, 0, 37, -22, 1, 180, 180, 0
L 7, -8, 0, 7, -22, 1, 180, 180, 0
L 6, -6, 0, 7, -8, 1, 180, 180, 0
L 4, -5, 0, 6, -6, 1, 180, 180, 0
L 0, -5, 0, 4, -5, 1, 180, 180, 0
L 0, -6, 0, 0, -5, 1, 180, 180, 0
L -25, -7, 0, 0, -6, 1, 180, 180, 0
L -74, 33, 0, -74, 25, 1, 180, 180, 0
L -81, 33, 0, -74, 33, 1, 180, 180, 0
L -83, 34, 0, -81, 33, 1, 180, 180, 0
L -83, 45, 0, -83, 34, 1, 180, 180, 0
L -82, 46, 0, -83, 45, 1, 180, 180, 0
L -82, 62, 0, -82, 46, 1, 180, 180, 0
L -81, 63, 0, -82, 62, 1, 180, 180, 0
L -63, 63, 0, -81, 63, 1, 180, 180, 0
L -62, 50, 0, -63, 63, 1, 180, 180, 0
L -63, 48, 1, -62, 50, 1, 180, 180, 0
L -62, 47, 1, -63, 48, 1, 180, 180, 0
L -61, 46, 0, -62, 47, 1, 180, 180, 0
L -61, 41, 0, -61, 46, 1, 180, 180, 0
L -62, 40, 0, -61, 41, 1, 180, 180, 0
L -62, -5, 1, -62, 40, 1, 180, 180, 0
L -62, -6, 0, -62, -5, 1, 180, 180, 0
L -1, -7, 0, -62, -6, 1, 180, 180, 0
L -31, 6, 0, -1, 7, 1, 180, 180, 0
L -33, 7, 0, -31, 6, 1, 180, 180, 0
L -34, 22, 0, -33, 7, 1, 180, 180, 0
L -46, 22, 1, -34, 22, 1, 180, 180, 0
L -47, 22, 0, -46, 22, 1, 180, 180, 0
L -49, 23, 0, -47, 22, 1, 180, 180, 0
L -50, 38, 0, -49, 23, 1, 180, 180, 0
L -51, 40, 0, -50, 38, 1, 180, 180, 0
L -51, 45, 0, -51, 40, 1, 180, 180, 0
L -50, 46, 0, -51, 45, 1, 180, 180, 0
L -50, 72, 0, -50, 46, 1, 180, 180, 0
L -55, 75, 0, -50, 72, 1, 180, 180, 0
L -56, 77, 3, -55, 75, 1, 180, 180, 0
L -57, 78, 4, -56, 77, 3, 180, 180, 0
L -58, 82, 4, -57, 78, 4, 180, 180, 0
L -59, 85, 1, -58, 82, 4, 180, 180, 0
L -59, 86, 0, -59, 85, 1, 180, 180, 0
L -57, 88, 2, -59, 86, 1, 180, 180, 0
L -56, 89, 2, -57, 88, 2, 180, 180, 0
L -54, 90, 0, -56, 89, 2, 180, 180, 0
L -51, 90, 0, -54, 90, 1, 180, 180, 0
L -50, 91, 0, -51, 90, 1, 180, 180, 0
L -63, 92, 0, -50, 91, 1, 180, 180, 0
L -67, 94, 0, -63, 92, 1, 180, 180, 0
L -67, 103, 0, -67, 94, 1, 180, 180, 0
L -66, 105, 0, -67, 103, 1, 180, 180, 0
L -95, 33, 0, -103, 33, 1, 180, 180, 0
L -93, 35, 0, -95, 33, 1, 180, 180, 0
L -93, 45, 0, -93, 35, 1, 180, 180, 0
L -94, 46, 0, -93, 45, 1, 180, 180, 0
L -94, 69, 0, -94, 46, 1, 180, 180, 0
L -92, 70, 0, -94, 69, 1, 180, 180, 0
L -91, 72, 0, -92, 70, 1, 180, 180, 0
L -91, 75, 0, -91, 72, 1, 180, 180, 0
L -95, 77, 0, -91, 75, 1, 180, 180, 0
L -84, 87, 0, -95, 77, 1, 180, 180, 0
L -79, 92, 0, -84, 87, 1, 180, 180, 0
L -77, 93, 0, -79, 92, 1, 180, 180, 0
L -77, 103, 0, -77, 93, 1, 180, 180, 0
L -78, 105, 0, -77, 103, 1, 180, 180, 0
L -79, 106, 0, -78, 105, 1, 180, 180, 0
L -94, 106, 0, -79, 106, 1, 180, 180, 0
L -95, 199, 0, -94, 106, 1, 180, 180, 0
L -70, 199, 0, -95, 199, 1, 180, 180, 0
L -63, 196, 0, -70, 199, 1, 180, 180, 0
L -61, 195, 0, -63, 196, 1, 180, 180, 0
L -57, 197, 0, -61, 195, 1, 180, 180, 0
L -57, 199, 0, -57, 197, 1, 180, 180, 0
L -49, 199, 0, -57, 199, 1, 180, 180, 0
L -47, 200, 0, -49, 199, 1, 180, 180, 0
L -46, 231, 0, -47, 200, 1, 180, 180, 0
L -31, 231, 0, -46, 231, 1, 180, 180, 0
L -29, 232, 0, -31, 231, 1, 180, 180, 0
L -29, 237, 0, -29, 232, 1, 180, 180, 0
L -66, 105, 0, -67, 104, 1, 180, 180, 0
L -64, 106, 0, -66, 105, 1, 180, 180, 0
L -50, 106, 0, -64, 106, 1, 180, 180, 0
L -50, 136, 0, -50, 106, 1, 180, 180, 0
L -49, 138, 0, -50, 136, 1, 180, 180, 0
L -34, 138, 0, -49, 138, 1, 180, 180, 0
L -34, 152, 0, -34, 138, 1, 180, 180, 0
L -32, 154, 0, -34, 152, 1, 180, 180, 0
L -15, 154, 0, -32, 154, 1, 180, 180, 0
L -14, 142, 0, -15, 154, 1, 180, 180, 0
L -10, 142, 0, -14, 142, 1, 180, 180, 0
L -8, 141, 0, -10, 142, 1, 180, 180, 0
L -6, 142, 0, -8, 141, 1, 180, 180, 0
L -2, 142, 0, -6, 142, 1, 180, 180, 0
L -2, 193, 0, -2, 142, 1, 180, 180, 0
L -6, 197, 0, -2, 193, 1, 180, 180, 0
L -2, 204, 0, -6, 197, 1, 180, 180, 0
L -2, 231, 0, -2, 204, 1, 180, 180, 0
L -17, 231, 0, -2, 231, 1, 180, 180, 0
L -19, 233, 0, -17, 231, 1, 180, 180, 0
L -19, 237, 0, -19, 233, 1, 180, 180, 0
L -18, 239, 0, -19, 237, 1, 180, 180, 0
L -264, 254, 0, -264, 223, 1, 180, 180, 0
L -263, 255, 0, -264, 254, 1, 180, 180, 0
L -248, 256, 0, -263, 255, 1, 180, 180, 0
L -252, 259, 0, -248, 256, 1, 180, 180, 0
L -252, 262, 0, -252, 259, 1, 180, 180, 0
L -249, 267, 0, -252, 262, 1, 180, 180, 0
L -248, 268, 0, -249, 267, 1, 180, 180, 0
L -248, 270, 0, -248, 268, 1, 180, 180, 0
L -247, 271, 0, -248, 270, 1, 180, 180, 0
L -245, 272, 0, -247, 271, 1, 180, 180, 0
L -233, 272, 0, -245, 272, 1, 180, 180, 0
L -230, 273, 0, -233, 272, 1, 180, 180, 0
L -226, 273, 0, -230, 273, 1, 180, 180, 0
L -224, 272, 0, -226, 273, 1, 180, 180, 0
L -223, 271, 0, -224, 272, 1, 180, 180, 0
L -223, 264, 0, -223, 271, 1, 180, 180, 0
L -164, 264, -16, -223, 264, 1, 180, 180, 0
L -162, 264, -16, -164, 264, -16, 180, 180, 0
L -162, 271, -16, -162, 264, -16, 180, 180, 0
L -160, 273, -16, -162, 271, -16, 180, 180, 0
L -149, 273, -16, -160, 273, -16, 180, 180, 0
L -148, 271, -16, -149, 273, -16, 180, 180, 0
L -148, 263, -16, -148, 271, -16, 180, 180, 0
L -89, 264, 0, -148, 263, -16, 180, 180, 0
L -87, 264, 0, -89, 264, 1, 180, 180, 0
L -87, 270, 0, -87, 264, 1, 180, 180, 0
L -86, 272, 0, -87, 270, 1, 180, 180, 0
L -85, 273, 0, -86, 272, 1, 180, 180, 0
L -81, 273, 0, -85, 273, 1, 180, 180, 0
L -80, 272, 0, -81, 273, 1, 180, 180, 0
L -33, 272, 0, -80, 272, 1, 180, 180, 0
L -31, 271, 0, -33, 272, 1, 180, 180, 0
L -31, 242, 0, -31, 271, 1, 180, 180, 0
L -29, 239, 0, -31, 242, 1, 180, 180, 0
L -29, 235, 0, -29, 239, 1, 180, 180, 0
L -18, 282, 0, -18, 239, 1, 180, 180, 0
L -19, 283, 1, -18, 282, 1, 180, 180, 0
L -20, 284, 0, -19, 283, 1, 180, 180, 0
L -74, 284, 0, -20, 284, 1, 180, 180, 0
L -80, 283, 0, -74, 284, 1, 180, 180, 0
L -86, 283, 0, -80, 283, 1, 180, 180, 0
L -87, 285, 0, -86, 283, 1, 180, 180, 0
L -87, 293, 0, -87, 285, 1, 180, 180, 0
L -146, 292, -16, -87, 293, 1, 180, 180, 0
L -148, 292, -16, -146, 292, -16, 180, 180, 0
L -148, 286, -16, -148, 292, -16, 180, 180, 0
L -149, 285, -16, -148, 286, -16, 180, 180, 0
L -150, 283, -16, -149, 285, -16, 180, 180, 0
L -158, 283, -16, -150, 283, -16, 180, 180, 0
L -159, 282, -16, -158, 283, -16, 180, 180, 0
L -162, 285, -16, -159, 282, -16, 180, 180, 0
L -162, 292, -16, -162, 285, -16, 180, 180, 0
L -216, 292, 0, -162, 292, -16, 180, 180, 0
L -218, 292, 0, -216, 292, 1, 180, 180, 0
L -221, 287, 0, -218, 292, 1, 180, 180, 0
L -222, 286, 0, -221, 287, 1, 180, 180, 0
L -224, 285, 0, -222, 286, 1, 180, 180, 0
L -225, 283, 0, -224, 285, 1, 180, 180, 0
L -229, 283, 0, -225, 283, 1, 180, 180, 0
L -231, 284, 0, -229, 283, 1, 180, 180, 0
L -274, 284, 3, -231, 284, 1, 180, 180, 0
L -276, 284, 3, -274, 284, 3, 180, 180, 0
L -277, 223, 0, -276, 284, 3, 180, 180, 0
L -264, 224, 0, -264, 229, 1, 180, 180, 0
L -265, 222, 0, -264, 224, 1, 180, 180, 0
L -265, 218, 0, -265, 222, 1, 180, 180, 0
L -264, 216, 0, -265, 218, 1, 180, 180, 0
L -263, 215, 0, -264, 216, 1, 180, 180, 0
L -248, 215, 0, -263, 215, 1, 180, 180, 0
L -248, 201, 0, -248, 215, 1, 180, 180, 0
L -218, 170, 0, -248, 201, 1, 180, 180, 0
L -218, 169, 0, -218, 170, 1, 180, 180, 0
L -214, 167, 0, -218, 169, 1, 180, 180, 0
L -199, 167, 1, -214, 167, 1, 180, 180, 0
L -184, 137, 0, -199, 167, 1, 180, 180, 0
L -184, 123, 1, -184, 137, 1, 180, 180, 0
L -184, 121, 0, -184, 123, 1, 180, 180, 0
L -198, 92, 0, -184, 121, 1, 180, 180, 0
L -199, 90, 1, -198, 92, 1, 180, 180, 0
L -205, 90, 3, -199, 90, 1, 180, 180, 0
L -207, 90, 4, -205, 90, 3, 180, 180, 0
L -208, 91, 4, -207, 90, 4, 180, 180, 0
L -210, 92, 0, -208, 91, 4, 180, 180, 0
L -213, 90, 0, -210, 92, 1, 180, 180, 0
L -215, 90, 1, -213, 90, 1, 180, 180, 0
L -225, 80, 5, -215, 90, 1, 180, 180, 0
L -226, 79, 4, -225, 80, 5, 180, 180, 0
L -228, 78, 0, -226, 79, 4, 180, 180, 0
L -226, 79, 0, -228, 78, 1, 180, 180, 0
L -247, 57, 0, -226, 79, 1, 180, 180, 0
L -249, 56, 0, -247, 57, 1, 180, 180, 0
L -250, 55, 0, -249, 56, 1, 180, 180, 0
L -252, 54, 0, -250, 55, 1, 180, 180, 0
L -254, 51, 0, -252, 54, 1, 180, 180, 0
L -254, 50, 0, -254, 51, 1, 180, 180, 0
L -252, 46, 0, -254, 50, 1, 180, 180, 0
L -251, 45, 0, -252, 46, 1, 180, 180, 0
L -249, 45, 0, -251, 45, 1, 180, 180, 0
L -248, 44, 0, -249, 45, 1, 180, 180, 0
L -248, 42, 0, -248, 44, 1, 180, 180, 0
L -262, 42, 0, -248, 42, 1, 180, 180, 0
L -263, 41, 0, -262, 42, 1, 180, 180, 0
L -265, 41, 0, -263, 41, 1, 180, 180, 0
L -265, 36, 0, -265, 41, 1, 180, 180, 0
L -275, 39, 0, -275, 32, 1, 180, 180, 0
L -276, 41, 0, -275, 39, 1, 180, 180, 0
L -278, 42, 0, -276, 41, 1, 180, 180, 0
L -292, 42, 0, -278, 42, 1, 180, 180, 0
L -292, 72, 1, -292, 42, 1, 180, 180, 0
L -285, 79, 0, -292, 72, 1, 180, 180, 0
L -277, 87, 0, -285, 79, 1, 180, 180, 0
L -276, 120, 0, -277, 87, 1, 180, 180, 0
L -278, 122, 0, -276, 120, 1, 180, 180, 0
L -293, 122, 0, -278, 122, 1, 180, 180, 0
L -295, 123, 0, -293, 122, 1, 180, 180, 0
L -298, 124, 0, -295, 123, 1, 180, 180, 0
L -302, 122, 0, -298, 124, 1, 180, 180, 0
L -302, 106, 0, -302, 122, 1, 180, 180, 0
L -314, 106, 0, -302, 106, 1, 180, 180, 0
L -318, 108, 0, -314, 106, 1, 180, 180, 0
L -320, 108, 1, -318, 108, 1, 180, 180, 0
L -323, 107, 1, -320, 108, 1, 180, 180, 0
L -325, 107, 0, -323, 107, 1, 180, 180, 0
L -327, 106, 0, -325, 107, 1, 180, 180, 0
L -347, 106, 0, -327, 106, 1, 180, 180, 0
L -349, 107, 0, -347, 106, 1, 180, 180, 0
L -350, 107, 0, -349, 107, 1, 180, 180, 0
L -354, 108, 0, -350, 107, 1, 180, 180, 0
L -356, 106, 0, -354, 108, 1, 180, 180, 0
L -385, 106, 0, -356, 106, 1, 180, 180, 0
L -387, 107, 0, -385, 106, 1, 180, 180, 0
L -389, 109, 0, -387, 107, 1, 180, 180, 0
L -390, 111, 1, -389, 109, 1, 180, 180, 0
L -393, 114, 1, -390, 111, 1, 180, 180, 0
L -395, 114, 0, -393, 114, 1, 180, 180, 0
L -401, 120, 0, -395, 114, 1, 180, 180, 0
L -403, 123, 0, -401, 120, 1, 180, 180, 0
L -413, 123, 0, -403, 123, 1, 180, 180, 0
L -275, 223, 0, -276, 224, 1, 180, 180, 0
L -275, 218, 0, -275, 223, 1, 180, 180, 0
L -276, 216, 0, -275, 218, 1, 180, 180, 0
L -278, 215, 0, -276, 216, 1, 180, 180, 0
L -292, 215, 0, -278, 215, 1, 180, 180, 0
L -292, 185, 0, -292, 215, 1, 180, 180, 0
L -277, 170, 0, -292, 185, 1, 180, 180, 0
L -276, 136, 0, -277, 170, 1, 180, 180, 0
L -277, 135, 0, -276, 136, 1, 180, 180, 0
L -290, 135, 0, -277, 135, 1, 180, 180, 0
L -295, 133, 0, -290, 135, 1, 180, 180, 0
L -299, 134, 0, -295, 133, 1, 180, 180, 0
L -300, 135, 0, -299, 134, 1, 180, 180, 0
L -347, 135, 0, -300, 135, 1, 180, 180, 0
L -347, 120, 0, -347, 135, 1, 180, 180, 0
L -349, 118, 0, -347, 120, 1, 180, 180, 0
L -354, 117, 0, -349, 118, 1, 180, 180, 0
L -355, 119, 0, -354, 117, 1, 180, 180, 0
L -371, 119, 0, -355, 119, 1, 180, 180, 0
L -372, 120, 0, -371, 119, 1, 180, 180, 0
L -373, 136, 2, -372, 120, 1, 180, 180, 0
L -372, 138, 1, -373, 136, 2, 180, 180, 0
L -369, 139, 3, -372, 138, 1, 180, 180, 0
L -367, 140, 0, -369, 139, 3, 180, 180, 0
L -363, 143, 0, -367, 140, 1, 180, 180, 0
L -362, 144, 0, -363, 143, 1, 180, 180, 0
L -362, 146, 0, -362, 144, 1, 180, 180, 0
L -364, 147, 0, -362, 146, 1, 180, 180, 0
L -371, 147, 0, -364, 147, 1, 180, 180, 0
L -372, 149, 0, -371, 147, 1, 180, 180, 0
L -372, 151, 0, -372, 149, 1, 180, 180, 0
L -401, 151, 0, -372, 151, 1, 180, 180, 0
L -401, 137, 0, -401, 151, 1, 180, 180, 0
L -402, 135, 0, -401, 137, 1, 180, 180, 0
L -403, 134, 0, -402, 135, 1, 180, 180, 0
L -413, 134, 0, -403, 134, 1, 180, 180, 0
L -491, 202, 0, -491, 208, 1, 180, 180, 0
L -492, 200, 0, -491, 202, 1, 180, 180, 0
L -493, 199, 0, -492, 200, 1, 180, 180, 0
L -509, 199, 0, -493, 199, 1, 180, 180, 0
L -524, 184, 0, -509, 199, 1, 180, 180, 0
L -524, 156, 0, -524, 184, 1, 180, 180, 0
L -524, 154, 1, -524, 156, 1, 180, 180, 0
L -523, 152, 1, -524, 154, 1, 180, 180, 0
L -523, 150, 1, -523, 152, 1, 180, 180, 0
L -524, 149, 1, -523, 150, 1, 180, 180, 0
L -524, 130, 1, -524, 149, 1, 180, 180, 0
L -523, 123, 1, -524, 130, 1, 180, 180, 0
L -523, 121, 1, -523, 123, 1, 180, 180, 0
L -524, 120, 0, -523, 121, 1, 180, 180, 0
L -524, 89, 0, -524, 120, 1, 180, 180, 0
L -509, 74, 0, -524, 89, 1, 180, 180, 0
L -454, 74, 0, -509, 74, 1, 180, 180, 0
L -453, 75, 0, -454, 74, 1, 180, 180, 0
L -452, 77, 0, -453, 75, 1, 180, 180, 0
L -451, 78, 0, -452, 77, 1, 180, 180, 0
L -449, 79, 0, -451, 78, 1, 180, 180, 0
L -448, 79, 0, -449, 79, 1, 180, 180, 0
L -446, 80, 0, -448, 79, 1, 180, 180, 0
L -444, 80, 0, -446, 80, 1, 180, 180, 0
L -443, 79, 0, -444, 80, 1, 180, 180, 0
L -442, 77, 0, -443, 79, 1, 180, 180, 0
L -442, 76, 0, -442, 77, 1, 180, 180, 0
L -443, 74, 0, -442, 76, 1, 180, 180, 0
L -431, 74, 0, -443, 74, 1, 180, 180, 0
L -416, 89, 0, -431, 74, 1, 180, 180, 0
L -415, 121, 0, -416, 89, 1, 180, 180, 0
L -414, 123, 0, -415, 121, 1, 180, 180, 0
L -414, 134, 0, -412, 134, 1, 180, 180, 0
L -415, 135, 0, -414, 134, 1, 180, 180, 0
L -416, 168, 0, -415, 135, 1, 180, 180, 0
L -431, 183, 0, -416, 168, 1, 180, 180, 0
L -447, 183, 0, -431, 183, 1, 180, 180, 0
L -462, 199, 0, -447, 183, 1, 180, 180, 0
L -479, 199, 0, -462, 199, 1, 180, 180, 0
L -481, 200, 0, -479, 199, 1, 180, 180, 0
L -481, 210, 0, -481, 200, 1, 180, 180, 0
L -480, 212, 0, -481, 210, 1, 180, 180, 0
L -479, 213, 0, -480, 212, 1, 180, 180, 0
L -476, 213, 0, -479, 213, 1, 180, 180, 0
L -491, 210, 0, -491, 207, 1, 180, 180, 0
L -492, 212, 0, -491, 210, 1, 180, 180, 0
L -494, 213, 0, -492, 212, 1, 180, 180, 0
L -509, 213, 0, -494, 213, 1, 180, 180, 0
L -520, 223, 0, -509, 213, 1, 180, 180, 0
L -521, 225, 0, -520, 223, 1, 180, 180, 0
L -520, 227, 0, -521, 225, 1, 180, 180, 0
L -526, 229, 0, -520, 227, 1, 180, 180, 0
L -541, 229, 0, -526, 229, 1, 180, 180, 0
L -556, 244, 0, -541, 229, 1, 180, 180, 0
L -556, 275, 0, -556, 244, 1, 180, 180, 0
L -557, 277, 0, -556, 275, 1, 180, 180, 0
L -558, 278, 0, -557, 277, 1, 180, 180, 0
L -562, 279, 0, -558, 278, 1, 180, 180, 0
L -480, 212, 0, -481, 214, 1, 180, 180, 0
L -479, 213, 0, -480, 212, 1, 180, 180, 0
L -463, 213, 0, -479, 213, 1, 180, 180, 0
L -448, 228, 0, -463, 213, 1, 180, 180, 0
L -448, 256, 0, -448, 228, 1, 180, 180, 0
L -448, 258, 1, -448, 256, 1, 180, 180, 0
L -449, 260, 1, -448, 258, 1, 180, 180, 0
L -449, 261, 1, -449, 260, 1, 180, 180, 0
L -448, 263, 1, -449, 261, 1, 180, 180, 0
L -448, 271, 1, -448, 263, 1, 180, 180, 0
L -449, 273, 2, -448, 271, 1, 180, 180, 0
L -449, 289, 1, -449, 273, 2, 180, 180, 0
L -449, 291, 1, -449, 289, 1, 180, 180, 0
L -448, 292, 0, -449, 291, 1, 180, 180, 0
L -448, 323, 0, -448, 292, 1, 180, 180, 0
L -462, 338, 0, -448, 323, 1, 180, 180, 0
L -484, 338, 0, -462, 338, 1, 180, 180, 0
L -489, 335, 0, -484, 338, 1, 180, 180, 0
L -490, 334, 0, -489, 335, 1, 180, 180, 0
L -494, 338, 0, -490, 334, 1, 180, 180, 0
L -519, 338, 0, -494, 338, 1, 180, 180, 0
L -522, 333, 0, -519, 338, 1, 180, 180, 0
L -524, 333, 0, -522, 333, 1, 180, 180, 0
L -525, 331, 0, -524, 333, 1, 180, 180, 0
L -529, 331, 0, -525, 331, 1, 180, 180, 0
L -530, 335, 0, -529, 331, 1, 180, 180, 0
L -530, 337, 0, -530, 335, 1, 180, 180, 0
L -529, 338, 0, -530, 337, 1, 180, 180, 0
L -541, 338, 0, -529, 338, 1, 180, 180, 0
L -556, 323, 0, -541, 338, 1, 180, 180, 0
L -557, 291, 0, -556, 323, 1, 180, 180, 0
L -558, 289, 0, -557, 291, 1, 180, 180, 0
L -559, 288, 0, -558, 289, 1, 180, 180, 0
L -563, 288, 0, -559, 288, 1, 180, 180, 0
L -564, 290, 0, -563, 288, 1, 180, 180, 0
L -611, 290, 1, -564, 290, 1, 180, 180, 0
L -611, 261, 2, -611, 290, 1, 180, 180, 0
L -604, 261, 2, -611, 261, 2, 180, 180, 0
L -599, 267, 0, -604, 261, 2, 180, 180, 0
L -598, 269, 0, -599, 267, 1, 180, 180, 0
L -596, 270, 0, -598, 269, 1, 180, 180, 0
L -595, 270, 0, -596, 270, 1, 180, 180, 0
L -587, 272, 0, -595, 270, 1, 180, 180, 0
L -584, 271, 3, -587, 272, 1, 180, 180, 0
L -583, 270, 3, -584, 271, 3, 180, 180, 0
L -581, 268, 0, -583, 270, 3, 180, 180, 0
L -581, 267, 0, -581, 268, 1, 180, 180, 0
L -579, 266, 0, -581, 267, 1, 180, 180, 0
L -578, 264, 2, -579, 266, 1, 180, 180, 0
L -576, 263, 0, -578, 264, 2, 180, 180, 0
L -576, 261, 0, -576, 263, 1, 180, 180, 0
L -566, 261, 0, -576, 261, 1, 180, 180, 0
L -566, 276, 0, -566, 261, 1, 180, 180, 0
L -563, 278, 0, -566, 276, 1, 180, 180, 0
L -560, 279, 0, -563, 278, 1, 180, 180, 0
L 784, -260, -4, 753, -269, -4, 180, 180, 0
L 753, -269, -4, 721, -260, -4, 180, 180, 0
L 721, -260, -4, 699, -237, -4, 180, 180, 0
L 286, 23, 3, 287, 35, 3, 180, 180, 0
L 287, 35, 3, 294, 36, 3, 180, 180, 0
L 294, 36, 3, 294, 97, -13, 180, 180, 0
L 294, 97, -13, 288, 97, -13, 180, 180, 0
L 288, 97, -13, 288, 111, -13, 180, 180, 0
L 288, 111, -13, 294, 111, -13, 180, 180, 0
L 294, 111, -13, 294, 172, 3, 180, 180, 0
L 294, 172, 3, 288, 172, 3, 180, 180, 0
L 288, 172, 3, 286, 180, 3, 180, 180, 0
L 286, 180, 3, 286, 225, 3, 180, 180, 0
L 286, 225, 3, 217, 227, 3, 180, 180, 0
L 217, 227, 3, 217, 241, 3, 180, 180, 0
L 217, 241, 3, 203, 241, 3, 180, 180, 0
L 203, 241, 3, 171, 273, 3, 180, 180, 0
L 171, 273, 3, 169, 290, 3, 180, 180, 0
L 169, 290, 3, 138, 305, 3, 180, 180, 0
L 138, 305, 3, 137, 315, 3, 180, 180, 0
L 137, 315, 3, 145, 315, 3, 180, 180, 0
L 145, 315, 3, 144, 407, 3, 180, 180, 0
L 144, 407, 3, 83, 406, 3, 180, 180, 0
L 83, 406, 3, 81, 439, 3, 180, 180, 0
L 81, 439, 3, 52, 439, 3, 180, 180, 0
L 52, 439, 3, 52, 408, 3, 180, 180, 0
L 52, 408, 3, -10, 407, 3, 180, 180, 0
L -10, 407, 3, -10, 378, 5, 180, 180, 0
L -10, 378, 5, 117, 376, 3, 180, 180, 0
L 117, 376, 3, 116, 315, 3, 180, 180, 0
L 116, 315, 3, 124, 315, 3, 180, 180, 0
L 124, 315, 3, 123, 306, 3, 180, 180, 0
L 123, 306, 3, 92, 290, 4, 180, 180, 0
L 92, 290, 4, 92, 274, 3, 180, 180, 0
L 92, 274, 3, 59, 242, 3, 180, 180, 0
L 59, 242, 3, 44, 241, 3, 180, 180, 0
L 44, 241, 3, 44, 197, 3, 180, 180, 0
L 44, 197, 3, 74, 197, 3, 180, 180, 0
L 74, 197, 3, 90, 213, 3, 180, 180, 0
L 90, 213, 3, 122, 213, 3, 180, 180, 0
L 122, 213, 3, 123, 183, 3, 180, 180, 0
L 123, 183, 3, 108, 167, 3, 180, 180, 0
L 108, 167, 3, 108, 138, 3, 180, 180, 0
L 108, 138, 3, 121, 138, 3, 180, 180, 0
L 121, 138, 3, 121, 153, 3, 180, 180, 0
L 121, 153, 3, 140, 152, 3, 180, 180, 0
L 140, 152, 3, 140, 138, 3, 180, 180, 0
L 140, 138, 3, 153, 138, 3, 180, 180, 0
L 153, 138, 3, 153, 182, 3, 180, 180, 0
L 153, 182, 3, 139, 182, 3, 180, 180, 0
L 139, 182, 3, 138, 213, 3, 180, 180, 0
L 138, 213, 3, 172, 212, 3, 180, 180, 0
L 172, 212, 3, 187, 197, 4, 180, 180, 0
L 187, 197, 4, 217, 197, 3, 180, 180, 0
L 217, 197, 3, 217, 211, 3, 180, 180, 0
L 217, 211, 3, 272, 213, 3, 180, 180, 0
L 272, 213, 3, 273, 172, 3, 180, 180, 0
L 273, 172, 3, 266, 172, 3, 180, 180, 0
L 266, 172, 3, 266, 111, -13, 180, 180, 0
L 266, 111, -13, 272, 111, -13, 180, 180, 0
L 272, 111, -13, 272, 97, -13, 180, 180, 0
L 272, 97, -13, 266, 97, -13, 180, 180, 0
L 266, 97, -13, 266, 36, 3, 180, 180, 0
L 266, 36, 3, 272, 36, 3, 180, 180, 0
L 272, 36, 3, 274, 23, 3, 180, 180, 0
L 6, -79, 3, 6, -93, 3, 180, 180, 0
L 6, -93, 3, -3, -94, 3, 180, 180, 0
L -3, -94, 3, -3, -79, 3, 180, 180, 0
L -3, -79, 3, -48, -79, 3, 180, 180, 0
L -48, -79, 3, -48, -91, 3, 180, 180, 0
L -48, -91, 3, -33, -92, 3, 180, 180, 0
L -33, -92, 3, -32, -109, 5, 180, 180, 0
L -32, -109, 5, -62, -109, 3, 180, 180, 0
L -62, -109, 3, -62, -103, 3, 180, 180, 0
L -62, -103, 3, -123, -103, -13, 180, 180, 0
L -123, -103, -13, -123, -131, -13, 180, 180, 0
L -123, -131, -13, -62, -131, 3, 180, 180, 0
L -62, -131, 3, -62, -125, 3, 180, 180, 0
L -62, -125, 3, -3, -123, 3, 180, 180, 0
L -3, -123, 3, -3, -109, 3, 180, 180, 0
L -3, -109, 3, 50, -107, 5, 180, 180, 0
L 50, -107, 5, 50, -93, 3, 180, 180, 0
L 50, -93, 3, 99, -91, 4, 180, 180, 0
L 99, -91, 4, 99, -42, 3, 180, 180, 0
P 748, -198, -6, 0, 255, 255, 3, Boss
P -300, 360, 1, 0, 255, 0, 3, mmci_-_The_Halls_of_Sanguinary_Rites
