1	0.0	4000	4000
2	0.0	4000	4000
3	0.0	4000	4000
4	0.0	4000	3700
5	0.0	4000	3700
6	0.0	4000	3709
7	0.0	4000	3709
8	0.0	4000	3709
9	0.0	4000	3709
10	0.0	4000	3709
11	0.0	4000	3709
12	0.0	4000	3718
13	0.0	4000	3718
14	0.0	4000	3718
15	0.0	4000	3718
16	0.0	4000	3718
17	458.8	4000	3318
18	433.3	4000	3327
19	410.5	4000	3327
20	390.0	4000	3327
21	371.4	4000	3327
22	354.5	4000	3327
23	339.1	4000	3327
24	325.0	4000	3336
25	312.0	4000	3336
26	300.0	4000	3336
27	288.9	4000	3336
28	278.6	4000	3336
29	269.0	4000	3336
30	520.0	4000	2945
31	503.2	4000	2945
32	487.5	4000	2945
33	472.7	4000	2945
34	458.8	4000	2945
35	445.7	4000	2945
36	433.3	4000	2954
37	421.6	4000	2954
38	410.5	4000	2954
39	400.0	4000	2954
40	390.0	4000	2954
41	380.5	4000	2954
42	371.4	4000	2963
43	544.2	4000	2563
44	531.8	4000	2563
45	520.0	4000	2563
46	508.7	2076	3629
47	497.9	2076	3629
48	487.5	2095	3638
49	477.6	2095	3638
50	468.0	2095	3638
51	458.8	2095	3638
52	450.0	2095	3638
53	441.5	2095	3638
54	433.3	2114	3647
55	425.5	2114	3647
56	417.9	2114	3647
57	547.4	2114	3247
58	537.9	2114	3247
59	528.8	2114	3247
60	520.0	2133	3256
61	511.5	2133	3256
62	503.2	2133	3256
63	495.2	2133	3256
64	487.5	2133	3256
65	480.0	2133	3256
66	472.7	2152	3265
67	465.7	2152	3265
68	458.8	2152	3265
69	452.2	2152	3265
70	557.1	2152	2865
71	549.3	2152	2865
72	541.7	2171	2874
73	534.2	2171	2874
74	527.0	2171	2874
75	520.0	2171	2874
76	513.2	2171	2874
77	506.5	2171	2874
78	500.0	2190	2883
79	493.7	2190	2883
80	487.5	2190	2883
81	481.5	2190	2883
82	475.6	2190	2883
83	563.9	2190	2483
84	557.1	2209	2492
85	550.6	2209	2492
86	544.2	2209	2492
87	537.9	2209	2492
88	531.8	2209	2492
89	525.8	2209	2492
90	520.0	2228	2501
91	514.3	2228	2501
92	508.7	2228	2501
93	503.2	2228	2501
94	497.9	2228	2501
95	492.6	2228	2501
96	568.8	2247	2110
97	562.9	2247	2110
98	557.1	2247	2110
99	551.5	2247	2110
100	546.0	2247	2110
101	540.6	2247	2110
102	535.3	2266	2119
103	530.1	2266	2119
104	525.0	2266	2119
105	520.0	2266	2119
106	515.1	2266	2119
107	510.3	2266	2119
108	505.6	2285	2128
109	572.5	2285	1728
110	567.3	2285	1728
111	562.2	2285	1728
112	557.1	2285	1728
113	552.2	2285	1728
114	547.4	2304	1737
115	542.6	2304	1737
116	537.9	2304	1737
117	533.3	2304	1737
118	528.8	2304	1737
119	524.4	2304	1737
120	520.0	2323	1746
121	515.7	2323	1746
122	575.4	2323	1346
123	570.7	2323	1346
124	566.1	2323	1346
125	561.6	2323	1346
126	557.1	2342	1355
127	552.8	2342	1355
128	548.4	2342	1355
129	544.2	2342	1355
130	540.0	2342	1355
131	535.9	2342	1355
132	531.8	2361	1364
133	527.8	2361	1364
134	523.9	2361	1364
135	577.8	2361	964
136	573.5	2361	964
137	569.3	2361	964
138	565.2	2380	973
139	561.2	2380	973
140	557.1	2380	973
141	553.2	2380	973
142	549.3	2380	973
143	545.5	2380	973
144	541.7	2399	982
145	537.9	2399	982
146	534.2	2399	982
147	530.6	2399	982
148	579.7	2399	582
149	575.8	2399	582
150	572.0	2418	591
151	568.2	2418	591
152	564.5	2418	591
153	560.8	2418	591
154	557.1	2418	591
155	553.5	2418	591
156	550.0	2437	600
157	546.5	2437	600
158	543.0	2437	600
159	539.6	2437	600
160	536.2	2437	600
161	581.4	2437	200
162	577.8	2456	209
163	574.2	2456	209
164	570.7	2456	209
165	567.3	2456	209
166	563.9	2456	209
167	560.5	2308	291
168	557.1	2327	300
169	553.8	2327	300
170	550.6	2327	300
171	547.4	2327	300
172	544.2	2179	382
173	541.0	2179	382
174	537.9	2198	391
175	534.9	2198	391
176	531.8	2198	391
177	528.8	2050	473
178	525.8	2050	473
179	522.9	2050	473
180	520.0	2069	482
181	517.1	2069	482
182	514.3	2069	482
183	511.5	2069	482
184	508.7	2069	482
185	505.9	2069	482
186	503.2	2088	491
187	500.5	2088	491
188	497.9	2088	491
189	536.5	2088	91
190	533.7	2088	91
191	530.9	2088	91
192	528.1	2107	100
193	525.4	2107	100
194	522.7	2107	100
195	520.0	1959	182
196	517.3	1959	182
197	514.7	1959	182
198	512.1	1978	191
199	509.5	1978	191
200	507.0	1830	273
201	504.5	1830	273
202	502.0	1830	273
203	499.5	1830	273
204	497.1	1849	282
205	494.6	1849	282
206	492.2	1849	82
207	489.9	1849	82
208	487.5	1849	82
209	485.2	1849	82
210	482.9	2168	91
211	480.6	2168	91
212	478.3	2020	173
213	476.1	2020	173
214	473.8	2020	173
215	471.6	2020	173
216	469.4	2339	182
217	467.3	2191	264
218	465.1	2191	264
219	463.0	2191	264
220	460.9	2191	264
221	458.8	2191	264
222	456.8	2362	355
223	454.7	2362	355
224	452.7	2362	355
225	450.7	2362	355
226	448.7	2362	355
227	446.7	2214	437
228	444.7	2533	446
229	442.8	609	1512
230	440.9	609	1512
231	439.0	609	1512
232	437.1	609	1512
233	435.2	609	1512
234	433.3	928	1521
235	431.5	928	1521
236	429.7	928	1521
237	427.8	928	1521
238	426.1	928	1521
239	424.3	928	1521
240	455.0	1247	1130
241	453.1	1247	1130
242	451.2	1247	1130
243	449.4	1247	1130
244	447.5	1247	1130
245	445.7	1247	1130
246	443.9	1266	1139
247	442.1	1266	939
248	440.3	1266	939
249	438.6	1266	939
250	436.8	1266	939
251	435.1	1266	939
252	433.3	1585	948
253	431.6	1585	948
254	429.9	1585	948
255	428.2	1585	948
256	426.6	1585	948
257	424.9	1585	948
258	423.3	1904	957
259	421.6	1904	957
260	450.0	1904	557
261	448.3	1904	557
262	446.6	1904	557
263	444.9	1904	557
264	443.2	2223	566
265	441.5	2223	566
266	439.8	2223	566
267	438.2	2223	566
268	436.6	2223	566
269	434.9	2223	566
270	433.3	2542	575
271	431.7	2542	575
272	430.1	2542	575
273	457.1	2542	175
274	455.5	2542	175
275	453.8	2542	175
276	452.2	2861	184
277	450.5	2861	184
278	448.9	2861	184
279	447.3	2713	266
280	445.7	2713	266
281	444.1	2713	266
282	442.6	3032	275
283	441.0	3032	275
284	439.4	2884	357
285	437.9	2884	357
286	436.4	2884	357
287	434.8	2884	357
288	433.3	2903	366
289	431.8	2755	448
290	430.3	2755	448
291	428.9	2755	448
292	427.4	2755	448
293	425.9	2755	448
294	424.5	2774	457
295	423.1	2774	457
296	421.6	2774	457
297	420.2	2774	457
298	418.8	2774	457
299	417.4	2774	457
300	416.0	2793	466
301	440.5	2793	66
302	439.1	2793	66
303	437.6	2793	66
304	436.2	2793	66
305	434.8	2793	66
306	433.3	2812	75
307	431.9	2664	157
308	430.5	2664	157
309	429.1	2664	157
310	427.7	2664	157
311	426.4	2664	157
312	425.0	2535	248
313	423.6	2535	248
314	422.3	2535	248
315	421.0	2535	248
316	419.6	2535	248
317	418.3	2387	330
318	417.0	2406	339
319	415.7	2406	339
320	414.4	2406	339
321	413.1	2406	339
322	411.8	2258	421
323	410.5	2258	421
324	409.3	2277	430
325	408.0	2277	430
326	406.7	2277	430
327	405.5	2277	430
328	404.3	2277	430
329	403.0	2277	430
330	401.8	2296	439
331	400.6	2296	439
332	399.4	2296	439
333	398.2	2296	439
334	420.4	2296	39
335	419.1	2296	39
336	417.9	2315	48
337	416.6	2315	48
338	415.4	2315	48
339	414.2	2315	48
340	412.9	2167	130
341	411.7	2167	130
342	410.5	2186	139
343	409.3	2186	139
344	408.1	2186	139
345	407.0	2038	221
346	405.8	2038	221
347	404.6	2038	221
348	403.4	2057	230
349	402.3	2057	230
350	401.1	1909	312
351	400.0	1909	312
352	398.9	1909	312
353	397.7	1909	312
354	396.6	1928	321
355	395.5	1928	321
356	394.4	1928	121
357	393.3	1928	121
358	392.2	1928	121
359	391.1	1928	121
360	390.0	2247	130
361	388.9	2247	130
362	387.8	2099	212
363	386.8	2099	212
364	385.7	2099	212
365	384.7	2099	212
366	383.6	2418	221
367	382.6	2270	303
368	381.5	2270	303
369	380.5	2270	303
370	379.5	2270	303
371	378.4	2270	303
372	377.4	2441	394
373	376.4	2441	394
374	375.4	2441	394
375	374.4	2441	394
376	373.4	2441	394
377	372.4	2293	476
378	371.4	2612	485
379	370.4	2612	485
380	369.5	2612	485
381	368.5	2612	485
382	367.5	2612	485
383	366.6	2612	485
384	365.6	2931	494
385	364.7	2931	494
386	363.7	2931	494
387	362.8	2931	494
388	361.9	2931	494
389	381.0	2931	94
390	380.0	3250	103
391	379.0	3250	103
392	378.1	3250	103
393	377.1	3250	103
394	376.1	3250	103
395	375.2	3102	185
396	374.2	3121	194
397	373.3	3121	194
398	372.4	3121	194
399	371.4	3121	194
400	370.5	2973	276
401	369.6	2973	276
402	368.7	2992	285
403	367.7	2992	285
404	366.8	2992	285
405	365.9	2844	367
406	365.0	2844	367
407	364.1	2844	367
408	363.2	2863	376
409	362.3	2863	376
410	361.5	2715	458
411	360.6	2715	458
412	359.7	791	1524
413	358.8	791	1524
414	358.0	810	1533
415	357.1	810	1533
416	356.2	810	1533
417	355.4	810	1333
418	354.5	810	1333
419	353.7	810	1333
420	352.9	1129	1342
421	352.0	1129	1342
422	351.2	1129	1342
423	350.4	1129	1342
424	349.5	1129	1342
425	348.7	1129	1342
426	347.9	1448	1351
427	347.1	1448	1351
428	346.3	1448	1351
429	345.5	1448	1351
430	362.8	1448	951
431	361.9	1448	951
432	361.1	1767	960
433	360.3	1767	960
434	359.4	1767	960
435	358.6	1767	960
436	357.8	1767	660
437	357.0	1767	660
438	356.2	2086	669
439	355.4	2086	669
440	354.5	2086	669
441	353.7	2086	669
442	352.9	2086	669
443	352.1	2086	669
444	351.4	2405	678
445	350.6	2405	678
446	349.8	2405	678
447	349.0	2405	678
448	348.2	2405	678
449	364.8	2405	278
450	364.0	2724	287
451	363.2	2724	287
452	362.4	2724	287
453	361.6	2724	287
454	360.8	2724	287
455	360.0	2576	369
456	359.2	2595	378
457	358.4	2595	378
458	357.6	2595	378
459	356.9	2595	378
460	356.1	2447	460
461	355.3	2447	460
462	354.5	2466	469
463	353.8	2466	469
464	353.0	2466	469
465	352.3	2466	469
466	351.5	2466	469
467	350.7	2466	469
468	350.0	2485	478
469	349.3	2485	478
470	348.5	2485	478
471	347.8	2485	478
472	363.6	2485	78
473	362.8	2485	78
474	362.0	2504	87
475	361.3	2504	87
476	360.5	2504	87
477	359.7	2504	87
478	359.0	2356	169
479	358.2	2356	169
480	357.5	2375	178
481	356.8	2375	178
482	356.0	2375	178
483	355.3	2227	260
484	354.5	2227	260
485	353.8	2227	260
486	353.1	2246	269
487	352.4	2246	269
488	351.6	2098	351
489	350.9	2098	351
490	350.2	2098	351
491	349.5	2098	351
492	348.8	2117	360
493	348.1	1969	442
494	347.4	1969	442
495	346.7	1969	442
496	346.0	1969	442
497	345.3	1969	442
498	344.6	1988	451
499	343.9	1988	251
500	343.2	1988	251
501	342.5	1988	251
502	341.8	1988	251
503	341.2	1988	251
504	340.5	2307	260
505	339.8	2159	342
506	339.1	2159	342
507	338.5	2159	342
508	337.8	2159	342
509	337.1	2159	342
510	336.5	2330	433
511	335.8	2330	433
512	335.2	2330	433
513	334.5	2330	433
514	333.9	2330	433
515	333.2	2330	433
516	332.6	2649	442
517	331.9	2649	442
518	331.3	2649	442
519	330.6	2649	442
520	330.0	2649	442
521	329.4	2649	442
522	343.7	2968	51
523	343.0	2968	51
524	342.4	2968	51
525	341.7	2968	51
526	341.1	2968	51
527	340.4	2968	51
528	339.8	3139	142
529	339.1	3139	142
530	338.5	3139	142
531	337.9	3139	142
532	337.2	3139	142
533	336.6	2991	224
534	336.0	3310	233
535	335.3	3310	233
536	334.7	3310	233
537	334.1	3310	233
538	333.5	3162	315
539	332.8	3162	315
540	332.2	3181	324
541	331.6	3181	324
542	331.0	3181	324
543	330.4	3033	406
544	329.8	3033	406
545	329.2	3033	406
546	328.6	3052	415
547	328.0	3052	415
548	327.4	3052	415
549	326.8	3052	415
550	326.2	3052	415
551	325.6	3052	415
552	325.0	3071	424
553	324.4	3071	424
554	323.8	3071	424
555	337.3	3071	24
556	336.7	3071	24
557	336.1	3071	24
558	335.5	3090	33
559	334.9	3090	33
560	334.3	3090	33
561	333.7	2942	115
562	333.1	2942	115
563	332.5	2942	115
564	331.9	2961	124
565	331.3	2961	124
566	330.7	2813	206
567	330.2	2813	206
568	329.6	2813	206
569	329.0	2813	206
570	328.4	2832	215
571	327.8	2684	297
572	327.3	2684	297
573	326.7	2684	297
574	326.1	2684	297
575	325.6	2684	297
576	325.0	2555	388
577	324.4	2555	388
578	323.9	2555	388
579	323.3	2555	388
580	322.8	2555	388
581	322.2	2407	470
582	321.6	2426	479
583	321.1	2426	479
584	320.5	2426	479
585	320.0	2426	479
586	319.5	2426	479
587	318.9	2426	479
588	318.4	2445	488
589	317.8	2445	488
590	317.3	2445	488
591	316.8	2445	488
592	316.2	2445	488
593	328.8	2445	88
594	328.3	2464	97
595	327.7	2464	97
596	327.2	540	1163
597	326.6	540	1163
598	326.1	540	1163
599	325.5	540	1163
600	325.0	559	1172
601	324.5	559	972
602	323.9	559	972
603	323.4	559	972
604	322.8	559	972
605	322.3	559	972
606	321.8	878	981
607	321.3	878	981
608	320.7	878	981
609	320.2	878	981
610	319.7	878	981
611	319.1	878	981
612	318.6	1197	990
613	318.1	1197	990
614	330.3	1197	590
615	329.8	1197	590
616	329.2	1197	590
617	328.7	1197	590
618	328.2	1516	599
619	327.6	1516	599
620	327.1	1516	599
621	326.6	1516	599
622	326.0	1516	599
623	325.5	1516	599
624	325.0	1835	608
625	324.5	1835	608
626	324.0	1835	608
627	335.9	1835	208
628	335.4	1835	208
629	334.8	1835	208
630	334.3	2154	217
631	333.8	2154	217
632	333.2	2154	217
633	332.7	2006	299
634	332.2	2006	299
635	331.7	2006	299
636	331.1	2325	308
637	330.6	2325	308
638	330.1	2177	390
639	329.6	2177	390
640	329.1	2177	390
641	328.5	2177	390
642	328.0	2196	399
643	327.5	2048	481
644	327.0	2048	481
645	326.5	2048	481
646	326.0	2048	481
647	325.5	2048	481
648	325.0	2067	490
649	324.5	2067	490
650	324.0	2067	490
651	323.5	2067	490
652	323.0	2067	490
653	322.5	2067	490
654	322.0	2086	499
655	333.4	2086	99
656	332.9	2086	99
657	332.4	2086	99
658	331.9	2086	99
659	331.4	2086	99
660	330.9	2105	108
661	330.4	1957	190
662	329.9	1957	190
663	329.4	1957	190
664	328.9	1957	190
665	328.4	1957	190
666	327.9	1828	281
667	327.4	1828	281
668	326.9	1828	281
669	326.5	1828	281
670	326.0	1828	281
671	325.5	1828	281
672	325.0	1847	90
673	324.5	1847	90
674	324.0	1847	90
675	323.6	1847	90
676	323.1	1847	90
677	322.6	1847	90
678	322.1	2018	181
679	321.6	2018	181
680	321.2	2018	181
681	320.7	2018	181
682	320.2	2018	181
683	319.8	1870	263
684	319.3	2189	272
685	318.8	2189	272
686	318.4	2189	272
687	317.9	2189	272
688	317.4	2041	354
689	317.0	2041	354
690	316.5	2360	363
691	316.1	2360	363
692	315.6	2360	363
693	315.2	2212	445
694	314.7	2212	445
695	314.2	2212	445
696	313.8	2531	454
697	313.3	2531	454
698	312.9	2531	454
699	312.4	2531	454
700	312.0	2531	454
701	311.6	2531	454
702	311.1	2850	463
703	310.7	2850	463
704	310.2	2850	463
705	320.9	2850	63
706	320.4	2850	63
707	319.9	2850	63
708	319.5	3169	72
709	319.0	3169	72
710	318.6	3169	72
711	318.1	3021	154
712	317.7	3021	154
713	317.3	3021	154
714	316.8	3040	163
715	316.4	3040	163
716	315.9	2892	245
717	315.5	2892	245
718	315.0	2892	245
719	314.6	2892	245
720	314.2	2911	254
721	313.7	2763	336
722	313.3	2763	336
723	312.9	2763	336
724	312.4	2763	336
725	312.0	2763	336
726	311.6	2634	427
727	311.1	2634	427
728	310.7	2634	427
729	310.3	2634	427
730	309.9	2634	427
731	309.4	2634	427
732	309.0	2653	436
733	308.6	2653	436
734	308.2	2653	436
735	307.8	2653	436
736	307.3	2653	436
737	306.9	2653	436
738	317.1	2672	45
739	316.6	2672	45
740	316.2	2672	45
741	315.8	2672	45
742	315.4	2672	45
743	314.9	2672	45
744	314.5	2543	136
745	314.1	2543	136
746	313.7	2543	136
747	313.3	2543	136
748	312.8	2543	136
749	312.4	2395	218
750	312.0	2414	227
751	311.6	2414	227
752	311.2	2414	227
753	310.8	2414	227
754	310.3	2266	309
755	309.9	2266	309
756	309.5	2285	318
757	309.1	2285	318
758	308.7	2285	318
759	308.3	2137	400
760	307.9	2137	400
761	307.5	2137	400
762	307.1	2156	409
763	306.7	2156	409
764	306.3	2156	409
765	305.9	2156	409
766	305.5	2156	409
767	305.1	2156	409
768	304.7	2175	418
769	304.3	2175	418
770	303.9	2175	418
771	313.6	2175	18
772	313.2	2175	18
773	312.8	2175	18
774	312.4	2194	27
775	312.0	2194	27
776	311.6	2194	27
777	311.2	2046	109
778	310.8	2046	109
779	310.4	122	1175
780	310.0	141	1184
781	309.6	141	1184
782	309.2	141	1184
783	308.8	141	1184
784	308.4	141	984
785	308.0	141	984
786	307.6	460	993
787	307.2	460	993
788	306.9	460	993
789	306.5	460	993
790	306.1	460	993
791	305.7	460	993
792	305.3	779	1002
793	304.9	779	1002
794	304.5	779	1002
795	304.2	779	1002
796	303.8	779	1002
797	313.2	779	602
798	312.8	1098	611
799	312.4	1098	611
800	312.0	1098	611
801	311.6	1098	611
802	311.2	1098	611
803	310.8	1098	611
804	310.4	1417	620
805	310.1	1417	620
806	309.7	1417	620
807	309.3	1417	620
808	308.9	1417	620
809	308.5	1417	620
810	317.8	1736	229
811	317.4	1736	229
812	317.0	1736	229
813	316.6	1736	229
814	316.2	1736	229
815	315.8	1736	229
816	315.4	1907	320
817	315.1	1907	320
818	314.7	1907	320
819	314.3	1907	320
820	313.9	1907	320
821	313.5	1907	320
822	313.1	1926	129
823	312.8	1926	129
824	312.4	1926	129
825	312.0	1926	129
826	311.6	1926	129
827	311.2	1926	129
828	310.9	2097	220
829	310.5	2097	220
830	310.1	2097	220
831	309.7	2097	220
832	309.4	2097	220
833	309.0	1949	302
834	308.6	2268	311
835	308.3	2268	311
836	307.9	2268	311
837	307.5	2268	311
838	307.2	2120	393
839	306.8	2120	393
840	306.4	2439	402
841	306.1	2439	402
842	305.7	2439	402
843	305.3	2439	402
844	305.0	2439	402
845	304.6	2439	402
846	304.3	2758	411
847	303.9	2758	411
848	303.5	2758	411
849	303.2	2758	411
850	312.0	2758	11
851	311.6	2758	11
852	311.3	3077	20
853	310.9	3077	20
854	310.5	3077	20
855	310.2	3077	20
856	309.8	2929	102
857	309.5	2929	102
858	309.1	3248	111
859	308.7	3248	111
860	308.4	3248	111
861	308.0	3100	193
862	307.7	3100	193
863	307.3	3100	193
864	306.9	3119	202
865	306.6	3119	202
866	306.2	2971	284
867	305.9	2971	284
868	305.5	2971	284
869	305.2	2971	284
870	304.8	2990	293
871	304.5	2842	375
872	304.1	2842	375
873	303.8	2842	375
874	303.4	2842	375
875	303.1	2842	375
876	302.7	2861	84
877	302.4	2861	84
878	302.1	2861	84
879	301.7	2861	84
880	301.4	2861	84
881	301.0	2861	84
882	300.7	2732	175
883	300.3	2732	175
884	300.0	2732	175
885	299.7	2732	175
886	299.3	2732	175
887	299.0	2584	257
888	298.6	2603	266
889	298.3	2603	266
890	298.0	2603	266
891	297.6	2603	266
892	297.3	2455	348
893	297.0	2455	348
894	296.6	2474	357
895	296.3	2474	357
896	296.0	2474	357
897	295.7	2326	439
898	295.3	2326	439
899	295.0	2326	439
900	294.7	2345	448
901	294.3	2345	448
902	294.0	2345	448
903	293.7	2345	448
904	293.4	2345	448
905	293.0	2345	448
906	292.7	2364	457
907	292.4	2364	457
908	292.1	2364	457
909	300.3	2364	57
910	300.0	2364	57
911	299.7	2364	57
912	299.3	2383	66
913	299.0	2383	66
914	298.7	2383	66
915	298.4	2235	148
916	298.0	2235	148
917	297.7	2235	148
918	297.4	2254	157
919	297.1	2254	157
920	296.7	2106	239
921	296.4	2106	239
922	296.1	2106	239
923	295.8	2106	239
924	295.5	2125	248
925	295.1	1977	330
926	294.8	1977	330
927	294.5	1977	330
928	294.2	1977	330
929	293.9	1977	330
930	293.5	1996	339
931	293.2	1996	139
932	292.9	1996	139
933	292.6	1996	139
934	292.3	1996	139
935	292.0	1996	139
936	291.7	2315	148
937	291.4	2167	230
938	291.0	2167	230
939	290.7	2167	230
940	290.4	2167	230
941	290.1	2167	230
942	289.8	2338	321
943	289.5	2338	321
944	289.2	2338	321
945	288.9	2338	321
946	288.6	2338	321
947	288.3	2190	403
948	288.0	2509	412
949	287.7	2509	412
950	287.4	2509	412
951	287.1	2509	412
952	286.8	2509	412
953	286.5	2509	412
954	286.2	2828	421
955	285.9	2828	421
956	285.6	2828	421
957	285.3	2828	421
958	285.0	2828	421
959	292.8	2828	21
960	292.5	3147	30
961	292.2	3147	30
962	291.9	1223	1096
963	291.6	1223	1096
964	291.3	1223	1096
965	291.0	1223	1096
966	290.7	1542	1105
967	290.4	1542	1105
968	290.1	1542	1105
969	289.8	1542	1105
970	289.5	1542	1105
971	289.2	1542	1105
972	288.9	1561	1114
973	296.6	1561	714
974	296.3	1561	714
975	296.0	1561	714
976	295.7	1561	714
977	295.4	1561	714
978	295.1	1580	723
979	294.8	1580	723
980	294.5	1580	523
981	294.2	1580	523
982	293.9	1580	523
983	293.6	1580	523
984	293.3	1899	532
985	293.0	1899	532
986	292.7	1899	532
987	292.4	1899	532
988	292.1	1899	532
989	291.8	1899	532
990	291.5	2218	541
991	291.2	2218	541
992	290.9	2218	541
993	298.5	2218	141
994	298.2	2218	141
995	297.9	2218	141
996	297.6	2537	150
997	297.3	2537	150
998	297.0	2537	150
999	296.7	2389	232
1000	296.4	2389	232
1001	296.1	2389	232
1002	295.8	2708	241
1003	295.5	2708	241
1004	295.2	2560	323
1005	294.9	2560	323
1006	294.6	2560	323
1007	294.3	2560	323
1008	294.0	2879	332
1009	293.8	2731	414
1010	293.5	2731	414
1011	293.2	2731	414
1012	292.9	2731	414
1013	292.6	2731	414
1014	292.3	3050	423
1015	292.0	3050	423
1016	291.7	3050	423
1017	291.4	3050	423
1018	291.2	3050	423
1019	290.9	3050	423
1020	290.6	3069	432
1021	297.9	3069	32
1022	297.7	3069	32
1023	297.4	3069	32
1024	297.1	3069	32
1025	296.8	3069	32
1026	296.5	3088	41
1027	296.2	2940	123
1028	295.9	2940	123
1029	295.6	2940	123
1030	295.3	2940	123
1031	295.1	2940	123
1032	294.8	2811	214
1033	294.5	2811	214
1034	294.2	2811	214
1035	293.9	2811	214
1036	293.6	2811	214
1037	293.3	2663	296
1038	293.1	2682	305
1039	292.8	2682	305
1040	292.5	2682	305
1041	292.2	2682	305
1042	291.9	2534	387
1043	291.7	2534	387
1044	291.4	2553	396
1045	291.1	2553	396
1046	290.8	2553	396
1047	290.5	2405	478
1048	290.3	2405	478
1049	290.0	2405	478
1050	289.7	2424	487
1051	289.4	2424	487
1052	289.2	2424	487
1053	288.9	2424	487
1054	288.6	2424	487
1055	288.3	2424	487
1056	288.1	2443	496
1057	287.8	2443	496
1058	287.5	2443	496
1059	294.6	2443	96
1060	294.3	2443	96
1061	294.1	2443	96
1062	293.8	2462	105
1063	293.5	2462	105
1064	293.2	2462	105
1065	293.0	2314	187
1066	292.7	2314	187
1067	292.4	2314	187
1068	292.1	2333	196
1069	291.9	2333	196
1070	291.6	2185	278
1071	291.3	2185	278
1072	291.0	2185	278
1073	290.8	2185	278
1074	290.5	2204	287
1075	290.2	2056	369
1076	290.0	2056	369
1077	289.7	2056	369
1078	289.4	2056	369
1079	289.2	2056	369
1080	288.9	1927	460
1081	288.6	1927	460
1082	288.4	1927	460
1083	288.1	1927	460
1084	287.8	1927	460
1085	287.6	1927	460
1086	287.3	1946	269
1087	287.0	1946	269
1088	286.8	1946	269
1089	286.5	1946	269
1090	286.2	1946	269
1091	286.0	1946	269
1092	285.7	2117	360
1093	285.5	2117	360
1094	285.2	2117	360
1095	284.9	2117	360
1096	284.7	2117	360
1097	284.4	1969	442
1098	284.2	2288	451
1099	283.9	2288	451
1100	283.6	2288	451
1101	283.4	2288	451
1102	283.1	2288	451
1103	282.9	2288	451
1104	282.6	2607	460
1105	282.4	2607	460
1106	282.1	2607	460
1107	281.8	2607	460
1108	281.6	2607	460
1109	288.4	2607	60
1110	288.1	2926	69
1111	287.8	2926	69
1112	287.6	2926	69
1113	287.3	2926	69
1114	287.1	2926	69
1115	286.8	2778	151
1116	286.6	3097	160
1117	286.3	3097	160
1118	286.0	3097	160
1119	285.8	3097	160
1120	285.5	2949	242
1121	285.3	2949	242
1122	285.0	3268	251
1123	284.8	3268	251
1124	284.5	3268	251
1125	284.3	3120	333
1126	284.0	3120	333
1127	283.8	3120	333
1128	283.5	3139	342
1129	283.3	3139	342
1130	283.0	2991	424
1131	282.8	2991	424
1132	282.5	2991	424
1133	282.3	2991	424
1134	282.0	3010	433
1135	281.8	3010	433
1136	281.5	3010	433
1137	281.3	3010	433
1138	281.0	3010	433
1139	280.8	3010	433
1140	280.5	3029	442
1141	280.3	3029	442
1142	286.9	3029	42
1143	286.6	3029	42
1144	286.4	3029	42
1145	286.1	1105	1108
1146	285.9	1124	1117
1147	285.6	1124	1117
1148	285.4	1124	1117
1149	285.1	1124	1117
1150	284.9	1124	917
1151	284.6	1124	917
1152	284.4	1443	926
1153	284.1	1443	926
1154	283.9	1443	926
1155	283.6	1443	926
1156	283.4	1443	926
1157	283.1	1443	926
1158	282.9	1762	935
1159	282.7	1762	935
1160	282.4	1762	935
1161	282.2	1762	935
1162	281.9	1762	935
1163	288.4	1762	535
1164	288.1	2081	544
1165	287.9	2081	544
1166	287.7	2081	544
1167	287.4	2081	544
1168	287.2	2081	544
1169	286.9	2081	544
1170	286.7	2400	553
1171	286.4	2400	553
1172	286.2	2400	553
1173	285.9	2400	553
1174	285.7	2400	553
1175	285.4	2400	553
1176	291.8	2719	162
1177	291.6	2719	162
1178	291.3	2719	162
1179	291.1	2719	162
1180	290.8	2719	162
1181	290.6	2719	162
1182	290.4	2890	253
1183	290.1	2890	253
1184	289.9	2890	253
1185	289.6	2890	253
1186	289.4	2890	253
1187	289.1	2742	335
1188	288.9	2761	344
1189	288.6	2761	344
1190	288.4	2761	344
1191	288.2	2761	344
1192	287.9	2613	426
1193	287.7	2613	426
1194	287.4	2632	435
1195	287.2	2632	435
1196	287.0	2632	435
1197	286.7	2632	435
1198	286.5	2632	435
1199	286.2	2632	435
1200	286.0	2651	444
