L 737, 0, 0, -643, 0, 0, 140, 140, 140
L  0,341, 0, 0, -1144, 0, 140, 140, 140
L 100, 341, 0, 100, -1144, 0, 220, 220, 220
L 200, 341, 0, 200, -1144, 0, 220, 220, 220
L 300, 341, 0, 300, -1144, 0, 220, 220, 220
L 400, 341, 0, 400, -1144, 0, 220, 220, 220
L 500, 341, 0, 500, -1144, 0, 220, 220, 220
L 600, 341, 0, 600, -1144, 0, 220, 220, 220
L 700, 341, 0, 700, -1144, 0, 220, 220, 220
L -100, 341, 0, -100, -1144, 0, 220, 220, 220
L -200, 341, 0, -200, -1144, 0, 220, 220, 220
L -300, 341, 0, -300, -1144, 0, 220, 220, 220
L -400, 341, 0, -400, -1144, 0, 220, 220, 220
L -500, 341, 0, -500, -1144, 0, 220, 220, 220
L -600, 341, 0, -600, -1144, 0, 220, 220, 220
L 737, 100, 0, -643, 100, 0, 220, 220, 220
L 737, 200, 0, -643, 200, 0, 220, 220, 220
L 737, 300, 0, -643, 300, 0, 220, 220, 220
L 737, -100, 0, -643, -100, 0, 220, 220, 220
L 737, -200, 0, -643, -200, 0, 220, 220, 220
L 737, -300, 0, -643, -300, 0, 220, 220, 220
L 737, -400, 0, -643, -400, 0, 220, 220, 220
L 737, -500, 0, -643, -500, 0, 220, 220, 220
L 737, -600, 0, -643, -600, 0, 220, 220, 220
L 737, -700, 0, -643, -700, 0, 220, 220, 220
L 737, -800, 0, -643, -800, 0, 220, 220, 220
L 737, -900, 0, -643, -900, 0, 220, 220, 220
L 737, -1000, 0, -643, -1000, 0, 220, 220, 220
L 737, -1100, 0, -643, -1100, 0, 220, 220, 220
P 747, 5, 0, 0, 0, 0, 3, 0
P 5,351, 0, 0, 0, 0, 3, 0
P 105,351, 0, 0, 0, 0, 3, 100
P 205,351, 0, 0, 0, 0, 3, 200
P 305,351, 0, 0, 0, 0, 3, 300
P 405,351, 0, 0, 0, 0, 3, 400
P 505,351, 0, 0, 0, 0, 3, 500
P 605,351, 0, 0, 0, 0, 3, 600
P 705,351, 0, 0, 0, 0, 3, 700
P -95,351, 0, 0, 0, 0, 3, -100
P -195,351, 0, 0, 0, 0, 3, -200
P -295,351, 0, 0, 0, 0, 3, -300
P -395,351, 0, 0, 0, 0, 3, -400
P -495,351, 0, 0, 0, 0, 3, -500
P -595,351, 0, 0, 0, 0, 3, -600
P 747, 105, 0, 0, 0, 0, 3, 100
P 747, 205, 0, 0, 0, 0, 3, 200
P 747, 305, 0, 0, 0, 0, 3, 300
P 747, -95, 0, 0, 0, 0, 3, -100
P 747, -195, 0, 0, 0, 0, 3, -200
P 747, -295, 0, 0, 0, 0, 3, -300
P 747, -395, 0, 0, 0, 0, 3, -400
P 747, -495, 0, 0, 0, 0, 3, -500
P 747, -595, 0, 0, 0, 0, 3, -600
P 747, -695, 0, 0, 0, 0, 3, -700
P 747, -795, 0, 0, 0, 0, 3, -800
P 747, -895, 0, 0, 0, 0, 3, -900
P 747, -995, 0, 0, 0, 0, 3, -1000
P 747, -1095, 0, 0, 0, 0, 3, -1100
