L 2271, 0, 0, -672, 0, 0, 140, 140, 140
L  0,2022, 0, 0, -2864, 0, 140, 140, 140
L 500, 2022, 0, 500, -2864, 0, 220, 220, 220
L 1000, 2022, 0, 1000, -2864, 0, 220, 220, 220
L 1500, 2022, 0, 1500, -2864, 0, 220, 220, 220
L 2000, 2022, 0, 2000, -2864, 0, 220, 220, 220
L -500, 2022, 0, -500, -2864, 0, 220, 220, 220
L 2271, 500, 0, -672, 500, 0, 220, 220, 220
L 2271, 1000, 0, -672, 1000, 0, 220, 220, 220
L 2271, 1500, 0, -672, 1500, 0, 220, 220, 220
L 2271, 2000, 0, -672, 2000, 0, 220, 220, 220
L 2271, -500, 0, -672, -500, 0, 220, 220, 220
L 2271, -1000, 0, -672, -1000, 0, 220, 220, 220
L 2271, -1500, 0, -672, -1500, 0, 220, 220, 220
L 2271, -2000, 0, -672, -2000, 0, 220, 220, 220
L 2271, -2500, 0, -672, -2500, 0, 220, 220, 220
P 2281, 5, 0, 0, 0, 0, 3, 0
P 5,2032, 0, 0, 0, 0, 3, 0
P 505,2032, 0, 0, 0, 0, 3, 500
P 1005,2032, 0, 0, 0, 0, 3, 1000
P 1505,2032, 0, 0, 0, 0, 3, 1500
P 2005,2032, 0, 0, 0, 0, 3, 2000
P -495,2032, 0, 0, 0, 0, 3, -500
P 2281, 505, 0, 0, 0, 0, 3, 500
P 2281, 1005, 0, 0, 0, 0, 3, 1000
P 2281, 1505, 0, 0, 0, 0, 3, 1500
P 2281, 2005, 0, 0, 0, 0, 3, 2000
P 2281, -495, 0, 0, 0, 0, 3, -500
P 2281, -995, 0, 0, 0, 0, 3, -1000
P 2281, -1495, 0, 0, 0, 0, 3, -1500
P 2281, -1995, 0, 0, 0, 0, 3, -2000
P 2281, -2495, 0, 0, 0, 0, 3, -2500
