L 7069, 0, 0, -1271, 0, 0, 140, 140, 140
L  0,3067, 0, 0, -5145, 0, 140, 140, 140
L 1000, 3067, 0, 1000, -5145, 0, 220, 220, 220
L 2000, 3067, 0, 2000, -5145, 0, 220, 220, 220
L 3000, 3067, 0, 3000, -5145, 0, 220, 220, 220
L 4000, 3067, 0, 4000, -5145, 0, 220, 220, 220
L 5000, 3067, 0, 5000, -5145, 0, 220, 220, 220
L 6000, 3067, 0, 6000, -5145, 0, 220, 220, 220
L 7000, 3067, 0, 7000, -5145, 0, 220, 220, 220
L -1000, 3067, 0, -1000, -5145, 0, 220, 220, 220
L 7069, 1000, 0, -1271, 1000, 0, 220, 220, 220
L 7069, 2000, 0, -1271, 2000, 0, 220, 220, 220
L 7069, 3000, 0, -1271, 3000, 0, 220, 220, 220
L 7069, -1000, 0, -1271, -1000, 0, 220, 220, 220
L 7069, -2000, 0, -1271, -2000, 0, 220, 220, 220
L 7069, -3000, 0, -1271, -3000, 0, 220, 220, 220
L 7069, -4000, 0, -1271, -4000, 0, 220, 220, 220
L 7069, -5000, 0, -1271, -5000, 0, 220, 220, 220
P 7079, 5, 0, 0, 0, 0, 3, 0
P 5,3077, 0, 0, 0, 0, 3, 0
P 1005,3077, 0, 0, 0, 0, 3, 1000
P 2005,3077, 0, 0, 0, 0, 3, 2000
P 3005,3077, 0, 0, 0, 0, 3, 3000
P 4005,3077, 0, 0, 0, 0, 3, 4000
P 5005,3077, 0, 0, 0, 0, 3, 5000
P 6005,3077, 0, 0, 0, 0, 3, 6000
P 7005,3077, 0, 0, 0, 0, 3, 7000
P -995,3077, 0, 0, 0, 0, 3, -1000
P 7079, 1005, 0, 0, 0, 0, 3, 1000
P 7079, 2005, 0, 0, 0, 0, 3, 2000
P 7079, 3005, 0, 0, 0, 0, 3, 3000
P 7079, -995, 0, 0, 0, 0, 3, -1000
P 7079, -1995, 0, 0, 0, 0, 3, -2000
P 7079, -2995, 0, 0, 0, 0, 3, -3000
P 7079, -3995, 0, 0, 0, 0, 3, -4000
P 7079, -4995, 0, 0, 0, 0, 3, -5000
