L 1039, -704, -148, 1041, -782, -160, 153, 153, 153
L 1040, -636, -147, 1039, -704, -148, 153, 153, 153
L 1053, -553, -165, 1040, -636, -147, 153, 153, 153
L 1124, -536, -165, 1053, -553, -165, 153, 153, 153
L 1114, -373, -165, 1124, -536, -165, 153, 153, 153
L 936, -402, -165, 1114, -373, -165, 153, 153, 153
L 951, -553, -165, 936, -402, -165, 153, 153, 153
L 1008, -565, -163, 951, -553, -165, 153, 153, 153
L 1008, -641, -147, 1008, -565, -163, 153, 153, 153
L 1008, -731, -151, 1008, -641, -147, 153, 153, 153
L 1007, -793, -1642, 1008, -731, -151, 153, 153, 153
L 1239, -720, -190, 1064, -780, -167, 0, 0, 255
L 1417, -638, -195, 1239, -720, -190, 0, 0, 255
L 1561, -488, -195, 1417, -638, -195, 0, 0, 255
L 1551, -352, -198, 1561, -488, -195, 0, 0, 255
L 1480, -253, -188, 1551, -352, -198, 0, 0, 255
L 1381, -127, -195, 1480, -253, -188, 0, 0, 255
L 1235, -65, -196, 1381, -127, -195, 0, 0, 255
L 1042, -63, -192, 1235, -65, -196, 0, 0, 255
L 880, -147, -192, 1042, -63, -192, 0, 0, 255
L 720, -272, -171, 880, -147, -192, 0, 0, 255
L 511, -377, -187, 720, -272, -171, 0, 0, 255
L 301, -633, -184, 511, -377, -187, 0, 0, 255
L 345, -773, -189, 301, -633, -184, 0, 0, 255
L 494, -809, -184, 345, -773, -189, 0, 0, 255
L 666, -842, -191, 494, -809, -184, 0, 0, 255
L 775, -862, -196, 666, -842, -191, 0, 0, 255
L 887, -800, -169, 775, -862, -196, 0, 0, 255
L 992, -787, -1679, 887, -800, -169, 0, 0, 255
L -693, 2568, 28, -716, 2569, 29, 0, 0, 255
L -650, 2569, 14, -693, 2568, 28, 0, 0, 255
L -597, 2571, -3, -650, 2569, 14, 0, 0, 255
L -572, 2565, -5, -597, 2571, -3, 0, 0, 255
L -551, 2549, -5, -572, 2565, -5, 0, 0, 255
L -531, 2541, -5, -551, 2549, -5, 0, 0, 255
L -507, 2539, -5, -531, 2541, -5, 0, 0, 255
L -472, 2555, -5, -507, 2539, -5, 0, 0, 255
L -462, 2564, -5, -472, 2555, -5, 0, 0, 255
L -431, 2589, -5, -462, 2564, -5, 0, 0, 255
L -386, 2613, -5, -431, 2589, -5, 0, 0, 255
L -372, 2619, -5, -386, 2613, -5, 0, 0, 255
L -343, 2634, -5, -372, 2619, -5, 0, 0, 255
L -314, 2657, -5, -343, 2634, -5, 0, 0, 255
L -294, 2678, -5, -314, 2657, -5, 0, 0, 255
L -288, 2707, -5, -294, 2678, -5, 0, 0, 255
L -284, 2756, -5, -288, 2707, -5, 0, 0, 255
L -280, 2775, -5, -284, 2756, -5, 0, 0, 255
L -268, 2818, -5, -280, 2775, -5, 0, 0, 255
L -254, 2852, -5, -268, 2818, -5, 0, 0, 255
L -238, 2875, -5, -254, 2852, -5, 0, 0, 255
L -212, 2892, -5, -238, 2875, -5, 0, 0, 255
L -181, 2903, -5, -212, 2892, -5, 0, 0, 255
L -152, 2906, -5, -181, 2903, -5, 0, 0, 255
L -106, 2899, -5, -152, 2906, -5, 0, 0, 255
L -92, 2895, -5, -106, 2899, -5, 0, 0, 255
L -66, 2878, -5, -92, 2895, -5, 0, 0, 255
L -29, 2849, -5, -66, 2878, -5, 0, 0, 255
L -6, 2828, -5, -29, 2849, -5, 0, 0, 255
L 1, 2815, -5, -6, 2828, -5, 0, 0, 255
L 16, 2790, -5, 1, 2815, -5, 0, 0, 255
L 38, 2752, -5, 16, 2790, -5, 0, 0, 255
L 47, 2724, -5, 38, 2752, -5, 0, 0, 255
L 52, 2691, -5, 47, 2724, -5, 0, 0, 255
L 56, 2653, -5, 52, 2691, -5, 0, 0, 255
L 58, 2625, -5, 56, 2653, -5, 0, 0, 255
L 60, 2581, -5, 58, 2625, -5, 0, 0, 255
L 61, 2567, -5, 60, 2581, -5, 0, 0, 255
L 31, 2517, -5, 61, 2567, -5, 0, 0, 255
L 13, 2488, -5, 31, 2517, -5, 0, 0, 255
L 5, 2477, -5, 13, 2488, -5, 0, 0, 255
L -17, 2464, -5, 5, 2477, -5, 0, 0, 255
L -74, 2447, -5, -17, 2464, -5, 0, 0, 255
L -102, 2433, -5, -74, 2447, -5, 0, 0, 255
L -125, 2421, -5, -102, 2433, -5, 0, 0, 255
L -155, 2407, -5, -125, 2421, -5, 0, 0, 255
L -187, 2383, -5, -155, 2407, -5, 0, 0, 255
L -207, 2347, -5, -187, 2383, -5, 0, 0, 255
L -218, 2302, -5, -207, 2347, -5, 0, 0, 255
L -227, 2276, -5, -218, 2302, -5, 0, 0, 255
L -234, 2264, -5, -227, 2276, -5, 0, 0, 255
L -250, 2240, -5, -234, 2264, -5, 0, 0, 255
L -258, 2215, -5, -250, 2240, -5, 0, 0, 255
L -272, 2178, -5, -258, 2215, -5, 0, 0, 255
L -274, 2166, -5, -272, 2178, -5, 0, 0, 255
L -273, 2120, -5, -274, 2166, -5, 0, 0, 255
L -259, 2095, -5, -273, 2120, -5, 0, 0, 255
L -246, 2088, -5, -259, 2095, -5, 0, 0, 255
L -220, 2075, -5, -246, 2088, -5, 0, 0, 255
L -201, 2076, -5, -220, 2075, -5, 0, 0, 255
L -202, 2082, -5, -201, 2076, -5, 0, 0, 255
L -204, 2111, -5, -202, 2082, -5, 0, 0, 255
L -203, 2142, -5, -204, 2111, -5, 0, 0, 255
L -196, 2177, -5, -203, 2142, -5, 0, 0, 255
L -192, 2192, -5, -196, 2177, -5, 0, 0, 255
L -176, 2238, -5, -192, 2192, -5, 0, 0, 255
L -161, 2270, -5, -176, 2238, -5, 0, 0, 255
L -147, 2295, -5, -161, 2270, -5, 0, 0, 255
L -129, 2317, -5, -147, 2295, -5, 0, 0, 255
L -110, 2338, -5, -129, 2317, -5, 0, 0, 255
L -84, 2354, -5, -110, 2338, -5, 0, 0, 255
L -54, 2370, -5, -84, 2354, -5, 0, 0, 255
L -40, 2376, -5, -54, 2370, -5, 0, 0, 255
L 0, 2392, -5, -40, 2376, -5, 0, 0, 255
L 28, 2393, -5, 0, 2392, -5, 0, 0, 255
L 70, 2385, -5, 28, 2393, -5, 0, 0, 255
L 122, 2388, -5, 70, 2385, -5, 0, 0, 255
L 135, 2391, -5, 122, 2388, -5, 0, 0, 255
L 168, 2408, -5, 135, 2391, -5, 0, 0, 255
L 190, 2424, -5, 168, 2408, -5, 0, 0, 255
L 210, 2446, -5, 190, 2424, -5, 0, 0, 255
L 232, 2480, -5, 210, 2446, -5, 0, 0, 255
L 241, 2508, -5, 232, 2480, -5, 0, 0, 255
L 252, 2536, -5, 241, 2508, -5, 0, 0, 255
L 267, 2567, -5, 252, 2536, -5, 0, 0, 255
L 276, 2580, -5, 267, 2567, -5, 0, 0, 255
L 310, 2616, -5, 276, 2580, -5, 0, 0, 255
L 329, 2638, -5, 310, 2616, -5, 0, 0, 255
L 339, 2651, -5, 329, 2638, -5, 0, 0, 255
L 353, 2719, -5, 339, 2651, -5, 0, 0, 255
L 357, 2744, -5, 353, 2719, -5, 0, 0, 255
L 362, 2772, -5, 357, 2744, -5, 0, 0, 255
L 361, 2801, -5, 362, 2772, -5, 0, 0, 255
L 353, 2823, -5, 361, 2801, -5, 0, 0, 255
L 292, 2865, -5, 353, 2823, -5, 0, 0, 255
L 264, 2878, -5, 292, 2865, -5, 0, 0, 255
L 222, 2887, -5, 264, 2878, -5, 0, 0, 255
L 210, 2895, -5, 222, 2887, -5, 0, 0, 255
L 187, 2917, -5, 210, 2895, -5, 0, 0, 255
L 178, 2927, -5, 187, 2917, -5, 0, 0, 255
L 150, 2962, -5, 178, 2927, -5, 0, 0, 255
L 135, 2990, -5, 150, 2962, -5, 0, 0, 255
L 99, 3051, -5, 135, 2990, -5, 0, 0, 255
L 86, 3078, -5, 99, 3051, -5, 0, 0, 255
L 79, 3097, -5, 86, 3078, -5, 0, 0, 255
L 67, 3126, -5, 79, 3097, -5, 0, 0, 255
L 67, 3139, -5, 67, 3126, -5, 0, 0, 255
L 70, 3176, -5, 67, 3139, -5, 0, 0, 255
L 73, 3207, -5, 70, 3176, -5, 0, 0, 255
L 76, 3232, -5, 73, 3207, -5, 0, 0, 255
L 85, 3279, -5, 76, 3232, -5, 0, 0, 255
L 98, 3332, -5, 85, 3279, -5, 0, 0, 255
L 104, 3346, -5, 98, 3332, -5, 0, 0, 255
L 149, 3389, 1, 104, 3346, -5, 0, 0, 255
L 177, 3445, -5, 149, 3389, 1, 0, 0, 255
L 184, 3456, -5, 177, 3445, -5, 0, 0, 255
L 176, 3503, -5, 184, 3456, -5, 0, 0, 255
L 172, 3516, -5, 176, 3503, -5, 0, 0, 255
L 137, 3539, -5, 172, 3516, -5, 0, 0, 255
L 114, 3544, -5, 137, 3539, -5, 0, 0, 255
L 82, 3546, -5, 114, 3544, -5, 0, 0, 255
L 38, 3552, -5, 82, 3546, -5, 0, 0, 255
L 9, 3564, -5, 38, 3552, -5, 0, 0, 255
L -16, 3582, -5, 9, 3564, -5, 0, 0, 255
L -51, 3618, -5, -16, 3582, -5, 0, 0, 255
L -55, 3663, -5, -51, 3618, -5, 0, 0, 255
L -53, 3678, -5, -55, 3663, -5, 0, 0, 255
L -30, 3733, -5, -53, 3678, -5, 0, 0, 255
L -8, 3751, -5, -30, 3733, -5, 0, 0, 255
L 5, 3758, -5, -8, 3751, -5, 0, 0, 255
L 40, 3766, 0, 5, 3758, -5, 0, 0, 255
L 71, 3761, 2, 40, 3766, 0, 0, 0, 255
L 108, 3736, -5, 71, 3761, 2, 0, 0, 255
L 142, 3709, -5, 108, 3736, -5, 0, 0, 255
L 148, 3678, -5, 142, 3709, -5, 0, 0, 255
L 144, 3650, -5, 148, 3678, -5, 0, 0, 255
L 144, 3629, -5, 144, 3650, -5, 0, 0, 255
L 153, 3593, -5, 144, 3629, -5, 0, 0, 255
L 173, 3568, -5, 153, 3593, -5, 0, 0, 255
L 185, 3558, -5, 173, 3568, -5, 0, 0, 255
L 211, 3563, -5, 185, 3558, -5, 0, 0, 255
L 269, 3587, -5, 211, 3563, -5, 0, 0, 255
L 292, 3601, -5, 269, 3587, -5, 0, 0, 255
L 314, 3622, -5, 292, 3601, -5, 0, 0, 255
L 323, 3633, -5, 314, 3622, -5, 0, 0, 255
L 342, 3659, -5, 323, 3633, -5, 0, 0, 255
L 352, 3690, -5, 342, 3659, -5, 0, 0, 255
L 355, 3725, -5, 352, 3690, -5, 0, 0, 255
L 348, 3735, -5, 355, 3725, -5, 0, 0, 255
L 329, 3757, -5, 348, 3735, -5, 0, 0, 255
L 318, 3768, -5, 329, 3757, -5, 0, 0, 255
L 287, 3797, -5, 318, 3768, -5, 0, 0, 255
L 261, 3812, -5, 287, 3797, -5, 0, 0, 255
L 233, 3823, -5, 261, 3812, -5, 0, 0, 255
L 232, 3831, -5, 233, 3823, -5, 0, 0, 255
L 232, 3833, -5, 232, 3831, -5, 0, 0, 255
L 206, 3863, -5, 232, 3833, -5, 0, 0, 255
L 187, 3872, -5, 206, 3863, -5, 0, 0, 255
L 174, 3873, -5, 187, 3872, -5, 0, 0, 255
L 155, 3888, -5, 174, 3873, -5, 0, 0, 255
L 149, 3901, -5, 155, 3888, -5, 0, 0, 255
L 144, 3917, -5, 149, 3901, -5, 0, 0, 255
L 140, 3965, -5, 144, 3917, -5, 0, 0, 255
L 148, 4010, -5, 140, 3965, -5, 0, 0, 255
L 168, 4055, -5, 148, 4010, -5, 0, 0, 255
L 184, 4080, -5, 168, 4055, -5, 0, 0, 255
L 211, 4106, -5, 184, 4080, -5, 0, 0, 255
L 223, 4114, -5, 211, 4106, -5, 0, 0, 255
L 264, 4135, -5, 223, 4114, -5, 0, 0, 255
L 306, 4147, -5, 264, 4135, -5, 0, 0, 255
L 334, 4150, -5, 306, 4147, -5, 0, 0, 255
L 388, 4149, -5, 334, 4150, -5, 0, 0, 255
L 403, 4148, -5, 388, 4149, -5, 0, 0, 255
L 449, 4135, -5, 403, 4148, -5, 0, 0, 255
L 463, 4129, -5, 449, 4135, -5, 0, 0, 255
L 511, 4106, -5, 463, 4129, -5, 0, 0, 255
L 534, 4089, -5, 511, 4106, -5, 0, 0, 255
L 579, 4053, -5, 534, 4089, -5, 0, 0, 255
L 591, 4036, -5, 579, 4053, -5, 0, 0, 255
L 600, 4024, -5, 591, 4036, -5, 0, 0, 255
L 587, 3988, -5, 600, 4024, -5, 0, 0, 255
L 594, 3960, -5, 587, 3988, -5, 0, 0, 255
L 614, 3961, -5, 594, 3960, -5, 0, 0, 255
L 625, 3950, -5, 614, 3961, -5, 0, 0, 255
L 627, 3934, -5, 625, 3950, -5, 0, 0, 255
L 620, 3872, -5, 627, 3934, -5, 0, 0, 255
L 614, 3844, -5, 620, 3872, -5, 0, 0, 255
L 586, 3810, -5, 614, 3844, -5, 0, 0, 255
L 547, 3794, -5, 586, 3810, -5, 0, 0, 255
L 517, 3796, -5, 547, 3794, -5, 0, 0, 255
L 477, 3806, -5, 517, 3796, -5, 0, 0, 255
L 449, 3814, -5, 477, 3806, -5, 0, 0, 255
L 436, 3815, -5, 449, 3814, -5, 0, 0, 255
L 409, 3805, -5, 436, 3815, -5, 0, 0, 255
L 379, 3772, 2, 409, 3805, -5, 0, 0, 255
L 397, 3747, -5, 379, 3772, 2, 0, 0, 255
L 410, 3745, -5, 397, 3747, -5, 0, 0, 255
L 462, 3719, -5, 410, 3745, -5, 0, 0, 255
L 487, 3711, -5, 462, 3719, -5, 0, 0, 255
L 516, 3703, -5, 487, 3711, -5, 0, 0, 255
L 561, 3666, -5, 516, 3703, -5, 0, 0, 255
L 577, 3641, -5, 561, 3666, -5, 0, 0, 255
L 595, 3589, -5, 577, 3641, -5, 0, 0, 255
L 585, 3551, -5, 595, 3589, -5, 0, 0, 255
L 578, 3538, -5, 585, 3551, -5, 0, 0, 255
L 576, 3499, -5, 578, 3538, -5, 0, 0, 255
L 584, 3473, -5, 576, 3499, -5, 0, 0, 255
L 596, 3448, -5, 584, 3473, -5, 0, 0, 255
L 613, 3444, -5, 596, 3448, -5, 0, 0, 255
L 635, 3444, -5, 613, 3444, -5, 0, 0, 255
L 660, 3463, -5, 635, 3444, -5, 0, 0, 255
L 669, 3484, -5, 660, 3463, -5, 0, 0, 255
L 671, 3500, -5, 669, 3484, -5, 0, 0, 255
L 682, 3541, -5, 671, 3500, -5, 0, 0, 255
L 712, 3567, -5, 682, 3541, -5, 0, 0, 255
L 725, 3574, -5, 712, 3567, -5, 0, 0, 255
L 733, 3578, -5, 725, 3574, -5, 0, 0, 255
L 756, 3599, -5, 733, 3578, -5, 0, 0, 255
L 763, 3622, -5, 756, 3599, -5, 0, 0, 255
L 768, 3652, -5, 763, 3622, -5, 0, 0, 255
L 780, 3675, -5, 768, 3652, -5, 0, 0, 255
L 793, 3682, -5, 780, 3675, -5, 0, 0, 255
L 819, 3685, 0, 793, 3682, -5, 0, 0, 255
L 840, 3677, -5, 819, 3685, 0, 0, 0, 255
L 856, 3653, -5, 840, 3677, -5, 0, 0, 255
L 864, 3610, -5, 856, 3653, -5, 0, 0, 255
L 859, 3550, -5, 864, 3610, -5, 0, 0, 255
L 852, 3503, -5, 859, 3550, -5, 0, 0, 255
L 847, 3490, -5, 852, 3503, -5, 0, 0, 255
L 831, 3454, -5, 847, 3490, -5, 0, 0, 255
L 806, 3418, -5, 831, 3454, -5, 0, 0, 255
L 759, 3388, -5, 806, 3418, -5, 0, 0, 255
L 704, 3400, -5, 759, 3388, -5, 0, 0, 255
L 685, 3429, -5, 704, 3400, -5, 0, 0, 255
L 678, 3435, -5, 685, 3429, -5, 0, 0, 255
L 658, 3429, -5, 678, 3435, -5, 0, 0, 255
L 651, 3401, -5, 658, 3429, -5, 0, 0, 255
L 662, 3364, -5, 651, 3401, -5, 0, 0, 255
L 682, 3336, -5, 662, 3364, -5, 0, 0, 255
L 716, 3317, -5, 682, 3336, -5, 0, 0, 255
L 747, 3326, -5, 716, 3317, -5, 0, 0, 255
L 760, 3334, -5, 747, 3326, -5, 0, 0, 255
L 798, 3376, -5, 760, 3334, -5, 0, 0, 255
L 813, 3385, -5, 798, 3376, -5, 0, 0, 255
L 835, 3389, -5, 813, 3385, -5, 0, 0, 255
L 861, 3388, -5, 835, 3389, -5, 0, 0, 255
L 864, 3364, -5, 861, 3388, -5, 0, 0, 255
L 871, 3351, -5, 864, 3364, -5, 0, 0, 255
L 890, 3342, -5, 871, 3351, -5, 0, 0, 255
L 908, 3344, -5, 890, 3342, -5, 0, 0, 255
L 920, 3358, -5, 908, 3344, -5, 0, 0, 255
L 927, 3353, -5, 920, 3358, -5, 0, 0, 255
L 954, 3319, -5, 927, 3353, -5, 0, 0, 255
L 977, 3302, -5, 954, 3319, -5, 0, 0, 255
L 1005, 3290, -5, 977, 3302, -5, 0, 0, 255
L 1036, 3290, -5, 1005, 3290, -5, 0, 0, 255
L 1048, 3293, -5, 1036, 3290, -5, 0, 0, 255
L 1071, 3310, -5, 1048, 3293, -5, 0, 0, 255
L 1084, 3327, -5, 1071, 3310, -5, 0, 0, 255
L 1080, 3356, -5, 1084, 3327, -5, 0, 0, 255
L 1071, 3373, -5, 1080, 3356, -5, 0, 0, 255
L 1033, 3377, -5, 1071, 3373, -5, 0, 0, 255
L 1017, 3378, -5, 1033, 3377, -5, 0, 0, 255
L 988, 3395, -5, 1017, 3378, -5, 0, 0, 255
L 987, 3411, -5, 988, 3395, -5, 0, 0, 255
L 992, 3472, -5, 987, 3411, -5, 0, 0, 255
L 1015, 3511, -5, 992, 3472, -5, 0, 0, 255
L 1043, 3521, -5, 1015, 3511, -5, 0, 0, 255
L 1102, 3516, -5, 1043, 3521, -5, 0, 0, 255
L 1131, 3506, -5, 1102, 3516, -5, 0, 0, 255
L 1166, 3481, -5, 1131, 3506, -5, 0, 0, 255
L 1185, 3457, -5, 1166, 3481, -5, 0, 0, 255
L 1205, 3414, -5, 1185, 3457, -5, 0, 0, 255
L 1209, 3387, -5, 1205, 3414, -5, 0, 0, 255
L 1207, 3334, -5, 1209, 3387, -5, 0, 0, 255
L 1192, 3313, -5, 1207, 3334, -5, 0, 0, 255
L 1161, 3318, -5, 1192, 3313, -5, 0, 0, 255
L 1145, 3322, -5, 1161, 3318, -5, 0, 0, 255
L 1103, 3313, -5, 1145, 3322, -5, 0, 0, 255
L 1091, 3294, -5, 1103, 3313, -5, 0, 0, 255
L 1095, 3260, -5, 1091, 3294, -5, 0, 0, 255
L 1103, 3251, -5, 1095, 3260, -5, 0, 0, 255
L 1139, 3238, -5, 1103, 3251, -5, 0, 0, 255
L 1168, 3243, -5, 1139, 3238, -5, 0, 0, 255
L 1191, 3250, -5, 1168, 3243, -5, 0, 0, 255
L 1205, 3238, -5, 1191, 3250, -5, 0, 0, 255
L 1223, 3215, -5, 1205, 3238, -5, 0, 0, 255
L 1224, 3188, -5, 1223, 3215, -5, 0, 0, 255
L 1203, 3155, -5, 1224, 3188, -5, 0, 0, 255
L 1196, 3148, -5, 1203, 3155, -5, 0, 0, 255
L 1201, 3131, -5, 1196, 3148, -5, 0, 0, 255
L 1216, 3093, -5, 1201, 3131, -5, 0, 0, 255
L 1243, 3077, -5, 1216, 3093, -5, 0, 0, 255
L 1258, 3075, -5, 1243, 3077, -5, 0, 0, 255
L 1279, 3064, -5, 1258, 3075, -5, 0, 0, 255
L 1329, 3066, -4, 1279, 3064, -5, 0, 0, 255
L 1344, 3066, 5, 1329, 3066, -4, 0, 0, 255
L 1376, 3065, 26, 1344, 3066, 5, 0, 0, 255
L 1418, 3067, 277, 1376, 3065, 26, 0, 0, 255
L 1394, 3040, 32, 1415, 3039, 30, 0, 0, 240
L 1327, 3038, 5, 1394, 3040, 32, 0, 0, 240
L 1309, 3038, -1, 1327, 3038, 5, 0, 0, 240
L 1300, 3041, -5, 1309, 3038, -1, 0, 0, 240
L 1250, 3055, -5, 1300, 3041, -5, 0, 0, 240
L 1222, 3053, -5, 1250, 3055, -5, 0, 0, 240
L 1209, 3039, -5, 1222, 3053, -5, 0, 0, 240
L 1205, 3026, -5, 1209, 3039, -5, 0, 0, 240
L 1180, 2994, -5, 1205, 3026, -5, 0, 0, 240
L 1171, 2988, -5, 1180, 2994, -5, 0, 0, 240
L 1142, 2976, -5, 1171, 2988, -5, 0, 0, 240
L 1118, 2959, -5, 1142, 2976, -5, 0, 0, 240
L 1113, 2952, -5, 1118, 2959, -5, 0, 0, 240
L 1119, 2917, -5, 1113, 2952, -5, 0, 0, 240
L 1124, 2899, -5, 1119, 2917, -5, 0, 0, 240
L 1141, 2896, -5, 1124, 2899, -5, 0, 0, 240
L 1181, 2894, -5, 1141, 2896, -5, 0, 0, 240
L 1201, 2876, -5, 1181, 2894, -5, 0, 0, 240
L 1195, 2827, -5, 1201, 2876, -5, 0, 0, 240
L 1178, 2805, -5, 1195, 2827, -5, 0, 0, 240
L 1123, 2799, -5, 1178, 2805, -5, 0, 0, 240
L 1068, 2824, -5, 1123, 2799, -5, 0, 0, 240
L 1047, 2844, -5, 1068, 2824, -5, 0, 0, 240
L 1034, 2870, -5, 1047, 2844, -5, 0, 0, 240
L 1027, 2935, -5, 1034, 2870, -5, 0, 0, 240
L 1033, 2963, -5, 1027, 2935, -5, 0, 0, 240
L 1051, 2987, -5, 1033, 2963, -5, 0, 0, 240
L 1083, 3012, -5, 1051, 2987, -5, 0, 0, 240
L 1112, 3021, -5, 1083, 3012, -5, 0, 0, 240
L 1146, 3018, -5, 1112, 3021, -5, 0, 0, 240
L 1166, 3013, -5, 1146, 3018, -5, 0, 0, 240
L 1187, 3026, -5, 1166, 3013, -5, 0, 0, 240
L 1199, 3049, -5, 1187, 3026, -5, 0, 0, 240
L 1195, 3059, -5, 1199, 3049, -5, 0, 0, 240
L 1178, 3075, -5, 1195, 3059, -5, 0, 0, 240
L 1162, 3079, -5, 1178, 3075, -5, 0, 0, 240
L 1161, 3145, -5, 1162, 3079, -5, 0, 0, 240
L 1169, 3158, -5, 1161, 3145, -5, 0, 0, 240
L 1172, 3182, -5, 1169, 3158, -5, 0, 0, 240
L 1163, 3200, -5, 1172, 3182, -5, 0, 0, 240
L 1157, 3204, -5, 1163, 3200, -5, 0, 0, 240
L 1142, 3210, -5, 1157, 3204, -5, 0, 0, 240
L 1109, 3211, -5, 1142, 3210, -5, 0, 0, 240
L 1070, 3235, -5, 1109, 3211, -5, 0, 0, 240
L 1057, 3228, -5, 1070, 3235, -5, 0, 0, 240
L 1032, 3201, -5, 1057, 3228, -5, 0, 0, 240
L 1031, 3181, -5, 1032, 3201, -5, 0, 0, 240
L 1050, 3166, -5, 1031, 3181, -5, 0, 0, 240
L 1075, 3153, -5, 1050, 3166, -5, 0, 0, 240
L 1086, 3128, -5, 1075, 3153, -5, 0, 0, 240
L 1085, 3114, -5, 1086, 3128, -5, 0, 0, 240
L 1059, 3075, -5, 1085, 3114, -5, 0, 0, 240
L 1046, 3070, -5, 1059, 3075, -5, 0, 0, 240
L 1022, 3066, -5, 1046, 3070, -5, 0, 0, 240
L 992, 3078, -5, 1022, 3066, -5, 0, 0, 240
L 962, 3120, -5, 992, 3078, -5, 0, 0, 240
L 960, 3135, -5, 962, 3120, -5, 0, 0, 240
L 971, 3174, -5, 960, 3135, -5, 0, 0, 240
L 996, 3186, -5, 971, 3174, -5, 0, 0, 240
L 1010, 3204, -5, 996, 3186, -5, 0, 0, 240
L 1022, 3226, -5, 1010, 3204, -5, 0, 0, 240
L 1023, 3230, -5, 1022, 3226, -5, 0, 0, 240
L 1023, 3251, -5, 1023, 3230, -5, 0, 0, 240
L 1018, 3265, -5, 1023, 3251, -5, 0, 0, 240
L 1007, 3269, -5, 1018, 3265, -5, 0, 0, 240
L 974, 3280, -5, 1007, 3269, -5, 0, 0, 240
L 920, 3322, -5, 974, 3280, -5, 0, 0, 240
L 903, 3285, -5, 920, 3322, -5, 0, 0, 240
L 905, 3273, -5, 903, 3285, -5, 0, 0, 240
L 914, 3244, -5, 905, 3273, -5, 0, 0, 240
L 923, 3210, -5, 914, 3244, -5, 0, 0, 240
L 926, 3154, -5, 923, 3210, -5, 0, 0, 240
L 918, 3131, -5, 926, 3154, -5, 0, 0, 240
L 893, 3115, -5, 918, 3131, -5, 0, 0, 240
L 881, 3116, -5, 893, 3115, -5, 0, 0, 240
L 872, 3127, -5, 881, 3116, -5, 0, 0, 240
L 846, 3130, -5, 872, 3127, -5, 0, 0, 240
L 839, 3127, -5, 846, 3130, -5, 0, 0, 240
L 840, 3103, -5, 839, 3127, -5, 0, 0, 240
L 836, 3053, -5, 840, 3103, -5, 0, 0, 240
L 823, 3024, -5, 836, 3053, -5, 0, 0, 240
L 802, 3004, -5, 823, 3024, -5, 0, 0, 240
L 759, 2994, -5, 802, 3004, -5, 0, 0, 240
L 723, 2999, -5, 759, 2994, -5, 0, 0, 240
L 705, 2981, -5, 723, 2999, -5, 0, 0, 240
L 711, 2966, -5, 705, 2981, -5, 0, 0, 240
L 727, 2954, -5, 711, 2966, -5, 0, 0, 240
L 757, 2951, -5, 727, 2954, -5, 0, 0, 240
L 806, 2941, -5, 757, 2951, -5, 0, 0, 240
L 823, 2919, -5, 806, 2941, -5, 0, 0, 240
L 816, 2874, -5, 823, 2919, -5, 0, 0, 240
L 795, 2854, -5, 816, 2874, -5, 0, 0, 240
L 753, 2839, -5, 795, 2854, -5, 0, 0, 240
L 723, 2838, -5, 753, 2839, -5, 0, 0, 240
L 668, 2851, -5, 723, 2838, -5, 0, 0, 240
L 645, 2869, -5, 668, 2851, -5, 0, 0, 240
L 640, 2881, -5, 645, 2869, -5, 0, 0, 240
L 640, 2910, -5, 640, 2881, -5, 0, 0, 240
L 679, 2963, -5, 640, 2910, -5, 0, 0, 240
L 685, 2972, -5, 679, 2963, -5, 0, 0, 240
L 678, 2999, -5, 685, 2972, -5, 0, 0, 240
L 653, 3015, -5, 678, 2999, -5, 0, 0, 240
L 611, 3013, -5, 653, 3015, -5, 0, 0, 240
L 581, 3011, -5, 611, 3013, -5, 0, 0, 240
L 557, 2989, -5, 581, 3011, -5, 0, 0, 240
L 468, 2928, -5, 557, 2989, -5, 0, 0, 240
L 451, 2890, -5, 468, 2928, -5, 0, 0, 240
L 475, 2825, -5, 451, 2890, -5, 0, 0, 240
L 483, 2823, -5, 475, 2825, -5, 0, 0, 240
L 541, 2803, -5, 483, 2823, -5, 0, 0, 240
L 564, 2762, -5, 541, 2803, -5, 0, 0, 240
L 570, 2720, -5, 564, 2762, -5, 0, 0, 240
L 567, 2658, -5, 570, 2720, -5, 0, 0, 240
L 545, 2596, -5, 567, 2658, -5, 0, 0, 240
L 504, 2552, -5, 545, 2596, -5, 0, 0, 240
L 451, 2532, -5, 504, 2552, -5, 0, 0, 240
L 412, 2542, -5, 451, 2532, -5, 0, 0, 240
L 360, 2528, -5, 412, 2542, -5, 0, 0, 240
L 322, 2482, -5, 360, 2528, -5, 0, 0, 240
L 309, 2439, -5, 322, 2482, -5, 0, 0, 240
L 310, 2410, -5, 309, 2439, -5, 0, 0, 240
L 328, 2376, -5, 310, 2410, -5, 0, 0, 240
L 405, 2315, -5, 328, 2376, -5, 0, 0, 240
L 422, 2275, -5, 405, 2315, -5, 0, 0, 240
L 403, 2200, -5, 422, 2275, -5, 0, 0, 240
L 340, 2164, -5, 403, 2200, -5, 0, 0, 240
L 297, 2156, -5, 340, 2164, -5, 0, 0, 240
L 245, 2164, -5, 297, 2156, -5, 0, 0, 240
L 214, 2173, -5, 245, 2164, -5, 0, 0, 240
L 201, 2160, -5, 214, 2173, -5, 0, 0, 240
L 157, 2184, -5, 201, 2160, -5, 0, 0, 240
L 98, 2261, -5, 157, 2184, -5, 0, 0, 240
L 24, 2319, -5, 98, 2261, -5, 0, 0, 240
L -13, 2324, -5, 24, 2319, -5, 0, 0, 240
L -63, 2314, -5, -13, 2324, -5, 0, 0, 240
L -94, 2268, -5, -63, 2314, -5, 0, 0, 240
L -116, 2213, -5, -94, 2268, -5, 0, 0, 240
L -129, 2156, -5, -116, 2213, -5, 0, 0, 240
L -135, 2104, -5, -129, 2156, -5, 0, 0, 240
L -133, 2065, -5, -135, 2104, -5, 0, 0, 240
L -104, 2059, -5, -133, 2065, -5, 0, 0, 240
L -59, 2055, -5, -104, 2059, -5, 0, 0, 240
L -28, 2052, -4, -59, 2055, -5, 0, 0, 240
L -17, 2043, -5, -28, 2052, -4, 0, 0, 240
L -26, 2035, -5, -17, 2043, -5, 0, 0, 240
L -35, 2012, -5, -26, 2035, -5, 0, 0, 240
L -35, 2006, -5, -35, 2012, -5, 0, 0, 240
L -20, 1962, -5, -35, 2006, -5, 0, 0, 240
L -23, 1951, -5, -20, 1962, -5, 0, 0, 240
L -38, 1940, -5, -23, 1951, -5, 0, 0, 240
L -89, 1952, -5, -38, 1940, -5, 0, 0, 240
L -117, 1964, -5, -89, 1952, -5, 0, 0, 240
L -129, 1951, -5, -117, 1964, -5, 0, 0, 240
L -135, 1885, -3, -129, 1951, -5, 0, 0, 240
L -133, 1830, 3, -135, 1885, -3, 0, 0, 240
L -130, 1756, 12, -133, 1830, 3, 0, 0, 240
L -132, 1696, 191, -130, 1756, 12, 0, 0, 240
L -188, 1978, -5, -177, 1714, 17, 0, 0, 240
L -213, 1990, -5, -188, 1978, -5, 0, 0, 240
L -285, 1961, -5, -213, 1990, -5, 0, 0, 240
L -333, 1982, -5, -285, 1961, -5, 0, 0, 240
L -348, 2033, -5, -333, 1982, -5, 0, 0, 240
L -377, 2052, -5, -348, 2033, -5, 0, 0, 240
L -380, 2111, -5, -377, 2052, -5, 0, 0, 240
L -353, 2196, -5, -380, 2111, -5, 0, 0, 240
L -309, 2267, -5, -353, 2196, -5, 0, 0, 240
L -284, 2334, -5, -309, 2267, -5, 0, 0, 240
L -282, 2404, -5, -284, 2334, -5, 0, 0, 240
L -302, 2465, -5, -282, 2404, -5, 0, 0, 240
L -357, 2474, -5, -302, 2465, -5, 0, 0, 240
L -386, 2473, -5, -357, 2474, -5, 0, 0, 240
L -451, 2447, -5, -386, 2473, -5, 0, 0, 240
L -503, 2440, -5, -451, 2447, -5, 0, 0, 240
L -560, 2489, -5, -503, 2440, -5, 0, 0, 240
L -583, 2524, -5, -560, 2489, -5, 0, 0, 240
L -697, 2532, 31, -583, 2524, -5, 0, 0, 240
L -697, 2532, 314, -697, 2532, 31, 0, 0, 240
L -2037, 3505, -120, -2034, 3410, -111, 0, 0, 240
L -2057, 3626, -130, -2037, 3505, -120, 0, 0, 240
L -2046, 3768, -150, -2057, 3626, -130, 0, 0, 240
L -2023, 3858, -160, -2046, 3768, -150, 0, 0, 240
L -2012, 3915, -163, -2023, 3858, -160, 0, 0, 240
L -2010, 3975, -162, -2012, 3915, -163, 0, 0, 240
L -2009, 4032, -167, -2010, 3975, -162, 0, 0, 240
L -1938, 4050, -166, -2009, 4032, -167, 0, 0, 240
L -1925, 4127, -167, -1938, 4050, -166, 0, 0, 240
L -1927, 4187, -167, -1925, 4127, -167, 0, 0, 240
L -1946, 4228, -167, -1927, 4187, -167, 0, 0, 240
L -2049, 4237, -168, -1946, 4228, -167, 0, 0, 240
L -2112, 4219, -166, -2049, 4237, -168, 0, 0, 240
L -2124, 4169, -167, -2112, 4219, -166, 0, 0, 240
L -2124, 4100, -168, -2124, 4169, -167, 0, 0, 240
L -2103, 4046, -168, -2124, 4100, -168, 0, 0, 240
L -2032, 4023, -162, -2103, 4046, -168, 0, 0, 240
L -2051, 3857, -154, -2032, 4023, -162, 0, 0, 240
L -2079, 3724, -151, -2051, 3857, -154, 0, 0, 240
L -2081, 3650, -136, -2079, 3724, -151, 0, 0, 240
L -2071, 3555, -123, -2081, 3650, -136, 0, 0, 240
L -2057, 3435, -114, -2071, 3555, -123, 0, 0, 240
L -2058, 3434, -112, -2057, 3435, -114, 0, 0, 240
L -2057, 3408, -1150, -2058, 3434, -112, 0, 0, 240
L -1019, 3328, 35, -921, 3293, 27, 153, 153, 153
L -1301, 3398, 28, -1019, 3328, 35, 153, 153, 153
L -1314, 3494, 41, -1301, 3398, 28, 153, 153, 153
L -1403, 3512, 27, -1314, 3494, 41, 153, 153, 153
L -1422, 3683, 32, -1403, 3512, 27, 153, 153, 153
L -1502, 3702, 27, -1422, 3683, 32, 153, 153, 153
L -1602, 3809, 27, -1502, 3702, 27, 153, 153, 153
L -1629, 3895, 27, -1602, 3809, 27, 153, 153, 153
L -1827, 3894, 25, -1629, 3895, 27, 153, 153, 153
L -2033, 3896, 13, -1827, 3894, 25, 153, 153, 153
L -2419, 3881, 27, -2033, 3896, 13, 153, 153, 153
L -2597, 3669, 31, -2419, 3881, 27, 153, 153, 153
L -2613, 3480, 27, -2597, 3669, 31, 153, 153, 153
L -2823, 3295, 27, -2613, 3480, 27, 153, 153, 153
L -2912, 3281, 27, -2823, 3295, 27, 153, 153, 153
L -3192, 2879, 27, -2912, 3281, 27, 153, 153, 153
L -3204, 2692, 27, -3192, 2879, 27, 153, 153, 153
L -3482, 2350, 27, -3204, 2692, 27, 153, 153, 153
L -3472, 2229, 27, -3482, 2350, 27, 153, 153, 153
L -3188, 1995, 27, -3472, 2229, 27, 153, 153, 153
L -3006, 1883, 39, -3188, 1995, 27, 153, 153, 153
L -2899, 1777, 13, -3006, 1883, 39, 153, 153, 153
L -2887, 1707, 25, -2899, 1777, 13, 153, 153, 153
L -2798, 1687, 25, -2887, 1707, 25, 153, 153, 153
L -2779, 1501, 27, -2798, 1687, 25, 153, 153, 153
L -2498, 1505, 25, -2779, 1501, 27, 153, 153, 153
L -2336, 1515, -9, -2498, 1505, 25, 153, 153, 153
L -2272, 1388, 12, -2336, 1515, -9, 153, 153, 153
L -2196, 1290, -7, -2272, 1388, 12, 153, 153, 153
L -2191, 1141, 14, -2196, 1290, -7, 153, 153, 153
L -2207, 990, 26, -2191, 1141, 14, 153, 153, 153
L -2305, 885, 62, -2207, 990, 26, 153, 153, 153
L -2512, 666, 29, -2305, 885, 62, 153, 153, 153
L -2691, 480, 45, -2512, 666, 29, 153, 153, 153
L -2899, 301, 31, -2691, 480, 45, 153, 153, 153
L -3100, 198, 27, -2899, 301, 31, 153, 153, 153
L -3206, 188, 24, -3100, 198, 27, 153, 153, 153
L -3317, 98, 14, -3206, 188, 24, 153, 153, 153
L -3421, 95, 25, -3317, 98, 14, 153, 153, 153
L -3611, 91, 28, -3421, 95, 25, 153, 153, 153
L -3786, 2, 70, -3611, 91, 28, 153, 153, 153
L -3798, -114, 27, -3786, 2, 70, 153, 153, 153
L -3807, -210, 27, -3798, -114, 27, 153, 153, 153
L -3992, -462, 27, -3807, -210, 27, 153, 153, 153
L -3992, -524, 25, -3992, -462, 27, 153, 153, 153
L -4067, -672, 27, -3992, -524, 25, 153, 153, 153
L -4239, -854, 49, -4067, -672, 27, 153, 153, 153
L -4360, -1082, 23, -4239, -854, 49, 153, 153, 153
L -4522, -1243, 0, -4360, -1082, 23, 153, 153, 153
L -4525, -1350, -51, -4522, -1243, 0, 153, 153, 153
L -4529, -1440, -58, -4525, -1350, -51, 153, 153, 153
L -4690, -1444, -595, -4529, -1440, -58, 153, 153, 153
L -4516, -1486, -59, -4675, -1470, -59, 153, 153, 153
L -4487, -1692, 22, -4516, -1486, -59, 153, 153, 153
L -4398, -1692, 23, -4487, -1692, 22, 153, 153, 153
L -4376, -1792, 32, -4398, -1692, 23, 153, 153, 153
L -4171, -1791, 26, -4376, -1792, 32, 153, 153, 153
L -3993, -1783, 50, -4171, -1791, 26, 153, 153, 153
L -3896, -1700, -14, -3993, -1783, 50, 153, 153, 153
L -3593, -1710, 8, -3896, -1700, -14, 153, 153, 153
L -3472, -1797, 35, -3593, -1710, 8, 153, 153, 153
L -3233, -1794, 26, -3472, -1797, 35, 153, 153, 153
L -3128, -1859, 62, -3233, -1794, 26, 153, 153, 153
L -2899, -1898, -45, -3128, -1859, 62, 153, 153, 153
L -2804, -2115, -8, -2899, -1898, -45, 153, 153, 153
L -2686, -2202, 22, -2804, -2115, -8, 153, 153, 153
L -2476, -2317, 15, -2686, -2202, 22, 153, 153, 153
L -2398, -2391, 21, -2476, -2317, 15, 153, 153, 153
L -2087, -2516, -33, -2398, -2391, 21, 153, 153, 153
L -1876, -2701, -6, -2087, -2516, -33, 153, 153, 153
L -1624, -2792, -3, -1876, -2701, -6, 153, 153, 153
L -1497, -2910, 36, -1624, -2792, -3, 153, 153, 153
L -1486, -2998, 76, -1497, -2910, 36, 153, 153, 153
L -1154, -2996, 26, -1486, -2998, 76, 153, 153, 153
L -1079, -3095, 50, -1154, -2996, 26, 153, 153, 153
L -491, -3083, 27, -1079, -3095, 50, 153, 153, 153
L -399, -2999, 27, -491, -3083, 27, 153, 153, 153
L -150, -2975, 27, -399, -2999, 27, 153, 153, 153
L 126, -2969, 30, -150, -2975, 27, 153, 153, 153
L 329, -2798, 27, 126, -2969, 30, 153, 153, 153
L 662, -2800, 31, 329, -2798, 27, 153, 153, 153
L 744, -2857, 36, 662, -2800, 31, 153, 153, 153
L 927, -2999, 27, 744, -2857, 36, 153, 153, 153
L 1112, -2983, 27, 927, -2999, 27, 153, 153, 153
L 1219, -2898, 27, 1112, -2983, 27, 153, 153, 153
L 1408, -2886, 30, 1219, -2898, 27, 153, 153, 153
L 1515, -2801, 30, 1408, -2886, 30, 153, 153, 153
L 1835, -2694, 26, 1515, -2801, 30, 153, 153, 153
L 2143, -2595, 27, 1835, -2694, 26, 153, 153, 153
L 2440, -2474, 29, 2143, -2595, 27, 153, 153, 153
L 2784, -2193, 30, 2440, -2474, 29, 153, 153, 153
L 3119, -1883, 32, 2784, -2193, 30, 153, 153, 153
L 3324, -1775, 21, 3119, -1883, 32, 153, 153, 153
L 3514, -1684, 27, 3324, -1775, 21, 153, 153, 153
L 3863, -1331, 27, 3514, -1684, 27, 153, 153, 153
L 4155, -1016, 42, 3863, -1331, 27, 153, 153, 153
L 4502, -693, 27, 4155, -1016, 42, 153, 153, 153
L 4779, -503, 30, 4502, -693, 27, 153, 153, 153
L 4795, 540, -192, 4779, -503, 30, 153, 153, 153
L 4795, 599, -196, 4795, 540, -192, 153, 153, 153
L 4804, 654, -194, 4795, 599, -196, 153, 153, 153
L 4990, 652, -1940, 4804, 654, -194, 153, 153, 153
L 5038, 708, -194, 5040, 655, -194, 153, 153, 153
L 4795, 718, -196, 5038, 708, -194, 153, 153, 153
L 4776, 1196, -125, 4795, 718, -196, 153, 153, 153
L 4792, 1528, -21, 4776, 1196, -125, 153, 153, 153
L 4750, 1695, 26, 4792, 1528, -21, 153, 153, 153
L 4603, 1705, 31, 4750, 1695, 26, 153, 153, 153
L 4586, 1793, 35, 4603, 1705, 31, 153, 153, 153
L 4392, 1815, 27, 4586, 1793, 35, 153, 153, 153
L 4381, 1895, 27, 4392, 1815, 27, 153, 153, 153
L 4197, 1904, 27, 4381, 1895, 27, 153, 153, 153
L 4184, 1995, 27, 4197, 1904, 27, 153, 153, 153
L 3906, 2004, 42, 4184, 1995, 27, 153, 153, 153
L 3742, 2095, 27, 3906, 2004, 42, 153, 153, 153
L 2995, 2088, -5, 3742, 2095, 27, 153, 153, 153
L 2886, 2220, 3, 2995, 2088, -5, 153, 153, 153
L 2815, 2384, 32, 2886, 2220, 3, 153, 153, 153
L 2849, 2549, 13, 2815, 2384, 32, 153, 153, 153
L 3015, 2707, 36, 2849, 2549, 13, 153, 153, 153
L 3104, 2707, 80, 3015, 2707, 36, 153, 153, 153
L 3197, 2811, 38, 3104, 2707, 80, 153, 153, 153
L 3183, 3095, 27, 3197, 2811, 38, 153, 153, 153
L 3093, 3115, 27, 3183, 3095, 27, 153, 153, 153
L 3091, 3197, 27, 3093, 3115, 27, 153, 153, 153
L 2456, 3196, 27, 3091, 3197, 27, 153, 153, 153
L 2290, 3324, 26, 2456, 3196, 27, 153, 153, 153
L 2275, 3490, 39, 2290, 3324, 26, 153, 153, 153
L 2186, 3596, 30, 2275, 3490, 39, 153, 153, 153
L 1699, 3587, 41, 2186, 3596, 30, 153, 153, 153
L 1483, 3374, 36, 1699, 3587, 41, 153, 153, 153
L 1401, 3298, 76, 1483, 3374, 36, 153, 153, 153
L 1401, 3068, 340, 1401, 3298, 76, 153, 153, 153
L 1411, 2903, 30, 1405, 3020, 27, 153, 153, 153
L 1609, 2703, 28, 1411, 2903, 30, 153, 153, 153
L 1807, 2698, 23, 1609, 2703, 28, 153, 153, 153
L 1800, 2611, 68, 1807, 2698, 23, 153, 153, 153
L 1906, 2597, 17, 1800, 2611, 68, 153, 153, 153
L 1905, 2504, 27, 1906, 2597, 17, 153, 153, 153
L 2003, 2451, 27, 1905, 2504, 27, 153, 153, 153
L 1985, 2279, 31, 2003, 2451, 27, 153, 153, 153
L 1898, 2193, 48, 1985, 2279, 31, 153, 153, 153
L 1814, 2102, 28, 1898, 2193, 48, 153, 153, 153
L 1686, 2097, 114, 1814, 2102, 28, 153, 153, 153
L 1276, 2095, 101, 1686, 2097, 114, 153, 153, 153
L 1183, 2098, 56, 1276, 2095, 101, 153, 153, 153
L 898, 2099, 27, 1183, 2098, 56, 153, 153, 153
L 891, 2195, 39, 898, 2099, 27, 153, 153, 153
L 776, 2198, 29, 891, 2195, 39, 153, 153, 153
L 706, 2170, 31, 776, 2198, 29, 153, 153, 153
L 676, 2073, 27, 706, 2170, 31, 153, 153, 153
L 395, 1799, 29, 676, 2073, 27, 153, 153, 153
L 94, 1790, 28, 395, 1799, 29, 153, 153, 153
L -8, 1700, 2, 94, 1790, 28, 153, 153, 153
L -124, 1692, 176, -8, 1700, 2, 153, 153, 153
L -445, 1667, 33, -194, 1692, 19, 153, 153, 153
L -597, 1561, 31, -445, 1667, 33, 153, 153, 153
L -618, 1476, 25, -597, 1561, 31, 153, 153, 153
L -725, 1382, 19, -618, 1476, 25, 153, 153, 153
L -850, 1315, 22, -725, 1382, 19, 153, 153, 153
L -944, 1296, 22, -850, 1315, 22, 153, 153, 153
L -1089, 1293, 26, -944, 1296, 22, 153, 153, 153
L -1225, 1293, 46, -1089, 1293, 26, 153, 153, 153
L -1333, 1293, 51, -1225, 1293, 46, 153, 153, 153
L -1521, 1294, 45, -1333, 1293, 51, 153, 153, 153
L -1611, 1293, 18, -1521, 1294, 45, 153, 153, 153
L -1706, 1348, -13, -1611, 1293, 18, 153, 153, 153
L -1711, 1592, 25, -1706, 1348, -13, 153, 153, 153
L -1805, 1618, 22, -1711, 1592, 25, 153, 153, 153
L -1775, 1829, 25, -1805, 1618, 22, 153, 153, 153
L -1675, 1920, 31, -1775, 1829, 25, 153, 153, 153
L -1467, 2043, 29, -1675, 1920, 31, 153, 153, 153
L -1255, 2208, 50, -1467, 2043, 29, 153, 153, 153
L -1170, 2205, 65, -1255, 2208, 50, 153, 153, 153
L -1091, 2218, 60, -1170, 2205, 65, 153, 153, 153
L -1039, 2274, 37, -1091, 2218, 60, 153, 153, 153
L -891, 2324, 27, -1039, 2274, 37, 153, 153, 153
L -702, 2622, 27, -891, 2324, 27, 153, 153, 153
L -520, 3047, 36, -702, 2622, 27, 153, 153, 153
L -727, 3163, 27, -520, 3047, 36, 153, 153, 153
L -1023, 3371, 457, -727, 3163, 27, 153, 153, 153
L 579, 3438, -10, 564, 3463, -10, 0, 0, 240
L 564, 3463, -10, 555, 3492, -10, 0, 0, 240
L 555, 3492, -10, 553, 3521, -10, 0, 0, 240
L 553, 3521, -10, 553, 3527, -10, 0, 0, 240
L 553, 3527, -10, 554, 3529, -10, 0, 0, 240
L 554, 3529, -10, 554, 3531, -10, 0, 0, 240
L 554, 3531, -10, 556, 3540, -10, 0, 0, 240
L 556, 3540, -10, 560, 3555, -10, 0, 0, 240
L 560, 3555, -10, 567, 3575, -10, 0, 0, 240
L 567, 3575, -10, 568, 3588, -10, 0, 0, 240
L 568, 3588, -10, 568, 3596, -10, 0, 0, 240
L 568, 3596, -10, 567, 3597, -10, 0, 0, 240
L 567, 3597, -10, 552, 3614, -10, 0, 0, 240
L 552, 3614, -10, 518, 3621, -10, 0, 0, 240
L 518, 3621, -10, 495, 3631, -10, 0, 0, 240
L 495, 3631, -10, 475, 3656, -10, 0, 0, 240
L 475, 3656, -10, 465, 3662, -10, 0, 0, 240
L 465, 3662, -10, 441, 3679, -10, 0, 0, 240
L 441, 3679, -10, 416, 3699, -10, 0, 0, 240
L 416, 3699, -10, 414, 3699, -10, 0, 0, 240
L 414, 3699, -10, 395, 3696, -10, 0, 0, 240
L 395, 3696, -10, 379, 3667, -10, 0, 0, 240
L 379, 3667, -10, 354, 3619, -10, 0, 0, 240
L 354, 3619, -10, 325, 3584, -10, 0, 0, 240
L 325, 3584, -10, 291, 3554, -10, 0, 0, 240
L 291, 3554, -10, 245, 3538, -10, 0, 0, 240
L 245, 3538, -10, 244, 3537, -10, 0, 0, 240
L 244, 3537, -10, 232, 3508, -10, 0, 0, 240
L 232, 3508, -10, 227, 3474, -10, 0, 0, 240
L 227, 3474, -10, 216, 3431, -10, 0, 0, 240
L 216, 3431, -10, 193, 3388, -10, 0, 0, 240
L 193, 3388, -10, 171, 3361, -10, 0, 0, 240
L 171, 3361, -10, 149, 3329, -10, 0, 0, 240
L 149, 3329, -10, 148, 3326, -10, 0, 0, 240
L 148, 3326, -10, 124, 3238, -10, 0, 0, 240
L 124, 3238, -10, 124, 3195, -10, 0, 0, 240
L 124, 3195, -10, 109, 3159, -10, 0, 0, 240
L 109, 3159, -10, 110, 3157, -10, 0, 0, 240
L 110, 3157, -10, 110, 3155, -10, 0, 0, 240
L 110, 3155, -10, 113, 3143, -10, 0, 0, 240
L 113, 3143, -10, 113, 3139, -10, 0, 0, 240
L 113, 3139, -10, 121, 3128, -10, 0, 0, 240
L 121, 3128, -10, 126, 3123, -10, 0, 0, 240
L 126, 3123, -10, 153, 3113, -10, 0, 0, 240
L 153, 3113, -10, 154, 3112, -10, 0, 0, 240
L 154, 3112, -10, 189, 3103, -10, 0, 0, 240
L 189, 3103, -10, 204, 3109, -10, 0, 0, 240
L 204, 3109, -10, 209, 3113, -10, 0, 0, 240
L 209, 3113, -10, 210, 3113, -10, 0, 0, 240
L 210, 3113, -10, 223, 3120, -10, 0, 0, 240
L 223, 3120, -10, 242, 3154, -10, 0, 0, 240
L 242, 3154, -10, 248, 3194, -10, 0, 0, 240
L 248, 3194, -10, 250, 3236, -10, 0, 0, 240
L 250, 3236, -10, 270, 3297, -10, 0, 0, 240
L 270, 3297, -10, 290, 3333, -10, 0, 0, 240
L 290, 3333, -10, 321, 3357, -10, 0, 0, 240
L 321, 3357, -10, 364, 3385, -10, 0, 0, 240
L 364, 3385, -10, 365, 3385, -10, 0, 0, 240
L 365, 3385, -10, 400, 3390, -10, 0, 0, 240
L 400, 3390, -10, 457, 3390, -10, 0, 0, 240
L 457, 3390, -10, 495, 3358, -10, 0, 0, 240
L 495, 3358, -10, 525, 3334, -10, 0, 0, 240
L 525, 3334, -10, 525, 3332, -10, 0, 0, 240
L 525, 3332, -10, 526, 3330, -10, 0, 0, 240
L 526, 3330, -10, 536, 3289, -10, 0, 0, 240
L 536, 3289, -10, 537, 3287, -10, 0, 0, 240
L 537, 3287, -10, 551, 3251, -10, 0, 0, 240
L 551, 3251, -10, 552, 3189, -10, 0, 0, 240
L 552, 3189, -10, 543, 3153, -10, 0, 0, 240
L 543, 3153, -10, 527, 3127, -10, 0, 0, 240
L 527, 3127, -10, 523, 3120, -10, 0, 0, 240
L 523, 3120, -10, 522, 3120, -9, 0, 0, 240
L 522, 3120, -9, 503, 3098, -7, 0, 0, 240
L 503, 3098, -7, 490, 3084, -9, 0, 0, 240
L 490, 3084, -9, 488, 3084, -9, 0, 0, 240
L 488, 3084, -9, 448, 3086, -10, 0, 0, 240
L 448, 3086, -10, 395, 3071, -10, 0, 0, 240
L 395, 3071, -10, 349, 3088, -10, 0, 0, 240
L 349, 3088, -10, 320, 3086, -10, 0, 0, 240
L 320, 3086, -10, 319, 3085, -10, 0, 0, 240
L 319, 3085, -10, 285, 3073, -10, 0, 0, 240
L 285, 3073, -10, 247, 3054, -10, 0, 0, 240
L 247, 3054, -10, 246, 3052, -10, 0, 0, 240
L 246, 3052, -10, 226, 3007, -10, 0, 0, 240
L 226, 3007, -10, 227, 3005, -10, 0, 0, 240
L 227, 3005, -10, 228, 3004, -10, 0, 0, 240
L 228, 3004, -10, 262, 2953, -10, 0, 0, 240
L 262, 2953, -10, 288, 2929, -10, 0, 0, 240
L 288, 2929, -10, 290, 2928, -10, 0, 0, 240
L 290, 2928, -10, 337, 2914, -10, 0, 0, 240
L 337, 2914, -10, 339, 2914, -10, 0, 0, 240
L 339, 2914, -10, 340, 2915, -10, 0, 0, 240
L 340, 2915, -10, 392, 2939, -10, 0, 0, 240
L 392, 2939, -10, 436, 2961, -10, 0, 0, 240
L 436, 2961, -10, 451, 2976, -10, 0, 0, 240
L 451, 2976, -10, 479, 3005, -10, 0, 0, 240
L 479, 3005, -10, 481, 3005, -10, 0, 0, 240
L 481, 3005, -10, 536, 3012, -10, 0, 0, 240
L 536, 3012, -10, 537, 3013, -10, 0, 0, 240
L 537, 3013, -10, 552, 3026, -10, 0, 0, 240
L 552, 3026, -10, 567, 3053, -10, 0, 0, 240
L 567, 3053, -10, 588, 3069, -10, 0, 0, 240
L 588, 3069, -10, 589, 3070, -10, 0, 0, 240
L 589, 3070, -10, 613, 3082, -10, 0, 0, 240
L 613, 3082, -10, 640, 3089, -10, 0, 0, 240
L 640, 3089, -10, 667, 3088, -10, 0, 0, 240
L 667, 3088, -10, 693, 3073, -10, 0, 0, 240
L 693, 3073, -10, 716, 3052, -10, 0, 0, 240
L 716, 3052, -10, 737, 3042, -10, 0, 0, 240
L 737, 3042, -10, 770, 3043, -10, 0, 0, 240
L 770, 3043, -10, 772, 3044, -10, 0, 0, 240
L 772, 3044, -10, 780, 3046, -10, 0, 0, 240
L 780, 3046, -10, 792, 3050, -10, 0, 0, 240
L 792, 3050, -10, 793, 3051, -10, 0, 0, 240
L 793, 3051, -10, 793, 3052, -10, 0, 0, 240
L 793, 3052, -10, 794, 3053, -10, 0, 0, 240
L 794, 3053, -10, 806, 3083, -10, 0, 0, 240
L 806, 3083, -10, 806, 3110, -10, 0, 0, 240
L 806, 3110, -10, 805, 3112, -10, 0, 0, 240
L 805, 3112, -10, 805, 3113, -10, 0, 0, 240
L 805, 3113, -10, 797, 3128, -10, 0, 0, 240
L 797, 3128, -10, 794, 3131, -10, 0, 0, 240
L 794, 3131, -10, 783, 3130, -10, 0, 0, 240
L 783, 3130, -10, 774, 3131, -10, 0, 0, 240
L 774, 3131, -10, 768, 3132, -10, 0, 0, 240
L 768, 3132, -10, 742, 3141, -10, 0, 0, 240
L 742, 3141, -9, 736, 3149, -10, 0, 0, 240
L 736, 3149, -10, 720, 3171, -10, 0, 0, 240
L 720, 3171, -10, 723, 3200, -10, 0, 0, 240
L 723, 3200, -10, 724, 3202, -10, 0, 0, 240
L 724, 3202, -10, 738, 3215, -10, 0, 0, 240
L 738, 3215, -10, 769, 3219, -10, 0, 0, 240
L 769, 3219, -10, 770, 3219, -10, 0, 0, 240
L 770, 3219, -10, 779, 3223, -10, 0, 0, 240
L 779, 3223, -10, 793, 3228, -10, 0, 0, 240
L 793, 3228, -10, 794, 3229, -10, 0, 0, 240
L 794, 3229, -10, 805, 3249, -10, 0, 0, 240
L 805, 3249, -10, 805, 3251, -10, 0, 0, 240
L 805, 3251, -10, 808, 3280, -10, 0, 0, 240
L 808, 3280, -10, 808, 3284, -10, 0, 0, 240
L 808, 3284, -10, 807, 3285, -10, 0, 0, 240
L 807, 3285, -10, 793, 3306, -10, 0, 0, 240
L 793, 3306, -10, 792, 3307, -10, 0, 0, 240
L 792, 3307, -10, 791, 3307, -10, 0, 0, 240
L 791, 3307, -10, 768, 3313, -10, 0, 0, 240
L 768, 3313, -10, 734, 3296, -10, 0, 0, 240
L 734, 3296, -10, 733, 3296, -10, 0, 0, 240
L 733, 3296, -10, 707, 3292, -10, 0, 0, 240
L 707, 3292, -10, 668, 3309, -10, 0, 0, 240
L 668, 3309, -10, 649, 3328, -10, 0, 0, 240
L 649, 3328, -10, 628, 3388, -10, 0, 0, 240
L 628, 3388, -10, 618, 3413, -10, 0, 0, 240
L 618, 3413, -10, 615, 3414, -10, 0, 0, 240
L 615, 3414, -10, 598, 3425, -10, 0, 0, 240
L 598, 3425, -10, 579, 3438, -10, 0, 0, 240
P 5000, 673, 0, 255, 255, 255, 2, Succor_Point
P 1061, -458, 0, 255, 255, 255, 2, Plane_of_Growth
P -4530, -1454, 0, 255, 255, 255, 2, Skyshrine
P 4809, 683, 0, 255, 255, 255, 2, Kael_Drakkal
P 2978, 3017, 0, 255, 255, 255, 2, Dragon_Portal
P 1408, 3040, 0, 255, 255, 255, 2, Rock_People_Lair
P -180, 1692, 0, 255, 255, 255, 2, Rock_People_Lair
P -707, 2559, 0, 255, 255, 255, 2, Rock_People_Lair
P -2044, 3394, 0, 255, 255, 255, 2, Holgesh_Lair
P -1447, -1857, 0, 255, 255, 255, 2, Lady_Gelestial
P 39, -1726, 0, 255, 255, 255, 2, Fairie_Village
