L 1048.6813, 0, 0, -194.9415, 0, 0, 140, 140, 140
L  0,83.5938, 0, 0, -2254.7188, 0, 140, 140, 140
L 100, 83.5938, 0, 100, -2254.7188, 0, 220, 220, 220
L 200, 83.5938, 0, 200, -2254.7188, 0, 220, 220, 220
L 300, 83.5938, 0, 300, -2254.7188, 0, 220, 220, 220
L 400, 83.5938, 0, 400, -2254.7188, 0, 220, 220, 220
L 500, 83.5938, 0, 500, -2254.7188, 0, 220, 220, 220
L 600, 83.5938, 0, 600, -2254.7188, 0, 220, 220, 220
L 700, 83.5938, 0, 700, -2254.7188, 0, 220, 220, 220
L 800, 83.5938, 0, 800, -2254.7188, 0, 220, 220, 220
L 900, 83.5938, 0, 900, -2254.7188, 0, 220, 220, 220
L 1000, 83.5938, 0, 1000, -2254.7188, 0, 220, 220, 220
L -100, 83.5938, 0, -100, -2254.7188, 0, 220, 220, 220
L 1048.6813, -100, 0, -194.9415, -100, 0, 220, 220, 220
L 1048.6813, -200, 0, -194.9415, -200, 0, 220, 220, 220
L 1048.6813, -300, 0, -194.9415, -300, 0, 220, 220, 220
L 1048.6813, -400, 0, -194.9415, -400, 0, 220, 220, 220
L 1048.6813, -500, 0, -194.9415, -500, 0, 220, 220, 220
L 1048.6813, -600, 0, -194.9415, -600, 0, 220, 220, 220
L 1048.6813, -700, 0, -194.9415, -700, 0, 220, 220, 220
L 1048.6813, -800, 0, -194.9415, -800, 0, 220, 220, 220
L 1048.6813, -900, 0, -194.9415, -900, 0, 220, 220, 220
L 1048.6813, -1000, 0, -194.9415, -1000, 0, 220, 220, 220
L 1048.6813, -1100, 0, -194.9415, -1100, 0, 220, 220, 220
L 1048.6813, -1200, 0, -194.9415, -1200, 0, 220, 220, 220
L 1048.6813, -1300, 0, -194.9415, -1300, 0, 220, 220, 220
L 1048.6813, -1400, 0, -194.9415, -1400, 0, 220, 220, 220
L 1048.6813, -1500, 0, -194.9415, -1500, 0, 220, 220, 220
L 1048.6813, -1600, 0, -194.9415, -1600, 0, 220, 220, 220
L 1048.6813, -1700, 0, -194.9415, -1700, 0, 220, 220, 220
L 1048.6813, -1800, 0, -194.9415, -1800, 0, 220, 220, 220
L 1048.6813, -1900, 0, -194.9415, -1900, 0, 220, 220, 220
L 1048.6813, -2000, 0, -194.9415, -2000, 0, 220, 220, 220
L 1048.6813, -2100, 0, -194.9415, -2100, 0, 220, 220, 220
L 1048.6813, -2200, 0, -194.9415, -2200, 0, 220, 220, 220
P 1058.6813, 5, 0, 0, 0, 0, 3, 0
P 5,93.5938, 0, 0, 0, 0, 3, 0
P 105,93.5938, 0, 0, 0, 0, 3, 100
P 205,93.5938, 0, 0, 0, 0, 3, 200
P 305,93.5938, 0, 0, 0, 0, 3, 300
P 405,93.5938, 0, 0, 0, 0, 3, 400
P 505,93.5938, 0, 0, 0, 0, 3, 500
P 605,93.5938, 0, 0, 0, 0, 3, 600
P 705,93.5938, 0, 0, 0, 0, 3, 700
P 805,93.5938, 0, 0, 0, 0, 3, 800
P 905,93.5938, 0, 0, 0, 0, 3, 900
P 1005,93.5938, 0, 0, 0, 0, 3, 1000
P -95,93.5938, 0, 0, 0, 0, 3, -100
P 1058.6813, -95, 0, 0, 0, 0, 3, -100
P 1058.6813, -195, 0, 0, 0, 0, 3, -200
P 1058.6813, -295, 0, 0, 0, 0, 3, -300
P 1058.6813, -395, 0, 0, 0, 0, 3, -400
P 1058.6813, -495, 0, 0, 0, 0, 3, -500
P 1058.6813, -595, 0, 0, 0, 0, 3, -600
P 1058.6813, -695, 0, 0, 0, 0, 3, -700
P 1058.6813, -795, 0, 0, 0, 0, 3, -800
P 1058.6813, -895, 0, 0, 0, 0, 3, -900
P 1058.6813, -995, 0, 0, 0, 0, 3, -1000
P 1058.6813, -1095, 0, 0, 0, 0, 3, -1100
P 1058.6813, -1195, 0, 0, 0, 0, 3, -1200
P 1058.6813, -1295, 0, 0, 0, 0, 3, -1300
P 1058.6813, -1395, 0, 0, 0, 0, 3, -1400
P 1058.6813, -1495, 0, 0, 0, 0, 3, -1500
P 1058.6813, -1595, 0, 0, 0, 0, 3, -1600
P 1058.6813, -1695, 0, 0, 0, 0, 3, -1700
P 1058.6813, -1795, 0, 0, 0, 0, 3, -1800
P 1058.6813, -1895, 0, 0, 0, 0, 3, -1900
P 1058.6813, -1995, 0, 0, 0, 0, 3, -2000
P 1058.6813, -2095, 0, 0, 0, 0, 3, -2100
P 1058.6813, -2195, 0, 0, 0, 0, 3, -2200
