L 298.0000, 0, 0, -339.0000, 0, 0, 140, 140, 140
L  0,255, 0, 0, -889.0000, 0, 140, 140, 140
L 100, 255, 0, 100, -889.0000, 0, 220, 220, 220
L 200, 255, 0, 200, -889.0000, 0, 220, 220, 220
L -100, 255, 0, -100, -889.0000, 0, 220, 220, 220
L -200, 255, 0, -200, -889.0000, 0, 220, 220, 220
L -300, 255, 0, -300, -889.0000, 0, 220, 220, 220
L 298.0000, 100, 0, -339.0000, 100, 0, 220, 220, 220
L 298.0000, 200, 0, -339.0000, 200, 0, 220, 220, 220
L 298.0000, -100, 0, -339.0000, -100, 0, 220, 220, 220
L 298.0000, -200, 0, -339.0000, -200, 0, 220, 220, 220
L 298.0000, -300, 0, -339.0000, -300, 0, 220, 220, 220
L 298.0000, -400, 0, -339.0000, -400, 0, 220, 220, 220
L 298.0000, -500, 0, -339.0000, -500, 0, 220, 220, 220
L 298.0000, -600, 0, -339.0000, -600, 0, 220, 220, 220
L 298.0000, -700, 0, -339.0000, -700, 0, 220, 220, 220
L 298.0000, -800, 0, -339.0000, -800, 0, 220, 220, 220
P 308, 5, 0, 0, 0, 0, 3, 0
P 5,265, 0, 0, 0, 0, 3, 0
P 105,265, 0, 0, 0, 0, 3, 100
P 205,265, 0, 0, 0, 0, 3, 200
P -95,265, 0, 0, 0, 0, 3, -100
P -195,265, 0, 0, 0, 0, 3, -200
P -295,265, 0, 0, 0, 0, 3, -300
P 308, 105, 0, 0, 0, 0, 3, 100
P 308, 205, 0, 0, 0, 0, 3, 200
P 308, -95, 0, 0, 0, 0, 3, -100
P 308, -195, 0, 0, 0, 0, 3, -200
P 308, -295, 0, 0, 0, 0, 3, -300
P 308, -395, 0, 0, 0, 0, 3, -400
P 308, -495, 0, 0, 0, 0, 3, -500
P 308, -595, 0, 0, 0, 0, 3, -600
P 308, -695, 0, 0, 0, 0, 3, -700
P 308, -795, 0, 0, 0, 0, 3, -800
