L 417, 159, -122, 428, 162, -24, 153, 153, 0
L 428, 162, -24, 428, 174, -11, 153, 153, 0
L 428, 174, -11, 418, 180, -24, 153, 153, 0
L 428, 162, -246, 431, 152, -19, 153, 153, 0
L 431, 152, -19, 438, 145, -21, 153, 153, 0
L 438, 145, -21, 438, 116, -48, 153, 153, 0
L 438, 116, -48, 438, 90, -45, 153, 153, 0
L 438, 90, -45, 432, 77, -52, 153, 153, 0
L 432, 77, -52, 429, 74, -49, 153, 153, 0
L 429, 74, -49, 429, 22, -39, 153, 153, 0
L 429, 22, -39, 422, 22, -39, 153, 153, 0
L 422, 22, -39, 422, 50, -50, 153, 153, 0
L 422, 50, -50, 422, 73, -43, 153, 153, 0
L 422, 73, -43, 420, 83, -52, 153, 153, 0
L 420, 83, -52, 420, 91, -43, 153, 153, 0
L 420, 91, -43, 420, 104, -48, 153, 153, 0
L 420, 104, -48, 427, 117, -28, 153, 153, 0
L 427, 117, -28, 420, 126, -27, 153, 153, 0
L 420, 126, -27, 414, 139, -19, 153, 153, 0
L 414, 139, -19, 420, 151, -23, 153, 153, 0
L 420, 151, -23, 420, 158, -12, 153, 153, 0
L 420, 158, -12, 419, 159, -24, 153, 153, 0
L 427, 116, -488, 438, 116, -48, 153, 153, 0
L 421, 106, -258, 438, 106, -25, 153, 153, 0
L 429, 22, -394, 429, 72, -39, 0, 0, 255
L 429, 72, -39, 422, 72, -40, 0, 0, 255
L 422, 72, -40, 422, 22, -39, 0, 0, 255
L 385, 85, -358, 420, 83, -35, 153, 153, 0
L 420, 83, -35, 420, 22, -35, 153, 153, 0
L 420, 22, -35, 417, 18, -35, 153, 153, 0
L 417, 18, -35, 380, 18, -35, 153, 153, 0
L 380, 18, -35, 378, 16, -35, 153, 153, 0
L 378, 16, -35, 378, -27, -35, 153, 153, 0
L 378, -27, -35, 380, -29, -35, 153, 153, 0
L 380, -29, -35, 389, -29, -35, 153, 153, 0
L 389, -29, -35, 390, -26, -40, 153, 153, 0
L 390, -26, -40, 391, 5, -35, 153, 153, 0
L 391, 5, -35, 445, 6, -35, 153, 153, 0
L 389, -27, -508, 380, -27, -50, 153, 153, 0
L 380, -27, -50, 380, -13, -50, 153, 153, 0
L 380, -13, -50, 371, -12, -55, 153, 153, 0
L 371, -12, -55, 371, -12, -46, 153, 153, 0
L 371, -12, -46, 371, 4, -55, 153, 153, 0
L 371, 4, -55, 371, 4, -47, 153, 153, 0
L 371, 4, -47, 377, 2, -55, 153, 153, 0
L 377, 2, -55, 383, 2, -50, 153, 153, 0
L 383, 2, -50, 389, 2, -50, 153, 153, 0
L 389, 2, -50, 389, -27, -50, 153, 153, 0
L 389, -27, -421, 380, -27, -43, 0, 0, 255
L 380, -27, -43, 380, 2, -42, 0, 0, 255
L 380, 2, -42, 389, 2, -42, 0, 0, 255
L 389, 2, -42, 389, -27, -41, 0, 0, 255
L 429, 22, -394, 422, 22, -39, 0, 0, 255
L 445, 6, -358, 448, 2, -35, 153, 153, 0
L 448, 2, -35, 448, -78, -35, 153, 153, 0
L 448, -78, -35, 450, -80, -35, 153, 153, 0
L 450, -80, -35, 464, -81, -35, 153, 153, 0
L 464, -81, -35, 464, -85, -35, 153, 153, 0
L 464, -85, -35, 448, -86, -42, 153, 153, 0
L 448, -86, -42, 448, -96, -41, 153, 153, 0
L 448, -96, -41, 459, -96, -42, 153, 153, 0
L 459, -96, -42, 463, -96, -35, 153, 153, 0
L 463, -96, -35, 464, -138, -34, 153, 153, 0
L 464, -138, -34, 466, -140, -34, 153, 153, 0
L 448, -86, -441, 448, -96, -45, 0, 0, 255
L 448, -96, -45, 459, -96, -48, 0, 0, 255
L 459, -96, -48, 459, -86, -46, 0, 0, 255
L 459, -86, -46, 448, -86, -55, 0, 0, 255
L 448, -86, -55, 448, -96, -61, 0, 0, 255
L 448, -96, -61, 459, -96, -61, 0, 0, 255
L 450, -67, -428, 450, -78, -42, 0, 0, 255
L 450, -78, -42, 466, -79, -44, 0, 0, 255
L 466, -79, -44, 466, -128, -42, 0, 0, 255
L 466, -128, -42, 473, -128, -42, 0, 0, 255
L 473, -128, -42, 473, -67, -42, 0, 0, 255
L 473, -67, -42, 450, -67, -42, 0, 0, 255
L 466, -140, -348, 478, -141, -34, 153, 153, 0
L 478, -141, -34, 478, -142, -34, 153, 153, 0
L 478, -142, -34, 494, -143, -34, 153, 153, 0
L 494, -143, -34, 494, -147, -34, 153, 153, 0
L 494, -147, -34, 484, -148, -34, 153, 153, 0
L 484, -148, -34, 482, -150, -34, 153, 153, 0
L 482, -150, -34, 482, -188, -34, 153, 153, 0
L 482, -188, -34, 531, -188, -34, 153, 153, 0
L 531, -188, -34, 533, -186, -34, 153, 153, 0
L 533, -186, -34, 533, -182, -34, 153, 153, 0
L 533, -182, -34, 531, -182, -34, 153, 153, 0
L 531, -182, -34, 528, -181, -34, 153, 153, 0
L 528, -181, -34, 527, -146, -34, 153, 153, 0
L 527, -146, -34, 525, -144, -34, 153, 153, 0
L 525, -144, -34, 506, -144, -34, 153, 153, 0
L 506, -144, -34, 503, -140, -34, 153, 153, 0
L 503, -140, -34, 503, -134, -34, 153, 153, 0
L 503, -134, -34, 501, -132, -34, 153, 153, 0
L 501, -132, -34, 478, -132, -34, 153, 153, 0
L 478, -132, -34, 475, -128, -35, 153, 153, 0
L 475, -128, -35, 475, -67, -35, 153, 153, 0
L 475, -67, -35, 473, -65, -35, 153, 153, 0
L 473, -65, -35, 462, -65, -35, 153, 153, 0
L 462, -65, -35, 459, -61, -35, 153, 153, 0
L 459, -61, -35, 459, -20, -35, 153, 153, 0
L 459, -20, -35, 468, -20, -34, 153, 153, 0
L 468, -20, -34, 469, -24, -34, 153, 153, 0
L 469, -24, -34, 471, -26, -34, 153, 153, 0
L 471, -26, -34, 476, -27, -34, 153, 153, 0
L 476, -27, -34, 476, -54, -34, 153, 153, 0
L 476, -54, -34, 519, -55, -43, 153, 153, 0
L 519, -55, -43, 520, -61, -43, 153, 153, 0
L 520, -61, -43, 524, -62, -43, 153, 153, 0
L 524, -62, -43, 525, -102, -43, 153, 153, 0
L 525, -102, -43, 579, -102, -43, 153, 153, 0
L 579, -102, -43, 579, -62, -43, 153, 153, 0
L 579, -62, -43, 588, -62, -44, 153, 153, 0
L 588, -62, -44, 589, -82, -44, 153, 153, 0
L 589, -82, -44, 589, -122, -44, 153, 153, 0
L 589, -122, -44, 595, -123, -44, 153, 153, 0
L 595, -123, -44, 596, -143, -44, 153, 153, 0
L 596, -143, -44, 598, -145, -44, 153, 153, 0
L 598, -145, -44, 628, -145, -44, 153, 153, 0
L 628, -145, -44, 628, -136, -44, 153, 153, 0
L 628, -136, -44, 659, -134, -43, 153, 153, 0
L 659, -134, -43, 659, -74, -41, 153, 153, 0
L 659, -74, -41, 657, -72, -41, 153, 153, 0
L 657, -72, -41, 607, -71, -44, 153, 153, 0
L 607, -71, -44, 607, -51, -44, 153, 153, 0
L 607, -51, -44, 601, -50, -44, 153, 153, 0
L 601, -50, -44, 600, -44, -44, 153, 153, 0
L 660, -128, -438, 660, -116, -43, 0, 0, 255
L 659, -128, -438, 678, -127, -43, 153, 153, 0
L 678, -127, -43, 680, -125, -43, 153, 153, 0
L 680, -125, -43, 680, -117, -43, 153, 153, 0
L 680, -117, -43, 659, -116, -43, 153, 153, 0
L 600, -44, -448, 561, -43, -43, 153, 153, 0
L 561, -43, -43, 560, -38, -43, 153, 153, 0
L 560, -38, -43, 539, -37, -43, 153, 153, 0
L 539, -37, -43, 520, -37, -43, 153, 153, 0
L 520, -37, -43, 520, -43, -43, 153, 153, 0
L 520, -43, -43, 495, -43, -34, 153, 153, 0
L 495, -43, -34, 494, -31, -34, 153, 153, 0
L 494, -31, -34, 515, -30, -34, 153, 153, 0
L 515, -30, -34, 516, 7, -34, 153, 153, 0
L 516, 7, -34, 529, 8, -34, 153, 153, 0
L 529, 8, -34, 529, 22, -34, 153, 153, 0
L 529, 22, -34, 527, 24, -34, 153, 153, 0
L 527, 24, -34, 520, 24, -34, 153, 153, 0
L 520, 24, -34, 520, 19, -34, 153, 153, 0
L 520, 19, -34, 516, 19, -34, 153, 153, 0
L 516, 19, -34, 515, 35, -34, 153, 153, 0
L 515, 35, -34, 559, 35, -34, 153, 153, 0
L 559, 35, -34, 560, 16, -24, 153, 153, 0
L 560, 16, -24, 558, 13, -19, 153, 153, 0
L 558, 13, -19, 543, 12, -11, 153, 153, 0
L 543, 12, -11, 539, 10, -10, 153, 153, 0
L 539, 10, -10, 536, 6, -9, 153, 153, 0
L 536, 6, -9, 534, 3, -8, 153, 153, 0
L 534, 3, -8, 533, 1, -7, 153, 153, 0
L 533, 1, -7, 533, -11, -3, 153, 153, 0
L 533, -11, -3, 535, -12, -3, 153, 153, 0
L 535, -12, -3, 535, -19, -3, 153, 153, 0
L 535, -19, -3, 543, -19, -3, 153, 153, 0
L 543, -19, -3, 546, -23, -3, 153, 153, 0
L 546, -23, -3, 544, -102, -3, 153, 153, 0
L 544, -102, -3, 546, -164, -3, 153, 153, 0
L 546, -164, -3, 548, -166, -3, 153, 153, 0
L 548, -166, -3, 585, -166, -3, 153, 153, 0
L 557, -144, -38, 557, -111, -3, 153, 153, 0
L 557, -111, -3, 562, -105, -3, 153, 153, 0
L 562, -105, -3, 568, -105, -3, 153, 153, 0
L 568, -105, -3, 569, -109, -3, 153, 153, 0
L 569, -109, -3, 564, -111, -3, 153, 153, 0
L 564, -111, -3, 562, -113, -3, 153, 153, 0
L 562, -113, -3, 562, -119, -3, 153, 153, 0
L 562, -119, -3, 564, -124, -3, 153, 153, 0
L 564, -124, -3, 590, -124, -3, 153, 153, 0
L 590, -124, -3, 592, -122, -3, 153, 153, 0
L 592, -122, -3, 592, -113, -3, 153, 153, 0
L 592, -113, -3, 590, -111, -3, 153, 153, 0
L 590, -111, -3, 576, -110, -3, 153, 153, 0
L 576, -110, -3, 576, -106, -3, 153, 153, 0
L 576, -106, -3, 597, -105, -3, 153, 153, 0
L 597, -105, -3, 602, -106, -3, 153, 153, 0
L 602, -106, -3, 602, -124, -7, 153, 153, 0
L 602, -124, -7, 611, -124, -7, 153, 153, 0
L 611, -124, -7, 620, -124, -10, 153, 153, 0
L 620, -124, -10, 639, -124, -15, 153, 153, 0
L 639, -124, -15, 639, -121, -15, 153, 153, 0
L 639, -121, -15, 643, -120, -15, 153, 153, 0
L 643, -120, -15, 643, -109, -15, 153, 153, 0
L 643, -109, -15, 648, -103, -15, 153, 153, 0
L 648, -103, -15, 653, -103, -15, 153, 153, 0
L 653, -103, -15, 654, -119, -15, 153, 153, 0
L 654, -119, -15, 674, -119, -16, 153, 153, 0
L 674, -119, -16, 680, -115, -16, 153, 153, 0
L 680, -115, -16, 680, -109, -16, 153, 153, 0
L 680, -109, -16, 668, -108, -15, 153, 153, 0
L 668, -108, -15, 668, -104, -15, 153, 153, 0
L 668, -104, -15, 699, -104, -19, 153, 153, 0
L 699, -104, -19, 700, -110, -20, 153, 153, 0
L 700, -110, -20, 698, -112, -20, 153, 153, 0
L 698, -112, -20, 698, -116, -20, 153, 153, 0
L 698, -116, -20, 700, -119, -20, 153, 153, 0
L 700, -119, -20, 725, -117, -20, 153, 153, 0
L 725, -117, -20, 725, -109, -20, 153, 153, 0
L 725, -109, -20, 712, -108, -20, 153, 153, 0
L 712, -108, -20, 714, -103, -20, 153, 153, 0
L 714, -103, -20, 746, -103, -21, 153, 153, 0
L 746, -103, -21, 746, -77, -27, 153, 153, 0
L 746, -77, -27, 760, -75, -29, 153, 153, 0
L 760, -75, -29, 760, -28, -30, 153, 153, 0
L 760, -28, -30, 740, -28, -30, 153, 153, 0
L 740, -28, -30, 740, -43, -29, 153, 153, 0
L 740, -43, -29, 735, -44, -29, 153, 153, 0
L 735, -44, -29, 735, -47, -29, 153, 153, 0
L 735, -47, -29, 725, -47, -30, 153, 153, 0
L 725, -47, -30, 725, -37, -30, 153, 153, 0
L 725, -37, -30, 720, -37, -30, 153, 153, 0
L 720, -37, -30, 719, -36, -30, 153, 153, 0
L 719, -36, -30, 718, -11, -31, 153, 153, 0
L 718, -11, -31, 692, -11, -30, 153, 153, 0
L 692, -11, -30, 692, -6, -31, 153, 153, 0
L 692, -6, -31, 706, -5, -31, 153, 153, 0
L 706, -5, -31, 706, 5, -31, 153, 153, 0
L 706, 5, -31, 680, 6, -31, 153, 153, 0
L 680, 6, -31, 674, 4, -31, 153, 153, 0
L 674, 4, -31, 674, -5, -31, 153, 153, 0
L 674, -5, -31, 684, -5, -31, 153, 153, 0
L 684, -5, -31, 685, -10, -30, 153, 153, 0
L 685, -10, -30, 674, -11, -30, 153, 153, 0
L 674, -11, -30, 669, -5, -29, 153, 153, 0
L 669, -5, -29, 669, 14, -29, 153, 153, 0
L 669, 14, -29, 702, 16, -29, 153, 153, 0
L 702, 16, -29, 706, 18, -30, 153, 153, 0
L 706, 18, -30, 708, 19, -30, 153, 153, 0
L 708, 19, -30, 703, 21, -29, 153, 153, 0
L 703, 21, -29, 698, 22, -29, 153, 153, 0
L 698, 22, -29, 697, 26, -29, 153, 153, 0
L 697, 26, -29, 693, 26, -29, 153, 153, 0
L 693, 26, -29, 691, 28, -29, 153, 153, 0
L 691, 28, -29, 669, 29, -29, 153, 153, 0
L 669, 29, -29, 669, 56, -27, 153, 153, 0
L 669, 56, -27, 674, 57, -27, 153, 153, 0
L 674, 57, -27, 676, 57, -27, 153, 153, 0
L 676, 57, -27, 679, 56, -27, 153, 153, 0
L 679, 56, -27, 679, 46, -27, 153, 153, 0
L 679, 46, -278, 692, 46, -27, 153, 153, 0
L 692, 46, -27, 694, 48, -27, 153, 153, 0
L 694, 48, -27, 694, 61, -27, 153, 153, 0
L 694, 61, -27, 692, 67, -27, 153, 153, 0
L 692, 67, -27, 676, 67, -27, 153, 153, 0
L 676, 67, -27, 669, 68, -27, 153, 153, 0
L 669, 68, -27, 669, 75, -27, 153, 153, 0
L 669, 75, -27, 671, 77, -28, 153, 153, 0
L 671, 77, -28, 671, 84, -28, 153, 153, 0
L 671, 84, -28, 669, 86, -28, 153, 153, 0
L 669, 86, -28, 652, 86, -28, 153, 153, 0
L 652, 86, -28, 652, 77, -28, 153, 153, 0
L 652, 77, -28, 661, 76, -28, 153, 153, 0
L 661, 76, -28, 662, 72, -27, 153, 153, 0
L 662, 72, -27, 660, 71, -27, 153, 153, 0
L 660, 71, -27, 660, 67, -27, 153, 153, 0
L 660, 67, -27, 648, 66, -22, 153, 153, 0
L 648, 66, -22, 646, 68, -22, 153, 153, 0
L 646, 68, -22, 645, 72, -22, 153, 153, 0
L 645, 72, -22, 647, 73, -22, 153, 153, 0
L 647, 73, -22, 647, 93, -22, 153, 153, 0
L 647, 93, -22, 632, 93, -22, 153, 153, 0
L 632, 93, -22, 632, 73, -22, 153, 153, 0
L 632, 73, -22, 638, 72, -22, 153, 153, 0
L 638, 72, -22, 638, 68, -22, 153, 153, 0
L 638, 68, -22, 626, 68, -22, 153, 153, 0
L 626, 68, -22, 627, 82, -22, 153, 153, 0
L 627, 82, -22, 625, 86, -22, 153, 153, 0
L 625, 86, -22, 616, 86, -22, 153, 153, 0
L 616, 86, -22, 616, 76, -22, 153, 153, 0
L 616, 76, -22, 617, 67, -22, 153, 153, 0
L 617, 67, -22, 599, 67, -21, 153, 153, 0
L 599, 67, -21, 595, 65, -21, 153, 153, 0
L 595, 65, -21, 595, 62, -21, 153, 153, 0
L 595, 62, -21, 590, 62, -21, 153, 153, 0
L 590, 62, -21, 590, 69, -21, 153, 153, 0
L 590, 69, -21, 588, 71, -21, 153, 153, 0
L 588, 71, -21, 576, 71, -21, 153, 153, 0
L 576, 71, -21, 574, 69, -21, 153, 153, 0
L 574, 69, -21, 574, 57, -21, 153, 153, 0
L 574, 57, -21, 576, 53, -21, 153, 153, 0
L 576, 53, -21, 590, 53, -21, 153, 153, 0
L 590, 53, -21, 591, 54, -21, 153, 153, 0
L 591, 54, -21, 595, 54, -21, 153, 153, 0
L 595, 54, -21, 595, 49, -21, 153, 153, 0
L 595, 49, -21, 576, 47, -21, 153, 153, 0
L 576, 47, -21, 574, 39, -21, 153, 153, 0
L 574, 39, -21, 575, 34, -22, 153, 153, 0
L 575, 34, -22, 577, 34, -22, 153, 153, 0
L 577, 34, -22, 577, 36, -21, 153, 153, 0
L 577, 36, -21, 590, 37, -21, 153, 153, 0
L 590, 37, -21, 597, 36, -21, 153, 153, 0
L 597, 36, -21, 597, 28, -17, 153, 153, 0
L 597, 28, -17, 576, 27, -17, 153, 153, 0
L 576, 27, -17, 576, 17, -17, 153, 153, 0
L 576, 17, -17, 594, 18, -17, 153, 153, 0
L 594, 18, -17, 595, 11, -17, 153, 153, 0
L 595, 11, -17, 593, 9, -17, 153, 153, 0
L 593, 9, -17, 593, 3, -17, 153, 153, 0
L 593, 3, -17, 595, 2, -17, 153, 153, 0
L 595, 2, -17, 595, -15, -16, 153, 153, 0
L 595, -15, -16, 596, -15, -16, 153, 153, 0
L 596, -15, -16, 596, -22, -12, 153, 153, 0
L 596, -22, -12, 589, -29, -8, 153, 153, 0
L 589, -29, -8, 577, -30, -3, 153, 153, 0
L 577, -30, -3, 564, -30, -3, 153, 153, 0
L 564, -30, -3, 557, -29, -3, 153, 153, 0
L 557, -29, -3, 557, -11, -3, 153, 153, 0
L 557, -11, -3, 555, -9, -3, 153, 153, 0
L 555, -9, -3, 542, -8, -3, 153, 153, 0
L 542, -8, -3, 541, -1, -6, 153, 153, 0
L 541, -1, -6, 543, 1, -11, 153, 153, 0
L 543, 1, -11, 551, 2, -15, 153, 153, 0
L 551, 2, -15, 559, 2, -19, 153, 153, 0
L 559, 2, -19, 562, 4, -20, 153, 153, 0
L 562, 4, -20, 569, 9, -23, 153, 153, 0
L 569, 9, -23, 571, 13, -23, 153, 153, 0
L 571, 13, -23, 571, 26, -29, 153, 153, 0
L 571, 26, -29, 570, 27, -30, 153, 153, 0
L 570, 27, -30, 569, 46, -34, 153, 153, 0
L 569, 46, -34, 567, 48, -34, 153, 153, 0
L 557, -46, -38, 562, -40, -3, 153, 153, 0
L 562, -40, -3, 591, -40, -8, 153, 153, 0
L 591, -40, -8, 596, -39, -9, 153, 153, 0
L 596, -39, -9, 602, -35, -10, 153, 153, 0
L 602, -35, -10, 605, -29, -11, 153, 153, 0
L 605, -29, -11, 607, -24, -12, 153, 153, 0
L 607, -24, -12, 607, -8, -16, 153, 153, 0
L 607, -8, -16, 606, -7, -16, 153, 153, 0
L 606, -7, -16, 606, 2, -17, 153, 153, 0
L 606, 2, -17, 610, 2, -18, 153, 153, 0
L 610, 2, -18, 627, 1, -18, 153, 153, 0
L 627, 1, -18, 627, 9, -18, 153, 153, 0
L 627, 9, -18, 625, 11, -18, 153, 153, 0
L 625, 11, -18, 611, 11, -18, 153, 153, 0
L 611, 11, -18, 610, 10, -18, 153, 153, 0
L 610, 10, -18, 607, 10, -17, 153, 153, 0
L 607, 10, -17, 606, 17, -17, 153, 153, 0
L 606, 17, -17, 611, 18, -17, 153, 153, 0
L 611, 18, -17, 611, 17, -17, 153, 153, 0
L 611, 17, -17, 625, 17, -17, 153, 153, 0
L 625, 17, -17, 627, 19, -17, 153, 153, 0
L 627, 19, -17, 627, 23, -17, 153, 153, 0
L 627, 23, -17, 625, 27, -17, 153, 153, 0
L 625, 27, -17, 615, 27, -17, 153, 153, 0
L 615, 27, -17, 607, 25, -17, 153, 153, 0
L 607, 25, -17, 606, 36, -21, 153, 153, 0
L 606, 36, -21, 627, 37, -21, 153, 153, 0
L 627, 37, -21, 627, 45, -21, 153, 153, 0
L 627, 45, -21, 625, 47, -21, 153, 153, 0
L 625, 47, -21, 613, 47, -21, 153, 153, 0
L 613, 47, -21, 606, 49, -21, 153, 153, 0
L 606, 49, -21, 606, 53, -21, 153, 153, 0
L 606, 53, -21, 609, 57, -22, 153, 153, 0
L 609, 57, -22, 633, 56, -22, 153, 153, 0
L 633, 56, -22, 634, 52, -22, 153, 153, 0
L 634, 52, -22, 632, 51, -22, 153, 153, 0
L 632, 51, -22, 632, 36, -22, 153, 153, 0
L 632, 36, -22, 646, 36, -22, 153, 153, 0
L 646, 36, -22, 648, 38, -22, 153, 153, 0
L 648, 38, -22, 648, 42, -22, 153, 153, 0
L 648, 42, -22, 644, 46, -22, 153, 153, 0
L 644, 46, -22, 643, 50, -22, 153, 153, 0
L 643, 50, -22, 641, 52, -22, 153, 153, 0
L 641, 52, -22, 641, 55, -22, 153, 153, 0
L 641, 55, -22, 658, 56, -27, 153, 153, 0
L 658, 56, -27, 658, 31, -29, 153, 153, 0
L 658, 31, -29, 634, 30, -29, 153, 153, 0
L 634, 30, -29, 632, 28, -29, 153, 153, 0
L 632, 28, -29, 632, 21, -29, 153, 153, 0
L 632, 21, -29, 634, 18, -29, 153, 153, 0
L 634, 18, -29, 653, 18, -29, 153, 153, 0
L 653, 18, -29, 654, 22, -29, 153, 153, 0
L 654, 22, -29, 658, 21, -29, 153, 153, 0
L 658, 21, -29, 658, -8, -29, 153, 153, 0
L 658, -8, -29, 642, -9, -28, 153, 153, 0
L 642, -9, -28, 618, -9, -27, 153, 153, 0
L 618, -9, -27, 616, -11, -27, 153, 153, 0
L 616, -11, -278, 616, -17, -27, 153, 153, 0
L 616, -17, -27, 618, -18, -27, 153, 153, 0
L 618, -18, -27, 618, -27, -23, 153, 153, 0
L 618, -27, -23, 620, -28, -23, 153, 153, 0
L 620, -28, -23, 620, -38, -19, 153, 153, 0
L 620, -38, -19, 618, -39, -19, 153, 153, 0
L 618, -39, -19, 618, -42, -19, 153, 153, 0
L 618, -42, -19, 617, -44, -19, 153, 153, 0
L 617, -44, -19, 616, -54, -19, 153, 153, 0
L 616, -54, -19, 620, -54, -19, 153, 153, 0
L 620, -54, -19, 623, -58, -18, 153, 153, 0
L 623, -58, -18, 623, -61, -18, 153, 153, 0
L 623, -61, -18, 630, -62, -18, 153, 153, 0
L 630, -62, -18, 630, -69, -18, 153, 153, 0
L 630, -69, -18, 630, -101, -15, 153, 153, 0
L 630, -101, -15, 630, -113, -15, 153, 153, 0
L 630, -113, -15, 612, -113, -7, 153, 153, 0
L 612, -113, -7, 611, -101, -3, 153, 153, 0
L 611, -101, -3, 619, -99, -3, 153, 153, 0
L 619, -99, -3, 619, -95, -3, 153, 153, 0
L 619, -95, -3, 562, -95, -3, 153, 153, 0
L 562, -95, -3, 557, -89, -3, 153, 153, 0
L 557, -89, -3, 557, -85, -3, 153, 153, 0
L 557, -85, -3, 562, -85, -4, 153, 153, 0
L 562, -85, -4, 562, -88, -4, 153, 153, 0
L 562, -88, -4, 600, -89, -4, 153, 153, 0
L 600, -89, -4, 606, -83, -4, 153, 153, 0
L 606, -83, -4, 606, -63, -4, 153, 153, 0
L 606, -63, -4, 601, -56, -4, 153, 153, 0
L 601, -56, -4, 593, -51, -4, 153, 153, 0
L 593, -51, -4, 568, -51, -4, 153, 153, 0
L 568, -51, -4, 562, -57, -4, 153, 153, 0
L 562, -57, -4, 562, -71, -4, 153, 153, 0
L 562, -71, -4, 558, -71, -3, 153, 153, 0
L 558, -71, -3, 557, -65, -3, 153, 153, 0
L 557, -65, -3, 557, -46, -3, 153, 153, 0
L 557, -46, -3, 564, -39, -3, 153, 153, 0
L 567, 48, -348, 560, 48, -34, 153, 153, 0
L 560, 48, -34, 560, 47, -34, 153, 153, 0
L 560, 47, -34, 516, 47, -34, 153, 153, 0
L 516, 47, -34, 515, 56, -34, 153, 153, 0
L 515, 56, -34, 453, 56, -34, 153, 153, 0
L 453, 56, -34, 453, 36, -34, 153, 153, 0
L 453, 36, -34, 469, 34, -34, 153, 153, 0
L 469, 34, -34, 469, 29, -34, 153, 153, 0
L 469, 29, -34, 494, 29, -34, 153, 153, 0
L 494, 29, -34, 497, 25, -34, 153, 153, 0
L 497, 25, -34, 496, 18, -34, 153, 153, 0
L 496, 18, -34, 469, 18, -34, 153, 153, 0
L 469, 18, -34, 469, -8, -34, 153, 153, 0
L 469, -8, -34, 459, -9, -35, 153, 153, 0
L 459, -9, -35, 459, 16, -35, 153, 153, 0
L 459, 16, -35, 457, 18, -35, 153, 153, 0
L 457, 18, -35, 434, 18, -35, 153, 153, 0
L 434, 18, -35, 431, 22, -35, 153, 153, 0
L 431, 22, -35, 431, 72, -35, 153, 153, 0
L 431, 72, -35, 434, 76, -35, 153, 153, 0
L 434, 76, -35, 445, 76, -35, 153, 153, 0
L 445, 76, -35, 447, 78, -35, 153, 153, 0
L 447, 78, -35, 447, 81, -35, 153, 153, 0
L 447, 81, -35, 450, 85, -35, 153, 153, 0
L 450, 85, -35, 480, 85, -35, 153, 153, 0
L 480, 85, -35, 483, 81, -35, 153, 153, 0
L 483, 81, -35, 483, 66, -35, 153, 153, 0
L 483, 66, -35, 496, 66, -35, 153, 153, 0
L 495, 57, -348, 495, 65, -36, 153, 153, 0
L 484, 56, -348, 485, 65, -36, 153, 153, 0
L 496, 66, -358, 496, 72, -35, 153, 153, 0
L 496, 72, -35, 496, 93, -35, 153, 153, 0
L 496, 93, -35, 492, 95, -35, 153, 153, 0
L 492, 95, -35, 397, 95, -35, 153, 153, 0
L 397, 95, -35, 396, 149, -35, 153, 153, 0
L 396, 149, -35, 393, 151, -35, 153, 153, 0
L 393, 151, -35, 334, 151, -31, 153, 153, 0
L 334, 151, -31, 260, 152, 1, 153, 153, 0
L 260, 152, 1, 260, 145, 1, 153, 153, 0
L 260, 145, 1, 335, 144, -31, 153, 153, 0
L 335, 144, -31, 336, 143, -35, 153, 153, 0
L 336, 143, -35, 338, 141, -35, 153, 153, 0
L 338, 141, -35, 384, 141, -35, 153, 153, 0
L 384, 141, -35, 385, 85, -35, 153, 153, 0
L 331, 153, 31, 331, 143, 3, 153, 153, 153
L 331, 143, 3, 235, 143, 3, 153, 153, 153
L 235, 143, 3, 235, 127, 3, 153, 153, 153
L 235, 127, 3, 219, 126, 3, 153, 153, 153
L 219, 126, 3, 219, 125, 3, 153, 153, 153
L 219, 125, 3, 212, 125, 3, 153, 153, 153
L 212, 125, 3, 211, 127, 3, 153, 153, 153
L 211, 127, 3, 193, 127, 3, 153, 153, 153
L 193, 127, 3, 193, 161, 3, 153, 153, 153
L 193, 161, 3, 235, 165, 3, 153, 153, 153
L 235, 165, 3, 235, 152, 3, 153, 153, 153
L 235, 152, 3, 240, 151, 3, 153, 153, 153
L 240, 151, 3, 240, 153, 3, 153, 153, 153
L 240, 153, 3, 331, 153, 3, 153, 153, 153
L 683, -27, -198, 648, -27, -19, 153, 153, 0
L 648, -27, -19, 646, -29, -19, 153, 153, 0
L 646, -29, -19, 645, -44, -19, 153, 153, 0
L 645, -44, -19, 627, -42, -19, 153, 153, 0
L 627, -42, -19, 628, -20, -27, 153, 153, 0
L 628, -20, -27, 707, -21, -30, 153, 153, 0
L 707, -21, -30, 707, -47, -29, 153, 153, 0
L 707, -47, -29, 713, -48, -30, 153, 153, 0
L 713, -48, -30, 714, -65, -28, 153, 153, 0
L 714, -65, -28, 710, -66, -28, 153, 153, 0
L 710, -66, -28, 706, -61, -28, 153, 153, 0
L 706, -61, -28, 708, -53, -27, 153, 153, 0
L 708, -53, -27, 696, -53, -27, 153, 153, 0
L 696, -53, -27, 696, -73, -28, 153, 153, 0
L 696, -73, -28, 698, -81, -28, 153, 153, 0
L 698, -81, -28, 709, -81, -28, 153, 153, 0
L 709, -81, -28, 710, -74, -28, 153, 153, 0
L 710, -74, -28, 714, -74, -28, 153, 153, 0
L 714, -74, -28, 714, -92, -20, 153, 153, 0
L 714, -92, -20, 648, -93, -15, 153, 153, 0
L 648, -93, -15, 643, -91, -15, 153, 153, 0
L 643, -91, -15, 643, -84, -16, 153, 153, 0
L 643, -84, -16, 642, -83, -17, 153, 153, 0
L 642, -83, -17, 642, -80, -18, 153, 153, 0
L 642, -80, -18, 653, -80, -19, 153, 153, 0
L 653, -80, -19, 653, -82, -19, 153, 153, 0
L 653, -82, -19, 690, -82, -19, 153, 153, 0
L 690, -82, -19, 690, -44, -19, 153, 153, 0
L 690, -44, -19, 684, -43, -19, 153, 153, 0
L 684, -43, -19, 683, -27, -19, 153, 153, 0
L 735, -89, -238, 732, -93, -20, 153, 153, 0
L 732, -93, -20, 725, -89, -21, 153, 153, 0
L 725, -89, -21, 725, -63, -28, 153, 153, 0
L 725, -63, -28, 735, -62, -29, 153, 153, 0
L 735, -62, -29, 735, -89, -23, 153, 153, 0
L 646, -69, -198, 650, -70, -19, 153, 153, 0
L 650, -70, -19, 649, -75, -18, 153, 153, 0
L 649, -75, -18, 642, -74, -18, 153, 153, 0
L 642, -74, -18, 641, -56, -18, 153, 153, 0
L 641, -56, -18, 646, -55, -19, 153, 153, 0
L 646, -55, -19, 646, -69, -19, 153, 153, 0
L 576, -128, 47, 579, -130, 3, 153, 153, 0
L 579, -130, 3, 583, -133, 2, 153, 153, 0
L 583, -133, 2, 585, -136, 1, 153, 153, 0
L 585, -136, 1, 585, -166, -3, 153, 153, 0
L 585, -166, -3, 549, -166, -3, 153, 153, 0
L 549, -166, -3, 548, -164, -3, 153, 153, 0
L 548, -164, -3, 547, -164, -3, 153, 153, 0
L 547, -164, -3, 547, -144, -3, 153, 153, 0
L 557, -144, -32, 557, -154, -3, 153, 153, 0
L 557, -154, -3, 569, -156, -3, 153, 153, 0
L 569, -156, -3, 570, -158, -3, 153, 153, 0
L 570, -158, -3, 576, -158, -3, 153, 153, 0
L 576, -158, -3, 577, -147, -2, 153, 153, 0
L 577, -147, -2, 575, -146, -1, 153, 153, 0
L 575, -146, -1, 574, -138, 3, 153, 153, 0
L 574, -138, 3, 572, -139, 9, 153, 153, 0
L -390, -100, 37, -322, -100, 3, 153, 153, 153
L -322, -100, 3, -320, -98, 3, 153, 153, 153
L -320, -98, 3, -320, 62, 3, 153, 153, 153
L -320, 62, 3, -322, 64, 3, 153, 153, 153
L -322, 64, 3, -391, 64, 3, 153, 153, 153
L -391, -131, 37, -282, -131, 3, 153, 153, 153
L -282, -131, 3, -282, -56, 3, 153, 153, 153
L -282, -56, 3, -280, -54, 3, 153, 153, 153
L -280, -54, 3, -168, -54, 3, 153, 153, 153
L -168, -54, 3, -166, -56, 3, 153, 153, 153
L -166, -56, 3, -166, -257, 3, 153, 153, 153
L -166, -257, 3, -147, -257, 3, 153, 153, 153
L -147, -257, 3, -145, -259, 3, 153, 153, 153
L -145, -259, 3, -145, -285, 3, 153, 153, 153
L -145, -285, 3, 179, -285, 3, 153, 153, 153
L 179, -285, 3, 179, -238, 3, 153, 153, 153
L 179, -238, 3, 181, -236, 3, 153, 153, 153
L 181, -236, 3, 251, -236, 3, 153, 153, 153
L 251, -236, 3, 253, -239, 3, 153, 153, 153
L 253, -239, 3, 253, -285, 3, 153, 153, 153
L 253, -285, 3, 541, -285, 3, 153, 153, 153
L 541, -285, 3, 541, -252, 3, 153, 153, 153
L 541, -252, 3, 543, -250, 3, 153, 153, 153
L 543, -250, 3, 585, -250, 3, 153, 153, 153
L 585, -250, 3, 585, -212, 3, 153, 153, 153
L 585, -212, 3, 543, -212, 3, 153, 153, 153
L -386, 95, 37, -282, 95, 3, 153, 153, 153
L -282, 95, 3, -282, 13, 3, 153, 153, 153
L -282, 13, 3, -280, 11, 3, 153, 153, 153
L -280, 11, 3, -168, 11, 3, 153, 153, 153
L -168, 11, 3, -166, 13, 3, 153, 153, 153
L -166, 13, 3, -166, 207, 3, 153, 153, 153
L -166, 207, 3, -119, 207, 3, 153, 153, 153
L -119, 207, 3, -117, 209, 1, 153, 153, 153
L -117, 209, 1, -117, 256, 1, 153, 153, 153
L -117, 256, 1, 152, 256, 1, 153, 153, 153
L 152, 256, 1, 178, 215, -5, 153, 153, 153
L 178, 215, -5, 183, 214, 1, 153, 153, 153
L 183, 214, 1, 417, 214, 1, 153, 153, 153
L -129, -36, 37, -129, -36, 3, 0, 0, 255
L -129, -36, 3, -148, -90, 3, 0, 0, 255
L -148, -90, 3, -154, -157, 3, 0, 0, 255
L -154, -157, 3, -147, -208, 3, 0, 0, 255
L -147, -208, 3, -113, -258, 3, 0, 0, 255
L -113, -258, 3, -37, -280, 3, 0, 0, 255
L -37, -280, 3, 19, -284, 3, 0, 0, 255
L 19, -284, 3, 42, -258, 3, 0, 0, 255
L 42, -258, 3, 88, -266, 3, 0, 0, 255
L 88, -266, 3, 145, -259, 3, 0, 0, 255
L 145, -259, 3, 179, -238, 3, 0, 0, 255
L 253, -249, 37, 253, -249, 3, 0, 0, 255
L 253, -249, 3, 323, -266, 3, 0, 0, 255
L 323, -266, 3, 350, -259, 3, 0, 0, 255
L 350, -259, 3, 360, -261, 3, 0, 0, 255
L 360, -261, 3, 370, -270, 3, 0, 0, 255
L 370, -270, 3, 391, -271, 3, 0, 0, 255
L 391, -271, 3, 416, -262, 3, 0, 0, 255
L 416, -262, 3, 427, -256, 3, 0, 0, 255
L 427, -256, 3, 455, -258, 3, 0, 0, 255
L 455, -258, 3, 473, -253, 3, 0, 0, 255
L 473, -253, 3, 541, -252, 3, 0, 0, 255
L 542, -212, 37, 542, -212, 3, 153, 153, 153
L 542, -212, 3, 541, -200, 3, 153, 153, 153
L 541, -200, 3, 402, -200, 3, 153, 153, 153
L 402, -200, 3, 402, -213, 3, 153, 153, 153
L 402, -213, 3, 352, -213, 3, 153, 153, 153
L 352, -213, 3, 352, -186, 3, 153, 153, 153
L 352, -186, 3, 255, -186, 3, 153, 153, 153
L 255, -186, 3, 255, -212, 3, 153, 153, 153
L 255, -212, 3, 206, -214, 3, 153, 153, 153
L 206, -214, 3, 206, -178, 3, 153, 153, 153
L 206, -178, 3, 233, -178, 3, 153, 153, 153
L 233, -178, 3, 233, -44, 3, 153, 153, 153
L 233, -44, 3, 222, -44, 3, 153, 153, 153
L 222, -44, 3, 221, -9, 3, 153, 153, 153
L 221, -9, 3, 182, -9, 3, 153, 153, 153
L 182, -9, 3, 181, 28, 3, 153, 153, 153
L 181, 28, 3, 186, 29, 3, 153, 153, 153
L 186, 29, 3, 186, 121, 3, 153, 153, 153
L 186, 121, 3, 182, 121, 3, 153, 153, 153
L 182, 121, 3, 181, 169, 3, 153, 153, 153
L 181, 169, 3, 240, 171, 3, 153, 153, 153
L 240, 171, 3, 241, 159, 3, 153, 153, 153
L 241, 159, 3, 417, 159, -5, 153, 153, 153
L 417, 159, -5, 417, 191, 3, 153, 153, 153
L 416, 191, 37, 417, 191, 3, 0, 0, 255
L 417, 191, 3, 402, 195, 3, 0, 0, 255
L 402, 195, 3, 381, 205, 3, 0, 0, 255
L 381, 205, 3, 305, 205, 3, 0, 0, 255
L 305, 205, 3, 284, 202, 3, 0, 0, 255
L 284, 202, 3, 264, 202, 3, 0, 0, 255
L 264, 202, 3, 244, 208, 3, 0, 0, 255
L 244, 208, 3, 225, 208, 3, 0, 0, 255
L 225, 208, 3, 201, 200, 3, 0, 0, 255
L 201, 200, 3, 180, 214, 3, 0, 0, 255
L 180, 214, 3, 111, 248, 3, 0, 0, 255
L 111, 248, 3, 78, 228, 3, 0, 0, 255
L 78, 228, 3, 8, 228, 3, 0, 0, 255
L 8, 228, 3, -42, 235, 3, 0, 0, 255
L -42, 235, 3, -117, 207, 3, 0, 0, 255
L -117, 207, 3, -123, 182, 3, 0, 0, 255
L -123, 182, 3, -152, 152, 3, 0, 0, 255
L -152, 152, 3, -166, 83, 3, 0, 0, 255
L -166, 83, 3, -141, 14, 3, 0, 0, 255
L -141, 14, 3, -134, 1, 3, 0, 0, 255
L -134, 1, 3, -125, -5, 3, 0, 0, 255
L -125, -5, 3, -129, -35, 3, 0, 0, 255
L -60, -108, 37, -60, -108, 3, 153, 153, 153
L -60, -108, 3, -73, -108, 3, 153, 153, 153
L -73, -108, 3, -74, -142, 3, 153, 153, 153
L -74, -142, 3, -40, -143, 3, 153, 153, 153
L -40, -143, 3, -40, -142, 3, 153, 153, 153
L -40, -142, 3, -37, -142, 3, 153, 153, 153
L -37, -142, 3, -36, -170, 3, 153, 153, 153
L -36, -170, 3, -19, -170, 3, 153, 153, 153
L -19, -170, 3, -19, -156, 3, 153, 153, 153
L -19, -156, 3, 11, -156, 3, 153, 153, 153
L 11, -156, 3, 11, -168, 3, 153, 153, 153
L 11, -168, 3, 23, -170, 3, 153, 153, 153
L 23, -170, 3, 23, -179, 3, 153, 153, 153
L 23, -179, 3, 57, -180, 3, 153, 153, 153
L 57, -180, 3, 59, -158, 3, 153, 153, 153
L 59, -158, 3, 77, -158, 3, 153, 153, 153
L 77, -158, 3, 77, -163, 3, 153, 153, 153
L 77, -163, 3, 115, -164, 3, 153, 153, 153
L 115, -164, 3, 117, -134, 3, 153, 153, 153
L 117, -134, 3, 107, -132, 3, 153, 153, 153
L 107, -132, 3, 107, -94, 3, 153, 153, 153
L 107, -94, 3, 113, -94, 3, 153, 153, 153
L 113, -94, 3, 115, 50, 3, 153, 153, 153
L 115, 50, 3, 107, 51, 3, 153, 153, 153
L 107, 51, 3, 107, 85, 3, 153, 153, 153
L 107, 85, 3, 114, 85, 3, 153, 153, 153
L 114, 85, 3, 115, 119, 3, 153, 153, 153
L 115, 119, 3, 80, 121, 3, 153, 153, 153
L 80, 121, 3, 79, 115, 3, 153, 153, 153
L 79, 115, 3, 59, 115, 3, 153, 153, 153
L 59, 115, 3, 58, 137, 3, 153, 153, 153
L 58, 137, 3, 24, 137, 3, 153, 153, 153
L 24, 137, 3, 23, 129, 3, 153, 153, 153
L 23, 129, 3, -7, 129, 3, 153, 153, 153
L -7, 129, 3, -8, 127, 3, 153, 153, 153
L -8, 127, 3, -37, 126, 3, 153, 153, 153
L -37, 126, 3, -37, 99, 3, 153, 153, 153
L -37, 99, 3, -40, 99, 3, 153, 153, 153
L -40, 99, 3, -41, 101, 3, 153, 153, 153
L -41, 101, 3, -73, 101, 3, 153, 153, 153
L -73, 101, 3, -74, 67, 3, 153, 153, 153
L -74, 67, 3, -60, 65, 3, 153, 153, 153
L -60, 65, 3, -60, 31, 3, 153, 153, 153
L -60, 31, 3, -73, 31, 3, 153, 153, 153
L -73, 31, 3, -74, -3, 3, 153, 153, 153
L -74, -3, 3, -44, -4, 3, 153, 153, 153
L -44, -4, 3, -44, -38, 3, 153, 153, 153
L -44, -38, 3, -73, -38, 3, 153, 153, 153
L -73, -38, 3, -74, -73, 3, 153, 153, 153
L -74, -73, 3, -60, -74, 3, 153, 153, 153
L -60, -74, 3, -60, -108, 3, 153, 153, 153
L 573, -139, 314, 575, -140, 23, 153, 153, 153
L 575, -140, 23, 574, -146, 20, 153, 153, 153
L 574, -146, 20, 575, -146, 20, 153, 153, 153
L 575, -146, 20, 576, -158, 17, 153, 153, 153
L 576, -158, 17, 571, -158, 17, 153, 153, 153
L 571, -158, 17, 572, -139, 10, 153, 153, 153
L 576, -128, 47, 569, -128, 6, 153, 153, 153
L 569, -128, 6, 566, -130, 7, 153, 153, 153
L 566, -130, 7, 563, -133, 8, 153, 153, 153
L 563, -133, 8, 561, -136, 9, 153, 153, 153
L 561, -136, 9, 561, -166, 17, 153, 153, 153
L 561, -166, 17, 585, -166, 17, 153, 153, 153
L 585, -166, 17, 584, -136, 24, 153, 153, 153
L 584, -136, 24, 583, -133, 25, 153, 153, 153
L 583, -133, 25, 579, -130, 26, 153, 153, 153
L 579, -130, 26, 576, -128, 26, 153, 153, 153
L 576, -128, 26, 569, -128, 28, 153, 153, 153
L -130, -35, 37, -130, -35, 3, 153, 153, 153
L -130, -35, 3, -47, -35, 3, 153, 153, 153
L -47, -35, 3, -46, -38, 3, 153, 153, 153
L -46, -38, 3, -41, -38, 3, 153, 153, 153
L -41, -38, 3, -40, -40, 3, 153, 153, 153
L -40, -40, 3, -27, -40, 3, 153, 153, 153
L -27, -40, 3, -26, -68, 3, 153, 153, 153
L -26, -68, 3, 0, -68, 3, 153, 153, 153
L 0, -68, 3, 0, -86, 3, 153, 153, 153
L 0, -86, 3, -19, -86, 3, 153, 153, 153
L -19, -86, 3, -19, -110, 4, 153, 153, 153
L -19, -110, 4, -2, -110, 4, 153, 153, 153
L -2, -110, 4, -2, -96, 3, 153, 153, 153
L -2, -96, 3, 11, -96, 9, 153, 153, 153
L 11, -96, 9, 11, -69, 3, 153, 153, 153
L 11, -69, 3, 95, -68, 3, 153, 153, 153
L 95, -68, 3, 95, -48, 3, 153, 153, 153
L 95, -48, 3, 125, -49, 3, 153, 153, 153
L 125, -49, 3, 126, 4, 3, 153, 153, 153
L 126, 4, 3, 95, 5, 3, 153, 153, 153
L 95, 5, 3, 95, 25, 3, 153, 153, 153
L 95, 25, 3, 12, 25, 3, 153, 153, 153
L 12, 25, 3, 11, 53, 8, 153, 153, 153
L 11, 53, 8, -8, 53, 3, 153, 153, 153
L -8, 53, 3, -9, 93, 19, 153, 153, 153
L -26, 93, 192, -26, 43, 9, 153, 153, 153
L -26, 43, 9, 0, 43, 3, 153, 153, 153
L 0, 43, 3, 0, 25, 3, 153, 153, 153
L 0, 25, 3, -26, 25, 3, 153, 153, 153
L -26, 25, 3, -26, -1, 3, 153, 153, 153
L -26, -1, 3, -40, -2, 3, 153, 153, 153
L -40, -2, 3, -40, -3, 3, 153, 153, 153
L -40, -3, 3, -49, -4, 3, 153, 153, 153
L -49, -4, 3, -49, -7, 3, 153, 153, 153
L -49, -7, 3, -125, -7, 3, 153, 153, 153
L 471, -97, 27, 473, -96, 3, 153, 153, 153
L 473, -96, 3, 473, -94, 3, 153, 153, 153
L 473, -94, 3, 481, -94, 3, 153, 153, 153
L 481, -94, 3, 481, -99, 3, 153, 153, 153
L 481, -99, 3, 477, -100, 3, 153, 153, 153
L 477, -100, 3, 477, -108, 3, 153, 153, 153
L 477, -108, 3, 529, -108, 3, 153, 153, 153
L 529, -108, 3, 529, -72, 3, 153, 153, 153
L 529, -72, 3, 477, -72, 3, 153, 153, 153
L 477, -72, 3, 477, -82, 3, 153, 153, 153
L 477, -82, 3, 480, -82, 3, 153, 153, 153
L 480, -82, 3, 480, -88, 3, 153, 153, 153
L 480, -88, 3, 474, -88, 3, 153, 153, 153
L 474, -88, 3, 473, -86, 3, 153, 153, 153
L 473, -86, 3, 471, -86, 2, 153, 153, 153
L 461, -72, 27, 459, -71, 2, 153, 153, 153
L 459, -71, 2, 459, -70, 3, 153, 153, 153
L 459, -70, 3, 457, -69, 3, 153, 153, 153
L 457, -69, 3, 457, -63, 3, 153, 153, 153
L 457, -63, 3, 463, -63, 3, 153, 153, 153
L 463, -63, 3, 463, -66, 3, 153, 153, 153
L 463, -66, 3, 473, -66, 3, 153, 153, 153
L 473, -66, 3, 473, -42, 3, 153, 153, 153
L 473, -33, 37, 473, -30, 3, 153, 153, 153
L 473, -30, 3, 429, -30, 3, 153, 153, 153
L 429, -30, 3, 429, -66, 3, 153, 153, 153
L 429, -66, 3, 445, -66, 3, 153, 153, 153
L 445, -66, 3, 445, -63, 3, 153, 153, 153
L 445, -63, 3, 451, -63, 3, 153, 153, 153
L 451, -63, 3, 451, -69, 3, 153, 153, 153
L 451, -69, 3, 449, -70, 3, 153, 153, 153
L 449, -70, 3, 448, -72, 2, 153, 153, 153
L 418, -72, 27, 417, -70, 3, 153, 153, 153
L 417, -70, 3, 416, -70, 3, 153, 153, 153
L 416, -70, 3, 416, -62, 3, 153, 153, 153
L 416, -62, 3, 423, -62, 3, 153, 153, 153
L 423, -62, 3, 423, -17, 10, 153, 153, 153
L 423, -17, 10, 421, -13, 11, 153, 153, 153
L 421, -13, 11, 417, -10, 12, 153, 153, 153
L 417, -10, 12, 414, -8, 13, 153, 153, 153
L 414, -8, 13, 405, -8, 16, 153, 153, 153
L 405, -8, 16, 402, -10, 17, 153, 153, 153
L 402, -10, 17, 399, -13, 18, 153, 153, 153
L 399, -13, 18, 397, -17, 19, 153, 153, 153
L 397, -17, 19, 397, -31, 24, 153, 153, 153
L 397, -31, 24, 395, -32, 24, 153, 153, 153
L 411, 65, 207, 377, 66, 3, 153, 153, 153
L 377, 66, 3, 377, 97, 3, 153, 153, 153
L 377, 97, 3, 375, 97, 3, 153, 153, 153
L 375, 97, 3, 375, 104, 3, 153, 153, 153
L 369, 104, 37, 369, 98, 3, 153, 153, 153
L 369, 98, 3, 367, 97, 3, 153, 153, 153
L 367, 97, 3, 367, 33, 3, 153, 153, 153
L 367, 33, 3, 403, 33, 3, 153, 153, 153
L 403, 33, 3, 403, 53, 3, 153, 153, 153
L 403, 53, 3, 377, 53, 3, 153, 153, 153
L 377, 53, 3, 377, 57, 3, 153, 153, 153
L 377, 57, 3, 410, 57, 20, 153, 153, 153
L 407, -31, 247, 407, -19, 20, 153, 153, 153
L 407, -19, 20, 412, -19, 14, 153, 153, 153
L 412, -19, 14, 412, -31, 3, 153, 153, 153
L 412, -31, 3, 395, -32, 3, 153, 153, 153
L 395, -32, 3, 395, -66, 3, 153, 153, 153
L 395, -66, 3, 403, -66, 3, 153, 153, 153
L 403, -66, 3, 403, -63, 3, 153, 153, 153
L 403, -63, 3, 408, -62, 3, 153, 153, 153
L 408, -62, 3, 408, -70, 3, 153, 153, 153
L 408, -70, 3, 407, -70, 3, 153, 153, 153
L 407, -70, 3, 407, -71, 2, 153, 153, 153
L 126, -7, 37, 266, -9, 3, 153, 153, 153
L 266, -9, 3, 266, 15, 3, 153, 153, 153
L 266, 15, 3, 253, 15, 3, 153, 153, 153
L 253, 15, 3, 232, 17, 6, 153, 153, 153
L 232, 17, 6, 227, 22, 6, 153, 153, 153
L 227, 22, 6, 227, 121, 3, 153, 153, 153
L 227, 121, 3, 241, 122, 3, 153, 153, 153
L 241, 122, 3, 241, 137, 3, 153, 153, 153
L 241, 137, 3, 336, 137, 3, 153, 153, 153
L 336, 137, 3, 335, 159, 3, 153, 153, 153
L 360, 159, 37, 361, 123, 3, 153, 153, 153
L 361, 113, 37, 361, 43, 14, 153, 153, 153
L 361, 43, 14, 334, 43, 3, 153, 153, 153
L 334, 43, 3, 333, 20, 3, 153, 153, 153
L 333, 20, 3, 326, 15, 3, 153, 153, 153
L 326, 15, 3, 285, 15, 3, 153, 153, 153
L 285, 15, 3, 284, -1, 3, 153, 153, 153
L 284, -1, 3, 298, -2, 3, 153, 153, 153
L 298, -2, 3, 298, -8, 3, 153, 153, 153
L 298, -8, 3, 312, -9, 3, 153, 153, 153
L 312, -9, 3, 312, -33, 3, 153, 153, 153
L 312, -33, 3, 299, -33, 3, 153, 153, 153
L 299, -33, 3, 298, -40, 3, 153, 153, 153
L 298, -40, 3, 284, -40, 3, 153, 153, 153
L 284, -40, 3, 284, -57, 3, 153, 153, 153
L 284, -57, 3, 307, -58, 3, 153, 153, 153
L 307, -58, 3, 307, -59, 3, 153, 153, 153
L 307, -59, 3, 305, -63, 3, 153, 153, 153
L 305, -63, 3, 305, -96, 3, 153, 153, 153
L 305, -96, 3, 307, -102, 3, 153, 153, 153
L 307, -102, 3, 309, -105, 3, 153, 153, 153
L 309, -105, 3, 314, -108, 3, 153, 153, 153
L 314, -108, 3, 345, -107, 3, 153, 153, 153
L 345, -107, 3, 344, -87, 3, 153, 153, 153
L 344, -87, 3, 323, -88, 3, 153, 153, 153
L 323, -88, 3, 323, -72, 3, 153, 153, 153
L 323, -72, 3, 354, -72, 3, 153, 153, 153
L 354, -72, 3, 354, -99, 3, 153, 153, 153
L 354, -111, 37, 354, -152, 9, 153, 153, 153
L 354, -152, 9, 339, -152, 3, 153, 153, 153
L 339, -152, 3, 339, -164, 3, 153, 153, 153
L 339, -164, 3, 255, -164, 7, 153, 153, 153
L 255, -164, 7, 255, -58, 3, 153, 153, 153
L 255, -58, 3, 267, -57, 3, 153, 153, 153
L 267, -57, 3, 267, -34, 3, 153, 153, 153
L 267, -34, 3, 126, -35, 3, 153, 153, 153
L 255, -152, 37, 313, -153, 3, 153, 153, 153
L 313, -153, 3, 315, -164, 3, 153, 153, 153
L 264, 137, 37, 265, 126, 3, 153, 153, 153
L 265, 126, 3, 335, 126, 3, 153, 153, 153
L 335, 126, 3, 336, 137, 3, 153, 153, 153
L 354, -111, 37, 378, -110, 3, 153, 153, 153
L 378, -110, 3, 379, -124, 3, 153, 153, 153
L 379, -124, 3, 394, -124, 2, 153, 153, 153
L 394, -124, 2, 395, -164, 3, 153, 153, 153
L 395, -164, 3, 402, -165, 3, 153, 153, 153
L 402, -165, 3, 402, -178, 3, 153, 153, 153
L 402, -178, 3, 429, -178, 3, 153, 153, 153
L 429, -178, 3, 429, -137, 3, 153, 153, 153
L 429, -137, 3, 471, -136, 2, 153, 153, 153
L 471, -136, 2, 471, -97, 2, 153, 153, 153
L 471, -86, 27, 471, -72, 2, 153, 153, 153
L 471, -72, 2, 461, -72, 2, 153, 153, 153
L 448, -72, 27, 418, -72, 2, 153, 153, 153
L 407, -71, 27, 379, -72, 3, 153, 153, 153
L 379, -72, 3, 378, -100, 3, 153, 153, 153
L 378, -100, 3, 354, -100, 3, 153, 153, 153
L 339, -97, 67, 326, -97, 13, 153, 153, 153
L 326, -97, 13, 324, -97, 15, 153, 153, 153
L 324, -97, 15, 328, -100, 12, 153, 153, 153
L 324, -97, 150, 328, -95, 12, 153, 153, 153
L -18, 67, 64, -18, 81, 13, 153, 153, 153
L -18, 81, 13, -21, 78, 12, 153, 153, 153
L -21, 78, 12, -19, 80, 13, 153, 153, 153
L -18, 81, 139, -15, 79, 13, 153, 153, 153
L 529, -125, 387, 529, -158, 23, 153, 153, 153
L 529, -158, 23, 528, -160, 22, 153, 153, 153
L 528, -160, 22, 523, -165, 20, 153, 153, 153
L 523, -165, 20, 435, -166, 17, 153, 153, 153
L 435, -166, 17, 435, -142, 17, 153, 153, 153
L 435, -142, 17, 476, -142, 17, 153, 153, 153
L 476, -142, 17, 477, -114, 21, 153, 153, 153
L 477, -114, 21, 508, -114, 17, 153, 153, 153
L 508, -114, 17, 508, -156, 17, 153, 153, 153
L 508, -156, 17, 518, -156, 21, 153, 153, 153
L 518, -156, 21, 519, -126, 38, 153, 153, 153
L -26, 93, 194, -26, 101, 20, 0, 255, 0
L -26, 101, 20, -24, 106, 21, 0, 255, 0
L -24, 106, 21, -20, 112, 22, 0, 255, 0
L -20, 112, 22, -13, 118, 23, 0, 255, 0
L -13, 118, 23, 0, 123, 24, 0, 255, 0
L 0, 123, 24, 6, 123, 25, 0, 255, 0
L 6, 123, 25, 28, 123, 32, 0, 255, 0
L 28, 123, 32, 29, 130, 32, 0, 255, 0
L -9, 93, 197, -8, 97, 20, 0, 255, 0
L -8, 97, 20, -7, 100, 21, 0, 255, 0
L -7, 100, 21, -6, 101, 22, 0, 255, 0
L -6, 101, 22, -2, 104, 23, 0, 255, 0
L -2, 104, 23, 1, 105, 24, 0, 255, 0
L 1, 105, 24, 6, 106, 25, 0, 255, 0
L 6, 106, 25, 28, 106, 32, 0, 255, 0
L 28, 106, 32, 29, 88, 32, 0, 255, 0
L 29, 88, 32, -44, 89, 31, 0, 255, 0
L -44, 89, 31, -44, 95, 31, 0, 255, 0
L -44, 95, 31, -68, 95, 31, 0, 255, 0
L -68, 95, 31, -68, 71, 31, 0, 255, 0
L -68, 71, 31, -55, 71, 31, 0, 255, 0
L -55, 71, 31, -55, 25, 31, 0, 255, 0
L -55, 25, 31, -68, 25, 31, 0, 255, 0
L -68, 25, 31, -68, 1, 31, 0, 255, 0
L -68, 1, 31, -38, 0, 31, 0, 255, 0
L -38, 0, 31, -38, -43, 31, 0, 255, 0
L -38, -43, 31, -68, -44, 31, 0, 255, 0
L -68, -44, 31, -68, -68, 31, 0, 255, 0
L -68, -68, 31, -53, -71, 31, 0, 255, 0
L -53, -71, 31, -54, -113, 31, 0, 255, 0
L -54, -113, 31, -68, -114, 31, 0, 255, 0
L -68, -114, 31, -68, -138, 31, 0, 255, 0
L -68, -138, 31, -44, -138, 31, 0, 255, 0
L -44, -138, 31, -44, -131, 31, 0, 255, 0
L -44, -131, 31, 30, -131, 33, 0, 255, 0
L 30, -131, 33, 30, -174, 33, 0, 255, 0
L 30, -174, 33, 53, -174, 33, 0, 255, 0
L 53, -174, 33, 53, -153, 33, 0, 255, 0
L 53, -153, 33, 82, -152, 31, 0, 255, 0
L 82, -152, 31, 83, -158, 31, 0, 255, 0
L 83, -158, 31, 111, -158, 31, 0, 255, 0
L 111, -158, 31, 111, -138, 31, 0, 255, 0
L 111, -138, 31, 101, -137, 31, 0, 255, 0
L 101, -137, 31, 102, -88, 31, 0, 255, 0
L 102, -88, 31, 109, -88, 31, 0, 255, 0
L 109, -88, 31, 109, 45, 31, 0, 255, 0
L 109, 45, 31, 101, 45, 31, 0, 255, 0
L 101, 45, 31, 101, 90, 31, 0, 255, 0
L 101, 90, 31, 109, 91, 31, 0, 255, 0
L 109, 91, 31, 109, 115, 31, 0, 255, 0
L 109, 115, 31, 85, 115, 31, 0, 255, 0
L 85, 115, 31, 85, 109, 31, 0, 255, 0
L 85, 109, 31, 54, 109, 32, 0, 255, 0
L 54, 109, 32, 53, 130, 32, 0, 255, 0
L 53, 130, 32, 29, 130, 32, 0, 255, 0
L -32, 11, 317, -32, -54, 31, 0, 255, 0
L -32, -54, 31, -43, -54, 31, 0, 255, 0
L -43, -54, 31, -43, -121, 31, 0, 255, 0
L -43, -121, 31, 28, -121, 33, 0, 255, 0
L 28, -121, 33, 29, -95, 33, 0, 255, 0
L 29, -95, 33, 36, -92, 33, 0, 255, 0
L 36, -92, 33, 35, -75, 33, 0, 255, 0
L 35, -75, 33, 29, -75, 33, 0, 255, 0
L 29, -75, 33, 29, 32, 33, 0, 255, 0
L 29, 32, 33, 35, 32, 33, 0, 255, 0
L 35, 32, 33, 36, 49, 32, 0, 255, 0
L 36, 49, 32, 29, 50, 32, 0, 255, 0
L 29, 50, 32, 28, 78, 32, 0, 255, 0
L 28, 78, 32, -44, 77, 31, 0, 255, 0
L -44, 77, 31, -44, 12, 31, 0, 255, 0
L -44, 12, 31, -32, 11, 31, 0, 255, 0
L 53, -93, 337, 53, -141, 33, 0, 255, 0
L 53, -141, 33, 83, -141, 31, 0, 255, 0
L 83, -141, 31, 83, -138, 31, 0, 255, 0
L 83, -138, 31, 91, -137, 31, 0, 255, 0
L 91, -137, 31, 91, -78, 37, 0, 255, 0
L 91, -78, 37, 96, -78, 31, 0, 255, 0
L 96, -78, 31, 101, -71, 31, 0, 255, 0
L 101, -71, 31, 101, 29, 31, 0, 255, 0
L 101, 29, 31, 97, 35, 31, 0, 255, 0
L 97, 35, 31, 91, 35, 37, 0, 255, 0
L 91, 35, 37, 90, 91, 31, 0, 255, 0
L 90, 91, 31, 85, 91, 31, 0, 255, 0
L 85, 91, 31, 85, 98, 31, 0, 255, 0
L 85, 98, 31, 53, 99, 32, 0, 255, 0
L 53, 99, 32, 53, 51, 32, 0, 255, 0
L 53, 51, 32, 47, 50, 32, 0, 255, 0
L 47, 50, 32, 46, 32, 33, 0, 255, 0
L 46, 32, 33, 53, 32, 33, 0, 255, 0
L 53, 32, 33, 53, -75, 33, 0, 255, 0
L 53, -75, 33, 47, -75, 33, 0, 255, 0
L 47, -75, 33, 47, -93, 33, 0, 255, 0
L 47, -93, 33, 53, -93, 33, 0, 255, 0
L 417, 214, 17, 417, 191, 1, 153, 153, 153
L 309, -58, 288, 354, -58, 45, 0, 255, 0
L 354, -58, 45, 354, -169, 45, 0, 255, 0
L 354, -169, 45, 378, -170, 45, 0, 255, 0
L 378, -170, 45, 379, -45, 45, 0, 255, 0
L 395, -32, 457, 395, -50, 45, 0, 255, 0
L 395, -50, 45, 389, -50, 45, 0, 255, 0
L 389, -50, 45, 389, -44, 44, 0, 255, 0
L 407, -32, 457, 423, -31, 45, 0, 255, 0
L 423, -31, 45, 423, -62, 45, 0, 255, 0
L 423, -62, 45, 415, -63, 45, 0, 255, 0
L 415, -63, 45, 415, -66, 45, 0, 255, 0
L 415, -66, 45, 395, -66, 45, 0, 255, 0
L 395, -66, 45, 395, -62, 45, 0, 255, 0
L 395, -62, 45, 390, -61, 45, 0, 255, 0
L 390, -61, 45, 389, -170, 45, 0, 255, 0
L 389, -170, 45, 396, -170, 45, 0, 255, 0
L 396, -170, 45, 396, -183, 45, 0, 255, 0
L 396, -183, 45, 448, -184, 45, 0, 255, 0
L 448, -184, 45, 449, -182, 45, 0, 255, 0
L 449, -182, 45, 450, -182, 45, 0, 255, 0
L 457, -180, 457, 457, -181, 45, 0, 255, 0
L 457, -181, 45, 459, -182, 45, 0, 255, 0
L 459, -182, 45, 459, -183, 45, 0, 255, 0
L 459, -183, 45, 560, -184, 38, 0, 255, 0
L 560, -184, 38, 561, -167, 38, 0, 255, 0
L 561, -167, 38, 540, -166, 38, 0, 255, 0
L 540, -166, 38, 540, -125, 38, 0, 255, 0
L 540, -125, 38, 529, -125, 38, 0, 255, 0
L 519, -126, 387, 518, -124, 38, 0, 255, 0
L 518, -124, 38, 518, -122, 38, 0, 255, 0
L 518, -122, 38, 510, -122, 38, 0, 255, 0
L 510, -122, 38, 510, -124, 38, 0, 255, 0
L 510, -124, 38, 507, -126, 38, 0, 255, 0
L 507, -126, 38, 508, -166, 38, 0, 255, 0
L 508, -166, 38, 460, -166, 38, 0, 255, 0
L 460, -166, 38, 459, -174, 43, 0, 255, 0
L 459, -174, 43, 458, -174, 43, 0, 255, 0
L 458, -174, 43, 457, -180, 45, 0, 255, 0
L 457, -180, 457, 451, -180, 45, 255, 0, 255
L 450, -182, 457, 451, -175, 44, 0, 255, 0
L 451, -175, 44, 449, -174, 43, 0, 255, 0
L 449, -174, 43, 449, -167, 38, 0, 255, 0
L 449, -167, 38, 435, -166, 38, 0, 255, 0
L 435, -166, 38, 435, -142, 38, 0, 255, 0
L 435, -142, 38, 476, -142, 38, 0, 255, 0
L 476, -142, 38, 477, -114, 38, 0, 255, 0
L 477, -114, 38, 510, -114, 38, 0, 255, 0
L 510, -114, 38, 510, -115, 38, 0, 255, 0
L 510, -115, 38, 518, -115, 38, 0, 255, 0
L 518, -115, 38, 518, -114, 38, 0, 255, 0
L 518, -114, 38, 540, -113, 38, 0, 255, 0
L 540, -113, 38, 540, -11, 38, 0, 255, 0
L 540, -11, 38, 542, -10, 38, 0, 255, 0
L 542, -10, 38, 541, -5, 38, 0, 255, 0
L 541, -5, 38, 540, -5, 38, 0, 255, 0
L 550, -5, 387, 548, -6, 38, 0, 255, 0
L 548, -6, 38, 548, -10, 38, 0, 255, 0
L 548, -10, 38, 550, -12, 38, 0, 255, 0
L 550, -12, 38, 550, -113, 38, 0, 255, 0
L 550, -113, 38, 620, -114, 38, 0, 255, 0
L 620, -114, 38, 624, -111, 38, 0, 255, 0
L 624, -111, 38, 624, -81, 38, 0, 255, 0
L 634, -123, 387, 633, -124, 38, 0, 255, 0
L 633, -124, 38, 606, -125, 38, 0, 255, 0
L 606, -125, 38, 606, -148, 36, 0, 255, 0
L 606, -148, 36, 609, -150, 36, 0, 255, 0
L 609, -150, 36, 616, -150, 33, 0, 255, 0
L 616, -150, 33, 618, -149, 32, 0, 255, 0
L 618, -149, 32, 620, -149, 32, 0, 255, 0
L 620, -149, 32, 620, -150, 32, 0, 255, 0
L 620, -150, 32, 625, -151, 31, 0, 255, 0
L 625, -151, 31, 626, -149, 31, 0, 255, 0
L 626, -149, 31, 631, -148, 31, 0, 255, 0
L 631, -148, 31, 631, -135, 31, 0, 255, 0
L 631, -135, 31, 644, -135, 31, 0, 255, 0
L 644, -135, 31, 645, -93, 31, 0, 255, 0
L 645, -93, 31, 682, -93, 31, 0, 255, 0
L 682, -93, 31, 683, -120, 31, 0, 255, 0
L 683, -120, 31, 696, -121, 31, 0, 255, 0
L 696, -121, 31, 696, -180, 31, 0, 255, 0
L 696, -180, 31, 691, -180, 31, 0, 255, 0
L 691, -180, 31, 689, -187, 31, 0, 255, 0
L 689, -187, 31, 631, -187, 31, 0, 255, 0
L 631, -187, 31, 631, -167, 31, 0, 255, 0
L 631, -167, 31, 626, -166, 31, 0, 255, 0
L 626, -166, 31, 625, -157, 31, 0, 255, 0
L 625, -157, 31, 621, -157, 32, 0, 255, 0
L 621, -157, 32, 620, -159, 32, 0, 255, 0
L 620, -159, 32, 618, -159, 32, 0, 255, 0
L 618, -159, 32, 617, -158, 32, 0, 255, 0
L 617, -158, 32, 608, -158, 36, 0, 255, 0
L 608, -158, 36, 606, -161, 36, 0, 255, 0
L 606, -161, 36, 606, -193, 38, 0, 255, 0
L 606, -193, 38, 605, -194, 38, 0, 255, 0
L 605, -194, 38, 397, -194, 45, 0, 255, 0
L 397, -194, 45, 396, -207, 45, 0, 255, 0
L 396, -207, 45, 358, -208, 45, 0, 255, 0
L 358, -208, 45, 358, -181, 45, 0, 255, 0
L 323, -72, 37, 340, -68, 45, 0, 255, 0
L 340, -68, 45, 344, -68, 45, 0, 255, 0
L 344, -68, 45, 345, -168, 45, 0, 255, 0
L 345, -168, 45, 250, -170, 45, 0, 255, 0
L 250, -170, 45, 249, 11, 45, 0, 255, 0
L 187, -3, 457, 239, -2, 45, 0, 255, 0
L 239, -2, 45, 238, -184, 45, 0, 255, 0
L 238, -184, 45, 211, -184, 45, 0, 255, 0
L 211, -184, 45, 211, -208, 45, 0, 255, 0
L 211, -208, 45, 249, -208, 45, 0, 255, 0
L 249, -208, 45, 250, -181, 45, 0, 255, 0
L 250, -181, 45, 358, -181, 45, 0, 255, 0
L 512, -116, 387, 512, -122, 38, 255, 0, 255
L 623, -157, 327, 623, -151, 32, 255, 0, 255
L 651, -141, 298, 676, -141, 29, 0, 255, 0
L 676, -141, 29, 676, -167, 29, 0, 255, 0
L 676, -167, 29, 651, -167, 29, 0, 255, 0
L 651, -167, 29, 651, -141, 29, 0, 255, 0
L 653, -146, 278, 656, -143, 27, 0, 255, 0
L 656, -143, 27, 671, -143, 27, 0, 255, 0
L 671, -143, 27, 674, -146, 27, 0, 255, 0
L 674, -146, 27, 674, -161, 27, 0, 255, 0
L 674, -161, 27, 671, -165, 27, 0, 255, 0
L 671, -165, 27, 656, -165, 27, 0, 255, 0
L 656, -165, 27, 653, -161, 27, 0, 255, 0
L 653, -161, 27, 653, -146, 27, 0, 255, 0
L 571, -155, 387, 572, -184, 38, 0, 255, 0
L 572, -184, 38, 595, -184, 38, 0, 255, 0
L 595, -184, 38, 596, -126, 38, 0, 255, 0
L 596, -126, 38, 593, -122, 38, 0, 255, 0
L 593, -122, 38, 561, -122, 38, 0, 255, 0
L 561, -122, 38, 558, -124, 38, 0, 255, 0
L 558, -124, 38, 550, -125, 38, 0, 255, 0
L 550, -125, 38, 550, -156, 38, 0, 255, 0
L 550, -156, 38, 561, -156, 38, 0, 255, 0
L 409, -69, 37, 415, -69, 3, 255, 0, 255
L 451, -68, 37, 457, -68, 3, 255, 0, 255
L 474, -88, 37, 474, -94, 3, 255, 0, 255
L 187, -3, 457, 187, 23, 45, 0, 255, 0
L 187, 23, 45, 213, 23, 45, 0, 255, 0
L 213, 23, 45, 211, 127, 45, 0, 255, 0
L 211, 127, 45, 187, 127, 45, 0, 255, 0
L 187, 127, 45, 187, 165, 45, 0, 255, 0
L 187, 165, 45, 235, 165, 45, 0, 255, 0
L 235, 165, 45, 235, 155, 45, 0, 255, 0
L 235, 155, 45, 459, 153, 45, 0, 255, 0
L 459, 153, 45, 459, 140, 45, 0, 255, 0
L 459, 140, 45, 461, 137, 45, 0, 255, 0
L 461, 137, 45, 500, 137, 47, 0, 255, 0
L 500, 137, 47, 501, 136, 47, 0, 255, 0
L 501, 136, 47, 501, 114, 47, 0, 255, 0
L 501, 114, 477, 495, 114, 47, 255, 0, 0
L 495, 114, 477, 491, 115, 47, 0, 255, 0
L 491, 115, 47, 491, 126, 47, 0, 255, 0
L 491, 126, 47, 449, 127, 45, 0, 255, 0
L 449, 127, 45, 448, 143, 45, 0, 255, 0
L 448, 143, 45, 235, 143, 45, 0, 255, 0
L 235, 143, 45, 235, 127, 45, 0, 255, 0
L 235, 127, 45, 220, 127, 45, 0, 255, 0
L 220, 127, 45, 220, 11, 45, 0, 255, 0
L 220, 11, 45, 249, 11, 45, 0, 255, 0
L 361, 122, 37, 361, 113, 3, 255, 0, 255
L 361, 113, 37, 367, 113, 3, 153, 153, 153
L 367, 113, 3, 367, 105, 3, 153, 153, 153
L 367, 105, 3, 369, 104, 3, 153, 153, 153
L 369, 104, 37, 375, 104, 3, 255, 0, 0
L 375, 104, 37, 375, 105, 3, 153, 153, 153
L 375, 105, 3, 393, 105, 4, 153, 153, 153
L 379, -45, 453, 379, 12, 31, 0, 255, 0
L 379, 12, 31, 376, 15, 31, 0, 255, 0
L 376, 15, 31, 365, 15, 31, 0, 255, 0
L 365, 15, 31, 364, 17, 31, 0, 255, 0
L 364, 17, 31, 359, 17, 31, 0, 255, 0
L 359, 17, 31, 359, 3, 31, 0, 255, 0
L 359, 3, 31, 339, 3, 31, 0, 255, 0
L 339, 3, 31, 339, 37, 31, 0, 255, 0
L 339, 37, 31, 359, 37, 31, 0, 255, 0
L 359, 37, 31, 359, 24, 31, 0, 255, 0
L 359, 24, 31, 365, 24, 31, 0, 255, 0
L 365, 24, 31, 365, 25, 31, 0, 255, 0
L 365, 25, 31, 379, 25, 31, 0, 255, 0
L 379, 25, 31, 379, 27, 31, 0, 255, 0
L 379, 27, 31, 380, 27, 31, 0, 255, 0
L 380, 27, 31, 380, 33, 31, 0, 255, 0
L 380, 33, 31, 367, 33, 31, 0, 255, 0
L 367, 33, 31, 367, 53, 31, 0, 255, 0
L 367, 53, 31, 403, 53, 31, 0, 255, 0
L 403, 53, 31, 403, 39, 31, 0, 255, 0
L 403, 39, 31, 408, 39, 31, 0, 255, 0
L 408, 39, 31, 409, 41, 31, 0, 255, 0
L 409, 41, 31, 410, 41, 30, 0, 255, 0
L 410, 41, 30, 410, 56, 24, 0, 255, 0
L 411, 65, 207, 414, 62, 21, 0, 255, 0
L 414, 62, 21, 417, 60, 22, 0, 255, 0
L 417, 60, 22, 419, 57, 23, 0, 255, 0
L 419, 57, 23, 419, 41, 30, 0, 255, 0
L 419, 41, 30, 424, 41, 31, 0, 255, 0
L 424, 41, 31, 427, 39, 31, 0, 255, 0
L 427, 39, 31, 471, 39, 31, 0, 255, 0
L 471, 39, 31, 471, 52, 31, 0, 255, 0
L 471, 52, 31, 485, 53, 31, 0, 255, 0
L 485, 53, 31, 490, 53, 32, 0, 255, 0
L 490, 53, 32, 491, 106, 32, 0, 255, 0
L 491, 106, 32, 494, 109, 32, 0, 255, 0
L 494, 43, 327, 490, 46, 32, 0, 255, 0
L 490, 46, 32, 486, 47, 32, 0, 255, 0
L 486, 47, 32, 485, 45, 31, 0, 255, 0
L 485, 45, 31, 481, 45, 31, 0, 255, 0
L 481, 45, 31, 481, 29, 31, 0, 255, 0
L 481, 29, 31, 423, 29, 31, 0, 255, 0
L 423, 29, 31, 423, 30, 31, 0, 255, 0
L 423, 30, 31, 420, 33, 31, 0, 255, 0
L 420, 33, 31, 409, 33, 31, 0, 255, 0
L 409, 33, 31, 408, 35, 31, 0, 255, 0
L 408, 35, 31, 403, 34, 31, 0, 255, 0
L 403, 34, 31, 403, 33, 31, 0, 255, 0
L 403, 33, 31, 387, 33, 31, 0, 255, 0
L 387, 33, 31, 387, 28, 31, 0, 255, 0
L 387, 28, 31, 389, 27, 31, 0, 255, 0
L 389, 27, 31, 389, 12, 31, 0, 255, 0
L 389, 12, 31, 411, 11, 31, 0, 255, 0
L 410, 1, 317, 389, 0, 31, 0, 255, 0
L 389, 0, 31, 389, -47, 45, 0, 255, 0
L 362, 23, 317, 362, 17, 31, 255, 0, 255
L 380, 30, 317, 387, 30, 31, 255, 0, 255
L 441, 106, 37, 435, 106, 3, 255, 0, 255
L 406, 114, 37, 406, 120, 3, 255, 0, 255
L 361, 123, 37, 367, 123, 3, 153, 153, 153
L 367, 123, 3, 367, 135, 3, 153, 153, 153
L 367, 135, 3, 403, 135, 3, 153, 153, 153
L 403, 135, 3, 403, 122, 3, 153, 153, 153
L 403, 122, 3, 408, 121, 3, 153, 153, 153
L 408, 121, 3, 409, 133, 3, 153, 153, 153
L 409, 133, 3, 443, 133, 3, 153, 153, 153
L 443, 133, 3, 443, 107, 3, 153, 153, 153
L 443, 107, 3, 442, 107, 3, 153, 153, 153
L 393, 84, 142, 393, 105, 3, 153, 153, 153
L 434, 107, 37, 409, 107, 3, 153, 153, 153
L 409, 107, 3, 409, 113, 3, 153, 153, 153
L 409, 113, 3, 403, 113, 3, 153, 153, 153
L 403, 113, 3, 403, 107, 3, 153, 153, 153
L 403, 107, 3, 403, 81, 15, 153, 153, 153
L 403, 81, 157, 401, 78, 16, 0, 255, 0
L 401, 78, 16, 398, 74, 17, 0, 255, 0
L 398, 74, 17, 396, 72, 18, 0, 255, 0
L 396, 72, 18, 393, 71, 19, 0, 255, 0
L 393, 71, 19, 381, 71, 19, 0, 255, 0
L 381, 71, 19, 381, 100, 19, 0, 255, 0
L 381, 100, 19, 367, 101, 19, 0, 255, 0
L 367, 101, 19, 367, 135, 19, 0, 255, 0
L 367, 135, 19, 403, 135, 19, 0, 255, 0
L 403, 135, 19, 403, 121, 19, 0, 255, 0
L 403, 121, 19, 409, 121, 19, 0, 255, 0
L 393, 84, 137, 389, 84, 13, 0, 255, 0
L 389, 84, 13, 389, 105, 19, 0, 255, 0
L 389, 105, 19, 403, 105, 19, 0, 255, 0
L 403, 105, 19, 403, 114, 19, 0, 255, 0
L 403, 114, 19, 409, 114, 19, 0, 255, 0
L 409, 114, 19, 409, 107, 19, 0, 255, 0
L 409, 107, 19, 443, 107, 19, 0, 255, 0
L 443, 107, 19, 443, 133, 19, 0, 255, 0
L 443, 133, 19, 409, 133, 19, 0, 255, 0
L 409, 133, 19, 409, 121, 19, 0, 255, 0
L 442, 107, 37, 442, 101, 3, 153, 153, 153
L 442, 101, 3, 443, 101, 3, 153, 153, 153
L 443, 101, 3, 443, 72, 3, 153, 153, 153
L 443, 72, 3, 442, 71, 3, 153, 153, 153
L 442, 71, 3, 436, 71, 3, 153, 153, 153
L 436, 71, 3, 436, 66, 3, 153, 153, 153
L 436, 66, 3, 438, 65, 3, 153, 153, 153
L 438, 65, 3, 438, 50, 3, 153, 153, 153
L 438, 50, 3, 428, 50, 3, 153, 153, 153
L 428, 50, 3, 428, 65, 3, 153, 153, 153
L 428, 65, 3, 429, 65, 3, 153, 153, 153
L 429, 65, 3, 429, 71, 3, 153, 153, 153
L 429, 71, 3, 409, 71, 3, 153, 153, 153
L 409, 71, 3, 409, 101, 3, 153, 153, 153
L 409, 101, 3, 435, 101, 3, 153, 153, 153
L 435, 101, 3, 435, 107, 3, 153, 153, 153
L 435, 107, 3, 434, 107, -3, 153, 153, 153
L 429, 70, 37, 436, 70, 3, 255, 0, 255
L 473, -33, 37, 473, -41, 3, 255, 0, 255
L 473, -41, 37, 478, -40, 3, 153, 153, 153
L 478, -40, 3, 479, -54, 3, 153, 153, 153
L 479, -54, 3, 529, -54, 3, 153, 153, 153
L 529, -54, 3, 529, -16, 3, 153, 153, 153
L 529, -16, 3, 499, -16, 3, 153, 153, 153
L 499, -16, 3, 499, -10, 3, 153, 153, 153
L 499, -10, 3, 525, -10, 3, 153, 153, 153
L 485, -10, 37, 492, -10, 3, 153, 153, 153
L 492, -10, 3, 491, -16, 3, 153, 153, 153
L 491, -16, 3, 479, -16, 3, 153, 153, 153
L 479, -16, 3, 478, -34, 3, 153, 153, 153
L 478, -34, 3, 473, -33, 3, 153, 153, 153
L 411, 11, 325, 434, 11, 41, 0, 255, 0
L 434, 11, 41, 435, 19, 41, 0, 255, 0
L 435, 19, 41, 467, 19, 41, 0, 255, 0
L 467, 19, 41, 467, 7, 41, 0, 255, 0
L 467, 7, 41, 464, 7, 41, 0, 255, 0
L 464, 7, 41, 461, 6, 41, 0, 255, 0
L 461, 6, 41, 461, 1, 41, 0, 255, 0
L 461, 1, 41, 453, 1, 41, 0, 255, 0
L 453, 1, 41, 453, -8, 41, 0, 255, 0
L 453, -8, 41, 458, -8, 43, 0, 255, 0
L 458, -8, 43, 459, -4, 43, 0, 255, 0
L 459, -4, 43, 467, -4, 43, 0, 255, 0
L 467, -4, 43, 467, -24, 43, 0, 255, 0
L 467, -24, 43, 459, -24, 43, 0, 255, 0
L 459, -24, 43, 459, -16, 43, 0, 255, 0
L 459, -16, 43, 445, -15, 41, 0, 255, 0
L 445, -15, 41, 445, -19, 41, 0, 255, 0
L 445, -19, 41, 451, -20, 41, 0, 255, 0
L 451, -20, 41, 453, -24, 41, 0, 255, 0
L 453, -24, 41, 435, -24, 41, 0, 255, 0
L 435, -24, 41, 435, -20, 41, 0, 255, 0
L 435, -20, 41, 437, -20, 41, 0, 255, 0
L 437, -20, 41, 439, -15, 41, 0, 255, 0
L 439, -15, 41, 435, -14, 41, 0, 255, 0
L 435, -14, 41, 435, 0, 41, 0, 255, 0
L 435, 0, 41, 410, 1, 31, 0, 255, 0
L 525, -10, 37, 525, -9, 3, 153, 153, 153
L 525, -9, 3, 527, -8, 3, 153, 153, 153
L 527, -8, 3, 527, 0, 5, 153, 153, 153
L 527, 0, 5, 610, 1, 17, 153, 153, 153
L 610, 1, 17, 610, -8, 17, 153, 153, 153
L 610, -8, 17, 604, -10, 17, 153, 153, 153
L 604, -10, 17, 603, -10, 17, 153, 153, 153
L 603, -20, 177, 620, -20, 17, 153, 153, 153
L 620, -20, 17, 620, 1, 17, 153, 153, 153
L 620, 1, 17, 627, 1, 17, 153, 153, 153
L 627, 1, 17, 627, 25, 17, 153, 153, 153
L 627, 25, 17, 597, 25, 17, 153, 153, 153
L 597, 25, 17, 597, 26, 17, 153, 153, 153
L 597, 26, 177, 590, 26, 17, 255, 0, 0
L 571, -40, 261, 583, -40, 21, 153, 153, 153
L 583, -40, 21, 583, -39, 21, 153, 153, 153
L 583, -39, 21, 589, -39, 20, 153, 153, 153
L 589, -39, 20, 588, -50, 19, 153, 153, 153
L 588, -50, 19, 568, -51, 16, 153, 153, 153
L 568, -51, 16, 568, -89, 16, 153, 153, 153
L 568, -89, 16, 581, -89, 19, 153, 153, 153
L 581, -89, 19, 582, -110, 19, 153, 153, 153
L 582, -110, 19, 634, -110, 19, 153, 153, 153
L 634, -110, 19, 634, -51, 19, 153, 153, 153
L 634, -51, 19, 620, -50, 19, 153, 153, 153
L 620, -50, 19, 619, -37, 20, 153, 153, 153
L 619, -37, 20, 613, -37, 20, 153, 153, 153
L 613, -37, 20, 613, -30, 20, 153, 153, 153
L 613, -30, 20, 589, -30, 20, 153, 153, 153
L 589, -30, 20, 589, -31, 20, 153, 153, 153
L 589, -31, 20, 583, -31, 21, 153, 153, 153
L 583, -31, 21, 583, -30, 21, 153, 153, 153
L 583, -30, 21, 569, -30, 24, 153, 153, 153
L 590, 26, 177, 590, 25, 17, 153, 153, 153
L 590, 25, 17, 588, 25, 17, 153, 153, 153
L 588, 25, 17, 588, 11, 17, 153, 153, 153
L 588, 11, 17, 526, 11, 5, 153, 153, 153
L 526, 11, 5, 526, 25, 3, 153, 153, 153
L 526, 25, 3, 491, 25, 3, 153, 153, 153
L 491, 25, 3, 491, 19, 3, 153, 153, 153
L 491, 19, 3, 484, 18, 3, 153, 153, 153
L 484, 18, 3, 484, -9, 3, 153, 153, 153
L 484, -9, 3, 485, -10, 3, 153, 153, 153
L 561, -156, 387, 561, -136, 30, 0, 255, 0
L 561, -136, 30, 563, -133, 30, 0, 255, 0
L 563, -133, 30, 566, -130, 29, 0, 255, 0
L 566, -130, 29, 569, -128, 28, 0, 255, 0
L 571, -155, 387, 571, -146, 34, 0, 255, 0
L 571, -146, 34, 573, -139, 31, 0, 255, 0
L 634, -123, 387, 634, -55, 38, 0, 255, 0
L 634, -55, 38, 643, -54, 38, 0, 255, 0
L 643, -54, 38, 651, -61, 38, 0, 255, 0
L 651, -61, 38, 670, -61, 38, 0, 255, 0
L 670, -61, 38, 675, -55, 38, 0, 255, 0
L 675, -55, 38, 675, -36, 38, 0, 255, 0
L 675, -36, 38, 670, -30, 38, 0, 255, 0
L 670, -30, 38, 656, -30, 38, 0, 255, 0
L 656, -30, 38, 655, 11, 38, 0, 255, 0
L 655, 11, 38, 551, 11, 38, 0, 255, 0
L 550, -5, 387, 551, 1, 38, 0, 255, 0
L 551, 1, 38, 568, 1, 38, 0, 255, 0
L 578, 0, 387, 644, 1, 38, 0, 255, 0
L 644, 1, 38, 645, -43, 38, 0, 255, 0
L 645, -43, 38, 624, -44, 38, 0, 255, 0
L 624, -44, 38, 623, -73, 38, 0, 255, 0
L 623, -73, 38, 619, -74, 38, 0, 255, 0
L 619, -74, 38, 619, -72, 38, 0, 255, 0
L 619, -72, 38, 612, -72, 38, 0, 255, 0
L 612, -72, 38, 612, -66, 38, 0, 255, 0
L 612, -66, 38, 619, -66, 38, 0, 255, 0
L 619, -66, 38, 618, -49, 38, 0, 255, 0
L 618, -49, 38, 616, -46, 38, 0, 255, 0
L 616, -46, 38, 603, -46, 38, 0, 255, 0
L 603, -46, 38, 603, -66, 38, 0, 255, 0
L 603, -66, 38, 604, -66, 38, 0, 255, 0
L 604, -66, 38, 604, -72, 38, 0, 255, 0
L 604, -72, 38, 590, -72, 38, 0, 255, 0
L 590, -72, 38, 590, -66, 38, 0, 255, 0
L 590, -66, 38, 597, -66, 38, 0, 255, 0
L 597, -66, 38, 596, -46, 38, 0, 255, 0
L 596, -46, 38, 581, -46, 38, 0, 255, 0
L 581, -46, 38, 581, -66, 38, 0, 255, 0
L 581, -66, 38, 582, -66, 38, 0, 255, 0
L 582, -66, 38, 582, -72, 38, 0, 255, 0
L 582, -72, 38, 569, -72, 38, 0, 255, 0
L 569, -72, 38, 569, -67, 38, 0, 255, 0
L 569, -67, 38, 571, -66, 38, 0, 255, 0
L 571, -66, 38, 571, -41, 28, 0, 255, 0
L 569, -30, 247, 566, -32, 25, 0, 255, 0
L 566, -32, 25, 563, -35, 26, 0, 255, 0
L 563, -35, 26, 561, -39, 27, 0, 255, 0
L 561, -39, 27, 561, -66, 38, 0, 255, 0
L 561, -66, 38, 562, -67, 38, 0, 255, 0
L 562, -67, 38, 563, -71, 38, 0, 255, 0
L 563, -71, 38, 559, -72, 38, 0, 255, 0
L 559, -72, 38, 559, -82, 38, 0, 255, 0
L 559, -82, 38, 566, -82, 38, 0, 255, 0
L 566, -82, 38, 566, -88, 38, 0, 255, 0
L 566, -88, 38, 559, -88, 38, 0, 255, 0
L 559, -88, 38, 559, -108, 38, 0, 255, 0
L 559, -108, 38, 575, -108, 38, 0, 255, 0
L 575, -108, 38, 575, -88, 38, 0, 255, 0
L 575, -88, 38, 573, -87, 38, 0, 255, 0
L 573, -87, 38, 574, -82, 38, 0, 255, 0
L 574, -82, 38, 588, -82, 38, 0, 255, 0
L 588, -82, 38, 588, -88, 38, 0, 255, 0
L 588, -88, 38, 581, -88, 38, 0, 255, 0
L 581, -88, 38, 581, -108, 38, 0, 255, 0
L 581, -108, 38, 597, -108, 38, 0, 255, 0
L 597, -108, 38, 597, -88, 38, 0, 255, 0
L 597, -88, 38, 595, -88, 38, 0, 255, 0
L 595, -88, 38, 596, -82, 38, 0, 255, 0
L 596, -82, 38, 610, -82, 38, 0, 255, 0
L 610, -82, 38, 610, -88, 38, 0, 255, 0
L 610, -88, 38, 603, -88, 38, 0, 255, 0
L 603, -88, 38, 603, -108, 38, 0, 255, 0
L 603, -108, 38, 616, -108, 38, 0, 255, 0
L 616, -108, 38, 619, -105, 38, 0, 255, 0
L 619, -105, 38, 619, -88, 38, 0, 255, 0
L 619, -88, 38, 617, -88, 38, 0, 255, 0
L 617, -88, 38, 617, -83, 38, 0, 255, 0
L 617, -83, 38, 619, -82, 38, 0, 255, 0
L 619, -82, 38, 619, -80, 38, 0, 255, 0
L 619, -80, 38, 623, -80, 38, 0, 255, 0
L 623, -80, 38, 624, -81, 38, 0, 255, 0
L 665, -51, 387, 655, -51, 38, 0, 255, 0
L 655, -51, 38, 655, -40, 38, 0, 255, 0
L 655, -40, 38, 665, -40, 38, 0, 255, 0
L 665, -40, 38, 665, -51, 38, 0, 255, 0
L 566, -82, 387, 573, -82, 38, 255, 0, 255
L 588, -82, 387, 596, -82, 38, 255, 0, 255
L 610, -82, 387, 618, -82, 38, 255, 0, 255
L 611, -72, 387, 604, -72, 38, 255, 0, 255
L 589, -72, 387, 582, -72, 38, 255, 0, 255
L 583, -39, 217, 583, -31, 21, 255, 0, 255
L 540, 43, 327, 541, 43, 32, 255, 0, 0
L 544, 43, 327, 545, 43, 32, 255, 0, 0
L 548, 43, 327, 549, 43, 32, 255, 0, 0
L 603, -20, 177, 576, -20, 30, 153, 153, 153
L 576, -20, 307, 573, -18, 31, 0, 255, 0
L 573, -18, 31, 570, -15, 32, 0, 255, 0
L 570, -15, 32, 568, -11, 33, 0, 255, 0
L 568, -11, 33, 568, 1, 38, 0, 255, 0
L 578, 0, 387, 578, -10, 32, 0, 255, 0
L 603, -10, 177, 603, -10, 17, 153, 153, 153
L 603, -10, 17, 578, -10, 32, 153, 153, 153
L 540, -5, 387, 540, 43, 32, 0, 255, 0
L 540, 43, 32, 494, 43, 32, 0, 255, 0
L 494, 109, 327, 567, 109, 32, 0, 255, 0
L 567, 109, 32, 568, 119, 31, 0, 255, 0
L 568, 119, 31, 561, 120, 31, 0, 255, 0
L 561, 120, 31, 561, 121, 31, 0, 255, 0
L 561, 121, 31, 559, 122, 31, 0, 255, 0
L 559, 122, 31, 559, 128, 31, 0, 255, 0
L 559, 128, 31, 560, 128, 31, 0, 255, 0
L 560, 128, 31, 561, 130, 31, 0, 255, 0
L 561, 130, 31, 566, 131, 31, 0, 255, 0
L 566, 131, 31, 566, 132, 31, 0, 255, 0
L 566, 132, 31, 567, 132, 31, 0, 255, 0
L 567, 132, 31, 568, 137, 31, 0, 255, 0
L 568, 137, 31, 585, 137, 31, 0, 255, 0
L 585, 137, 31, 585, 136, 31, 0, 255, 0
L 585, 136, 31, 590, 135, 31, 0, 255, 0
L 590, 135, 31, 591, 137, 31, 0, 255, 0
L 591, 137, 31, 623, 137, 31, 0, 255, 0
L 623, 137, 31, 624, 165, 31, 0, 255, 0
L 624, 165, 31, 634, 165, 31, 0, 255, 0
L 634, 165, 31, 634, 163, 31, 0, 255, 0
L 634, 163, 31, 640, 164, 31, 0, 255, 0
L 640, 164, 31, 640, 165, 31, 0, 255, 0
L 640, 165, 31, 644, 165, 31, 0, 255, 0
L 644, 165, 31, 645, 172, 32, 0, 255, 0
L 645, 172, 32, 682, 172, 32, 0, 255, 0
L 682, 172, 32, 686, 164, 31, 0, 255, 0
L 686, 164, 31, 703, 165, 31, 0, 255, 0
L 703, 165, 31, 703, 122, 30, 0, 255, 0
L 703, 122, 30, 701, 122, 30, 0, 255, 0
L 701, 122, 30, 701, 120, 30, 0, 255, 0
L 701, 120, 30, 654, 120, 31, 0, 255, 0
L 654, 120, 31, 654, 122, 30, 0, 255, 0
L 654, 122, 30, 652, 122, 31, 0, 255, 0
L 652, 122, 31, 652, 140, 31, 0, 255, 0
L 652, 140, 31, 640, 141, 31, 0, 255, 0
L 640, 141, 31, 640, 156, 31, 0, 255, 0
L 640, 156, 31, 633, 156, 31, 0, 255, 0
L 633, 156, 31, 634, 127, 31, 0, 255, 0
L 634, 127, 31, 591, 127, 31, 0, 255, 0
L 591, 127, 31, 591, 128, 31, 0, 255, 0
L 591, 128, 31, 585, 129, 31, 0, 255, 0
L 585, 129, 31, 584, 122, 31, 0, 255, 0
L 584, 122, 31, 583, 120, 31, 0, 255, 0
L 583, 120, 31, 578, 119, 31, 0, 255, 0
L 578, 119, 31, 578, 110, 32, 0, 255, 0
L 578, 110, 32, 610, 109, 32, 0, 255, 0
L 610, 109, 32, 613, 106, 32, 0, 255, 0
L 613, 106, 32, 613, 46, 32, 0, 255, 0
L 613, 46, 32, 610, 43, 32, 0, 255, 0
L 585, 135, 317, 585, 129, 31, 255, 0, 255
L 634, 163, 317, 634, 156, 31, 255, 0, 255
L 550, 12, 387, 550, 43, 32, 0, 255, 0
L 550, 43, 32, 610, 43, 32, 0, 255, 0
L 464, -84, 21, 462, -81, 2, 153, 153, 153
L 462, -81, 2, 458, -80, 2, 153, 153, 153
L 458, -80, 2, 455, -79, 2, 153, 153, 153
L 455, -79, 2, 454, -80, 2, 153, 153, 153
L 454, -80, 2, 450, -79, 2, 153, 153, 153
L 450, -79, 2, 446, -80, 2, 153, 153, 153
L 446, -80, 2, 444, -83, 2, 153, 153, 153
L 444, -83, 2, 442, -95, 2, 153, 153, 153
L 442, -95, 2, 443, -98, 2, 153, 153, 153
L 443, -98, 2, 446, -101, 2, 153, 153, 153
L 446, -101, 2, 450, -103, 2, 153, 153, 153
L 450, -103, 2, 458, -103, 2, 153, 153, 153
L 458, -103, 2, 461, -102, 2, 153, 153, 153
L 461, -102, 2, 464, -99, 2, 153, 153, 153
L 464, -99, 2, 466, -96, 2, 153, 153, 153
L 466, -96, 2, 466, -93, 2, 153, 153, 153
L 466, -93, 2, 461, -93, 2, 153, 153, 153
L 461, -93, 2, 460, -96, 2, 153, 153, 153
L 460, -96, 2, 460, -97, 1, 153, 153, 153
L 460, -97, 1, 457, -98, 2, 153, 153, 153
L 457, -98, 2, 448, -97, 0, 153, 153, 153
L 448, -97, 0, 448, -85, 0, 153, 153, 153
L 448, -85, 0, 459, -86, 0, 153, 153, 153
L 459, -86, 0, 459, -96, 0, 153, 153, 153
L 459, -96, 0, 459, -85, 0, 153, 153, 153
L 459, -85, 0, 464, -84, 2, 153, 153, 153
L 502, 53, 321, 502, 96, 32, 0, 255, 0
L 502, 96, 32, 601, 97, 32, 0, 255, 0
L 601, 97, 32, 602, 54, 32, 0, 255, 0
L 602, 54, 32, 503, 54, 32, 0, 255, 0
L 476, 88, 171, 476, 85, 17, 0, 255, 0
L 476, 85, 17, 472, 85, 19, 0, 255, 0
L 472, 85, 19, 471, 88, 19, 0, 255, 0
L 471, 88, 19, 446, 89, 19, 0, 255, 0
L 446, 89, 19, 445, 95, 19, 0, 255, 0
L 445, 95, 19, 413, 95, 19, 0, 255, 0
L 413, 95, 19, 413, 71, 19, 0, 255, 0
L 413, 71, 19, 427, 70, 19, 0, 255, 0
L 427, 70, 19, 427, 57, 19, 0, 255, 0
L 427, 57, 19, 445, 57, 19, 0, 255, 0
L 445, 57, 19, 445, 77, 19, 0, 255, 0
L 445, 77, 19, 477, 78, 17, 0, 255, 0
L 477, 78, 171, 490, 77, 17, 153, 153, 153
L 490, 77, 17, 490, 46, 17, 153, 153, 153
L 490, 46, 17, 493, 43, 17, 153, 153, 153
L 493, 43, 17, 503, 43, 17, 153, 153, 153
L 503, 43, 17, 517, 35, 17, 153, 153, 153
L 517, 35, 17, 545, 28, 17, 153, 153, 153
L 545, 28, 17, 546, 20, 17, 153, 153, 153
L 546, 20, 17, 532, 18, 17, 153, 153, 153
L 532, 18, 17, 532, -5, 17, 153, 153, 153
L 532, -5, 17, 550, -5, 17, 153, 153, 153
L 550, -5, 17, 550, 0, 17, 153, 153, 153
L 550, 0, 17, 557, 1, 17, 153, 153, 153
L 557, 1, 17, 558, 28, 17, 153, 153, 153
L 558, 28, 17, 587, 36, 17, 153, 153, 153
L 587, 36, 17, 588, 31, 17, 153, 153, 153
L 588, 31, 17, 590, 30, 17, 153, 153, 153
L 590, 30, 17, 590, 27, 17, 153, 153, 153
L 590, 27, 17, 588, 25, 17, 153, 153, 153
L 597, 27, 171, 597, 29, 17, 153, 153, 153
L 597, 29, 17, 599, 31, 17, 153, 153, 153
L 599, 31, 17, 599, 42, 17, 153, 153, 153
L 599, 42, 17, 610, 43, 17, 153, 153, 153
L 610, 43, 17, 613, 46, 17, 153, 153, 153
L 613, 46, 17, 613, 55, 17, 153, 153, 153
L 613, 55, 17, 629, 56, 17, 153, 153, 153
L 629, 56, 17, 630, 35, 17, 153, 153, 153
L 630, 35, 17, 636, 29, 17, 153, 153, 153
L 636, 29, 17, 684, 29, 10, 153, 153, 153
L 684, 29, 10, 690, 35, 10, 153, 153, 153
L 690, 35, 10, 704, 36, 10, 153, 153, 153
L 704, 36, 10, 704, 62, 10, 153, 153, 153
L 704, 62, 10, 713, 64, 10, 153, 153, 153
L 713, 64, 10, 714, 49, 10, 153, 153, 153
L 714, 49, 10, 720, 46, 9, 153, 153, 153
L 720, 46, 9, 728, 39, 10, 153, 153, 153
L 728, 39, 10, 744, 36, 10, 153, 153, 153
L 744, 36, 10, 758, 36, 10, 153, 153, 153
L 758, 36, 10, 775, 39, 10, 153, 153, 153
L 775, 39, 10, 781, 46, 9, 153, 153, 153
L 781, 46, 9, 788, 56, 10, 153, 153, 153
L 788, 56, 10, 788, 98, 10, 153, 153, 153
L 788, 98, 10, 782, 107, 9, 153, 153, 153
L 782, 107, 9, 775, 114, 10, 153, 153, 153
L 775, 114, 10, 759, 116, 10, 153, 153, 153
L 759, 116, 10, 745, 116, 10, 153, 153, 153
L 745, 116, 10, 727, 114, 10, 153, 153, 153
L 727, 114, 10, 721, 107, 9, 153, 153, 153
L 721, 107, 9, 714, 103, 10, 153, 153, 153
L 714, 103, 10, 714, 92, 10, 153, 153, 153
L 714, 92, 10, 726, 84, 9, 153, 153, 153
L 726, 84, 9, 722, 77, 9, 153, 153, 153
L 722, 77, 9, 708, 87, 10, 153, 153, 153
L 708, 87, 10, 705, 89, 10, 153, 153, 153
L 705, 89, 10, 704, 116, 10, 153, 153, 153
L 704, 116, 10, 692, 116, 10, 153, 153, 153
L 692, 116, 10, 684, 123, 10, 153, 153, 153
L 684, 123, 10, 636, 123, 17, 153, 153, 153
L 636, 123, 17, 630, 117, 17, 153, 153, 153
L 630, 117, 17, 630, 97, 17, 153, 153, 153
L 630, 97, 17, 615, 95, 17, 153, 153, 153
L 615, 95, 17, 613, 106, 17, 153, 153, 153
L 721, 107, 91, 781, 107, 9, 153, 153, 153
L 781, 107, 9, 782, 46, 9, 153, 153, 153
L 782, 46, 9, 721, 46, 9, 153, 153, 153
L 721, 46, 9, 721, 107, 9, 153, 153, 153
L 665, 95, 101, 665, 57, 10, 153, 153, 153
L 665, 57, 10, 672, 56, 10, 153, 153, 153
L 672, 56, 10, 672, 47, 10, 153, 153, 153
L 672, 47, 10, 649, 47, 17, 153, 153, 153
L 649, 47, 17, 649, 105, 17, 153, 153, 153
L 649, 105, 17, 672, 105, 10, 153, 153, 153
L 672, 105, 10, 672, 96, 10, 153, 153, 153
L 672, 96, 10, 665, 95, 10, 153, 153, 153
L 630, 84, 171, 630, 68, 17, 153, 153, 153
L 630, 68, 17, 614, 68, 17, 153, 153, 153
L 614, 68, 17, 613, 84, 17, 153, 153, 153
L 613, 84, 17, 630, 84, 17, 153, 153, 153
L 613, 106, 171, 610, 109, 17, 153, 153, 153
L 610, 109, 17, 601, 109, 17, 153, 153, 153
L 601, 109, 17, 586, 116, 17, 153, 153, 153
L 586, 116, 17, 558, 124, 17, 153, 153, 153
L 558, 124, 17, 557, 139, 18, 153, 153, 153
L 557, 139, 18, 564, 141, 18, 153, 153, 153
L 564, 141, 18, 565, 154, 18, 153, 153, 153
L 565, 154, 18, 579, 155, 18, 153, 153, 153
L 579, 155, 18, 578, 165, 18, 153, 153, 153
L 578, 165, 18, 565, 166, 18, 153, 153, 153
L 565, 166, 18, 564, 172, 18, 153, 153, 153
L 564, 172, 18, 553, 172, 18, 153, 153, 153
L 553, 172, 18, 553, 166, 18, 153, 153, 153
L 553, 166, 18, 539, 165, 18, 153, 153, 153
L 539, 165, 18, 539, 159, 18, 153, 153, 153
L 539, 159, 18, 509, 158, 17, 153, 153, 153
L 509, 158, 17, 508, 179, 17, 153, 153, 153
L 508, 179, 17, 497, 179, 17, 153, 153, 153
L 497, 179, 17, 497, 148, 21, 153, 153, 153
L 497, 148, 21, 538, 147, 18, 153, 153, 153
L 538, 147, 18, 539, 141, 18, 153, 153, 153
L 539, 141, 18, 545, 140, 18, 153, 153, 153
L 545, 140, 18, 546, 124, 17, 153, 153, 153
L 546, 124, 17, 517, 116, 17, 153, 153, 153
L 517, 116, 17, 504, 110, 17, 153, 153, 153
L 504, 110, 17, 493, 109, 17, 153, 153, 153
L 493, 109, 17, 490, 106, 17, 153, 153, 153
L 490, 106, 17, 490, 89, 17, 153, 153, 153
L 490, 89, 17, 476, 88, 17, 153, 153, 153
P 0, 0, 0, 255, 255, 255, 2, Succor_Point
