L 1034, 0, 0, -84, 0, 0, 140, 140, 140
L  0,348, 0, 0, -432, 0, 140, 140, 140
L 100, 348, 0, 100, -432, 0, 220, 220, 220
L 200, 348, 0, 200, -432, 0, 220, 220, 220
L 300, 348, 0, 300, -432, 0, 220, 220, 220
L 400, 348, 0, 400, -432, 0, 220, 220, 220
L 500, 348, 0, 500, -432, 0, 220, 220, 220
L 600, 348, 0, 600, -432, 0, 220, 220, 220
L 700, 348, 0, 700, -432, 0, 220, 220, 220
L 800, 348, 0, 800, -432, 0, 220, 220, 220
L 900, 348, 0, 900, -432, 0, 220, 220, 220
L 1000, 348, 0, 1000, -432, 0, 220, 220, 220
L 1034, 100, 0, -84, 100, 0, 220, 220, 220
L 1034, 200, 0, -84, 200, 0, 220, 220, 220
L 1034, 300, 0, -84, 300, 0, 220, 220, 220
L 1034, -100, 0, -84, -100, 0, 220, 220, 220
L 1034, -200, 0, -84, -200, 0, 220, 220, 220
L 1034, -300, 0, -84, -300, 0, 220, 220, 220
L 1034, -400, 0, -84, -400, 0, 220, 220, 220
P 1044, 5, 0, 0, 0, 0, 3, 0
P 5,358, 0, 0, 0, 0, 3, 0
P 105,358, 0, 0, 0, 0, 3, 100
P 205,358, 0, 0, 0, 0, 3, 200
P 305,358, 0, 0, 0, 0, 3, 300
P 405,358, 0, 0, 0, 0, 3, 400
P 505,358, 0, 0, 0, 0, 3, 500
P 605,358, 0, 0, 0, 0, 3, 600
P 705,358, 0, 0, 0, 0, 3, 700
P 805,358, 0, 0, 0, 0, 3, 800
P 905,358, 0, 0, 0, 0, 3, 900
P 1005,358, 0, 0, 0, 0, 3, 1000
P 1044, 105, 0, 0, 0, 0, 3, 100
P 1044, 205, 0, 0, 0, 0, 3, 200
P 1044, 305, 0, 0, 0, 0, 3, 300
P 1044, -95, 0, 0, 0, 0, 3, -100
P 1044, -195, 0, 0, 0, 0, 3, -200
P 1044, -295, 0, 0, 0, 0, 3, -300
P 1044, -395, 0, 0, 0, 0, 3, -400
