L 1161, 0, 0, -468, 0, 0, 140, 140, 140
L  0,741, 0, 0, -1377, 0, 140, 140, 140
L 100, 741, 0, 100, -1377, 0, 220, 220, 220
L 200, 741, 0, 200, -1377, 0, 220, 220, 220
L 300, 741, 0, 300, -1377, 0, 220, 220, 220
L 400, 741, 0, 400, -1377, 0, 220, 220, 220
L 500, 741, 0, 500, -1377, 0, 220, 220, 220
L 600, 741, 0, 600, -1377, 0, 220, 220, 220
L 700, 741, 0, 700, -1377, 0, 220, 220, 220
L 800, 741, 0, 800, -1377, 0, 220, 220, 220
L 900, 741, 0, 900, -1377, 0, 220, 220, 220
L 1000, 741, 0, 1000, -1377, 0, 220, 220, 220
L 1100, 741, 0, 1100, -1377, 0, 220, 220, 220
L -100, 741, 0, -100, -1377, 0, 220, 220, 220
L -200, 741, 0, -200, -1377, 0, 220, 220, 220
L -300, 741, 0, -300, -1377, 0, 220, 220, 220
L -400, 741, 0, -400, -1377, 0, 220, 220, 220
L 1161, 100, 0, -468, 100, 0, 220, 220, 220
L 1161, 200, 0, -468, 200, 0, 220, 220, 220
L 1161, 300, 0, -468, 300, 0, 220, 220, 220
L 1161, 400, 0, -468, 400, 0, 220, 220, 220
L 1161, 500, 0, -468, 500, 0, 220, 220, 220
L 1161, 600, 0, -468, 600, 0, 220, 220, 220
L 1161, 700, 0, -468, 700, 0, 220, 220, 220
L 1161, -100, 0, -468, -100, 0, 220, 220, 220
L 1161, -200, 0, -468, -200, 0, 220, 220, 220
L 1161, -300, 0, -468, -300, 0, 220, 220, 220
L 1161, -400, 0, -468, -400, 0, 220, 220, 220
L 1161, -500, 0, -468, -500, 0, 220, 220, 220
L 1161, -600, 0, -468, -600, 0, 220, 220, 220
L 1161, -700, 0, -468, -700, 0, 220, 220, 220
L 1161, -800, 0, -468, -800, 0, 220, 220, 220
L 1161, -900, 0, -468, -900, 0, 220, 220, 220
L 1161, -1000, 0, -468, -1000, 0, 220, 220, 220
L 1161, -1100, 0, -468, -1100, 0, 220, 220, 220
L 1161, -1200, 0, -468, -1200, 0, 220, 220, 220
L 1161, -1300, 0, -468, -1300, 0, 220, 220, 220
P 1171, 5, 0, 0, 0, 0, 3, 0
P 5,751, 0, 0, 0, 0, 3, 0
P 105,751, 0, 0, 0, 0, 3, 100
P 205,751, 0, 0, 0, 0, 3, 200
P 305,751, 0, 0, 0, 0, 3, 300
P 405,751, 0, 0, 0, 0, 3, 400
P 505,751, 0, 0, 0, 0, 3, 500
P 605,751, 0, 0, 0, 0, 3, 600
P 705,751, 0, 0, 0, 0, 3, 700
P 805,751, 0, 0, 0, 0, 3, 800
P 905,751, 0, 0, 0, 0, 3, 900
P 1005,751, 0, 0, 0, 0, 3, 1000
P 1105,751, 0, 0, 0, 0, 3, 1100
P -95,751, 0, 0, 0, 0, 3, -100
P -195,751, 0, 0, 0, 0, 3, -200
P -295,751, 0, 0, 0, 0, 3, -300
P -395,751, 0, 0, 0, 0, 3, -400
P 1171, 105, 0, 0, 0, 0, 3, 100
P 1171, 205, 0, 0, 0, 0, 3, 200
P 1171, 305, 0, 0, 0, 0, 3, 300
P 1171, 405, 0, 0, 0, 0, 3, 400
P 1171, 505, 0, 0, 0, 0, 3, 500
P 1171, 605, 0, 0, 0, 0, 3, 600
P 1171, 705, 0, 0, 0, 0, 3, 700
P 1171, -95, 0, 0, 0, 0, 3, -100
P 1171, -195, 0, 0, 0, 0, 3, -200
P 1171, -295, 0, 0, 0, 0, 3, -300
P 1171, -395, 0, 0, 0, 0, 3, -400
P 1171, -495, 0, 0, 0, 0, 3, -500
P 1171, -595, 0, 0, 0, 0, 3, -600
P 1171, -695, 0, 0, 0, 0, 3, -700
P 1171, -795, 0, 0, 0, 0, 3, -800
P 1171, -895, 0, 0, 0, 0, 3, -900
P 1171, -995, 0, 0, 0, 0, 3, -1000
P 1171, -1095, 0, 0, 0, 0, 3, -1100
P 1171, -1195, 0, 0, 0, 0, 3, -1200
P 1171, -1295, 0, 0, 0, 0, 3, -1300
