L 1702, -634, -28, 1699, -623, -28, 127, 64, 0
L 1699, -645, -28, 1702, -634, -28, 127, 64, 0
L 1692, -652, -28, 1699, -645, -28, 127, 64, 0
L 1681, -655, -28, 1692, -652, -28, 127, 64, 0
L 1670, -652, -28, 1681, -655, -28, 127, 64, 0
L 1663, -645, -28, 1670, -652, -28, 127, 64, 0
L 1660, -634, -28, 1663, -645, -28, 127, 64, 0
L 1663, -623, -28, 1660, -634, -28, 127, 64, 0
L 1670, -616, -28, 1663, -623, -28, 127, 64, 0
L 1681, -613, -28, 1670, -616, -28, 127, 64, 0
L 1692, -616, -28, 1681, -613, -28, 127, 64, 0
L 1699, -623, -28, 1692, -616, -28, 127, 64, 0
L 1790, -623, -28, 1790, -645, -28, 127, 64, 0
L 1790, -623, -28, 1788, -623, -28, 127, 64, 0
L 1790, -645, -28, 1788, -645, -28, 127, 64, 0
L 1788, -592, -28, 1788, -623, -28, 127, 64, 0
L 1788, -676, -28, 1788, -645, -28, 127, 64, 0
L 1817, -676, -28, 1788, -676, -28, 127, 64, 0
L 1872, -676, 11, 1817, -676, -28, 127, 64, 0
L 1872, -592, 12, 1872, -676, 12, 127, 64, 0
L 1818, -592, -27, 1872, -592, 11, 127, 64, 0
L 1788, -592, -28, 1818, -592, -27, 127, 64, 0
L 1613, -534, -28, 1740, -534, -28, 127, 64, 0
L 1559, -548, -24, 1613, -534, -28, 127, 64, 0
L 1519, -566, -14, 1559, -548, -24, 127, 64, 0
L 1479, -593, 2, 1519, -566, -14, 127, 64, 0
L 1450, -634, 23, 1479, -593, 2, 127, 64, 0
L 1479, -675, 2, 1450, -634, 23, 127, 64, 0
L 1519, -702, -14, 1479, -675, 2, 127, 64, 0
L 1559, -724, -24, 1519, -702, -14, 127, 64, 0
L 1613, -734, -28, 1559, -724, -24, 127, 64, 0
L 1817, -734, -28, 1613, -734, -28, 127, 64, 0
L 1870, -734, 12, 1817, -734, -28, 127, 64, 0
L 1948, -734, 14, 1870, -734, 12, 127, 64, 0
L 1984, -721, 12, 1948, -734, 12, 127, 64, 0
L 1996, -682, 12, 1984, -721, 12, 127, 64, 0
L 1996, -571, 12, 1996, -682, 12, 127, 64, 0
L 1979, -546, 12, 1996, -571, 12, 127, 64, 0
L 1948, -534, 12, 1979, -546, 12, 127, 64, 0
L 1870, -534, 12, 1948, -534, 12, 127, 64, 0
L 1817, -534, -28, 1870, -534, 12, 127, 64, 0
L 1756, -534, -28, 1817, -534, -28, 127, 64, 0
L 1756, -504, -42, 1756, -534, -35, 127, 64, 0
L 1740, -504, -41, 1740, -534, -35, 127, 64, 0
L 1866, -278, -28, 1840, -278, -28, 127, 64, 0
L 1924, -278, 11, 1866, -278, -28, 127, 64, 0
L 1924, -362, 12, 1924, -278, 12, 127, 64, 0
L 1871, -362, -27, 1924, -362, 9, 127, 64, 0
L 1840, -362, -28, 1871, -362, -27, 127, 64, 0
L 1842, -309, -28, 1842, -331, -28, 127, 64, 0
L 1840, -309, -28, 1840, -278, -28, 127, 64, 0
L 1840, -331, -28, 1840, -362, -28, 127, 64, 0
L 1842, -331, -28, 1840, -331, -28, 127, 64, 0
L 1842, -309, -28, 1840, -309, -28, 127, 64, 0
L 1749, -297, -28, 1749, -297, -28, 127, 64, 0
L 1751, -309, -28, 1744, -302, -28, 127, 64, 0
L 1754, -320, -28, 1751, -309, -28, 127, 64, 0
L 1751, -331, -28, 1754, -320, -28, 127, 64, 0
L 1744, -338, -28, 1751, -331, -28, 127, 64, 0
L 1733, -341, -28, 1744, -338, -28, 127, 64, 0
L 1722, -338, -28, 1733, -341, -28, 127, 64, 0
L 1715, -331, -28, 1722, -338, -28, 127, 64, 0
L 1712, -320, -28, 1715, -331, -28, 127, 64, 0
L 1715, -309, -28, 1712, -320, -28, 127, 64, 0
L 1722, -302, -28, 1715, -309, -28, 127, 64, 0
L 1733, -299, -28, 1722, -302, -28, 127, 64, 0
L 1744, -302, -28, 1733, -299, -28, 127, 64, 0
L 1792, -220, -35, 1792, -186, -41, 127, 64, 0
L 1664, -220, -28, 1792, -220, -28, 127, 64, 0
L 1611, -234, -24, 1664, -220, -28, 127, 64, 0
L 1571, -252, -14, 1611, -234, -24, 127, 64, 0
L 1531, -279, 2, 1571, -252, -14, 127, 64, 0
L 1502, -320, 23, 1531, -279, 2, 127, 64, 0
L 1531, -361, 2, 1502, -320, 23, 127, 64, 0
L 1571, -388, -14, 1531, -361, 2, 127, 64, 0
L 1611, -410, -24, 1571, -388, -14, 127, 64, 0
L 1664, -420, -28, 1611, -410, -24, 127, 64, 0
L 1869, -420, -28, 1664, -420, -28, 127, 64, 0
L 1922, -420, 12, 1869, -420, -28, 127, 64, 0
L 2001, -420, 13, 1922, -420, 12, 127, 64, 0
L 2036, -407, 12, 2001, -420, 13, 127, 64, 0
L 2048, -368, 12, 2036, -407, 12, 127, 64, 0
L 2048, -257, 12, 2048, -368, 12, 127, 64, 0
L 2031, -232, 12, 2048, -257, 12, 127, 64, 0
L 2000, -220, 12, 2031, -232, 12, 127, 64, 0
L 1922, -220, 12, 2000, -220, 12, 127, 64, 0
L 1870, -220, -28, 1922, -220, 12, 127, 64, 0
L 1808, -220, -28, 1870, -220, -28, 127, 64, 0
L 1808, -186, -41, 1808, -220, -32, 127, 64, 0
L 1874, 292, -28, 1844, 292, -28, 127, 64, 0
L 1928, 292, 11, 1874, 292, -28, 127, 64, 0
L 1928, 208, 12, 1928, 292, 12, 127, 64, 0
L 1873, 208, -28, 1928, 208, 11, 127, 64, 0
L 1844, 208, -28, 1873, 208, -28, 127, 64, 0
L 1846, 239, -28, 1846, 261, -28, 127, 64, 0
L 1844, 261, -28, 1844, 292, -28, 127, 64, 0
L 1844, 239, -28, 1844, 208, -28, 127, 64, 0
L 1846, 239, -28, 1844, 239, -28, 127, 64, 0
L 1846, 261, -28, 1844, 261, -28, 127, 64, 0
L 1723, 266, -28, 1733, 271, -28, 127, 64, 0
L 1741, 229, -28, 1751, 234, -28, 127, 64, 0
L 1730, 230, -28, 1741, 229, -28, 127, 64, 0
L 1721, 236, -28, 1730, 230, -28, 127, 64, 0
L 1716, 246, -28, 1721, 236, -28, 127, 64, 0
L 1717, 257, -28, 1716, 246, -28, 127, 64, 0
L 1723, 266, -28, 1717, 257, -28, 127, 64, 0
L 1744, 270, -28, 1733, 271, -28, 127, 64, 0
L 1753, 264, -28, 1744, 270, -28, 127, 64, 0
L 1758, 254, -28, 1753, 264, -28, 127, 64, 0
L 1757, 243, -28, 1758, 254, -28, 127, 64, 0
L 1751, 234, -28, 1757, 243, -28, 127, 64, 0
L 1668, 150, -28, 1796, 150, -28, 127, 64, 0
L 1615, 160, -24, 1668, 150, -28, 127, 64, 0
L 1575, 182, -14, 1615, 160, -24, 127, 64, 0
L 1535, 209, 2, 1575, 182, -14, 127, 64, 0
L 1506, 250, 23, 1535, 209, 2, 127, 64, 0
L 1535, 291, 2, 1506, 250, 23, 127, 64, 0
L 1575, 318, -14, 1535, 291, 2, 127, 64, 0
L 1615, 336, -24, 1575, 318, -14, 127, 64, 0
L 1668, 350, -28, 1615, 336, -24, 127, 64, 0
L 1874, 350, -28, 1668, 350, -28, 127, 64, 0
L 1926, 350, 12, 1874, 350, -28, 127, 64, 0
L 2004, 350, 12, 1926, 350, 12, 127, 64, 0
L 2035, 338, 12, 2004, 350, 12, 127, 64, 0
L 2052, 313, 12, 2035, 338, 12, 127, 64, 0
L 2052, 202, 12, 2052, 313, 12, 127, 64, 0
L 2040, 163, 12, 2052, 202, 12, 127, 64, 0
L 2004, 150, 12, 2040, 163, 12, 127, 64, 0
L 1926, 150, 12, 2004, 150, 14, 127, 64, 0
L 1874, 150, -28, 1926, 150, 12, 127, 64, 0
L 1812, 150, -28, 1874, 150, -28, 127, 64, 0
L 1796, 120, -39, 1796, 150, -31, 127, 64, 0
L 1812, 120, -41, 1812, 150, -31, 127, 64, 0
L 1092, 1070, -31, 1081, 1067, -31, 127, 64, 0
L 1103, 1067, -31, 1092, 1070, -31, 127, 64, 0
L 1110, 1059, -31, 1103, 1067, -31, 127, 64, 0
L 1113, 1049, -31, 1110, 1059, -31, 127, 64, 0
L 1110, 1038, -31, 1113, 1049, -31, 127, 64, 0
L 1103, 1030, -31, 1110, 1038, -31, 127, 64, 0
L 1092, 1028, -31, 1103, 1030, -31, 127, 64, 0
L 1081, 1030, -31, 1092, 1028, -31, 127, 64, 0
L 1074, 1038, -31, 1081, 1030, -31, 127, 64, 0
L 1071, 1049, -31, 1074, 1038, -31, 127, 64, 0
L 1074, 1059, -31, 1071, 1049, -31, 127, 64, 0
L 1081, 1067, -31, 1074, 1059, -31, 127, 64, 0
L 1081, 1156, -31, 1050, 1156, -31, 127, 64, 0
L 1081, 1158, -31, 1081, 1156, -31, 127, 64, 0
L 1103, 1158, -31, 1081, 1158, -31, 127, 64, 0
L 1103, 1158, -31, 1103, 1156, -31, 127, 64, 0
L 1134, 1156, -31, 1103, 1156, -31, 127, 64, 0
L 1134, 1184, -31, 1134, 1156, -31, 127, 64, 0
L 1134, 1240, 9, 1134, 1184, -31, 127, 64, 0
L 1050, 1240, 9, 1134, 1240, 9, 127, 64, 0
L 1050, 1185, -31, 1050, 1240, 9, 127, 64, 0
L 1050, 1156, -31, 1050, 1185, -31, 127, 64, 0
L 992, 1181, -31, 992, 1123, -31, 127, 64, 0
L 992, 1239, 9, 992, 1181, -31, 127, 64, 0
L 992, 1315, 9, 992, 1239, 9, 127, 64, 0
L 1004, 1347, 9, 992, 1315, 9, 127, 64, 0
L 1015, 1354, 9, 1004, 1347, 9, 127, 64, 0
L 1044, 1363, 9, 1015, 1354, 9, 127, 64, 0
L 1142, 1363, 9, 1044, 1363, 9, 127, 64, 0
L 1179, 1352, 9, 1142, 1363, 9, 127, 64, 0
L 1192, 1315, 9, 1179, 1352, 9, 127, 64, 0
L 1192, 1240, 9, 1192, 1315, 10, 127, 64, 0
L 1192, 1185, -31, 1192, 1240, 9, 127, 64, 0
L 1192, 980, -31, 1192, 1185, -31, 127, 64, 0
L 1182, 926, -27, 1192, 980, -31, 127, 64, 0
L 1160, 887, -17, 1182, 926, -27, 127, 64, 0
L 1133, 847, -2, 1160, 887, -17, 127, 64, 0
L 1092, 818, 19, 1133, 847, -2, 127, 64, 0
L 1051, 847, -2, 1092, 818, 19, 127, 64, 0
L 1024, 887, -17, 1051, 847, -2, 127, 64, 0
L 1006, 926, -25, 1024, 887, -17, 127, 64, 0
L 992, 980, -30, 1006, 926, -28, 127, 64, 0
L 992, 1107, -31, 992, 980, -31, 127, 64, 0
L 958, 1107, -46, 992, 1107, -34, 127, 64, 0
L 958, 1123, -45, 992, 1123, -36, 127, 64, 0
L 76, 1075, -32, 86, 1080, -32, 127, 64, 0
L 70, 1067, -32, 76, 1075, -32, 127, 64, 0
L 69, 1056, -32, 70, 1067, -32, 127, 64, 0
L 74, 1046, -32, 69, 1056, -32, 127, 64, 0
L 83, 1040, -32, 74, 1046, -32, 127, 64, 0
L 94, 1039, -32, 83, 1040, -32, 127, 64, 0
L 104, 1043, -32, 94, 1039, -32, 127, 64, 0
L 110, 1052, -32, 104, 1043, -32, 127, 64, 0
L 110, 1052, -32, 111, 1063, -32, 127, 64, 0
L 106, 1073, -32, 111, 1063, -32, 127, 64, 0
L 97, 1079, -32, 106, 1073, -32, 127, 64, 0
L 86, 1080, -32, 97, 1079, -32, 127, 64, 0
L 132, 1195, -32, 132, 1250, 5, 127, 64, 0
L 132, 1166, -32, 132, 1195, -32, 127, 64, 0
L 101, 1166, -32, 132, 1166, -32, 127, 64, 0
L 79, 1168, -32, 79, 1166, -32, 127, 64, 0
L 101, 1168, -32, 101, 1166, -32, 127, 64, 0
L 79, 1168, -32, 101, 1168, -32, 127, 64, 0
L 48, 1166, -32, 79, 1166, -32, 127, 64, 0
L 48, 1191, -32, 48, 1166, -32, 127, 64, 0
L 48, 1250, 7, 48, 1191, -32, 127, 64, 0
L 132, 1250, 13, 48, 1250, 8, 127, 64, 0
L 190, 1195, -32, 190, 1250, 8, 127, 64, 0
L 190, 1134, -32, 190, 1195, -32, 127, 64, 0
L 190, 991, -32, 190, 1118, -32, 127, 64, 0
L 176, 937, -28, 190, 991, -32, 127, 64, 0
L 158, 897, -18, 176, 937, -28, 127, 64, 0
L 131, 858, -3, 158, 897, -18, 127, 64, 0
L 90, 829, 18, 131, 858, -3, 127, 64, 0
L 49, 858, -3, 90, 829, 18, 127, 64, 0
L 22, 897, -18, 49, 858, -3, 127, 64, 0
L 4, 937, -28, 22, 897, -18, 127, 64, 0
L -10, 991, -31, 4, 937, -28, 127, 64, 0
L -10, 1187, -32, -10, 991, -32, 127, 64, 0
L -10, 1232, 8, -10, 1187, -32, 127, 64, 0
L -10, 1326, 10, -10, 1232, 10, 127, 64, 0
L 2, 1357, 8, -10, 1326, 8, 127, 64, 0
L 14, 1366, 8, 2, 1357, 8, 127, 64, 0
L 42, 1374, 8, 14, 1366, 8, 127, 64, 0
L 139, 1374, 8, 42, 1374, 8, 127, 64, 0
L 176, 1363, 8, 139, 1374, 8, 127, 64, 0
L 190, 1326, 8, 176, 1363, 8, 127, 64, 0
L 190, 1250, 8, 190, 1326, 10, 127, 64, 0
L 224, 1134, -41, 190, 1134, -36, 127, 64, 0
L 224, 1118, -47, 190, 1118, -36, 127, 64, 0
L 569, -762, 53, 567, -784, 53, 0, 0, 0
L 569, -758, 53, 569, -762, 53, 0, 0, 0
L 578, -746, 53, 569, -758, 53, 0, 0, 0
L 585, -739, 55, 578, -746, 53, 0, 0, 0
L 595, -740, 53, 585, -739, 55, 0, 0, 0
L 617, -735, 53, 595, -740, 53, 0, 0, 0
L 624, -735, 53, 617, -735, 53, 0, 0, 0
L 633, -729, 53, 624, -735, 53, 0, 0, 0
L 641, -729, 53, 633, -729, 53, 0, 0, 0
L 651, -719, 53, 641, -729, 53, 0, 0, 0
L 650, -708, 53, 651, -719, 53, 0, 0, 0
L 650, -695, 53, 650, -708, 53, 0, 0, 0
L 682, -695, 53, 679, -695, 53, 0, 0, 0
L 660, -150, 53, 660, -695, 53, 127, 64, 0
L 679, -150, 53, 679, -695, 53, 127, 64, 0
L 660, -150, 53, 679, -150, 53, 127, 64, 0
L 1279, -81, 1, 1270, -81, 1, 0, 0, 0
L 1340, -119, 0, 1279, -119, 0, 0, 0, 0
L 1270, -11, 1, 1340, -11, 1, 0, 0, 0
L 1340, -11, 0, 1340, -119, 0, 0, 0, 0
L 1279, -81, 1, 1279, -119, 1, 0, 0, 0
L 1270, -42, 0, 1270, -11, 0, 0, 0, 0
L 1270, -81, 1, 1270, -49, 0, 0, 0, 0
L 1277, -49, 1, 1270, -49, 0, 0, 0, 0
L 1277, -42, 1, 1270, -42, 1, 0, 0, 0
L 1277, -42, 1, 1277, -18, 1, 0, 0, 0
L 1277, -74, 1, 1277, -49, 1, 0, 0, 0
L 1286, -74, 1, 1277, -74, 1, 0, 0, 0
L 1286, -113, 1, 1286, -74, 1, 0, 0, 0
L 1333, -113, 1, 1286, -113, 1, 0, 0, 0
L 1333, -18, 1, 1333, -113, 1, 0, 0, 0
L 1277, -18, 1, 1333, -18, 1, 0, 0, 0
L 1085, 287, 0, 1085, 340, 0, 0, 0, 0
L 1092, 287, 1, 1085, 287, 1, 0, 0, 0
L 1092, 333, 1, 1092, 287, 1, 0, 0, 0
L 1212, 333, 1, 1092, 333, 1, 0, 0, 0
L 1212, 230, 1, 1212, 333, 1, 0, 0, 0
L 1092, 230, 1, 1212, 230, 1, 0, 0, 0
L 1092, 275, 1, 1092, 230, 1, 0, 0, 0
L 1085, 275, 1, 1092, 275, 1, 0, 0, 0
L 1085, 223, 0, 1085, 275, 0, 0, 0, 0
L 1206, 223, 0, 1085, 223, 0, 0, 0, 0
L 1206, 166, 0, 1206, 223, 0, 0, 0, 0
L 1098, 166, 0, 1206, 166, 0, 0, 0, 0
L 1098, 160, 0, 1098, 166, 0, 0, 0, 0
L 1212, 160, 0, 1098, 160, 0, 0, 0, 0
L 1212, 223, 0, 1212, 160, 0, 0, 0, 0
L 1219, 223, 0, 1212, 223, 0, 0, 0, 0
L 1219, 340, 0, 1219, 223, 0, 0, 0, 0
L 1085, 340, 0, 1219, 340, 0, 0, 0, 0
L 1052, 472, 1, 1052, 490, 1, 0, 0, 0
L 1094, 472, 4, 1052, 472, 1, 0, 0, 0
L 1094, 514, 1, 1094, 472, 4, 0, 0, 0
L 1052, 514, 1, 1094, 514, 1, 0, 0, 0
L 1052, 496, 1, 1052, 514, 1, 0, 0, 0
L 1052, 496, 1, 1045, 496, 0, 0, 0, 0
L 1045, 490, 1, 1052, 490, 1, 0, 0, 0
L 1045, 474, 0, 1045, 474, 0, 0, 0, 0
L 1045, 490, 0, 1045, 465, 0, 0, 0, 0
L 1045, 521, 0, 1045, 496, 0, 0, 0, 0
L 1101, 521, 0, 1045, 521, 0, 0, 0, 0
L 1101, 465, 0, 1101, 521, 0, 0, 0, 0
L 1045, 465, 0, 1101, 465, 0, 0, 0, 0
L 318, 274, 0, 318, 249, 0, 0, 0, 0
L 374, 274, 0, 318, 274, 0, 0, 0, 0
L 374, 218, 0, 374, 274, 0, 0, 0, 0
L 318, 218, 0, 374, 218, 0, 0, 0, 0
L 318, 243, 0, 318, 218, 0, 0, 0, 0
L 325, 249, 1, 318, 249, 0, 0, 0, 0
L 325, 243, 1, 318, 243, 1, 0, 0, 0
L 325, 267, 1, 325, 249, 1, 0, 0, 0
L 367, 267, 1, 325, 267, 1, 0, 0, 0
L 367, 225, 5, 367, 267, 1, 0, 0, 0
L 325, 225, 1, 367, 225, 5, 0, 0, 0
L 325, 243, 1, 325, 225, 1, 0, 0, 0
L 426, 45, 0, 230, 45, 0, 0, 0, 0
L 426, 162, 0, 426, 45, 0, 0, 0, 0
L 230, 162, 0, 426, 162, 0, 0, 0, 0
L 230, 109, 0, 230, 162, 0, 0, 0, 0
L 237, 109, 1, 230, 109, 1, 0, 0, 0
L 237, 155, 1, 237, 109, 1, 0, 0, 0
L 419, 155, 1, 237, 155, 1, 0, 0, 0
L 419, 52, 1, 419, 155, 1, 0, 0, 0
L 237, 52, 1, 419, 52, 1, 0, 0, 0
L 237, 97, 1, 237, 52, 1, 0, 0, 0
L 230, 97, 1, 237, 97, 1, 0, 0, 0
L 230, 45, 0, 230, 97, 0, 0, 0, 0
L 88, 474, 0, 76, 474, 0, 0, 0, 0
L 88, 478, 0, 88, 474, 0, 0, 0, 0
L 113, 478, 0, 88, 478, 0, 0, 0, 0
L 113, 471, 1, 113, 478, 0, 0, 0, 0
L 95, 471, 1, 113, 471, 1, 0, 0, 0
L 95, 429, 2, 95, 471, 1, 0, 0, 0
L 137, 429, 1, 95, 429, 2, 0, 0, 0
L 137, 471, 1, 137, 429, 1, 0, 0, 0
L 119, 471, 1, 137, 471, 1, 0, 0, 0
L 119, 478, 1, 119, 471, 1, 0, 0, 0
L 144, 478, 5, 119, 478, 0, 0, 0, 0
L 144, 475, 8, 144, 478, 4, 0, 0, 0
L 144, 475, 8, 156, 475, 8, 0, 0, 0
L 156, 485, 0, 156, 475, 0, 0, 0, 0
L 187, 485, 0, 156, 485, 0, 0, 0, 0
L 187, 478, 1, 187, 485, 0, 0, 0, 0
L 163, 478, 1, 187, 478, 1, 0, 0, 0
L 163, 422, 1, 163, 478, 1, 0, 0, 0
L 219, 422, 1, 163, 422, 1, 0, 0, 0
L 219, 478, 1, 219, 422, 1, 0, 0, 0
L 194, 478, 1, 219, 478, 1, 0, 0, 0
L 194, 485, 1, 194, 478, 1, 0, 0, 0
L 226, 485, 0, 194, 485, 0, 0, 0, 0
L 226, 479, 0, 226, 485, 0, 0, 0, 0
L 240, 479, 0, 226, 479, 0, 0, 0, 0
L 240, 488, 0, 240, 479, 0, 0, 0, 0
L 269, 488, 2, 240, 488, 0, 0, 0, 0
L 269, 482, 1, 269, 488, 1, 0, 0, 0
L 246, 482, 1, 269, 482, 1, 0, 0, 0
L 246, 426, 1, 246, 482, 1, 0, 0, 0
L 302, 426, 1, 246, 426, 1, 0, 0, 0
L 302, 482, 1, 302, 426, 1, 0, 0, 0
L 276, 482, 1, 302, 482, 1, 0, 0, 0
L 276, 482, 1, 276, 488, 1, 0, 0, 0
L 308, 488, 0, 276, 488, 0, 0, 0, 0
L 308, 479, 0, 308, 488, 0, 0, 0, 0
L 326, 479, 0, 308, 479, 0, 0, 0, 0
L 326, 484, 0, 326, 479, 0, 0, 0, 0
L 358, 484, 0, 326, 484, 0, 0, 0, 0
L 358, 478, 1, 358, 484, 1, 0, 0, 0
L 332, 478, 1, 358, 478, 1, 0, 0, 0
L 332, 422, 1, 332, 478, 1, 0, 0, 0
L 388, 422, 1, 332, 422, 1, 0, 0, 0
L 388, 478, 1, 388, 422, 1, 0, 0, 0
L 365, 478, 1, 388, 478, 1, 0, 0, 0
L 365, 484, 1, 365, 478, 1, 0, 0, 0
L 394, 484, 0, 365, 484, 0, 0, 0, 0
L 394, 479, 0, 394, 484, 0, 0, 0, 0
L 405, 479, 0, 394, 479, 0, 0, 0, 0
L 405, 484, 0, 405, 479, 0, 0, 0, 0
L 434, 484, 0, 405, 484, 0, 0, 0, 0
L 434, 478, 1, 434, 484, 1, 0, 0, 0
L 411, 478, 1, 434, 478, 1, 0, 0, 0
L 411, 422, 1, 411, 478, 1, 0, 0, 0
L 467, 422, 3, 411, 422, 1, 0, 0, 0
L 467, 478, 1, 467, 422, 3, 0, 0, 0
L 441, 478, 1, 467, 478, 1, 0, 0, 0
L 441, 478, 1, 441, 484, 0, 0, 0, 0
L 473, 484, 0, 441, 484, 0, 0, 0, 0
L 473, 484, 6, 473, 475, 6, 0, 0, 0
L 488, 480, 9, 488, 475, 6, 0, 0, 0
L 474, 475, 6, 488, 475, 6, 0, 0, 0
L 541, 480, 0, 488, 480, 0, 0, 0, 0
L 541, 473, 1, 541, 480, 1, 0, 0, 0
L 495, 473, 1, 541, 473, 1, 0, 0, 0
L 495, 291, 1, 495, 473, 1, 0, 0, 0
L 598, 291, 1, 495, 291, 1, 0, 0, 0
L 598, 473, 2, 598, 291, 1, 0, 0, 0
L 553, 473, 1, 598, 473, 2, 0, 0, 0
L 553, 480, 1, 553, 473, 1, 0, 0, 0
L 605, 480, 0, 553, 480, 0, 0, 0, 0
L 605, 465, 3, 605, 480, 0, 0, 0, 0
L 627, 465, 0, 605, 465, 3, 0, 0, 0
L 627, 465, 0, 627, 468, 0, 0, 0, 0
L 652, 468, 0, 627, 468, 0, 0, 0, 0
L 652, 461, 1, 652, 468, 1, 0, 0, 0
L 634, 461, 1, 652, 461, 1, 0, 0, 0
L 634, 419, 1, 634, 461, 1, 0, 0, 0
L 676, 419, 5, 634, 419, 1, 0, 0, 0
L 676, 461, 1, 676, 419, 5, 0, 0, 0
L 658, 461, 1, 676, 461, 1, 0, 0, 0
L 658, 461, 1, 658, 468, 0, 0, 0, 0
L 683, 468, 0, 658, 468, 0, 0, 0, 0
L 683, 465, 4, 683, 468, 4, 0, 0, 0
L 693, 479, 0, 693, 465, 0, 0, 0, 0
L 683, 465, 4, 693, 465, 8, 0, 0, 0
L 724, 479, 0, 693, 479, 0, 0, 0, 0
L 724, 472, 1, 724, 479, 1, 0, 0, 0
L 700, 472, 1, 724, 472, 1, 0, 0, 0
L 700, 416, 1, 700, 472, 1, 0, 0, 0
L 795, 416, 1, 700, 416, 1, 0, 0, 0
L 795, 463, 1, 795, 416, 1, 0, 0, 0
L 756, 463, 1, 795, 463, 1, 0, 0, 0
L 756, 472, 1, 756, 463, 1, 0, 0, 0
L 731, 472, 1, 756, 472, 1, 0, 0, 0
L 731, 472, 1, 731, 479, 0, 0, 0, 0
L 763, 479, 0, 731, 479, 0, 0, 0, 0
L 763, 470, 0, 763, 479, 0, 0, 0, 0
L 802, 470, 0, 763, 470, 0, 0, 0, 0
L 802, 466, 6, 802, 470, 1, 0, 0, 0
L 817, 466, 6, 802, 466, 6, 0, 0, 0
L 817, 402, 0, 817, 466, 0, 0, 0, 0
L 907, 402, 0, 817, 402, 0, 0, 0, 0
L 907, 465, 0, 907, 402, 0, 0, 0, 0
L 922, 465, 0, 907, 465, 0, 0, 0, 0
L 922, 475, 3, 922, 465, 0, 0, 0, 0
L 947, 475, 0, 922, 475, 0, 0, 0, 0
L 947, 468, 1, 947, 475, 1, 0, 0, 0
L 929, 468, 1, 947, 468, 1, 0, 0, 0
L 929, 426, 1, 929, 468, 1, 0, 0, 0
L 971, 426, 1, 929, 426, 1, 0, 0, 0
L 971, 468, 1, 971, 426, 1, 0, 0, 0
L 953, 468, 1, 971, 468, 1, 0, 0, 0
L 953, 468, 1, 953, 475, 0, 0, 0, 0
L 978, 475, 0, 953, 475, 0, 0, 0, 0
L 978, 419, 0, 978, 475, 0, 0, 0, 0
L 969, 419, 0, 978, 419, 0, 0, 0, 0
L 969, 387, 0, 969, 419, 0, 0, 0, 0
L 982, 387, 0, 969, 387, 0, 0, 0, 0
L 982, 326, 0, 982, 387, 0, 0, 0, 0
L 943, 326, 0, 982, 326, 0, 0, 0, 0
L 943, 317, 0, 943, 326, 0, 0, 0, 0
L 911, 317, 0, 943, 317, 0, 0, 0, 0
L 911, 324, 1, 911, 317, 1, 0, 0, 0
L 936, 324, 1, 911, 324, 1, 0, 0, 0
L 936, 333, 3, 936, 324, 1, 0, 0, 0
L 975, 333, 1, 936, 333, 1, 0, 0, 0
L 975, 380, 4, 975, 333, 1, 0, 0, 0
L 880, 380, 1, 975, 380, 4, 0, 0, 0
L 880, 324, 1, 880, 380, 1, 0, 0, 0
L 904, 324, 1, 880, 324, 1, 0, 0, 0
L 904, 324, 1, 904, 317, 0, 0, 0, 0
L 873, 317, 0, 904, 317, 0, 0, 0, 0
L 873, 328, 0, 873, 317, 0, 0, 0, 0
L 862, 328, 0, 873, 328, 0, 0, 0, 0
L 862, 317, 0, 862, 328, 0, 0, 0, 0
L 831, 317, 0, 862, 317, 0, 0, 0, 0
L 855, 324, 1, 831, 324, 1, 0, 0, 0
L 855, 380, 1, 855, 324, 1, 0, 0, 0
L 760, 380, 1, 855, 380, 1, 0, 0, 0
L 760, 333, 1, 760, 380, 1, 0, 0, 0
L 799, 333, 1, 760, 333, 1, 0, 0, 0
L 799, 324, 1, 799, 333, 1, 0, 0, 0
L 824, 324, 1, 799, 324, 1, 0, 0, 0
L 824, 324, 1, 824, 317, 0, 0, 0, 0
L 831, 317, 1, 831, 324, 1, 0, 0, 0
L 792, 317, 0, 824, 317, 0, 0, 0, 0
L 792, 326, 0, 792, 317, 0, 0, 0, 0
L 753, 326, 0, 792, 326, 0, 0, 0, 0
L 753, 334, 0, 753, 326, 0, 0, 0, 0
L 742, 334, 0, 753, 334, 0, 0, 0, 0
L 742, 329, 0, 742, 334, 0, 0, 0, 0
L 703, 329, 0, 742, 329, 0, 0, 0, 0
L 703, 320, 2, 703, 329, 0, 0, 0, 0
L 671, 320, 0, 703, 320, 0, 0, 0, 0
L 671, 327, 1, 671, 320, 0, 0, 0, 0
L 696, 327, 1, 671, 327, 1, 0, 0, 0
L 696, 336, 4, 696, 327, 1, 0, 0, 0
L 735, 336, 1, 696, 336, 1, 0, 0, 0
L 735, 383, 1, 735, 336, 1, 0, 0, 0
L 640, 383, 1, 735, 383, 1, 0, 0, 0
L 640, 327, 1, 640, 383, 1, 0, 0, 0
L 664, 327, 1, 640, 327, 1, 0, 0, 0
L 664, 320, 1, 664, 327, 1, 0, 0, 0
L 633, 320, 0, 664, 320, 0, 0, 0, 0
L 633, 326, 0, 633, 320, 0, 0, 0, 0
L 618, 326, 0, 633, 326, 0, 0, 0, 0
L 618, 272, 0, 618, 326, 0, 0, 0, 0
L 618, 272, 0, 476, 272, 0, 0, 0, 0
L 476, 326, 0, 476, 272, 0, 0, 0, 0
L 460, 326, 0, 476, 326, 0, 0, 0, 0
L 460, 315, 0, 460, 326, 0, 0, 0, 0
L 429, 315, 0, 460, 315, 0, 0, 0, 0
L 429, 322, 1, 429, 315, 0, 0, 0, 0
L 453, 322, 1, 429, 322, 1, 0, 0, 0
L 453, 378, 1, 453, 322, 1, 0, 0, 0
L 358, 378, 1, 453, 378, 1, 0, 0, 0
L 358, 331, 1, 358, 378, 1, 0, 0, 0
L 397, 331, 1, 358, 331, 1, 0, 0, 0
L 397, 322, 1, 397, 331, 1, 0, 0, 0
L 422, 322, 1, 397, 322, 1, 0, 0, 0
L 422, 315, 1, 422, 322, 1, 0, 0, 0
L 390, 315, 0, 422, 315, 0, 0, 0, 0
L 390, 324, 0, 390, 315, 0, 0, 0, 0
L 351, 324, 0, 390, 324, 0, 0, 0, 0
L 351, 338, 0, 351, 324, 0, 0, 0, 0
L 338, 338, 0, 351, 338, 0, 0, 0, 0
L 338, 332, 0, 338, 338, 0, 0, 0, 0
L 306, 332, 0, 338, 332, 0, 0, 0, 0
L 306, 338, 1, 306, 332, 1, 0, 0, 0
L 332, 338, 1, 306, 338, 1, 0, 0, 0
L 332, 394, 1, 332, 338, 1, 0, 0, 0
L 276, 394, 1, 332, 394, 1, 0, 0, 0
L 276, 338, 1, 276, 394, 1, 0, 0, 0
L 299, 338, 1, 276, 338, 1, 0, 0, 0
L 299, 338, 1, 299, 332, 1, 0, 0, 0
L 270, 332, 0, 299, 332, 0, 0, 0, 0
L 270, 339, 0, 270, 332, 0, 0, 0, 0
L 252, 339, 0, 270, 339, 0, 0, 0, 0
L 252, 323, 0, 252, 339, 0, 0, 0, 0
L 252, 323, 0, 254, 323, 0, 0, 0, 0
L 254, 206, 0, 254, 323, 0, 0, 0, 0
L 187, 206, 0, 254, 206, 0, 0, 0, 0
L 187, 77, 0, 187, 206, 0, 0, 0, 0
L 135, 77, 0, 187, 77, 0, 0, 0, 0
L 135, 84, 1, 135, 77, 1, 0, 0, 0
L 180, 84, 1, 135, 84, 1, 0, 0, 0
L 180, 213, 1, 180, 84, 1, 0, 0, 0
L 247, 213, 1, 180, 213, 1, 0, 0, 0
L 247, 316, 1, 247, 213, 1, 0, 0, 0
L 180, 316, 1, 247, 316, 1, 0, 0, 0
L 180, 383, 1, 180, 316, 1, 0, 0, 0
L 77, 383, 1, 180, 383, 1, 0, 0, 0
L 77, 84, 1, 77, 383, 1, 0, 0, 0
L 123, 84, 1, 77, 84, 1, 0, 0, 0
L 123, 77, 1, 123, 84, 1, 0, 0, 0
L 70, 77, 0, 123, 77, 0, 0, 0, 0
L 70, 390, 0, 70, 77, 0, 0, 0, 0
L 76, 390, 7, 70, 390, 7, 0, 0, 0
L 76, 474, 0, 76, 390, 0, 0, 0, 0
L -36, 450, 1, -36, 426, 1, 0, 0, 0
L -92, 450, 1, -36, 450, 1, 0, 0, 0
L -92, 394, 1, -92, 450, 1, 0, 0, 0
L -36, 394, 1, -92, 394, 1, 0, 0, 0
L -36, 419, 1, -36, 394, 1, 0, 0, 0
L -36, 419, 1, -29, 419, 0, 0, 0, 0
L -29, 426, 1, -36, 426, 1, 0, 0, 0
L -29, 419, 0, -29, 387, 0, 0, 0, 0
L -29, 457, 0, -29, 426, 0, 0, 0, 0
L -99, 457, 0, -29, 457, 0, 0, 0, 0
L -99, 387, 0, -99, 457, 0, 0, 0, 0
L -29, 387, 0, -99, 387, 0, 0, 0, 0
L -28, 359, 1, -28, 336, 1, 0, 0, 0
L -84, 359, 1, -28, 359, 1, 0, 0, 0
L -84, 303, 1, -84, 359, 1, 0, 0, 0
L -28, 303, 1, -84, 303, 1, 0, 0, 0
L -28, 329, 1, -28, 303, 1, 0, 0, 0
L -22, 329, 1, -28, 329, 1, 0, 0, 0
L -22, 336, 1, -28, 336, 1, 0, 0, 0
L -22, 329, 0, -22, 297, 0, 0, 0, 0
L -22, 365, 0, -22, 336, 0, 0, 0, 0
L -90, 365, 0, -22, 365, 0, 0, 0, 0
L -90, 297, 0, -90, 365, 0, 0, 0, 0
L -22, 297, 0, -90, 297, 0, 0, 0, 0
L -33, 242, 1, -26, 242, 1, 0, 0, 0
L -33, 247, 1, -26, 247, 1, 0, 0, 0
L -33, 217, 1, -33, 242, 1, 0, 0, 0
L -89, 217, 1, -33, 217, 1, 0, 0, 0
L -89, 273, 1, -89, 217, 1, 0, 0, 0
L -33, 273, 1, -89, 273, 1, 0, 0, 0
L -33, 247, 1, -33, 273, 1, 0, 0, 0
L -26, 242, 0, -26, 210, 0, 0, 0, 0
L -26, 280, 0, -26, 247, 0, 0, 0, 0
L -96, 280, 0, -26, 280, 0, 0, 0, 0
L -96, 210, 0, -96, 280, 0, 0, 0, 0
L -26, 210, 0, -96, 210, 0, 0, 0, 0
L -36, 184, 1, -36, 161, 1, 0, 0, 0
L -92, 184, 1, -36, 184, 1, 0, 0, 0
L -92, 128, 1, -92, 184, 1, 0, 0, 0
L -36, 128, 1, -92, 128, 1, 0, 0, 0
L -36, 154, 1, -36, 128, 1, 0, 0, 0
L -36, 154, 1, -30, 154, 1, 0, 0, 0
L -30, 161, 1, -36, 161, 1, 0, 0, 0
L -30, 154, 0, -30, 122, 3, 0, 0, 0
L -30, 190, 0, -30, 161, 0, 0, 0, 0
L -98, 190, 0, -30, 190, 0, 0, 0, 0
L -98, 122, 0, -98, 190, 0, 0, 0, 0
L -30, 122, 0, -98, 122, 0, 0, 0, 0
L -33, 78, 1, -26, 78, 0, 0, 0, 0
L -33, 96, 1, -33, 78, 1, 0, 0, 0
L -75, 96, 1, -33, 96, 1, 0, 0, 0
L -75, 54, 1, -75, 96, 1, 0, 0, 0
L -33, 54, 1, -75, 54, 1, 0, 0, 0
L -33, 72, 1, -33, 54, 1, 0, 0, 0
L -26, 72, 1, -33, 72, 1, 0, 0, 0
L -82, 103, 0, -82, 47, 0, 0, 0, 0
L -26, 103, 0, -82, 103, 0, 0, 0, 0
L -26, 78, 0, -26, 103, 0, 0, 0, 0
L -26, 47, 0, -26, 72, 0, 0, 0, 0
L -82, 47, 0, -26, 47, 0, 0, 0, 0
L -506, -624, 0, -491, -629, 0, 0, 0, 0
L -491, -629, 0, -462, -599, 0, 0, 0, 0
L -462, -599, 0, -432, -579, 0, 0, 0, 0
L -432, -579, 0, -354, -566, 0, 0, 0, 0
L -354, -566, 0, -343, -521, 0, 0, 0, 0
L -510, -532, 0, -502, -532, 0, 0, 0, 0
L -502, -532, 0, -378, -408, 0, 0, 0, 0
L -378, -408, 0, -408, -341, 0, 0, 0, 0
L -408, -341, 0, -358, -291, 0, 0, 0, 0
L -358, -291, 0, -328, -220, 0, 0, 0, 0
L -328, -220, 0, -338, -200, 0, 0, 0, 0
L -338, -200, 0, -310, -160, 0, 0, 0, 0
L -310, -160, 0, -299, -114, 0, 0, 0, 0
L -299, -114, 0, -222, -124, 0, 0, 0, 0
L -222, -124, 0, -98, 0, 0, 0, 0, 0
L -98, 0, 0, -108, 50, 0, 0, 0, 0
L -108, 50, 0, -98, 70, 0, 0, 0, 0
L -98, 70, 0, -108, 148, 0, 0, 0, 0
L -108, 148, 0, -148, 212, 0, 0, 0, 0
L -148, 212, 0, -118, 280, 0, 0, 0, 0
L -118, 280, 0, -149, 344, 0, 0, 0, 0
L -149, 344, 0, -138, 412, 0, 0, 0, 0
L -138, 412, 0, -148, 477, 0, 0, 0, 0
L -148, 477, 0, -140, 501, -1, 0, 0, 0
L -140, 501, -3, -169, 531, -5, 0, 0, 0
L -343, -521, 0, -314, -480, 0, 0, 0, 0
L -314, -480, 0, -323, -419, 0, 0, 0, 0
L -323, -419, 0, -285, -369, 0, 0, 0, 0
L -285, -369, 0, -285, -343, 0, 0, 0, 0
L -285, -343, 0, -160, -218, 0, 0, 0, 0
L -160, -218, 0, -35, -343, 0, 0, 0, 0
L -35, -343, 0, -35, -369, 0, 0, 0, 0
L -35, -369, 0, 3, -419, 0, 0, 0, 0
L 3, -419, 0, -6, -481, 0, 0, 0, 0
L -6, -481, 0, -45, -520, 0, 0, 0, 0
L -45, -520, 0, -27, -550, 0, 0, 0, 0
L -27, -550, 0, -12, -540, 0, 0, 0, 0
L -12, -540, 0, 13, -530, 0, 0, 0, 0
L 13, -530, 0, 43, -520, 0, 0, 0, 0
L 43, -520, 0, 46, -539, 0, 0, 0, 0
L 46, -539, 0, 61, -565, 0, 0, 0, 0
L 61, -565, 0, 77, -579, 0, 0, 0, 0
L 77, -579, 0, 77, -598, 0, 0, 0, 0
L 77, -598, 0, 112, -621, 0, 0, 0, 0
L 55, -539, 0, 64, -553, 0, 0, 0, 0
L 64, -553, 0, 77, -567, 0, 0, 0, 0
L 77, -530, 0, 88, -530, 0, 0, 0, 0
L 88, -530, 0, 88, -516, 0, 0, 0, 0
L 88, -516, 0, 101, -516, 0, 0, 0, 0
L 101, -516, 0, 101, -505, 0, 0, 0, 0
L 101, -505, 0, 188, -505, 0, 0, 0, 0
L 188, -505, 0, 188, -516, 0, 0, 0, 0
L 188, -516, 0, 200, -516, 0, 0, 0, 0
L 211, -529, 0, 211, -590, 0, 0, 0, 0
L 211, -590, 0, 173, -628, 0, 0, 0, 0
L 173, -628, 0, 164, -628, 0, 0, 0, 0
L 211, -529, 0, 200, -529, 0, 0, 0, 0
L 200, -516, 0, 200, -529, 0, 0, 0, 0
L 77, -530, 0, 77, -567, 0, 0, 0, 0
L 85, -514, 0, 60, -516, 0, 0, 0, 0
L 51, -520, 0, 60, -516, 0, 0, 0, 0
L 58, -534, 0, 58, -534, 0, 0, 0, 0
L 51, -520, 0, 55, -539, 0, 0, 0, 0
L 43, -520, 0, 50, -520, 0, 0, 240, 240
L 85, -514, 0, 88, -487, 0, 0, 0, 0
L 88, -487, 0, 94, -462, 0, 0, 0, 0
L 94, -462, 0, 101, -440, 0, 0, 0, 0
L 101, -440, 0, 112, -415, 0, 0, 0, 0
L 112, -415, 0, 145, -366, 0, 0, 0, 0
L 145, -366, 0, 178, -415, 0, 0, 0, 0
L 178, -415, 0, 189, -440, 0, 0, 0, 0
L 189, -440, 0, 202, -487, 0, 0, 0, 0
L 202, -487, 0, 204, -513, 0, 0, 0, 0
L 204, -513, 0, 229, -515, 0, 0, 0, 0
L 229, -515, 0, 253, -521, 0, 0, 0, 0
L 253, -521, 0, 275, -528, 0, 0, 0, 0
L 275, -528, 0, 301, -539, 0, 0, 0, 0
L 301, -539, 0, 333, -560, 0, 0, 0, 0
L 333, -560, 0, 348, -560, 0, 0, 0, 0
L 348, -560, 0, 349, -522, 0, 0, 0, 0
L 349, -522, 0, 349, -107, 0, 0, 0, 0
L 349, -107, 0, 591, -107, 0, 0, 0, 0
L 591, -107, 0, 591, -135, 0, 0, 0, 0
L 586, -135, 0, 586, -113, 0, 0, 0, 0
L 586, -113, 0, 355, -113, 0, 0, 0, 0
L 355, -113, 0, 355, -693, 0, 0, 0, 0
L 355, -693, 0, 370, -688, 0, 0, 0, 0
L 370, -688, 0, 434, -717, 0, 0, 0, 0
L 434, -717, 0, 498, -687, 0, 0, 0, 0
L 498, -687, 0, 566, -717, 0, 0, 0, 0
L 566, -717, 0, 630, -677, 0, 0, 0, 0
L 630, -677, 0, 656, -668, 0, 0, 0, 0
L 656, -668, 0, 679, -668, 0, 0, 0, 0
L 679, -668, 0, 679, -111, 0, 0, 0, 0
L 679, -111, 0, 653, -111, 0, 0, 0, 0
L 653, -106, 0, 707, -106, 0, 0, 0, 0
L 707, -111, 0, 685, -111, 0, 0, 0, 0
L 685, -111, 0, 685, -667, 0, 0, 0, 0
L 685, -668, 0, 786, -677, 0, 0, 0, 0
L 786, -677, 0, 850, -717, 0, 0, 0, 0
L 850, -717, 0, 918, -687, 0, 0, 0, 0
L 918, -687, 0, 982, -718, 0, 0, 0, 0
L 982, -718, 0, 1050, -707, 0, 0, 0, 0
L 1050, -707, 0, 1114, -718, 0, 0, 0, 0
L 1114, -718, 0, 1139, -709, 0, 0, 0, 0
L 1139, -709, -1, 1182, -752, -5, 0, 0, 0
L 591, -135, 0, 586, -135, 0, 0, 0, 0
L 653, -111, 0, 653, -106, 0, 0, 0, 0
L 707, -106, 0, 707, -111, 0, 0, 0, 0
L -165, 535, -6, -169, 531, -6, 0, 0, 0
L -165, 535, -6, -143, 549, -6, 0, 0, 0
L -143, 549, -6, -125, 572, -6, 0, 0, 0
L -125, 572, -4, -105, 572, -2, 0, 0, 0
L -105, 572, -6, -92, 592, -6, 0, 0, 0
L -92, 592, -6, -90, 591, -6, 0, 0, 0
L -90, 591, -5, -85, 593, -4, 0, 0, 0
L -85, 593, -4, -84, 598, -3, 0, 0, 0
L -84, 598, -4, -86, 600, -5, 0, 0, 0
L -86, 601, -5, -80, 604, -3, 0, 0, 0
L -80, 604, -6, -80, 948, -82, 0, 0, 0
L -80, 948, -82, -54, 948, -82, 0, 0, 0
L -54, 948, -82, -54, 602, -6, 0, 0, 0
L -27, 572, -6, -42, 595, -6, 0, 0, 0
L -42, 595, -6, -43, 593, -6, 0, 0, 0
L -43, 593, -6, -48, 592, -5, 0, 0, 0
L -48, 592, -4, -52, 594, -3, 0, 0, 0
L -52, 594, -2, -52, 599, -2, 0, 0, 0
L -52, 599, -4, -49, 602, -3, 0, 0, 0
L -49, 602, -3, -54, 602, -3, 0, 0, 0
L -27, 572, -6, 13, 572, -6, 0, 0, 0
L 13, 572, -5, 36, 548, -5, 0, 0, 0
L 36, 548, -6, 64, 562, -6, 0, 0, 0
L 64, 562, -6, 85, 544, -6, 0, 0, 0
L 85, 544, -6, 107, 530, -6, 0, 0, 0
L 107, 530, -6, 169, 530, -6, 0, 0, 0
L 169, 530, -5, 189, 545, -5, 0, 0, 0
L 189, 545, -6, 224, 581, -6, 0, 0, 0
L 224, 581, -3, 224, 905, -49, 0, 0, 0
L 224, 905, -49, 224, 1118, -49, 0, 0, 0
L 224, 1134, -49, 224, 1174, -49, 0, 0, 0
L 224, 1174, -49, 270, 1174, -49, 0, 0, 0
L 270, 1174, -49, 270, 882, -49, 0, 0, 0
L 270, 882, -49, 270, 683, -5, 0, 0, 0
L 270, 683, -5, 270, 584, -3, 0, 0, 0
L 270, 584, -3, 273, 581, -3, 0, 0, 0
L 273, 581, -5, 278, 581, -5, 0, 0, 0
L 278, 581, -5, 281, 585, -5, 0, 0, 0
L 281, 585, -5, 280, 587, -5, 0, 0, 0
L 280, 587, -5, 302, 578, -4, 0, 0, 0
L 302, 578, -4, 421, 578, -5, 0, 0, 0
L 421, 578, -5, 441, 602, -5, 0, 0, 0
L 441, 602, -5, 460, 608, -5, 0, 0, 0
L 460, 608, -5, 481, 608, -5, 0, 0, 0
L 481, 608, -5, 501, 635, -5, 0, 0, 0
L 501, 635, -5, 517, 644, -5, 0, 0, 0
L 517, 633, -5, 517, 590, -2, 127, 64, 0
L 517, 590, -1, 570, 590, -2, 127, 64, 0
L 638, 593, -1, 700, 562, 0, 0, 0, 0
L 700, 562, 0, 754, 562, 0, 0, 0, 0
L 754, 562, 0, 780, 532, 0, 0, 0, 0
L 780, 532, 0, 900, 532, 0, 0, 0, 0
L 900, 532, 0, 918, 550, -2, 0, 0, 0
L 918, 550, -2, 918, 576, -4, 0, 0, 0
L 912, 576, -2, 918, 576, -2, 0, 0, 0
L 912, 576, -2, 912, 661, -2, 0, 0, 0
L 912, 661, -2, 912, 877, -48, 0, 0, 0
L 912, 877, -48, 912, 1163, -47, 0, 0, 0
L 912, 1163, -47, 958, 1163, -47, 0, 0, 0
L 958, 1163, -47, 958, 1123, -47, 0, 0, 0
L 958, 1107, -47, 958, 874, -47, 0, 0, 0
L 958, 874, -47, 958, 665, -2, 0, 0, 0
L 958, 665, -2, 958, 574, -2, 0, 0, 0
L 958, 574, -2, 961, 571, -2, 0, 0, 0
L 961, 571, -4, 966, 571, -4, 0, 0, 0
L 966, 571, -5, 969, 575, -5, 0, 0, 0
L 969, 575, -5, 968, 579, -5, 0, 0, 0
L 968, 579, -6, 966, 580, -6, 0, 0, 0
L 966, 580, -6, 979, 580, -6, 0, 0, 0
L 979, 580, -6, 999, 568, -6, 0, 0, 0
L 999, 568, -6, 1067, 564, -6, 0, 0, 0
L 1067, 564, -6, 1099, 536, -6, 0, 0, 0
L 1099, 536, -6, 1163, 506, -6, 0, 0, 0
L 1163, 506, -6, 1207, 477, -6, 0, 0, 0
L 1234, 432, 1, 1274, 432, 1, 0, 0, 0
L 1274, 432, 1, 1444, 432, -80, 0, 0, 0
L 1444, 432, -80, 1623, 432, -80, 0, 0, 0
L 1623, 432, -80, 1623, 406, -80, 0, 0, 0
L 1623, 406, -80, 1446, 406, -79, 0, 0, 0
L 1446, 406, -79, 1274, 406, 1, 0, 0, 0
L 1274, 406, 1, 1235, 406, 0, 0, 0, 0
L 1207, 477, -5, 1234, 432, -5, 0, 0, 0
L 1235, 406, -4, 1258, 387, -5, 0, 0, 0
L 1258, 387, -6, 1258, 368, -6, 0, 0, 0
L 1258, 368, -6, 1268, 340, -6, 0, 0, 0
L 1268, 340, -6, 1268, 280, -6, 0, 0, 0
L 1268, 280, -6, 1264, 240, -6, 0, 0, 0
L 1264, 240, -6, 1264, 199, -6, 0, 0, 0
L 1264, 199, -6, 1284, 181, -6, 0, 0, 0
L 1284, 181, -6, 1284, 161, -6, 0, 0, 0
L 1284, 161, -5, 1314, 129, -5, 0, 0, 0
L 1314, 129, -5, 1314, 120, -5, 0, 0, 0
L 1314, 120, 1, 1563, 120, -44, 0, 0, 0
L 1563, 120, -44, 1796, 120, -44, 0, 0, 0
L 1812, 120, -44, 1852, 120, -44, 0, 0, 0
L 1852, 120, -44, 1852, 74, -44, 0, 0, 0
L 1852, 74, -44, 1555, 74, -43, 0, 0, 0
L 1343, 62, -5, 1371, 41, -5, 0, 0, 0
L 1343, 62, -5, 1341, 68, -5, 0, 0, 0
L 1346, 74, 1, 1341, 68, 1, 0, 0, 0
L 1555, 74, -41, 1346, 74, 0, 0, 0, 0
L 1371, 41, -6, 1389, 21, -6, 0, 0, 0
L 1389, 21, -6, 1402, 1, -6, 0, 0, 0
L 1402, 1, -6, 1410, -19, -6, 0, 0, 0
L 1410, -19, -6, 1420, -38, -6, 0, 0, 0
L 1420, -38, -6, 1410, -57, -6, 0, 0, 0
L 1410, -57, -6, 1402, -77, -6, 0, 0, 0
L 1402, -77, -6, 1389, -97, -6, 0, 0, 0
L 1389, -97, -6, 1367, -119, -5, 0, 0, 0
L 1340, -140, -1, 1560, -140, -46, 0, 0, 0
L 1560, -140, -46, 1848, -140, -47, 0, 0, 0
L 1848, -140, -47, 1848, -186, -47, 0, 0, 0
L 1848, -186, -47, 1808, -186, -47, 0, 0, 0
L 1792, -186, -47, 1557, -186, -46, 0, 0, 0
L 1557, -186, -46, 1310, -186, -2, 0, 0, 0
L 1347, -128, -5, 1350, -129, -5, 0, 0, 0
L 1350, -129, -5, 1367, -119, -5, 0, 0, 0
L 1347, -128, -4, 1343, -130, -4, 0, 0, 0
L 1343, -130, -4, 1340, -140, -5, 0, 0, 0
L 1310, -186, -6, 1312, -199, -6, 0, 0, 0
L 1312, -199, -6, 1295, -216, -6, 0, 0, 0
L 1295, -216, -5, 866, -216, -4, 0, 0, 0
L 866, -216, 0, 866, -422, 0, 0, 0, 0
L 866, -422, 0, 1298, -422, 0, 0, 0, 0
L 1298, -422, -4, 1298, -447, -5, 0, 0, 0
L 1298, -447, -6, 1297, -446, -6, 0, 0, 0
L 1297, -446, -5, 1292, -448, -5, 0, 0, 0
L 1292, -448, -5, 1291, -453, -5, 0, 0, 0
L 1294, -458, -2, 1530, -458, -46, 0, 0, 0
L 1530, -458, -46, 1796, -458, -45, 0, 0, 0
L 1796, -458, -45, 1796, -504, -45, 0, 0, 0
L 1796, -504, -46, 1756, -504, -46, 0, 0, 0
L 1740, -504, -46, 1523, -504, -45, 0, 0, 0
L 1523, -504, -45, 1269, -504, 0, 0, 0, 0
L 1269, -504, -6, 1234, -531, -6, 0, 0, 0
L 1294, -458, 0, 1291, -453, -1, 0, 0, 0
L 1234, -531, -6, 1234, -551, -6, 0, 0, 0
L 1234, -551, -5, 1215, -565, -5, 0, 0, 0
L 1215, -565, -6, 1198, -591, -6, 0, 0, 0
L 1198, -591, -6, 1198, -613, -6, 0, 0, 0
L 1198, -613, -6, 1226, -633, -6, 0, 0, 0
L 1226, -633, -6, 1220, -654, -6, 0, 0, 0
L 1220, -654, -6, 1220, -673, -6, 0, 0, 0
L 1220, -673, -6, 1206, -695, -6, 0, 0, 0
L 1206, -695, -6, 1182, -752, -6, 0, 0, 0
L 638, 590, 6, 638, 633, 8, 0, 0, 0
L 638, 633, 8, 614, 633, 4, 0, 0, 0
L 614, 633, 4, 614, 630, 4, 0, 0, 0
L 614, 630, 4, 612, 624, 4, 0, 0, 0
L 612, 624, 4, 611, 620, 4, 0, 0, 0
L 611, 620, 4, 606, 616, 4, 0, 0, 0
L 638, 590, -1, 590, 590, -2, 127, 64, 0
L 590, 590, -2, 590, 577, -2, 127, 64, 0
L 570, 590, -2, 570, 577, -1, 127, 64, 0
L 570, 577, 0, 590, 577, 0, 127, 64, 0
L 546, 633, 4, 517, 633, 4, 0, 0, 0
L 517, 644, -5, 517, 633, -5, 0, 0, 0
L 546, 633, 9, 546, 630, 9, 0, 0, 0
L 546, 630, 9, 547, 625, 4, 0, 0, 0
L 547, 625, 4, 550, 619, 4, 0, 0, 0
L 550, 619, 4, 556, 615, 4, 0, 0, 0
L 556, 615, 4, 562, 613, 4, 0, 0, 0
L 562, 613, 4, 573, 613, 4, 0, 0, 0
L 573, 613, 4, 572, 619, 4, 0, 0, 0
L 587, 613, 4, 598, 613, 4, 0, 0, 0
L 598, 613, 4, 606, 616, 4, 0, 0, 0
L 587, 619, 4, 587, 613, 4, 0, 0, 0
L 572, 619, 4, 563, 619, 4, 0, 0, 0
L 563, 619, 4, 557, 621, 4, 0, 0, 0
L 557, 621, 4, 555, 622, 4, 0, 0, 0
L 555, 622, 4, 554, 623, 4, 0, 0, 0
L 554, 623, 4, 552, 630, 4, 0, 0, 0
L 552, 630, 4, 552, 640, 8, 0, 0, 0
L 587, 619, 4, 597, 619, 4, 0, 0, 0
L 597, 619, 4, 605, 622, 4, 0, 0, 0
L 605, 622, 4, 605, 622, 7, 0, 0, 0
L 605, 622, 7, 608, 630, 4, 0, 0, 0
L 608, 630, 4, 608, 640, 4, 0, 0, 0
L 608, 640, 9, 634, 640, 9, 0, 0, 0
L 634, 640, 9, 634, 685, 9, 0, 0, 0
L 634, 685, 4, 644, 685, 4, 0, 0, 0
L 644, 685, 4, 650, 687, 4, 0, 0, 0
L 650, 687, 4, 652, 688, 4, 0, 0, 0
L 652, 688, 4, 655, 696, 4, 0, 0, 0
L 655, 696, 4, 655, 706, 4, 0, 0, 0
L 655, 720, 4, 655, 730, 4, 0, 0, 0
L 655, 730, 4, 653, 736, 4, 0, 0, 0
L 653, 736, 4, 652, 738, 4, 0, 0, 0
L 652, 738, 4, 644, 741, 4, 0, 0, 0
L 644, 741, 4, 607, 741, 4, 0, 0, 0
L 607, 741, 4, 607, 751, 4, 0, 0, 0
L 607, 751, 4, 605, 757, 4, 0, 0, 0
L 605, 757, 4, 602, 760, 4, 0, 0, 0
L 602, 760, 4, 596, 762, 4, 0, 0, 0
L 596, 762, 4, 562, 762, 6, 0, 0, 0
L 562, 762, 6, 556, 760, 4, 0, 0, 0
L 556, 760, 4, 554, 759, 4, 0, 0, 0
L 554, 759, 4, 551, 751, 4, 0, 0, 0
L 551, 751, 4, 551, 741, 4, 0, 0, 0
L 551, 741, 4, 515, 741, 4, 0, 0, 0
L 515, 741, 4, 509, 739, 4, 0, 0, 0
L 509, 739, 4, 507, 738, 4, 0, 0, 0
L 507, 738, 4, 506, 736, 4, 0, 0, 0
L 506, 736, 4, 504, 730, 4, 0, 0, 0
L 504, 730, 4, 504, 696, 4, 0, 0, 0
L 507, 688, 4, 504, 696, 4, 0, 0, 0
L 507, 688, 4, 513, 685, 4, 0, 0, 0
L 513, 685, 4, 515, 685, 8, 0, 0, 0
L 515, 685, 8, 525, 685, 8, 0, 0, 0
L 525, 685, 5, 525, 640, 9, 0, 0, 0
L 552, 640, 9, 525, 640, 9, 0, 0, 0
L 661, 720, 4, 661, 730, 4, 0, 0, 0
L 661, 730, 4, 663, 736, 4, 0, 0, 0
L 663, 736, 4, 664, 738, 4, 0, 0, 0
L 664, 738, 4, 666, 739, 4, 0, 0, 0
L 666, 739, 4, 672, 741, 4, 0, 0, 0
L 672, 741, 4, 686, 741, 4, 0, 0, 0
L 686, 741, 4, 725, 741, 8, 0, 0, 0
L 725, 741, 8, 731, 739, 4, 0, 0, 0
L 731, 739, 4, 733, 738, 4, 0, 0, 0
L 733, 738, 4, 734, 736, 4, 0, 0, 0
L 734, 736, 4, 736, 730, 4, 0, 0, 0
L 736, 730, 4, 736, 696, 4, 0, 0, 0
L 736, 696, 4, 734, 690, 4, 0, 0, 0
L 734, 690, 4, 733, 688, 4, 0, 0, 0
L 733, 688, 4, 731, 687, 4, 0, 0, 0
L 731, 687, 4, 725, 685, 4, 0, 0, 0
L 725, 685, 4, 672, 685, 4, 0, 0, 0
L 672, 685, 4, 668, 686, 4, 0, 0, 0
L 668, 686, 4, 664, 688, 4, 0, 0, 0
L 664, 688, 4, 663, 689, 7, 0, 0, 0
L 663, 689, 7, 662, 692, 11, 0, 0, 0
L 662, 692, 11, 661, 696, 4, 0, 0, 0
L 661, 696, 4, 661, 706, 4, 0, 0, 0
L 661, 706, 4, 655, 706, 4, 0, 0, 0
L 661, 720, 4, 655, 720, 4, 0, 0, 0
L 552, 754, -43, 551, 751, -43, 0, 127, 127
L 551, 751, -43, 551, 714, -43, 0, 127, 127
L 551, 714, -43, 552, 712, -43, 0, 127, 127
L 552, 712, -43, 552, 711, -43, 0, 127, 127
L 552, 711, -43, 553, 709, -43, 0, 127, 127
L 553, 709, -43, 555, 707, -43, 0, 127, 127
L 555, 707, -43, 556, 707, -43, 0, 127, 127
L 556, 707, -43, 558, 706, -43, 0, 127, 127
L 558, 706, -43, 563, 705, -43, 0, 127, 127
L 563, 705, -43, 596, 705, -43, 0, 127, 127
L 596, 705, -43, 602, 707, -43, 0, 127, 127
L 602, 707, -43, 604, 707, -43, 0, 127, 127
L 604, 707, -43, 605, 709, -43, 0, 127, 127
L 605, 709, -43, 607, 717, -43, 0, 127, 127
L 607, 717, -43, 607, 753, -43, 0, 127, 127
L 607, 753, -43, 606, 755, -43, 0, 127, 127
L 606, 755, -43, 606, 757, -43, 0, 127, 127
L 606, 757, -43, 603, 760, -43, 0, 127, 127
L 603, 760, -43, 602, 760, -43, 0, 127, 127
L 602, 760, -43, 600, 761, -43, 0, 127, 127
L 600, 761, -43, 595, 762, -43, 0, 127, 127
L 595, 762, -43, 562, 762, -43, 0, 127, 127
L 562, 762, -43, 556, 760, -43, 0, 127, 127
L 556, 760, -43, 554, 759, -43, 0, 127, 127
L 554, 759, -43, 553, 758, -43, 0, 127, 127
L 553, 758, -43, 552, 754, -43, 0, 127, 127
L 552, 754, -43, 551, 752, -43, 0, 127, 127
L 551, 752, -43, 551, 749, -43, 0, 127, 127
L 112, -621, 4, 112, -653, -4, 0, 0, 0
L 112, -653, -4, 128, -676, -4, 0, 0, 0
L 128, -676, -4, 134, -700, -17, 0, 0, 0
L 134, -700, -17, 128, -725, -22, 0, 0, 0
L 128, -725, -22, 130, -753, -52, 0, 0, 0
L 130, -753, -52, 113, -771, -59, 0, 0, 0
L 113, -771, -59, 81, -798, -76, 0, 0, 0
L 81, -798, -76, 64, -821, -76, 0, 0, 0
L 64, -821, -76, 63, -858, -76, 0, 0, 0
L 63, -858, -76, 67, -871, -77, 0, 0, 0
L 67, -871, -77, 69, -896, -82, 0, 0, 0
L 69, -896, -82, 69, -912, -82, 0, 0, 0
L 69, -912, -82, 68, -930, -78, 0, 0, 0
L 68, -930, -78, 63, -947, -76, 0, 0, 0
L 63, -947, -76, 63, -982, -76, 0, 0, 0
L 63, -982, -76, 22, -1033, -63, 0, 0, 0
L 22, -1033, -63, 10, -1057, -43, 0, 0, 0
L 10, -1057, -43, 15, -1083, -18, 0, 0, 0
L 15, -1083, -18, 13, -1101, -9, 0, 0, 0
L 13, -1101, -9, 31, -1119, -5, 0, 0, 0
L 31, -1119, -5, 40, -1142, -15, 0, 0, 0
L 40, -1142, -15, 53, -1164, -12, 0, 0, 0
L 53, -1164, -12, 50, -1185, -1, 0, 0, 0
L 50, -1185, -1, 42, -1209, 5, 0, 0, 0
L 42, -1209, 5, 43, -1253, 6, 0, 0, 0
L 43, -1253, 6, 34, -1258, 3, 0, 0, 0
L 34, -1258, 3, 40, -1268, 0, 0, 0, 0
L 40, -1268, 0, 48, -1278, 7, 0, 0, 0
L 48, -1278, 7, 54, -1288, 8, 0, 0, 0
L 54, -1288, 8, 57, -1292, 0, 0, 0, 0
L 57, -1292, 0, 57, -1298, 0, 0, 0, 0
L 57, -1298, 0, 55, -1309, 0, 0, 0, 0
L 55, -1309, 0, 54, -1324, 0, 0, 0, 0
L 54, -1324, 0, 54, -1340, 0, 0, 0, 0
L 54, -1340, 0, 55, -1359, 1, 0, 0, 0
L 55, -1359, 1, 59, -1376, 3, 0, 0, 0
L 59, -1376, 3, 65, -1391, 4, 0, 0, 0
L 65, -1391, 4, 67, -1405, 7, 0, 0, 0
L 67, -1405, 7, 68, -1412, 8, 0, 0, 0
L 68, -1412, 8, 68, -1421, 9, 0, 0, 0
L 68, -1421, 9, 67, -1440, 7, 0, 0, 0
L 67, -1440, 7, 65, -1460, 2, 0, 0, 0
L 65, -1460, 2, 62, -1477, 0, 0, 0, 0
L 62, -1477, 0, 60, -1493, -1, 0, 0, 0
L 60, -1493, -1, 58, -1512, -2, 0, 0, 0
L 58, -1512, -2, 60, -1540, 1, 0, 0, 0
L 60, -1540, 1, 60, -1550, 4, 0, 0, 0
L 60, -1550, 4, 58, -1559, 8, 0, 0, 0
L 58, -1559, 8, 55, -1566, 1, 0, 0, 0
L 55, -1566, 1, 53, -1579, 1, 0, 0, 0
L 53, -1579, 1, 46, -1592, 3, 0, 0, 0
L 46, -1592, 3, 42, -1598, 8, 0, 0, 0
L 42, -1598, 8, 42, -1639, 9, 0, 0, 0
L 42, -1639, 9, 37, -1651, 11, 0, 0, 0
L 37, -1651, 11, 33, -1659, 15, 0, 0, 0
L 33, -1659, 15, 34, -1668, 18, 0, 0, 0
L 34, -1668, 18, 34, -1679, 22, 0, 0, 0
L 34, -1679, 22, 50, -1702, 29, 0, 0, 0
L 50, -1702, 29, 57, -1727, 31, 0, 0, 0
L 57, -1727, 31, 64, -1745, 40, 0, 0, 0
L 64, -1745, 40, 57, -1770, 41, 0, 0, 0
L 57, -1770, 41, 38, -1798, 44, 0, 0, 0
L 38, -1798, 44, 18, -1819, 52, 0, 0, 0
L 18, -1819, 52, 8, -1841, 62, 0, 0, 0
L 8, -1841, 62, -3, -1862, 62, 0, 0, 0
L -3, -1862, 62, -14, -1878, 75, 0, 0, 0
L -14, -1878, 75, -20, -1901, 93, 0, 0, 0
L -20, -1901, 93, -27, -1926, 107, 0, 0, 0
L -27, -1926, 107, -20, -1943, 110, 0, 0, 0
L -20, -1943, 110, -19, -1993, 110, 0, 0, 0
L -19, -1993, 110, -15, -2005, 109, 0, 0, 0
L -15, -2005, 109, -13, -2036, 104, 0, 0, 0
L -13, -2036, 104, -16, -2069, 112, 0, 0, 0
L -16, -2069, 112, -19, -2084, 110, 0, 0, 0
L -19, -2084, 110, -18, -2110, 110, 0, 0, 0
L -18, -2110, 110, -18, -2131, 112, 0, 0, 0
L -18, -2131, 112, -16, -2141, 113, 0, 0, 0
L -16, -2141, 113, -24, -2168, 108, 0, 0, 0
L -24, -2168, 108, -24, -2179, 107, 0, 0, 0
L -24, -2179, 107, -30, -2200, 117, 0, 0, 0
L -30, -2200, 117, -29, -2224, 134, 0, 0, 0
L -29, -2224, 134, -21, -2245, 139, 0, 0, 0
L -21, -2245, 139, -15, -2271, 142, 0, 0, 0
L -15, -2271, 142, -12, -2291, 148, 0, 0, 0
L -12, -2291, 148, -25, -2319, 154, 0, 0, 0
L -25, -2319, 154, -33, -2339, 153, 0, 0, 0
L -33, -2339, 153, -52, -2363, 147, 0, 0, 0
L -52, -2363, 147, -59, -2385, 142, 0, 0, 0
L -59, -2385, 142, -72, -2410, 143, 0, 0, 0
L -72, -2410, 143, -77, -2433, 155, 0, 0, 0
L -77, -2433, 155, -83, -2457, 175, 0, 0, 0
L -83, -2457, 175, -82, -2479, 186, 0, 0, 0
L -82, -2479, 186, -69, -2514, 189, 0, 0, 0
L -69, -2514, 189, -61, -2535, 200, 0, 0, 0
L -61, -2535, 200, -59, -2554, 209, 0, 0, 0
L -59, -2554, 209, -59, -2634, 210, 0, 0, 0
L -59, -2634, 210, -58, -2653, 206, 0, 0, 0
L -58, -2653, 206, -38, -2670, 202, 0, 0, 0
L -38, -2670, 202, -27, -2680, 204, 0, 0, 0
L -27, -2680, 204, -6, -2682, 209, 0, 0, 0
L -6, -2682, 209, 8, -2686, 210, 0, 0, 0
L 8, -2686, 210, 45, -2686, 210, 0, 0, 0
L 45, -2686, 210, 103, -2699, 210, 0, 0, 0
L 103, -2699, 210, 158, -2686, 210, 0, 0, 0
L 158, -2686, 210, 190, -2687, 210, 0, 0, 0
L 190, -2687, 210, 204, -2683, 209, 0, 0, 0
L 204, -2683, 209, 229, -2681, 204, 0, 0, 0
L 229, -2681, 204, 243, -2669, 202, 0, 0, 0
L 243, -2669, 202, 258, -2657, 205, 0, 0, 0
L 258, -2657, 205, 261, -2650, 207, 0, 0, 0
L 261, -2650, 207, 263, -2631, 213, 0, 0, 0
L 263, -2631, 213, 261, -2592, 209, 0, 0, 0
L 261, -2592, 209, 261, -2584, 209, 0, 0, 0
L 261, -2584, 209, 255, -2584, 208, 0, 0, 0
L 255, -2584, 208, 255, -2590, 208, 0, 0, 0
L 255, -2590, 207, 246, -2590, 206, 0, 0, 0
L 246, -2590, 209, 246, -2574, 209, 0, 0, 0
L 246, -2574, 206, 256, -2574, 206, 0, 0, 0
L 256, -2578, 206, 256, -2574, 206, 0, 0, 0
L 256, -2578, 206, 262, -2578, 206, 0, 0, 0
L 262, -2578, 206, 262, -2546, 202, 0, 0, 0
L 262, -2546, 202, 267, -2539, 198, 0, 0, 0
L 267, -2539, 198, 276, -2535, 194, 0, 0, 0
L 276, -2535, 194, 279, -2534, 192, 0, 0, 0
L 279, -2534, 192, 287, -2534, 192, 0, 0, 0
L 287, -2534, 192, 309, -2534, 188, 0, 0, 0
L 309, -2534, 188, 322, -2535, 186, 0, 0, 0
L 322, -2535, 186, 328, -2539, 183, 0, 0, 0
L 328, -2539, 183, 340, -2531, 182, 0, 0, 0
L 340, -2531, 182, 351, -2527, 184, 0, 0, 0
L 351, -2527, 184, 361, -2530, 184, 0, 0, 0
L 361, -2530, 184, 368, -2533, 184, 0, 0, 0
L 368, -2533, 184, 370, -2533, 182, 0, 0, 0
L 370, -2533, 182, 384, -2541, 176, 0, 0, 0
L 384, -2541, 176, 382, -2555, 172, 0, 0, 0
L 382, -2555, 172, 382, -2571, 170, 0, 0, 0
L 382, -2571, 170, 382, -2590, 170, 0, 0, 0
L 382, -2590, 170, 382, -2615, 165, 0, 0, 0
L 382, -2615, 165, 384, -2635, 162, 0, 0, 0
L 384, -2635, 162, 389, -2655, 160, 0, 0, 0
L 389, -2655, 160, 392, -2662, 158, 0, 0, 0
L 392, -2662, 158, 395, -2668, 158, 0, 0, 0
L 395, -2668, 158, 409, -2680, 156, 0, 0, 0
L 409, -2680, 156, 421, -2683, 154, 0, 0, 0
L 421, -2683, 154, 428, -2688, 152, 0, 0, 0
L 428, -2688, 152, 449, -2704, 148, 0, 0, 0
L 449, -2704, 148, 460, -2704, 144, 0, 0, 0
L 460, -2704, 144, 486, -2704, 144, 0, 0, 0
L 486, -2704, 144, 501, -2704, 142, 0, 0, 0
L 501, -2704, 142, 523, -2704, 140, 0, 0, 0
L 523, -2704, 140, 545, -2704, 140, 0, 0, 0
L 545, -2704, 140, 567, -2698, 140, 0, 0, 0
L 567, -2698, 140, 586, -2690, 138, 0, 0, 0
L 586, -2690, 138, 598, -2681, 136, 0, 0, 0
L 598, -2681, 136, 611, -2663, 132, 0, 0, 0
L 611, -2663, 132, 617, -2648, 130, 0, 0, 0
L 617, -2648, 130, 620, -2636, 128, 0, 0, 0
L 620, -2636, 128, 620, -2625, 128, 0, 0, 0
L 620, -2625, 128, 620, -2610, 126, 0, 0, 0
L 620, -2610, 126, 622, -2585, 122, 0, 0, 0
L 622, -2585, 122, 622, -2562, 120, 0, 0, 0
L 622, -2562, 120, 621, -2543, 119, 0, 0, 0
L 621, -2543, 119, 620, -2520, 122, 0, 0, 0
L 620, -2520, 122, 619, -2498, 118, 0, 0, 0
L 619, -2498, 118, 616, -2490, 118, 0, 0, 0
L 616, -2490, 118, 608, -2492, 118, 0, 0, 0
L 608, -2492, 118, 605, -2490, 120, 0, 0, 0
L 605, -2490, 120, 603, -2472, 119, 0, 0, 0
L 603, -2472, 119, 605, -2458, 120, 0, 0, 0
L 605, -2458, 120, 605, -2449, 118, 0, 0, 0
L 605, -2449, 118, 610, -2456, 96, 0, 0, 0
L 610, -2456, 96, 702, -2456, 96, 0, 0, 0
L 702, -2456, 96, 702, -2472, 96, 0, 0, 0
L 702, -2473, 96, 713, -2472, 92, 0, 0, 0
L 713, -2472, 92, 724, -2473, 86, 0, 0, 0
L 724, -2473, 86, 737, -2478, 78, 0, 0, 0
L 737, -2478, 78, 755, -2480, 70, 0, 0, 0
L 755, -2480, 70, 764, -2478, 66, 0, 0, 0
L 764, -2478, 66, 775, -2485, 60, 0, 0, 0
L 775, -2485, 60, 778, -2488, 58, 0, 0, 0
L 778, -2488, 58, 782, -2492, 60, 0, 0, 0
L 782, -2492, 60, 792, -2510, 60, 0, 0, 0
L 792, -2510, 60, 928, -2510, 60, 0, 0, 0
L 928, -2510, 60, 928, -2398, 60, 0, 0, 0
L 928, -2398, 52, 936, -2398, 52, 0, 0, 0
L 936, -2398, 52, 936, -2386, 52, 0, 0, 0
L 936, -2386, 55, 941, -2386, 55, 0, 0, 0
L 941, -2386, 52, 941, -2398, 52, 0, 0, 0
L 941, -2398, 52, 946, -2398, 52, 0, 0, 0
L 946, -2398, 52, 946, -2510, 52, 0, 0, 0
L 946, -2510, 52, 1008, -2510, 52, 0, 0, 0
L 1008, -2510, 52, 1008, -2474, 54, 0, 0, 0
L 1008, -2474, 42, 1186, -2474, 42, 0, 0, 0
L 1186, -2474, 42, 1186, -2510, 42, 0, 0, 0
L 1186, -2510, 42, 1219, -2510, 42, 0, 0, 0
L 1219, -2510, 42, 1274, -2415, 42, 0, 0, 0
L 1274, -2415, 42, 1274, -2317, 42, 0, 0, 0
L 1274, -2317, 42, 1219, -2238, 42, 0, 0, 0
L 1219, -2238, 42, 1186, -2238, 42, 0, 0, 0
L 1186, -2238, 42, 1186, -2274, 42, 0, 0, 0
L 1186, -2274, 42, 1008, -2274, 42, 0, 0, 0
L 1008, -2274, 52, 1008, -2238, 52, 0, 0, 0
L 1008, -2238, 52, 946, -2238, 52, 0, 0, 0
L 946, -2238, 52, 946, -2330, 52, 0, 0, 0
L 941, -2330, 52, 946, -2330, 52, 0, 0, 0
L 941, -2330, 52, 941, -2336, 52, 0, 0, 0
L 941, -2336, 68, 936, -2336, 68, 0, 0, 0
L 936, -2336, 52, 936, -2330, 52, 0, 0, 0
L 936, -2330, 52, 928, -2330, 52, 0, 0, 0
L 928, -2330, 60, 928, -2238, 60, 0, 0, 0
L 928, -2238, 60, 770, -2238, 60, 0, 0, 0
L 770, -2238, 60, 770, -2255, 60, 0, 0, 0
L 770, -2255, 60, 762, -2262, 66, 0, 0, 0
L 762, -2262, 66, 751, -2258, 72, 0, 0, 0
L 751, -2258, 72, 742, -2254, 76, 0, 0, 0
L 742, -2254, 76, 734, -2259, 80, 0, 0, 0
L 734, -2259, 80, 721, -2256, 86, 0, 0, 0
L 721, -2256, 86, 716, -2252, 90, 0, 0, 0
L 716, -2252, 90, 706, -2245, 94, 0, 0, 0
L 706, -2245, 94, 703, -2238, 96, 0, 0, 0
L 703, -2238, 96, 552, -2238, 96, 0, 0, 0
L 552, -2238, 96, 552, -2456, 96, 0, 0, 0
L 552, -2456, 96, 587, -2456, 96, 0, 0, 0
L 793, -2320, 54, 780, -2309, 58, 0, 0, 0
L 780, -2309, 58, 770, -2304, 62, 0, 0, 0
L 770, -2304, 62, 757, -2300, 70, 0, 0, 0
L 757, -2300, 70, 741, -2296, 78, 0, 0, 0
L 741, -2296, 78, 727, -2292, 84, 0, 0, 0
L 727, -2292, 84, 710, -2294, 92, 0, 0, 0
L 710, -2294, 92, 692, -2302, 96, 0, 0, 0
L 692, -2302, 96, 684, -2303, 96, 0, 0, 0
L 684, -2303, 96, 669, -2304, 96, 0, 0, 0
L 675, -2304, 96, 671, -2304, 96, 0, 0, 0
L 666, -2305, 96, 652, -2317, 96, 0, 0, 0
L 652, -2317, 96, 684, -2329, 96, 0, 0, 0
L 684, -2329, 96, 702, -2334, 96, 0, 0, 0
L 702, -2334, 96, 726, -2337, 86, 0, 0, 0
L 726, -2337, 86, 745, -2333, 76, 0, 0, 0
L 745, -2333, 76, 761, -2334, 68, 0, 0, 0
L 761, -2334, 68, 772, -2336, 62, 0, 0, 0
L 772, -2336, 62, 783, -2328, 57, 0, 0, 0
L 783, -2328, 57, 793, -2320, 54, 0, 0, 0
L 666, -2305, 96, 669, -2304, 96, 0, 0, 0
L 648, -2399, 96, 698, -2393, 96, 0, 0, 0
L 698, -2393, 96, 716, -2395, 91, 0, 0, 0
L 716, -2395, 91, 752, -2402, 72, 0, 0, 0
L 752, -2402, 72, 770, -2406, 64, 0, 0, 0
L 770, -2406, 64, 782, -2412, 57, 0, 0, 0
L 782, -2412, 57, 786, -2414, 54, 0, 0, 0
L 786, -2414, 54, 789, -2416, 54, 0, 0, 0
L 789, -2416, 54, 795, -2420, 52, 0, 0, 0
L 795, -2420, 54, 783, -2432, 56, 0, 0, 0
L 783, -2432, 56, 766, -2432, 64, 0, 0, 0
L 766, -2432, 64, 751, -2429, 72, 0, 0, 0
L 751, -2429, 72, 733, -2426, 80, 0, 0, 0
L 733, -2426, 80, 716, -2423, 90, 0, 0, 0
L 716, -2423, 90, 700, -2419, 96, 0, 0, 0
L 700, -2419, 96, 672, -2413, 96, 0, 0, 0
L 672, -2413, 96, 648, -2399, 96, 0, 0, 0
L 938, -2336, 68, 938, -2336, 68, 0, 0, 0
L 938, -2336, 68, 938, -2386, 55, 127, 64, 0
L 587, -2456, 120, 588, -2484, 120, 0, 0, 0
L 588, -2484, 120, 587, -2489, 120, 0, 0, 0
L 587, -2489, 120, 582, -2492, 120, 0, 0, 0
L 580, -2492, 120, 580, -2486, 130, 0, 0, 0
L 580, -2486, 130, 570, -2477, 122, 0, 0, 0
L 570, -2477, 122, 570, -2495, 120, 0, 0, 0
L 570, -2495, 120, 570, -2545, 120, 0, 0, 0
L 570, -2545, 120, 570, -2572, 122, 0, 0, 0
L 570, -2572, 122, 570, -2587, 122, 0, 0, 0
L 570, -2587, 122, 571, -2620, 126, 0, 0, 0
L 571, -2620, 126, 571, -2624, 126, 0, 0, 0
L 571, -2624, 126, 571, -2634, 130, 0, 0, 0
L 571, -2634, 130, 572, -2639, 130, 0, 0, 0
L 572, -2639, 130, 572, -2642, 132, 0, 0, 0
L 572, -2642, 132, 572, -2651, 134, 0, 0, 0
L 572, -2651, 134, 566, -2654, 136, 0, 0, 0
L 566, -2654, 136, 547, -2653, 140, 0, 0, 0
L 547, -2653, 140, 530, -2653, 140, 0, 0, 0
L 530, -2653, 140, 517, -2652, 140, 0, 0, 0
L 517, -2652, 140, 505, -2652, 144, 0, 0, 0
L 505, -2652, 144, 474, -2651, 144, 0, 0, 0
L 474, -2651, 144, 456, -2650, 148, 0, 0, 0
L 456, -2650, 148, 443, -2650, 154, 0, 0, 0
L 443, -2650, 154, 437, -2650, 156, 0, 0, 0
L 437, -2650, 156, 435, -2638, 160, 0, 0, 0
L 435, -2638, 160, 436, -2630, 162, 0, 0, 0
L 436, -2630, 162, 435, -2611, 164, 0, 0, 0
L 435, -2611, 164, 434, -2589, 170, 0, 0, 0
L 434, -2589, 170, 433, -2564, 170, 0, 0, 0
L 433, -2564, 170, 429, -2542, 174, 0, 0, 0
L 429, -2542, 174, 423, -2527, 176, 0, 0, 0
L 423, -2527, 176, 415, -2517, 178, 0, 0, 0
L 415, -2517, 178, 400, -2500, 180, 0, 0, 0
L 400, -2500, 180, 385, -2490, 184, 0, 0, 0
L 385, -2490, 184, 365, -2487, 184, 0, 0, 0
L 365, -2487, 184, 346, -2484, 186, 0, 0, 0
L 346, -2484, 186, 323, -2481, 186, 0, 0, 0
L 323, -2481, 186, 299, -2482, 190, 0, 0, 0
L 299, -2482, 190, 275, -2486, 192, 0, 0, 0
L 275, -2486, 192, 252, -2492, 196, 0, 0, 0
L 252, -2492, 196, 233, -2510, 200, 0, 0, 0
L 233, -2510, 200, 217, -2526, 202, 0, 0, 0
L 217, -2526, 202, 215, -2533, 204, 0, 0, 0
L 215, -2533, 204, 211, -2555, 204, 0, 0, 0
L 211, -2555, 204, 210, -2578, 206, 0, 0, 0
L 210, -2578, 206, 217, -2578, 206, 0, 0, 0
L 217, -2578, 206, 217, -2574, 206, 0, 0, 0
L 217, -2574, 206, 227, -2574, 206, 0, 0, 0
L 227, -2574, 208, 227, -2590, 208, 0, 0, 0
L 227, -2590, 207, 217, -2590, 207, 0, 0, 0
L 217, -2590, 209, 217, -2584, 209, 0, 0, 0
L 217, -2584, 209, 202, -2584, 216, 0, 0, 0
L 202, -2584, 216, 202, -2604, 216, 0, 0, 0
L 202, -2604, 216, 198, -2617, 215, 0, 0, 0
L 198, -2617, 215, 192, -2623, 216, 0, 0, 0
L 192, -2623, 216, 182, -2630, 215, 0, 0, 0
L 182, -2630, 215, 161, -2631, 214, 0, 0, 0
L 161, -2631, 214, 135, -2634, 215, 0, 0, 0
L 135, -2634, 215, 99, -2640, 217, 0, 0, 0
L 99, -2640, 217, 70, -2635, 215, 0, 0, 0
L 70, -2635, 215, 47, -2629, 216, 0, 0, 0
L 47, -2629, 216, 17, -2629, 215, 0, 0, 0
L 17, -2629, 215, 2, -2616, 215, 0, 0, 0
L 2, -2616, 215, -1, -2607, 216, 0, 0, 0
L -1, -2607, 216, -2, -2595, 215, 0, 0, 0
L -2, -2595, 215, -2, -2558, 215, 0, 0, 0
L -2, -2558, 215, -8, -2533, 203, 0, 0, 0
L -8, -2533, 203, -17, -2501, 195, 0, 0, 0
L -17, -2501, 195, -24, -2481, 192, 0, 0, 0
L -24, -2481, 192, -25, -2457, 182, 0, 0, 0
L -25, -2457, 182, -20, -2431, 160, 0, 0, 0
L -20, -2431, 160, -12, -2406, 148, 0, 0, 0
L -12, -2406, 148, -6, -2396, 148, 0, 0, 0
L -6, -2396, 148, -1, -2384, 148, 0, 0, 0
L -1, -2384, 148, 7, -2360, 154, 0, 0, 0
L 7, -2360, 154, 15, -2349, 156, 0, 0, 0
L 15, -2349, 156, 29, -2329, 159, 0, 0, 0
L 29, -2329, 159, 38, -2305, 156, 0, 0, 0
L 38, -2305, 156, 42, -2282, 150, 0, 0, 0
L 42, -2282, 150, 40, -2268, 146, 0, 0, 0
L 40, -2268, 146, 35, -2242, 144, 0, 0, 0
L 35, -2242, 144, 31, -2233, 142, 0, 0, 0
L 31, -2233, 142, 27, -2214, 132, 0, 0, 0
L 27, -2214, 132, 31, -2195, 124, 0, 0, 0
L 31, -2195, 124, 31, -2186, 116, 0, 0, 0
L 31, -2186, 116, 34, -2164, 114, 0, 0, 0
L 34, -2164, 114, 40, -2135, 119, 0, 0, 0
L 40, -2135, 119, 40, -2113, 117, 0, 0, 0
L 40, -2113, 117, 40, -2086, 116, 0, 0, 0
L 40, -2086, 116, 41, -2067, 110, 0, 0, 0
L 41, -2067, 110, 50, -2063, 110, 0, 0, 0
L 50, -2063, 110, 72, -2063, 110, 0, 0, 0
L 72, -2063, 110, 106, -2062, 114, 0, 0, 0
L 106, -2062, 114, 128, -2070, 110, 0, 0, 0
L 128, -2070, 110, 148, -2069, 109, 0, 0, 0
L 148, -2069, 109, 167, -2075, 117, 0, 0, 0
L 167, -2075, 117, 191, -2072, 134, 0, 0, 0
L 191, -2072, 134, 213, -2065, 140, 0, 0, 0
L 213, -2065, 140, 235, -2060, 141, 0, 0, 0
L 235, -2060, 141, 255, -2058, 150, 0, 0, 0
L 255, -2058, 150, 279, -2065, 151, 0, 0, 0
L 279, -2065, 151, 301, -2076, 153, 0, 0, 0
L 301, -2076, 153, 327, -2095, 148, 0, 0, 0
L 327, -2095, 148, 353, -2103, 142, 0, 0, 0
L 353, -2103, 142, 376, -2116, 143, 0, 0, 0
L 376, -2116, 143, 397, -2121, 153, 0, 0, 0
L 397, -2121, 153, 424, -2127, 176, 0, 0, 0
L 424, -2127, 176, 444, -2127, 186, 0, 0, 0
L 444, -2127, 186, 463, -2119, 190, 0, 0, 0
L 463, -2119, 190, 474, -2117, 190, 0, 0, 0
L 474, -2117, 190, 501, -2106, 200, 0, 0, 0
L 501, -2106, 200, 516, -2104, 207, 0, 0, 0
L 516, -2104, 207, 532, -2103, 210, 0, 0, 0
L 532, -2103, 210, 585, -2103, 210, 0, 0, 0
L 585, -2103, 210, 622, -2105, 217, 0, 0, 0
L 622, -2105, 217, 647, -2090, 218, 0, 0, 0
L 647, -2090, 218, 655, -2070, 215, 0, 0, 0
L 655, -2070, 215, 655, -2044, 215, 0, 0, 0
L 655, -2044, 215, 655, -2018, 214, 0, 0, 0
L 655, -2018, 214, 657, -1989, 213, 0, 0, 0
L 657, -1989, 213, 660, -1976, 207, 0, 0, 0
L 660, -1976, 207, 674, -1958, 195, 0, 0, 0
L 674, -1958, 195, 689, -1935, 179, 0, 0, 0
L 689, -1935, 179, 699, -1911, 176, 0, 0, 0
L 699, -1911, 176, 713, -1888, 184, 0, 0, 0
L 713, -1888, 184, 727, -1866, 176, 0, 0, 0
L 727, -1866, 176, 742, -1843, 176, 0, 0, 0
L 742, -1843, 176, 748, -1826, 176, 0, 0, 0
L 748, -1826, 176, 749, -1804, 176, 0, 0, 0
L 749, -1804, 176, 743, -1776, 176, 0, 0, 0
L 743, -1776, 176, 738, -1760, 179, 0, 0, 0
L 738, -1760, 179, 745, -1747, 176, 0, 0, 0
L 745, -1747, 176, 760, -1726, 176, 0, 0, 0
L 760, -1726, 176, 759, -1716, 176, 0, 0, 0
L 759, -1716, 176, 754, -1690, 181, 0, 0, 0
L 754, -1690, 181, 745, -1674, 176, 0, 0, 0
L 745, -1674, 176, 734, -1651, 176, 0, 0, 0
L 734, -1651, 176, 718, -1620, 176, 0, 0, 0
L 718, -1620, 176, 712, -1614, 176, 0, 0, 0
L 712, -1614, 176, 669, -1613, 176, 0, 0, 0
L 669, -1613, 176, 627, -1626, 176, 0, 0, 0
L 627, -1626, 176, 584, -1635, 176, 0, 0, 0
L 584, -1635, 176, 554, -1651, 176, 0, 0, 0
L 554, -1651, 176, 550, -1654, 176, 0, 0, 0
L 550, -1654, 176, 549, -1721, 176, 0, 0, 0
L 549, -1721, 176, 568, -1753, 178, 0, 0, 0
L 568, -1753, 178, 582, -1788, 181, 0, 0, 0
L 582, -1788, 181, 586, -1829, 176, 0, 0, 0
L 586, -1829, 176, 586, -1864, 176, 0, 0, 0
L 586, -1864, 176, 596, -1882, 176, 0, 0, 0
L 596, -1882, 176, 619, -1902, 176, 0, 0, 0
L 619, -1902, 176, 647, -1905, 176, 0, 0, 0
L 647, -1905, 176, 643, -1914, 180, 0, 0, 0
L 643, -1914, 180, 626, -1949, 193, 0, 0, 0
L 626, -1949, 193, 604, -1975, 214, 0, 0, 0
L 604, -1975, 214, 600, -2002, 213, 0, 0, 0
L 600, -2002, 213, 595, -2025, 215, 0, 0, 0
L 595, -2025, 215, 580, -2041, 216, 0, 0, 0
L 580, -2041, 216, 562, -2046, 215, 0, 0, 0
L 562, -2046, 215, 527, -2045, 216, 0, 0, 0
L 527, -2045, 216, 494, -2053, 201, 0, 0, 0
L 494, -2053, 201, 463, -2062, 196, 0, 0, 0
L 463, -2062, 196, 441, -2070, 190, 0, 0, 0
L 441, -2070, 190, 416, -2068, 178, 0, 0, 0
L 416, -2068, 178, 381, -2059, 151, 0, 0, 0
L 381, -2059, 151, 373, -2056, 148, 0, 0, 0
L 373, -2056, 148, 350, -2044, 148, 0, 0, 0
L 350, -2044, 148, 326, -2037, 153, 0, 0, 0
L 326, -2037, 153, 309, -2027, 156, 0, 0, 0
L 309, -2027, 156, 281, -2010, 157, 0, 0, 0
L 281, -2010, 157, 245, -2002, 149, 0, 0, 0
L 245, -2002, 149, 206, -2010, 144, 0, 0, 0
L 206, -2010, 144, 177, -2016, 131, 0, 0, 0
L 177, -2016, 131, 144, -2010, 115, 0, 0, 0
L 144, -2010, 115, 108, -2005, 118, 0, 0, 0
L 108, -2005, 118, 77, -2004, 117, 0, 0, 0
L 77, -2004, 117, 55, -2001, 117, 0, 0, 0
L 55, -2001, 117, 40, -1987, 115, 0, 0, 0
L 40, -1987, 115, 39, -1969, 115, 0, 0, 0
L 39, -1969, 115, 36, -1940, 115, 0, 0, 0
L 36, -1940, 115, 31, -1923, 112, 0, 0, 0
L 31, -1923, 112, 34, -1909, 105, 0, 0, 0
L 34, -1909, 105, 38, -1899, 99, 0, 0, 0
L 38, -1899, 99, 45, -1877, 78, 0, 0, 0
L 45, -1877, 78, 51, -1864, 70, 0, 0, 0
L 51, -1864, 70, 66, -1839, 67, 0, 0, 0
L 66, -1839, 67, 74, -1820, 59, 0, 0, 0
L 74, -1820, 59, 93, -1800, 51, 0, 0, 0
L 93, -1800, 51, 114, -1768, 46, 0, 0, 0
L 114, -1768, 46, 123, -1743, 44, 0, 0, 0
L 123, -1743, 44, 117, -1729, 40, 0, 0, 0
L 117, -1729, 40, 109, -1701, 37, 0, 0, 0
L 109, -1701, 37, 95, -1685, 30, 0, 0, 0
L 95, -1685, 30, 93, -1672, 27, 0, 0, 0
L 93, -1672, 27, 95, -1655, 20, 0, 0, 0
L 95, -1655, 20, 101, -1632, 10, 0, 0, 0
L 101, -1632, 10, 103, -1616, 12, 0, 0, 0
L 103, -1616, 12, 101, -1587, 11, 0, 0, 0
L 101, -1587, 11, 94, -1579, 9, 0, 0, 0
L 94, -1579, 9, 82, -1564, 2, 0, 0, 0
L 82, -1564, 2, 74, -1554, 2, 0, 0, 0
L 74, -1554, 2, 74, -1534, 0, 0, 0, 0
L 74, -1534, 0, 76, -1510, -2, 0, 0, 0
L 76, -1510, -2, 79, -1481, -1, 0, 0, 0
L 79, -1481, -1, 84, -1454, 3, 0, 0, 0
L 84, -1454, 3, 86, -1434, 8, 0, 0, 0
L 86, -1434, 8, 95, -1432, 10, 0, 0, 0
L 95, -1432, 10, 113, -1432, 11, 0, 0, 0
L 113, -1432, 11, 139, -1432, 9, 0, 0, 0
L 139, -1432, 9, 165, -1434, 6, 0, 0, 0
L 165, -1434, 6, 188, -1446, 6, 0, 0, 0
L 188, -1446, 6, 206, -1463, 8, 0, 0, 0
L 206, -1463, 8, 206, -1466, 9, 0, 0, 0
L 206, -1466, 9, 214, -1457, 12, 0, 0, 0
L 214, -1457, 12, 223, -1456, 11, 0, 0, 0
L 223, -1456, 11, 248, -1456, 10, 0, 0, 0
L 248, -1456, 10, 263, -1456, 9, 0, 0, 0
L 263, -1456, 9, 273, -1460, 7, 0, 0, 0
L 273, -1460, 7, 300, -1464, -4, 0, 0, 0
L 300, -1464, -4, 317, -1459, -6, 0, 0, 0
L 317, -1459, -6, 336, -1446, -8, 0, 0, 0
L 336, -1446, -8, 358, -1428, -4, 0, 0, 0
L 358, -1428, -4, 367, -1424, -4, 0, 0, 0
L 367, -1424, -4, 400, -1426, -18, 0, 0, 0
L 400, -1426, -18, 439, -1425, -24, 0, 0, 0
L 439, -1425, -24, 471, -1426, -26, 0, 0, 0
L 471, -1426, -26, 506, -1428, -41, 0, 0, 0
L 506, -1428, -41, 539, -1429, -40, 0, 0, 0
L 539, -1429, -40, 562, -1429, -40, 0, 0, 0
L 562, -1429, -40, 578, -1422, -44, 0, 0, 0
L 578, -1422, -44, 589, -1410, -48, 0, 0, 0
L 589, -1410, -48, 594, -1386, -48, 0, 0, 0
L 594, -1386, -48, 587, -1371, -46, 0, 0, 0
L 587, -1371, -46, 572, -1368, -45, 0, 0, 0
L 572, -1368, -45, 569, -1368, -45, 0, 0, 0
L 569, -1368, -45, 544, -1367, -41, 0, 0, 0
L 544, -1367, -41, 515, -1368, -45, 0, 0, 0
L 515, -1368, -45, 484, -1369, -40, 0, 0, 0
L 484, -1369, -40, 460, -1366, -21, 0, 0, 0
L 460, -1366, -21, 434, -1368, -26, 0, 0, 0
L 434, -1368, -26, 408, -1368, -19, 0, 0, 0
L 408, -1368, -19, 382, -1367, -12, 0, 0, 0
L 382, -1367, -12, 367, -1367, -9, 0, 0, 0
L 367, -1367, -9, 358, -1378, -8, 0, 0, 0
L 358, -1378, -8, 350, -1385, -6, 0, 0, 0
L 350, -1385, -6, 341, -1388, -9, 0, 0, 0
L 341, -1388, -9, 323, -1396, -15, 0, 0, 0
L 323, -1396, -15, 301, -1408, -11, 0, 0, 0
L 301, -1408, -11, 297, -1407, -9, 0, 0, 0
L 297, -1407, -9, 274, -1402, 0, 0, 0, 0
L 274, -1402, 0, 255, -1396, 7, 0, 0, 0
L 255, -1396, 7, 234, -1397, 4, 0, 0, 0
L 234, -1397, 4, 214, -1397, 6, 0, 0, 0
L 214, -1397, 6, 208, -1387, 2, 0, 0, 0
L 208, -1387, 2, 207, -1379, 3, 0, 0, 0
L 207, -1379, 3, 191, -1403, 0, 0, 0, 0
L 191, -1403, 0, 178, -1411, 5, 0, 0, 0
L 178, -1411, 5, 157, -1415, 5, 0, 0, 0
L 157, -1415, 5, 133, -1416, 10, 0, 0, 0
L 133, -1416, 10, 112, -1416, 11, 0, 0, 0
L 112, -1416, 11, 97, -1416, 10, 0, 0, 0
L 97, -1416, 10, 90, -1416, 9, 0, 0, 0
L 90, -1416, 9, 85, -1405, 7, 0, 0, 0
L 85, -1405, 7, 82, -1390, 4, 0, 0, 0
L 82, -1390, 4, 75, -1370, 2, 0, 0, 0
L 75, -1370, 2, 72, -1343, 0, 0, 0, 0
L 72, -1343, 0, 72, -1319, 0, 0, 0, 0
L 72, -1319, 0, 76, -1296, 0, 0, 0, 0
L 76, -1296, 0, 83, -1284, 5, 0, 0, 0
L 83, -1284, 5, 88, -1277, 8, 0, 0, 0
L 88, -1277, 8, 99, -1263, 4, 0, 0, 0
L 99, -1263, 4, 104, -1256, 8, 0, 0, 0
L 104, -1256, 8, 105, -1256, 11, 0, 0, 0
L 105, -1256, 11, 96, -1249, 6, 0, 0, 0
L 96, -1249, 6, 94, -1237, 5, 0, 0, 0
L 94, -1237, 5, 102, -1215, 11, 0, 0, 0
L 102, -1215, 11, 104, -1193, 6, 0, 0, 0
L 104, -1193, 6, 99, -1165, -11, 0, 0, 0
L 99, -1165, -11, 93, -1139, -12, 0, 0, 0
L 93, -1139, -12, 79, -1116, -5, 0, 0, 0
L 79, -1116, -5, 69, -1101, -3, 0, 0, 0
L 69, -1101, -3, 67, -1087, -14, 0, 0, 0
L 67, -1087, -14, 69, -1066, -28, 0, 0, 0
L 69, -1066, -28, 73, -1043, -46, 0, 0, 0
L 73, -1043, -46, 81, -1028, -58, 0, 0, 0
L 81, -1028, -58, 102, -1000, -68, 0, 0, 0
L 102, -1000, -68, 116, -982, -73, 0, 0, 0
L 116, -982, -73, 118, -977, -72, 0, 0, 0
L 118, -977, -72, 119, -953, -72, 0, 0, 0
L 119, -953, -72, 127, -931, -76, 0, 0, 0
L 127, -931, -76, 141, -924, -77, 0, 0, 0
L 141, -924, -77, 166, -927, -77, 0, 0, 0
L 166, -927, -77, 170, -927, -75, 0, 0, 0
L 170, -927, -75, 202, -933, -55, 0, 0, 0
L 202, -933, -55, 223, -933, -43, 0, 0, 0
L 223, -933, -43, 246, -928, -41, 0, 0, 0
L 246, -928, -41, 271, -926, -30, 0, 0, 0
L 271, -926, -30, 284, -929, -29, 0, 0, 0
L 284, -929, -29, 304, -938, -32, 0, 0, 0
L 304, -938, -32, 318, -950, -49, 0, 0, 0
L 318, -950, -49, 333, -964, -56, 0, 0, 0
L 333, -964, -56, 360, -974, -59, 0, 0, 0
L 360, -974, -59, 384, -988, -52, 0, 0, 0
L 384, -988, -52, 413, -1005, -62, 0, 0, 0
L 413, -1005, -62, 438, -1018, -62, 0, 0, 0
L 438, -1018, -62, 463, -1023, -62, 0, 0, 0
L 463, -1023, -62, 484, -1022, -62, 0, 0, 0
L 484, -1022, -62, 510, -1011, -62, 0, 0, 0
L 510, -1011, -62, 517, -1013, -62, 0, 0, 0
L 517, -1013, -62, 533, -1025, -62, 0, 0, 0
L 533, -1025, -62, 547, -1035, -62, 0, 0, 0
L 547, -1035, -62, 562, -1033, -62, 0, 0, 0
L 562, -1033, -62, 592, -1021, -62, 0, 0, 0
L 592, -1021, -62, 621, -1008, -62, 0, 0, 0
L 621, -1008, -62, 651, -992, -62, 0, 0, 0
L 651, -992, -62, 658, -985, -62, 0, 0, 0
L 658, -985, -62, 659, -963, -62, 0, 0, 0
L 659, -963, -62, 658, -938, -62, 0, 0, 0
L 658, -938, -62, 646, -903, -61, 0, 0, 0
L 646, -903, -61, 638, -862, -62, 0, 0, 0
L 638, -862, -62, 620, -827, -62, 0, 0, 0
L 620, -827, -62, 614, -821, -57, 0, 0, 0
L 614, -821, -57, 555, -823, -61, 0, 0, 0
L 555, -823, -61, 540, -830, -62, 0, 0, 0
L 540, -830, -62, 519, -843, -60, 0, 0, 0
L 519, -843, -60, 474, -861, -62, 0, 0, 0
L 474, -861, -62, 408, -860, -62, 0, 0, 0
L 408, -860, -62, 388, -871, -62, 0, 0, 0
L 388, -871, -62, 369, -894, -62, 0, 0, 0
L 369, -894, -62, 368, -902, -62, 0, 0, 0
L 368, -902, -62, 367, -920, -62, 0, 0, 0
L 367, -920, -62, 363, -922, -60, 0, 0, 0
L 363, -922, -60, 355, -918, -59, 0, 0, 0
L 355, -918, -59, 321, -900, -46, 0, 0, 0
L 321, -900, -46, 299, -879, -24, 0, 0, 0
L 299, -879, -24, 284, -873, -23, 0, 0, 0
L 284, -873, -23, 270, -871, -24, 0, 0, 0
L 270, -871, -24, 237, -877, -36, 0, 0, 0
L 237, -877, -36, 213, -881, -40, 0, 0, 0
L 213, -881, -40, 197, -881, -55, 0, 0, 0
L 197, -881, -55, 177, -875, -67, 0, 0, 0
L 177, -875, -67, 150, -871, -72, 0, 0, 0
L 150, -871, -72, 135, -867, -72, 0, 0, 0
L 135, -867, -72, 125, -860, -73, 0, 0, 0
L 125, -860, -73, 119, -838, -72, 0, 0, 0
L 119, -838, -72, 122, -818, -72, 0, 0, 0
L 122, -818, -72, 126, -811, -72, 0, 0, 0
L 126, -811, -72, 141, -791, -69, 0, 0, 0
L 141, -791, -69, 157, -776, -61, 0, 0, 0
L 157, -776, -61, 176, -757, -49, 0, 0, 0
L 176, -757, -49, 185, -740, -35, 0, 0, 0
L 185, -740, -35, 183, -732, -26, 0, 0, 0
L 183, -732, -26, 183, -721, -16, 0, 0, 0
L 183, -721, -16, 189, -698, -12, 0, 0, 0
L 189, -698, -12, 185, -675, 2, 0, 0, 0
L 185, -675, 2, 172, -658, 1, 0, 0, 0
L 172, -658, 1, 164, -642, 2, 0, 0, 0
L 164, -642, 2, 158, -634, 2, 0, 0, 0
L 158, -634, 2, 164, -628, 4, 0, 0, 0
L 571, -1376, -80, 662, -1376, -80, 0, 0, 0
L 662, -1376, -80, 662, -1408, -80, 0, 0, 0
L 662, -1408, -80, 629, -1408, -80, 0, 0, 0
L 611, -1408, -80, 568, -1408, -80, 0, 0, 0
L 568, -1408, -80, 511, -1408, -64, 0, 0, 0
L 571, -1376, -80, 511, -1376, -62, 0, 0, 0
L 511, -1376, -54, 511, -1408, -54, 0, 0, 0
L 611, -1416, -96, 526, -1416, -96, 0, 0, 0
L 526, -1416, -96, 526, -1611, -96, 0, 0, 0
L 526, -1629, -95, 526, -1668, -96, 0, 0, 0
L 526, -1668, -96, 662, -1668, -96, 0, 0, 0
L 662, -1668, -96, 662, -1416, -96, 0, 0, 0
L 629, -1416, -96, 662, -1416, -96, 0, 0, 0
L 644, -1416, -96, 644, -1460, -100, 99, 99, 99
L 594, -1416, -96, 594, -1460, -100, 99, 99, 99
L 594, -1460, -100, 644, -1460, -100, 99, 99, 99
L 629, -1408, -78, 629, -1416, -78, 0, 0, 0
L 611, -1408, -78, 611, -1416, -78, 0, 0, 0
L 526, -1611, -100, 518, -1611, -100, 0, 0, 0
L 518, -1629, -100, 526, -1629, -100, 0, 0, 0
L 518, -1629, -94, 518, -1697, -94, 0, 0, 0
L 518, -1697, -94, 505, -1715, -100, 0, 0, 0
L 505, -1715, -100, 483, -1734, -100, 0, 0, 0
L 483, -1734, -100, 410, -1734, -100, 0, 0, 0
L 410, -1734, -100, 387, -1726, -100, 0, 0, 0
L 387, -1726, -100, 376, -1715, -100, 0, 0, 0
L 376, -1715, -100, 376, -1518, -100, 0, 0, 0
L 376, -1518, -100, 516, -1518, -100, 0, 0, 0
L 516, -1518, -100, 518, -1518, -94, 0, 0, 0
L 518, -1518, -94, 518, -1611, -94, 0, 0, 0
L 608, 208, 5, 608, 147, 5, 0, 0, 0
L 608, 147, 5, 553, 147, 5, 0, 0, 0
L 520, 147, 5, 520, 129, 5, 0, 0, 0
L 520, 129, 5, 483, 129, 5, 0, 0, 0
L 483, 129, 0, 483, 68, 0, 0, 0, 0
L 483, 68, 0, 608, 68, 0, 0, 0, 0
L 608, 68, 0, 608, 46, 0, 0, 0, 0
L 608, 46, 0, 701, 46, 0, 0, 0, 0
L 549, 147, 5, 520, 147, 5, 0, 0, 0
L 549, 147, 5, 549, 140, 5, 0, 0, 0
L 553, 147, 5, 553, 140, 5, 0, 0, 0
L 608, 208, 0, 690, 208, 0, 0, 0, 0
L 690, 208, 0, 690, 232, 0, 0, 0, 0
L 690, 232, 0, 715, 232, 3, 0, 0, 0
L 715, 232, 3, 715, 241, 3, 0, 0, 0
L 715, 241, 3, 744, 241, 3, 0, 0, 0
L 751, 241, 3, 783, 241, 3, 0, 0, 0
L 783, 241, 3, 783, 232, 3, 0, 0, 0
L 783, 232, 3, 801, 232, 1, 0, 0, 0
L 801, 232, 1, 801, 237, 1, 0, 0, 0
L 801, 237, 1, 833, 237, 1, 0, 0, 0
L 839, 237, 1, 869, 237, 1, 0, 0, 0
L 880, 237, 1, 909, 237, 1, 0, 0, 0
L 916, 237, 1, 948, 237, 1, 0, 0, 0
L 948, 237, 1, 948, 169, 1, 0, 0, 0
L 948, 169, 2, 935, 169, 1, 0, 0, 0
L 935, 169, 1, 935, 160, 1, 0, 0, 0
L 935, 160, 1, 944, 160, 1, 0, 0, 0
L 944, 160, 1, 944, 107, 1, 0, 0, 0
L 944, 95, 1, 944, 43, 1, 0, 0, 0
L 944, 43, 1, 748, 43, 1, 0, 0, 0
L 748, 43, 1, 748, 49, 1, 0, 0, 0
L 748, 49, 1, 701, 49, 1, 0, 0, 0
L 701, 49, 1, 701, 46, 0, 0, 0, 0
L 549, 140, 5, 527, 140, 5, 0, 0, 0
L 527, 140, 5, 527, 90, 5, 0, 0, 0
L 520, 90, 8, 520, 122, 11, 0, 0, 0
L 520, 122, 11, 490, 122, 5, 0, 0, 0
L 490, 122, 5, 490, 75, 8, 0, 0, 0
L 490, 75, 8, 520, 75, 5, 0, 0, 0
L 520, 75, 5, 520, 86, 5, 0, 0, 0
L 520, 86, 5, 527, 86, 5, 0, 0, 0
L 520, 90, 5, 527, 90, 5, 0, 0, 0
L 527, 86, 5, 527, 75, 5, 0, 0, 0
L 527, 75, 5, 608, 75, 5, 0, 0, 0
L 608, 75, 5, 608, 125, 5, 0, 0, 0
L 553, 140, 5, 608, 140, 5, 0, 0, 0
L 608, 140, 5, 608, 129, 5, 0, 0, 0
L 608, 125, 5, 614, 125, 5, 0, 0, 0
L 608, 129, 5, 614, 129, 5, 0, 0, 0
L 614, 125, 8, 614, 114, 8, 0, 0, 0
L 614, 114, 8, 621, 114, 5, 0, 0, 0
L 621, 114, 5, 621, 107, 5, 0, 0, 0
L 621, 107, 5, 614, 107, 5, 0, 0, 0
L 614, 107, 5, 614, 52, 5, 0, 0, 0
L 614, 52, 5, 660, 52, 5, 0, 0, 0
L 660, 52, 5, 660, 58, 5, 0, 0, 0
L 660, 58, 5, 667, 58, 5, 0, 0, 0
L 667, 58, 5, 667, 52, 5, 0, 0, 0
L 667, 52, 5, 694, 52, 10, 0, 0, 0
L 694, 52, 10, 694, 87, 5, 0, 0, 0
L 694, 87, 5, 667, 87, 10, 0, 0, 0
L 667, 87, 10, 667, 62, 5, 0, 0, 0
L 667, 62, 5, 660, 62, 5, 0, 0, 0
L 660, 62, 5, 660, 69, 5, 0, 0, 0
L 660, 69, 5, 631, 69, 5, 0, 0, 0
L 631, 69, 5, 631, 93, 5, 0, 0, 0
L 631, 93, 5, 638, 93, 5, 0, 0, 0
L 638, 93, 5, 638, 76, 10, 0, 0, 0
L 638, 76, 10, 660, 76, 9, 0, 0, 0
L 660, 76, 9, 660, 107, 5, 0, 0, 0
L 660, 107, 5, 638, 107, 10, 0, 0, 0
L 638, 107, 10, 638, 97, 5, 0, 0, 0
L 638, 97, 5, 631, 97, 5, 0, 0, 0
L 631, 97, 5, 631, 107, 5, 0, 0, 0
L 631, 107, 5, 625, 107, 5, 0, 0, 0
L 625, 107, 5, 625, 114, 5, 0, 0, 0
L 625, 114, 5, 646, 114, 5, 0, 0, 0
L 646, 114, 5, 646, 140, 5, 0, 0, 0
L 646, 140, 5, 625, 140, 5, 0, 0, 0
L 614, 129, 5, 614, 140, 5, 0, 0, 0
L 614, 140, 5, 621, 140, 5, 0, 0, 0
L 621, 140, 5, 621, 147, 5, 0, 0, 0
L 625, 147, 5, 625, 140, 5, 0, 0, 0
L 625, 147, 5, 631, 147, 5, 0, 0, 0
L 631, 147, 5, 631, 157, 5, 0, 0, 0
L 621, 147, 5, 614, 147, 5, 0, 0, 0
L 614, 147, 5, 614, 202, 7, 0, 0, 0
L 614, 202, 7, 660, 202, 5, 0, 0, 0
L 660, 202, 5, 660, 196, 5, 0, 0, 0
L 660, 192, 5, 660, 185, 5, 0, 0, 0
L 660, 185, 5, 631, 185, 5, 0, 0, 0
L 631, 161, 5, 631, 185, 5, 0, 0, 0
L 631, 157, 5, 638, 157, 5, 0, 0, 0
L 631, 161, 5, 638, 161, 5, 0, 0, 0
L 638, 161, 5, 638, 178, 5, 0, 0, 0
L 638, 178, 5, 660, 178, 5, 0, 0, 0
L 660, 178, 5, 660, 147, 5, 0, 0, 0
L 660, 147, 5, 638, 147, 5, 0, 0, 0
L 638, 147, 5, 638, 157, 5, 0, 0, 0
L 660, 196, 5, 667, 196, 5, 0, 0, 0
L 667, 192, 5, 660, 192, 5, 0, 0, 0
L 667, 192, 5, 667, 167, 5, 0, 0, 0
L 667, 167, 5, 694, 167, 5, 0, 0, 0
L 694, 167, 5, 694, 202, 5, 0, 0, 0
L 694, 202, 5, 667, 202, 5, 0, 0, 0
L 667, 202, 5, 667, 196, 5, 0, 0, 0
L 744, 235, 1, 721, 235, 1, 0, 0, 0
L 721, 235, 1, 721, 179, 1, 0, 0, 0
L 721, 179, 1, 777, 179, 1, 0, 0, 0
L 777, 179, 1, 777, 235, 1, 0, 0, 0
L 777, 235, 1, 751, 235, 1, 0, 0, 0
L 744, 235, 1, 744, 241, 1, 0, 0, 0
L 751, 235, 1, 751, 241, 1, 0, 0, 0
L 833, 231, 1, 807, 231, 1, 0, 0, 0
L 807, 231, 1, 807, 175, 1, 0, 0, 0
L 807, 175, 1, 863, 175, 1, 0, 0, 0
L 863, 175, 1, 863, 231, 1, 0, 0, 0
L 863, 231, 1, 839, 231, 1, 0, 0, 0
L 833, 231, 1, 833, 237, 1, 0, 0, 0
L 839, 231, 1, 839, 237, 1, 0, 0, 0
L 869, 237, 1, 869, 232, 1, 0, 0, 0
L 869, 232, 1, 880, 232, 1, 0, 0, 0
L 880, 232, 1, 880, 237, 1, 0, 0, 0
L 909, 237, 1, 909, 231, 1, 0, 0, 0
L 909, 231, 1, 886, 231, 1, 0, 0, 0
L 886, 231, 1, 886, 175, 1, 0, 0, 0
L 886, 175, 1, 942, 175, 1, 0, 0, 0
L 942, 175, 1, 942, 231, 1, 0, 0, 0
L 942, 231, 1, 916, 231, 1, 0, 0, 0
L 916, 231, 1, 916, 237, 1, 0, 0, 0
L 944, 107, 1, 937, 107, 1, 0, 0, 0
L 944, 95, 1, 937, 95, 1, 0, 0, 0
L 937, 95, 1, 937, 50, 1, 0, 0, 0
L 937, 50, 1, 755, 50, 7, 0, 0, 0
L 755, 50, 7, 755, 153, 1, 0, 0, 0
L 755, 153, 1, 937, 153, 1, 0, 0, 0
L 937, 153, 1, 937, 107, 1, 0, 0, 0
L 701, 56, 1, 748, 56, 1, 0, 0, 0
L 748, 56, 1, 748, 160, 1, 0, 0, 0
L 748, 160, 1, 928, 160, 1, 0, 0, 0
L 928, 160, 1, 928, 169, 1, 0, 0, 0
L 928, 169, 1, 880, 169, 1, 0, 0, 0
L 880, 169, 1, 880, 226, 1, 0, 0, 0
L 880, 226, 1, 869, 226, 1, 0, 0, 0
L 869, 226, 1, 869, 169, 1, 0, 0, 0
L 869, 169, 1, 801, 169, 1, 0, 0, 0
L 801, 169, 1, 801, 226, 1, 0, 0, 0
L 801, 226, 1, 784, 226, 1, 0, 0, 0
L 784, 226, 1, 784, 172, 0, 0, 0, 0
L 784, 172, 0, 714, 172, 0, 0, 0, 0
L 714, 172, 0, 714, 226, 0, 0, 0, 0
L 714, 226, 0, 696, 226, 0, 0, 0, 0
L 696, 226, 0, 696, 209, 0, 0, 0, 0
L 696, 209, 0, 701, 209, 0, 0, 0, 0
L 701, 209, 0, 701, 56, 1, 0, 0, 0
L 599, -787, 54, 598, -784, 53, 0, 0, 0
L 598, -784, 53, 597, -777, 53, 0, 0, 0
L 597, -777, 53, 606, -767, 53, 0, 0, 0
L 606, -767, 53, 615, -765, 53, 0, 0, 0
L 615, -765, 53, 622, -761, 53, 0, 0, 0
L 622, -761, 53, 633, -761, 54, 0, 0, 0
L 633, -761, 54, 641, -756, 53, 0, 0, 0
L 641, -756, 53, 661, -754, 53, 0, 0, 0
L 661, -754, 53, 669, -749, 53, 0, 0, 0
L 669, -749, 53, 678, -736, 53, 0, 0, 0
L 678, -736, 53, 680, -716, 53, 0, 0, 0
L 680, -716, 53, 681, -709, 53, 0, 0, 0
L 681, -709, 53, 682, -695, 53, 0, 0, 0
L 660, -695, 53, 650, -695, 53, 0, 0, 0
P 649, -171, 0, 127, 64, 0, 2, Mines_Ladder
P -502, -553, 0, 0, 0, 0, 3, Gulf_of_Gunthak
P 581, -787, 53, 0, 0, 0, 3, Torgiran_Mines
