L -409, -1967, -7021, -455, -1967, -702, 153, 153, 153
L -455, -1967, -702, -455, -1921, -702, 153, 153, 153
L -455, -1921, -702, -439, -1921, -702, 153, 153, 153
L -439, -1921, -702, -439, -1903, -702, 153, 153, 153
L -439, -1903, -702, -462, -1903, -702, 153, 153, 153
L -462, -1903, -702, -479, -1903, -706, 153, 153, 153
L -479, -1903, -706, -479, -1825, -706, 153, 153, 153
L -479, -1825, -706, -449, -1825, -706, 153, 153, 153
L -449, -1825, -706, -449, -1830, -706, 153, 153, 153
L -415, -1830, -7061, -415, -1825, -706, 153, 153, 153
L -415, -1825, -706, -385, -1825, -706, 153, 153, 153
L -385, -1825, -706, -385, -1903, -706, 153, 153, 153
L -385, -1903, -706, -399, -1903, -706, 153, 153, 153
L -399, -1903, -706, -424, -1903, -702, 153, 153, 153
L -424, -1903, -702, -425, -1921, -702, 153, 153, 153
L -425, -1921, -702, -409, -1921, -702, 153, 153, 153
L -409, -1921, -702, -409, -1967, -702, 153, 153, 153
L -409, -1967, -702, -455, -1967, -702, 153, 153, 153
L -399, -1903, -7061, -399, -1871, -706, 153, 153, 153
L -399, -1871, -706, -415, -1871, -706, 153, 153, 153
L -415, -1871, -706, -415, -1865, -706, 153, 153, 153
L -449, -1865, -7061, -449, -1871, -706, 153, 153, 153
L -449, -1871, -706, -465, -1871, -706, 153, 153, 153
L -465, -1871, -706, -465, -1903, -706, 153, 153, 153
L -449, -1825, -7061, -440, -1825, -703, 153, 153, 153
L -440, -1825, -703, -439, -1815, -702, 153, 153, 153
L -439, -1815, -702, -447, -1815, -702, 153, 153, 153
L -447, -1815, -702, -447, -1791, -702, 153, 153, 153
L -447, -1791, -702, -447, -1759, -734, 153, 153, 153
L -447, -1759, -734, -447, -1727, -734, 153, 153, 153
L -447, -1727, -734, -480, -1727, -734, 153, 153, 153
L -480, -1727, -734, -481, -1743, -734, 153, 153, 153
L -481, -1743, -734, -527, -1743, -734, 153, 153, 153
L -527, -1743, -734, -527, -1697, -734, 153, 153, 153
L -527, -1697, -734, -511, -1697, -734, 153, 153, 153
L -511, -1697, -734, -511, -1616, -734, 153, 153, 153
L -511, -1616, -734, -527, -1615, -734, 153, 153, 153
L -527, -1615, -734, -527, -1569, -734, 153, 153, 153
L -527, -1569, -734, -481, -1569, -734, 153, 153, 153
L -481, -1569, -734, -481, -1585, -734, 153, 153, 153
L -481, -1585, -734, -447, -1585, -734, 153, 153, 153
L -447, -1585, -734, -447, -1518, -766, 153, 153, 153
L -447, -1518, -766, -447, -1487, -766, 153, 153, 153
L -447, -1487, -766, -481, -1487, -766, 153, 153, 153
L -481, -1487, -766, -481, -1503, -766, 153, 153, 153
L -481, -1503, -766, -527, -1503, -766, 153, 153, 153
L -527, -1503, -766, -527, -1457, -766, 153, 153, 153
L -527, -1457, -766, -511, -1457, -766, 153, 153, 153
L -511, -1457, -766, -511, -1375, -766, 153, 153, 153
L -511, -1375, -766, -527, -1375, -766, 153, 153, 153
L -527, -1375, -766, -527, -1329, -766, 153, 153, 153
L -527, -1329, -766, -481, -1329, -766, 153, 153, 153
L -481, -1329, -766, -480, -1345, -766, 153, 153, 153
L -480, -1345, -766, -447, -1345, -766, 153, 153, 153
L -447, -1345, -766, -447, -1315, -766, 153, 153, 153
L -447, -1315, -766, -447, -1283, -736, 153, 153, 153
L -447, -1283, -736, -447, -1247, -734, 153, 153, 153
L -447, -1247, -734, -463, -1247, -734, 153, 153, 153
L -463, -1247, -734, -463, -1185, -734, 153, 153, 153
L -463, -1185, -734, -401, -1185, -734, 153, 153, 153
L -401, -1185, -734, -401, -1247, -734, 153, 153, 153
L -401, -1247, -734, -416, -1247, -734, 153, 153, 153
L -416, -1247, -734, -417, -1279, -734, 153, 153, 153
L -417, -1279, -734, -417, -1320, -766, 153, 153, 153
L -417, -1320, -766, -417, -1345, -766, 153, 153, 153
L -417, -1345, -766, -384, -1345, -766, 153, 153, 153
L -384, -1345, -766, -383, -1329, -766, 153, 153, 153
L -383, -1329, -766, -337, -1329, -766, 153, 153, 153
L -337, -1329, -766, -337, -1375, -766, 153, 153, 153
L -337, -1375, -766, -353, -1375, -766, 153, 153, 153
L -353, -1375, -766, -353, -1456, -766, 153, 153, 153
L -353, -1456, -766, -337, -1457, -766, 153, 153, 153
L -337, -1457, -766, -337, -1503, -766, 153, 153, 153
L -337, -1503, -766, -383, -1503, -766, 153, 153, 153
L -383, -1503, -766, -383, -1488, -766, 153, 153, 153
L -383, -1488, -766, -417, -1487, -766, 153, 153, 153
L -417, -1487, -766, -417, -1517, -766, 153, 153, 153
L -417, -1517, -766, -417, -1552, -734, 153, 153, 153
L -417, -1552, -734, -417, -1584, -734, 153, 153, 153
L -417, -1584, -734, -383, -1585, -734, 153, 153, 153
L -383, -1585, -734, -383, -1569, -734, 153, 153, 153
L -383, -1569, -734, -337, -1569, -734, 153, 153, 153
L -337, -1569, -734, -337, -1615, -734, 153, 153, 153
L -337, -1615, -734, -353, -1615, -734, 153, 153, 153
L -353, -1615, -734, -353, -1696, -734, 153, 153, 153
L -353, -1696, -734, -337, -1697, -734, 153, 153, 153
L -337, -1697, -734, -337, -1743, -734, 153, 153, 153
L -337, -1743, -734, -383, -1743, -734, 153, 153, 153
L -383, -1743, -734, -383, -1728, -734, 153, 153, 153
L -383, -1728, -734, -417, -1727, -734, 153, 153, 153
L -417, -1727, -734, -417, -1757, -734, 153, 153, 153
L -417, -1757, -734, -417, -1794, -702, 153, 153, 153
L -417, -1794, -702, -417, -1815, -702, 153, 153, 153
L -417, -1815, -702, -425, -1815, -702, 153, 153, 153
L -425, -1815, -702, -425, -1824, -702, 153, 153, 153
L -425, -1824, -702, -415, -1825, -706, 153, 153, 153
L -383, -1697, -7341, -480, -1697, -734, 153, 153, 153
L -480, -1697, -734, -481, -1663, -734, 153, 153, 153
L -481, -1663, -734, -463, -1663, -734, 153, 153, 153
L -463, -1663, -734, -463, -1679, -734, 153, 153, 153
L -463, -1679, -734, -401, -1679, -734, 153, 153, 153
L -401, -1679, -734, -401, -1663, -734, 153, 153, 153
L -401, -1663, -734, -383, -1663, -734, 153, 153, 153
L -383, -1663, -734, -384, -1697, -734, 153, 153, 153
L -401, -1633, -7341, -463, -1633, -734, 153, 153, 153
L -463, -1633, -734, -463, -1649, -734, 153, 153, 153
L -463, -1649, -734, -481, -1649, -734, 153, 153, 153
L -481, -1649, -734, -481, -1615, -734, 153, 153, 153
L -481, -1615, -734, -383, -1615, -734, 153, 153, 153
L -383, -1615, -734, -383, -1649, -734, 153, 153, 153
L -383, -1649, -734, -401, -1649, -734, 153, 153, 153
L -401, -1649, -734, -401, -1633, -734, 153, 153, 153
L -401, -1393, -7661, -463, -1393, -766, 153, 153, 153
L -463, -1393, -766, -463, -1409, -766, 153, 153, 153
L -463, -1409, -766, -481, -1409, -766, 153, 153, 153
L -481, -1409, -766, -480, -1375, -766, 153, 153, 153
L -480, -1375, -766, -383, -1375, -766, 153, 153, 153
L -383, -1375, -766, -383, -1409, -766, 153, 153, 153
L -383, -1409, -766, -401, -1408, -766, 153, 153, 153
L -401, -1408, -766, -401, -1393, -766, 153, 153, 153
L -401, -1439, -7661, -401, -1423, -766, 153, 153, 153
L -401, -1423, -766, -383, -1423, -766, 153, 153, 153
L -383, -1423, -766, -383, -1456, -766, 153, 153, 153
L -383, -1456, -766, -481, -1457, -766, 153, 153, 153
L -481, -1457, -766, -481, -1423, -766, 153, 153, 153
L -481, -1423, -766, -464, -1423, -766, 153, 153, 153
L -464, -1423, -766, -463, -1439, -766, 153, 153, 153
L -463, -1439, -766, -401, -1439, -766, 153, 153, 153
L 725, -1012, -16282, 804, -1013, -1633, 255, 255, 0
L 804, -1013, -1633, 886, -1013, -1627, 255, 255, 0
L 886, -1013, -1627, 884, -968, -1634, 255, 255, 0
L 884, -968, -1634, 885, -904, -1628, 255, 255, 0
L 885, -904, -1628, 860, -906, -1632, 255, 255, 0
L 860, -906, -1632, 812, -905, -1634, 255, 255, 0
L 812, -905, -1634, 725, -904, -1628, 255, 255, 0
L 725, -904, -1628, 724, -955, -1633, 255, 255, 0
L 724, -955, -1633, 724, -1013, -1627, 255, 255, 0
L 1256, -1010, -7030, 1192, -1073, -703, 0, 0, 255
L 1192, -1073, -703, 1099, -1073, -703, 0, 0, 255
L 1099, -1073, -703, 1034, -1009, -703, 0, 0, 255
L 1034, -1009, -703, 1034, -914, -703, 0, 0, 255
L 1034, -914, -703, 1097, -848, -703, 0, 0, 255
L 1097, -848, -703, 1193, -847, -703, 0, 0, 255
L 1193, -847, -703, 1256, -915, -703, 0, 0, 255
L 1256, -915, -703, 1256, -1010, -703, 0, 0, 255
L 1154, -979, -7897, 1137, -978, -789, 0, 0, 255
L 1137, -978, -789, 1129, -970, -790, 0, 0, 255
L 1129, -970, -790, 1129, -954, -790, 0, 0, 255
L 1129, -954, -790, 1137, -946, -789, 0, 0, 255
L 1137, -946, -789, 1153, -946, -789, 0, 0, 255
L 1153, -946, -789, 1161, -954, -790, 0, 0, 255
L 1161, -954, -790, 1161, -970, -790, 0, 0, 255
L 1161, -970, -790, 1153, -978, -790, 0, 0, 255
L 1175, -1016, -10362, 1176, -963, -1041, 0, 255, 255
L 1176, -963, -1041, 1176, -907, -1035, 0, 255, 255
L 1176, -907, -1035, 1109, -909, -1041, 0, 255, 255
L 1109, -909, -1041, 1015, -908, -1036, 0, 255, 255
L 1015, -908, -1036, 1014, -962, -1041, 0, 255, 255
L 1014, -962, -1041, 1014, -1016, -1035, 0, 255, 255
L 1014, -1016, -1035, 1077, -1017, -1040, 0, 255, 255
L 1077, -1017, -1040, 1176, -1017, -1035, 0, 255, 255
L 1078, -978, -10541, 1061, -978, -1054, 0, 255, 255
L 1061, -978, -1054, 1053, -970, -1054, 0, 255, 255
L 1053, -970, -1054, 1053, -954, -1054, 0, 255, 255
L 1053, -954, -1054, 1061, -946, -1054, 0, 255, 255
L 1061, -946, -1054, 1077, -946, -1054, 0, 255, 255
L 1077, -946, -1054, 1085, -953, -1054, 0, 255, 255
L 1085, -953, -1054, 1085, -970, -1054, 0, 255, 255
L 1085, -970, -1054, 1077, -978, -1054, 0, 255, 255
L 1095, -908, -12282, 1063, -912, -1236, 0, 255, 0
L 1063, -912, -1236, 934, -907, -1228, 0, 255, 0
L 934, -907, -1228, 934, -920, -1239, 0, 255, 0
L 934, -920, -1239, 906, -919, -1240, 0, 255, 0
L 906, -919, -1240, 872, -920, -1240, 0, 255, 0
L 872, -920, -1240, 826, -888, -1240, 0, 255, 0
L 826, -888, -1240, 764, -887, -1239, 0, 255, 0
L 764, -887, -1239, 759, -886, -1239, 0, 255, 0
L 759, -886, -1239, 760, -874, -1227, 0, 255, 0
L 760, -874, -1227, 685, -874, -1233, 0, 255, 0
L 685, -874, -1233, 599, -875, -1228, 0, 255, 0
L 599, -875, -1228, 599, -881, -1228, 0, 255, 0
L 599, -881, -1228, 598, -910, -1231, 0, 255, 0
L 598, -910, -1231, 598, -984, -1227, 0, 255, 0
L 598, -984, -1227, 679, -983, -1233, 0, 255, 0
L 679, -983, -1233, 760, -984, -1227, 0, 255, 0
L 760, -984, -1227, 760, -925, -1227, 0, 255, 0
L 760, -925, -1227, 761, -914, -1238, 0, 255, 0
L 761, -914, -1238, 796, -915, -1240, 0, 255, 0
L 796, -915, -1240, 823, -916, -1239, 0, 255, 0
L 823, -916, -1239, 866, -946, -1240, 0, 255, 0
L 866, -946, -1240, 890, -949, -1239, 0, 255, 0
L 890, -949, -1239, 930, -948, -1239, 0, 255, 0
L 930, -948, -1239, 937, -949, -1239, 0, 255, 0
L 937, -949, -1239, 934, -965, -1227, 0, 255, 0
L 934, -965, -1227, 934, -1017, -1227, 0, 255, 0
L 934, -1017, -1227, 1018, -1017, -1233, 0, 255, 0
L 1018, -1017, -1233, 1096, -1017, -1227, 0, 255, 0
L 1096, -1017, -1227, 1095, -968, -1233, 0, 255, 0
L 1095, -968, -1233, 1096, -907, -1227, 0, 255, 0
L 1006, -970, -12461, 997, -978, -1246, 0, 255, 0
L 997, -978, -1246, 982, -978, -1246, 0, 255, 0
L 982, -978, -1246, 973, -970, -1246, 0, 255, 0
L 973, -970, -1246, 973, -954, -1246, 0, 255, 0
L 973, -954, -1246, 981, -946, -1246, 0, 255, 0
L 981, -946, -1246, 996, -946, -1246, 0, 255, 0
L 996, -946, -1246, 1005, -954, -1246, 0, 255, 0
L 1005, -954, -1246, 1005, -970, -1246, 0, 255, 0
L 722, -936, -12461, 713, -945, -1246, 0, 255, 0
L 713, -945, -1246, 697, -945, -1246, 0, 255, 0
L 697, -945, -1246, 689, -937, -1246, 0, 255, 0
L 689, -937, -1246, 689, -922, -1246, 0, 255, 0
L 689, -922, -1246, 697, -913, -1246, 0, 255, 0
L 697, -913, -1246, 713, -913, -1246, 0, 255, 0
L 713, -913, -1246, 721, -921, -1246, 0, 255, 0
L 721, -921, -1246, 721, -936, -1246, 0, 255, 0
L 729, -1012, -14203, 818, -1013, -1430, 153, 153, 153
L 818, -1013, -1430, 851, -1013, -1435, 153, 153, 153
L 851, -1013, -1435, 912, -1012, -1427, 153, 153, 153
L 912, -1012, -1427, 982, -1013, -1419, 153, 153, 153
L 982, -1013, -1419, 981, -959, -1425, 153, 153, 153
L 981, -959, -1425, 982, -903, -1419, 153, 153, 153
L 982, -903, -1419, 948, -905, -1424, 153, 153, 153
L 948, -905, -1424, 929, -903, -1424, 153, 153, 153
L 929, -903, -1424, 844, -903, -1435, 153, 153, 153
L 844, -903, -1435, 781, -903, -1424, 153, 153, 153
L 781, -903, -1424, 729, -904, -1420, 153, 153, 153
L 729, -904, -1420, 733, -945, -1429, 153, 153, 153
L 733, -945, -1429, 729, -1012, -1420, 153, 153, 153
L 729, -1012, -1420, 766, -1012, -1425, 153, 153, 153
L 766, -1012, -1425, 828, -1013, -1432, 153, 153, 153
L 828, -1013, -1432, 918, -1013, -1425, 153, 153, 153
L 918, -1013, -1425, 982, -1013, -1419, 153, 153, 153
L 864, -974, -14541, 847, -974, -1454, 153, 153, 153
L 847, -974, -1454, 839, -966, -1453, 153, 153, 153
L 839, -966, -1453, 839, -951, -1453, 153, 153, 153
L 839, -951, -1453, 847, -942, -1454, 153, 153, 153
L 847, -942, -1454, 862, -942, -1454, 153, 153, 153
L 862, -942, -1454, 871, -949, -1454, 153, 153, 153
L 871, -949, -1454, 871, -966, -1454, 153, 153, 153
L 871, -966, -1454, 863, -974, -1454, 153, 153, 153
L 76, -680, -2381, 41, -680, -238, 153, 153, 153
L 41, -680, -238, 5, -643, -238, 153, 153, 153
L 5, -643, -238, 5, -609, -238, 153, 153, 153
L 5, -609, -238, 9, -608, -238, 153, 153, 153
L 9, -608, -238, 9, -594, -236, 153, 153, 153
L 9, -594, -236, 6, -594, -236, 153, 153, 153
L 6, -594, -236, 0, -465, -176, 153, 153, 153
L 0, -465, -176, 4, -465, -176, 153, 153, 153
L 4, -465, -176, 3, -451, -171, 153, 153, 153
L 3, -451, -171, 0, -450, -170, 153, 153, 153
L 0, -450, -170, 0, -327, -78, 153, 153, 153
L 0, -327, -78, 2, -326, -78, 153, 153, 153
L 2, -326, -78, 2, -317, -78, 153, 153, 153
L 2, -317, -78, -5, -317, -78, 153, 153, 153
L -5, -317, -78, -6, -307, -78, 153, 153, 153
L -6, -307, -78, -15, -307, -78, 153, 153, 153
L -15, -307, -78, -15, -299, -78, 153, 153, 153
L -15, -299, -78, -24, -299, -78, 153, 153, 153
L -24, -299, -78, -25, -301, -78, 153, 153, 153
L -25, -301, -78, -77, -286, -78, 153, 153, 153
L -77, -286, -78, -78, -282, -78, 153, 153, 153
L -78, -282, -78, -89, -281, -78, 153, 153, 153
L -89, -281, -78, -93, -281, -81, 153, 153, 153
L -93, -281, -81, -93, -284, -81, 153, 153, 153
L -93, -284, -81, -213, -239, -155, 153, 153, 153
L -213, -239, -155, -213, -235, -156, 153, 153, 153
L -213, -235, -156, -227, -233, -158, 153, 153, 153
L -227, -233, -158, -228, -235, -158, 153, 153, 153
L -228, -235, -158, -283, -222, -158, 153, 153, 153
L -283, -222, -158, -283, -219, -158, 153, 153, 153
L -283, -219, -158, -292, -219, -158, 153, 153, 153
L -292, -219, -158, -293, -227, -158, 153, 153, 153
L -293, -227, -158, -302, -228, -158, 153, 153, 153
L -302, -228, -158, -303, -237, -158, 153, 153, 153
L -303, -237, -158, -311, -237, -158, 153, 153, 153
L -311, -237, -158, -311, -246, -158, 153, 153, 153
L -311, -246, -158, -308, -247, -157, 153, 153, 153
L -308, -247, -157, -295, -307, -143, 153, 153, 153
L -295, -307, -143, -298, -308, -143, 153, 153, 153
L -298, -308, -143, -298, -322, -142, 153, 153, 153
L -298, -322, -142, -290, -323, -142, 153, 153, 153
L -290, -323, -142, -290, -357, -158, 153, 153, 153
L -290, -357, -158, -291, -358, -158, 153, 153, 153
L -291, -358, -158, -291, -365, -158, 153, 153, 153
L -291, -365, -158, -285, -366, -158, 153, 153, 153
L -285, -366, -158, -285, -451, -158, 153, 153, 153
L -285, -451, -158, -286, -451, -158, 153, 153, 153
L -286, -451, -158, -286, -455, -158, 153, 153, 153
L -286, -455, -158, -270, -455, -158, 153, 153, 153
L -270, -455, -158, -270, -451, -158, 153, 153, 153
L -270, -451, -158, -271, -451, -158, 153, 153, 153
L -271, -451, -158, -271, -403, -158, 153, 153, 153
L -271, -403, -158, -225, -403, -158, 153, 153, 153
L -225, -403, -158, -225, -410, -158, 153, 153, 153
L -225, -410, -158, -217, -411, -158, 153, 153, 153
L -217, -411, -158, -217, -521, -158, 153, 153, 153
L -217, -521, -158, -224, -521, -158, 153, 153, 153
L -224, -521, -158, -225, -529, -158, 153, 153, 153
L -225, -529, -158, -271, -529, -158, 153, 153, 153
L -271, -529, -158, -271, -473, -158, 153, 153, 153
L -271, -473, -158, -270, -473, -158, 153, 153, 153
L -270, -473, -158, -270, -469, -158, 153, 153, 153
L -270, -469, -158, -286, -469, -158, 153, 153, 153
L -286, -469, -158, -286, -472, -158, 153, 153, 153
L -286, -472, -158, -285, -473, -158, 153, 153, 153
L -285, -473, -158, -285, -554, -158, 153, 153, 153
L -285, -554, -158, -291, -555, -158, 153, 153, 153
L -291, -555, -158, -291, -562, -156, 153, 153, 153
L -291, -562, -156, -290, -562, -156, 153, 153, 153
L -290, -562, -156, -290, -593, -142, 153, 153, 153
L -290, -593, -142, -297, -594, -142, 153, 153, 153
L -297, -594, -142, -298, -609, -144, 153, 153, 153
L -298, -609, -144, -290, -609, -144, 153, 153, 153
L -290, -609, -144, -215, -738, -203, 153, 153, 153
L -215, -738, -203, -216, -738, -204, 153, 153, 153
L -216, -738, -204, -216, -753, -207, 153, 153, 153
L -216, -753, -207, -211, -753, -207, 153, 153, 153
L -211, -753, -207, -181, -880, -236, 153, 153, 153
L -181, -880, -236, -184, -880, -237, 153, 153, 153
L -184, -880, -237, -184, -894, -238, 153, 153, 153
L -184, -894, -238, -180, -895, -238, 153, 153, 153
L -180, -895, -238, -180, -922, -238, 153, 153, 153
L -180, -922, -238, -167, -936, -238, 153, 153, 153
L -167, -936, -238, -139, -936, -238, 153, 153, 153
L -139, -936, -238, -138, -940, -238, 153, 153, 153
L -138, -940, -238, -124, -940, -238, 153, 153, 153
L -124, -940, -238, -123, -936, -238, 153, 153, 153
L -123, -936, -238, -67, -936, -238, 153, 153, 153
L -67, -936, -238, -66, -940, -238, 153, 153, 153
L -66, -940, -238, -52, -941, -238, 153, 153, 153
L -52, -941, -238, -51, -928, -238, 153, 153, 153
L -51, -928, -238, -11, -928, -238, 153, 153, 153
L -11, -928, -238, -11, -896, -238, 153, 153, 153
L -11, -896, -238, -4, -896, -238, 153, 153, 153
L -4, -896, -238, -3, -888, -238, 153, 153, 153
L -3, -888, -238, 13, -888, -238, 153, 153, 153
L 13, -888, -238, 48, -888, -254, 153, 153, 153
L 48, -888, -254, 97, -888, -254, 153, 153, 153
L 97, -888, -254, 129, -888, -238, 153, 153, 153
L 129, -888, -238, 146, -888, -238, 153, 153, 153
L 146, -888, -238, 147, -896, -238, 153, 153, 153
L 147, -896, -238, 154, -896, -238, 153, 153, 153
L 154, -896, -238, 154, -928, -238, 153, 153, 153
L 154, -928, -238, 194, -928, -238, 153, 153, 153
L 194, -928, -238, 195, -940, -238, 153, 153, 153
L 195, -940, -238, 209, -941, -238, 153, 153, 153
L 209, -941, -238, 210, -939, -238, 153, 153, 153
L 210, -939, -238, 266, -969, -238, 153, 153, 153
L 266, -969, -238, 267, -976, -238, 153, 153, 153
L 267, -976, -238, 282, -976, -240, 153, 153, 153
L 282, -976, -240, 282, -972, -240, 153, 153, 153
L 282, -1002, -2403, 282, -998, -240, 153, 153, 153
L 282, -998, -240, 267, -998, -238, 153, 153, 153
L 267, -998, -238, 266, -999, -238, 153, 153, 153
L 266, -999, -238, 210, -968, -238, 153, 153, 153
L 210, -968, -238, 209, -962, -238, 153, 153, 153
L 209, -962, -238, 195, -962, -238, 153, 153, 153
L 195, -962, -238, 194, -974, -238, 153, 153, 153
L 194, -974, -238, 154, -974, -238, 153, 153, 153
L 154, -974, -238, 154, -1006, -238, 153, 153, 153
L 154, -1006, -238, 146, -1006, -238, 153, 153, 153
L 146, -1006, -238, 146, -1014, -238, 153, 153, 153
L 146, -1014, -238, 129, -1014, -238, 153, 153, 153
L 129, -1014, -238, 97, -1014, -254, 153, 153, 153
L 97, -1014, -254, 43, -1014, -252, 153, 153, 153
L 43, -1014, -252, 10, -1014, -238, 153, 153, 153
L 10, -1014, -238, -3, -1014, -238, 153, 153, 153
L -3, -1014, -238, -3, -1006, -238, 153, 153, 153
L -3, -1006, -238, -11, -1006, -238, 153, 153, 153
L -11, -1006, -238, -11, -974, -238, 153, 153, 153
L -11, -974, -238, -51, -974, -238, 153, 153, 153
L -51, -974, -238, -52, -962, -238, 153, 153, 153
L -52, -962, -238, -66, -962, -238, 153, 153, 153
L -66, -962, -238, -67, -966, -238, 153, 153, 153
L -67, -966, -238, -123, -966, -238, 153, 153, 153
L -123, -966, -238, -124, -962, -238, 153, 153, 153
L -124, -962, -238, -138, -962, -238, 153, 153, 153
L -138, -962, -238, -139, -966, -238, 153, 153, 153
L -139, -966, -238, -174, -966, -238, 153, 153, 153
L -174, -966, -238, -210, -930, -238, 153, 153, 153
L -210, -930, -238, -210, -895, -238, 153, 153, 153
L -210, -895, -238, -206, -895, -238, 153, 153, 153
L -206, -895, -238, -206, -880, -237, 153, 153, 153
L -206, -880, -237, -211, -880, -237, 153, 153, 153
L -211, -880, -237, -241, -753, -207, 153, 153, 153
L -241, -753, -207, -237, -752, -207, 153, 153, 153
L -237, -752, -207, -239, -738, -204, 153, 153, 153
L -239, -738, -204, -244, -738, -204, 153, 153, 153
L -244, -738, -204, -320, -609, -144, 153, 153, 153
L -320, -609, -144, -319, -609, -144, 153, 153, 153
L -319, -609, -144, -319, -594, -142, 153, 153, 153
L -319, -594, -142, -326, -593, -142, 153, 153, 153
L -326, -593, -142, -326, -562, -155, 153, 153, 153
L -326, -562, -155, -325, -562, -156, 153, 153, 153
L -325, -562, -156, -324, -555, -158, 153, 153, 153
L -324, -555, -158, -331, -554, -158, 153, 153, 153
L -331, -554, -158, -331, -473, -158, 153, 153, 153
L -331, -473, -158, -330, -469, -158, 153, 153, 153
L -330, -469, -158, -346, -469, -158, 153, 153, 153
L -346, -469, -158, -346, -472, -158, 153, 153, 153
L -346, -472, -158, -345, -473, -158, 153, 153, 153
L -345, -473, -158, -345, -529, -158, 153, 153, 153
L -345, -529, -158, -399, -529, -158, 153, 153, 153
L -399, -529, -158, -399, -521, -158, 153, 153, 153
L -399, -521, -158, -407, -521, -158, 153, 153, 153
L -407, -521, -158, -407, -411, -158, 153, 153, 153
L -407, -411, -158, -399, -411, -158, 153, 153, 153
L -399, -411, -158, -399, -403, -158, 153, 153, 153
L -399, -403, -158, -345, -403, -158, 153, 153, 153
L -345, -403, -158, -345, -451, -158, 153, 153, 153
L -345, -451, -158, -346, -451, -158, 153, 153, 153
L -346, -451, -158, -346, -455, -158, 153, 153, 153
L -346, -455, -158, -331, -456, -158, 153, 153, 153
L -331, -456, -158, -330, -451, -158, 153, 153, 153
L -330, -451, -158, -331, -451, -158, 153, 153, 153
L -331, -451, -158, -331, -366, -158, 153, 153, 153
L -331, -366, -158, -325, -365, -158, 153, 153, 153
L -325, -365, -158, -325, -358, -158, 153, 153, 153
L -325, -358, -158, -326, -357, -158, 153, 153, 153
L -326, -357, -158, -326, -323, -142, 153, 153, 153
L -326, -323, -142, -320, -322, -142, 153, 153, 153
L -320, -322, -142, -320, -307, -143, 153, 153, 153
L -320, -307, -143, -325, -307, -143, 153, 153, 153
L -325, -307, -143, -338, -247, -157, 153, 153, 153
L -338, -247, -157, -336, -247, -157, 153, 153, 153
L -336, -247, -157, -335, -237, -158, 153, 153, 153
L -335, -237, -158, -343, -237, -158, 153, 153, 153
L -343, -237, -158, -344, -227, -158, 153, 153, 153
L -344, -227, -158, -353, -227, -158, 153, 153, 153
L -353, -227, -158, -353, -219, -158, 153, 153, 153
L -353, -219, -158, -363, -219, -158, 153, 153, 153
L -363, -219, -158, -363, -222, -158, 153, 153, 153
L -363, -222, -158, -423, -222, -158, 153, 153, 153
L -423, -222, -158, -424, -218, -158, 153, 153, 153
L -424, -218, -158, -438, -218, -156, 153, 153, 153
L -438, -218, -156, -438, -222, -156, 153, 153, 153
L -438, -222, -156, -568, -222, -96, 153, 153, 153
L -568, -222, -96, -568, -217, -96, 153, 153, 153
L -568, -217, -96, -583, -218, -91, 153, 153, 153
L -583, -218, -91, -583, -222, -90, 153, 153, 153
L -583, -222, -90, -702, -222, -1, 153, 153, 153
L -702, -192, -18, -583, -192, -90, 153, 153, 153
L -583, -192, -90, -581, -196, -92, 153, 153, 153
L -581, -196, -92, -568, -197, -96, 153, 153, 153
L -568, -197, -96, -568, -192, -96, 153, 153, 153
L -568, -192, -96, -438, -192, -156, 153, 153, 153
L -438, -192, -156, -438, -196, -156, 153, 153, 153
L -438, -196, -156, -424, -197, -158, 153, 153, 153
L -424, -197, -158, -423, -192, -158, 153, 153, 153
L -423, -192, -158, -363, -192, -158, 153, 153, 153
L -363, -192, -158, -363, -195, -158, 153, 153, 153
L -363, -195, -158, -353, -195, -158, 153, 153, 153
L -353, -195, -158, -353, -187, -158, 153, 153, 153
L -353, -187, -158, -344, -186, -158, 153, 153, 153
L -344, -186, -158, -343, -177, -158, 153, 153, 153
L -343, -177, -158, -336, -177, -158, 153, 153, 153
L -336, -177, -158, -335, -168, -158, 153, 153, 153
L -335, -168, -158, -336, -167, -158, 153, 153, 153
L -336, -167, -158, -323, -107, -172, 153, 153, 153
L -323, -107, -172, -318, -107, -172, 153, 153, 153
L -318, -107, -172, -318, -92, -174, 153, 153, 153
L -318, -92, -174, -322, -92, -174, 153, 153, 153
L -322, -92, -174, -322, 36, -174, 153, 153, 153
L -322, 36, -174, -318, 37, -174, 153, 153, 153
L -318, 37, -174, -317, 51, -174, 153, 153, 153
L -317, 51, -174, -322, 52, -174, 153, 153, 153
L -322, 52, -174, -322, 180, -174, 153, 153, 153
L -322, 180, -174, -319, 180, -174, 153, 153, 153
L -319, 180, -174, -317, 195, -174, 153, 153, 153
L -317, 195, -174, -321, 196, -174, 153, 153, 153
L -321, 196, -174, -293, 324, -174, 153, 153, 153
L -293, 324, -174, -288, 325, -174, 153, 153, 153
L -288, 325, -174, -288, 340, -173, 153, 153, 153
L -288, 340, -173, -292, 340, -173, 153, 153, 153
L -292, 340, -173, -292, 471, -126, 153, 153, 153
L -292, 471, -126, -289, 471, -126, 153, 153, 153
L -289, 471, -126, -289, 481, -126, 153, 153, 153
L -289, 481, -126, -297, 481, -126, 153, 153, 153
L -297, 481, -126, -298, 491, -126, 153, 153, 153
L -298, 491, -126, -307, 491, -126, 153, 153, 153
L -307, 491, -126, -307, 498, -126, 153, 153, 153
L -307, 498, -126, -316, 499, -126, 153, 153, 153
L -316, 499, -126, -317, 496, -126, 153, 153, 153
L -317, 496, -126, -377, 496, -126, 153, 153, 153
L -377, 496, -126, -378, 500, -126, 153, 153, 153
L -378, 500, -126, -393, 500, -126, 153, 153, 153
L -393, 500, -126, -393, 488, -126, 153, 153, 153
L -393, 488, -126, -433, 488, -126, 153, 153, 153
L -433, 488, -126, -434, 456, -126, 153, 153, 153
L -434, 456, -126, -442, 456, -126, 153, 153, 153
L -442, 456, -126, -442, 448, -126, 153, 153, 153
L -442, 448, -126, -456, 448, -126, 153, 153, 153
L -456, 448, -126, -496, 448, -142, 153, 153, 153
L -496, 448, -142, -515, 448, -142, 153, 153, 153
L -515, 448, -142, -577, 448, -126, 153, 153, 153
L -577, 448, -126, -592, 448, -126, 153, 153, 153
L -592, 448, -126, -592, 455, -126, 153, 153, 153
L -592, 455, -126, -600, 456, -126, 153, 153, 153
L -600, 456, -126, -600, 488, -126, 153, 153, 153
L -600, 488, -126, -640, 488, -126, 153, 153, 153
L -640, 488, -126, -641, 500, -126, 153, 153, 153
L -641, 500, -126, -656, 499, -127, 153, 153, 153
L -656, 499, -127, -656, 493, -127, 153, 153, 153
L -656, 493, -127, -787, 413, -157, 153, 153, 153
L -787, 413, -157, -799, 412, -158, 153, 153, 153
L -799, 412, -158, -800, 408, -158, 153, 153, 153
L -800, 408, -158, -827, 408, -158, 153, 153, 153
L -827, 408, -158, -841, 395, -158, 153, 153, 153
L -841, 395, -158, -841, 367, -158, 153, 153, 153
L -841, 367, -158, -845, 367, -158, 153, 153, 153
L -845, 367, -158, -846, 353, -158, 153, 153, 153
L -846, 353, -158, -841, 351, -158, 153, 153, 153
L -841, 351, -158, -841, 223, -158, 153, 153, 153
L -841, 223, -158, -845, 222, -158, 153, 153, 153
L -845, 222, -158, -845, 210, -156, 153, 153, 153
L -845, 210, -156, -841, 208, -155, 153, 153, 153
L -841, 208, -155, -841, 79, -96, 153, 153, 153
L -841, 79, -96, -846, 79, -96, 153, 153, 153
L -846, 79, -96, -845, 65, -92, 153, 153, 153
L -845, 65, -92, -841, 64, -90, 153, 153, 153
L -841, 64, -90, -841, -54, -1, 153, 153, 153
L -841, -54, -1, -846, -54, -1, 153, 153, 153
L -846, -54, -1, -845, -69, 1, 153, 153, 153
L -845, -69, 1, -833, -70, 1, 153, 153, 153
L -833, -70, 1, -833, -145, 1, 153, 153, 153
L -833, -145, 1, -801, -145, 1, 153, 153, 153
L -801, -145, 1, -801, -152, 1, 153, 153, 153
L -801, -152, 1, -793, -153, 1, 153, 153, 153
L -793, -153, 1, -793, -185, 1, 153, 153, 153
L -793, -185, 1, -718, -185, 1, 153, 153, 153
L -718, -185, 1, -717, -196, 1, 153, 153, 153
L -717, -196, 1, -703, -197, -1, 153, 153, 153
L -703, -197, -1, -702, -192, -1, 153, 153, 153
L -702, -222, -18, -702, -217, -1, 153, 153, 153
L -702, -217, -1, -717, -218, 1, 153, 153, 153
L -717, -218, 1, -718, -231, 1, 153, 153, 153
L -718, -231, 1, -803, -231, 1, 153, 153, 153
L -803, -231, 1, -804, -229, 1, 153, 153, 153
L -804, -229, 1, -810, -229, 1, 153, 153, 153
L -810, -229, 1, -810, -245, 1, 153, 153, 153
L -810, -245, 1, -804, -245, 2, 153, 153, 153
L -804, -245, 2, -803, -243, 1, 153, 153, 153
L -803, -243, 1, -793, -243, 1, 153, 153, 153
L -793, -243, 1, -793, -263, 1, 153, 153, 153
L -793, -263, 1, -801, -265, 1, 153, 153, 153
L -801, -265, 1, -801, -271, 1, 153, 153, 153
L -801, -271, 1, -911, -271, 1, 153, 153, 153
L -911, -271, 1, -911, -264, 1, 153, 153, 153
L -911, -264, 1, -919, -263, 1, 153, 153, 153
L -919, -263, 1, -919, -153, 1, 153, 153, 153
L -919, -153, 1, -911, -152, 1, 153, 153, 153
L -911, -152, 1, -911, -145, 1, 153, 153, 153
L -911, -145, 1, -891, -145, 1, 153, 153, 153
L -891, -145, 1, -891, -155, 1, 153, 153, 153
L -891, -155, 1, -892, -155, 1, 153, 153, 153
L -892, -155, 1, -893, -162, 1, 153, 153, 153
L -893, -162, 1, -878, -162, 1, 153, 153, 153
L -878, -162, 1, -877, -156, 1, 153, 153, 153
L -877, -156, 1, -879, -155, 1, 153, 153, 153
L -879, -155, 1, -879, -70, 1, 153, 153, 153
L -879, -70, 1, -867, -69, 1, 153, 153, 153
L -867, -69, 1, -866, -54, -1, 153, 153, 153
L -866, -54, -1, -871, -54, -1, 153, 153, 153
L -871, -54, -1, -871, 64, -90, 153, 153, 153
L -871, 64, -90, -868, 64, -90, 153, 153, 153
L -868, 64, -90, -866, 78, -95, 153, 153, 153
L -866, 78, -95, -871, 79, -96, 153, 153, 153
L -871, 79, -96, -871, 208, -156, 153, 153, 153
L -871, 208, -156, -867, 209, -156, 153, 153, 153
L -867, 209, -156, -867, 222, -158, 153, 153, 153
L -867, 222, -158, -871, 223, -158, 153, 153, 153
L -871, 223, -158, -871, 351, -158, 153, 153, 153
L -871, 351, -158, -867, 352, -158, 153, 153, 153
L -867, 352, -158, -866, 366, -158, 153, 153, 153
L -866, 366, -158, -871, 367, -158, 153, 153, 153
L -871, 367, -158, -871, 402, -158, 153, 153, 153
L -871, 402, -158, -835, 438, -158, 153, 153, 153
L -835, 438, -158, -800, 438, -158, 153, 153, 153
L -800, 438, -158, -799, 434, -158, 153, 153, 153
L -799, 434, -158, -785, 434, -157, 153, 153, 153
L -785, 434, -157, -784, 444, -156, 153, 153, 153
L -784, 444, -156, -656, 523, -127, 153, 153, 153
L -656, 523, -127, -655, 521, -127, 153, 153, 153
L -655, 521, -127, -641, 522, -126, 153, 153, 153
L -641, 522, -126, -640, 534, -126, 153, 153, 153
L -640, 534, -126, -600, 534, -126, 153, 153, 153
L -600, 534, -126, -600, 566, -126, 153, 153, 153
L -600, 566, -126, -592, 566, -126, 153, 153, 153
L -592, 566, -126, -592, 574, -126, 153, 153, 153
L -592, 574, -126, -442, 574, -126, 153, 153, 153
L -442, 574, -126, -442, 566, -126, 153, 153, 153
L -442, 566, -126, -434, 566, -126, 153, 153, 153
L -434, 566, -126, -434, 535, -126, 153, 153, 153
L -434, 535, -126, -393, 534, -126, 153, 153, 153
L -393, 534, -126, -392, 522, -126, 153, 153, 153
L -392, 522, -126, -378, 521, -126, 153, 153, 153
L -378, 521, -126, -377, 526, -126, 153, 153, 153
L -377, 526, -126, -317, 526, -126, 153, 153, 153
L -317, 526, -126, -317, 523, -126, 153, 153, 153
L -317, 523, -126, -308, 523, -126, 153, 153, 153
L -308, 523, -126, -307, 531, -126, 153, 153, 153
L -307, 531, -126, -298, 532, -126, 153, 153, 153
L -298, 532, -126, -297, 541, -126, 153, 153, 153
L -297, 541, -126, -257, 541, -126, 153, 153, 153
L -257, 541, -126, -257, 532, -126, 153, 153, 153
L -257, 532, -126, -247, 531, -126, 153, 153, 153
L -247, 531, -126, -247, 523, -126, 153, 153, 153
L -247, 523, -126, -238, 523, -126, 153, 153, 153
L -238, 523, -126, -237, 526, -126, 153, 153, 153
L -237, 526, -126, -182, 539, -126, 153, 153, 153
L -182, 539, -126, -181, 538, -126, 153, 153, 153
L -181, 538, -126, -168, 538, -124, 153, 153, 153
L -168, 538, -124, -167, 543, -123, 153, 153, 153
L -167, 543, -123, -43, 589, -46, 153, 153, 153
L -43, 589, -46, -43, 587, -46, 153, 153, 153
L -43, 587, -46, -34, 587, -46, 153, 153, 153
L -34, 587, -46, -33, 595, -46, 153, 153, 153
L -33, 595, -46, -24, 596, -46, 153, 153, 153
L -24, 596, -46, -23, 605, -46, 153, 153, 153
L -23, 605, -46, -16, 605, -46, 153, 153, 153
L -16, 605, -46, -15, 615, -46, 153, 153, 153
L -15, 615, -46, -20, 615, -46, 153, 153, 153
L -20, 615, -46, -20, 745, -46, 153, 153, 153
L -20, 745, -46, -15, 746, -46, 153, 153, 153
L -15, 746, -46, -15, 760, -45, 153, 153, 153
L -15, 760, -45, -19, 760, -44, 153, 153, 153
L -19, 760, -44, -19, 817, -30, 153, 153, 153
L 10, 817, -303, 10, 760, -44, 153, 153, 153
L 10, 760, -44, 6, 760, -45, 153, 153, 153
L 6, 760, -45, 5, 746, -46, 153, 153, 153
L 5, 746, -46, 9, 745, -46, 153, 153, 153
L 9, 745, -46, 9, 615, -46, 153, 153, 153
L 9, 615, -46, 8, 615, -46, 153, 153, 153
L 8, 615, -46, 8, 606, -46, 153, 153, 153
L 8, 606, -46, 16, 605, -46, 153, 153, 153
L 16, 605, -46, 17, 596, -46, 153, 153, 153
L 17, 596, -46, 26, 595, -46, 153, 153, 153
L 26, 595, -46, 26, 588, -46, 153, 153, 153
L 26, 588, -46, 35, 587, -46, 153, 153, 153
L 35, 587, -46, 36, 590, -46, 153, 153, 153
L 36, 590, -46, 159, 602, -138, 153, 153, 153
L 159, 602, -138, 159, 600, -138, 153, 153, 153
L 159, 600, -138, 174, 599, -144, 153, 153, 153
L 174, 599, -144, 174, 605, -144, 153, 153, 153
L 174, 605, -144, 303, 665, -203, 153, 153, 153
L 303, 665, -203, 304, 663, -204, 153, 153, 153
L 304, 663, -204, 317, 662, -207, 153, 153, 153
L 317, 662, -207, 318, 668, -207, 153, 153, 153
L 318, 668, -207, 363, 682, -220, 153, 153, 153
L 363, 682, -220, 363, 679, -220, 153, 153, 153
L 363, 679, -220, 377, 679, -222, 153, 153, 153
L 377, 679, -222, 378, 683, -222, 153, 153, 153
L 378, 683, -222, 413, 683, -222, 153, 153, 153
L 413, 683, -222, 449, 647, -222, 153, 153, 153
L 449, 647, -222, 449, 612, -222, 153, 153, 153
L 449, 612, -222, 445, 612, -222, 153, 153, 153
L 445, 612, -222, 444, 597, -222, 153, 153, 153
L 444, 597, -222, 455, 596, -222, 153, 153, 153
L 455, 596, -222, 455, 557, -222, 153, 153, 153
L 455, 557, -222, 487, 556, -222, 153, 153, 153
L 487, 556, -222, 487, 548, -222, 153, 153, 153
L 487, 548, -222, 495, 548, -222, 153, 153, 153
L 495, 548, -222, 495, 398, -222, 153, 153, 153
L 495, 398, -222, 487, 398, -222, 153, 153, 153
L 487, 398, -222, 487, 390, -222, 153, 153, 153
L 487, 390, -222, 456, 390, -222, 153, 153, 153
L 456, 390, -222, 455, 350, -222, 153, 153, 153
L 455, 350, -222, 443, 350, -222, 153, 153, 153
L 443, 350, -222, 442, 335, -222, 153, 153, 153
L 442, 335, -222, 447, 334, -222, 153, 153, 153
L 447, 334, -222, 447, 307, -222, 153, 153, 153
L 447, 307, -222, 460, 293, -222, 153, 153, 153
L 460, 293, -222, 488, 293, -222, 153, 153, 153
L 488, 293, -222, 489, 288, -222, 153, 153, 153
L 489, 288, -222, 502, 289, -220, 153, 153, 153
L 502, 289, -220, 503, 293, -220, 153, 153, 153
L 503, 293, -220, 632, 293, -160, 153, 153, 153
L 632, 293, -160, 632, 289, -160, 153, 153, 153
L 632, 289, -160, 647, 289, -155, 153, 153, 153
L 647, 289, -155, 647, 293, -154, 153, 153, 153
L 647, 293, -154, 766, 293, -65, 153, 153, 153
L 766, 293, -65, 766, 288, -65, 153, 153, 153
L 766, 288, -65, 781, 288, -62, 153, 153, 153
L 781, 288, -62, 782, 301, -62, 153, 153, 153
L 782, 301, -62, 867, 301, -62, 153, 153, 153
L 867, 301, -62, 867, 300, -62, 153, 153, 153
L 867, 300, -62, 873, 299, -62, 153, 153, 153
L 873, 299, -62, 874, 315, -62, 153, 153, 153
L 874, 315, -62, 868, 315, -62, 153, 153, 153
L 868, 315, -62, 867, 313, -62, 153, 153, 153
L 867, 313, -62, 857, 313, -62, 153, 153, 153
L 857, 313, -62, 857, 333, -62, 153, 153, 153
L 857, 333, -62, 865, 334, -62, 153, 153, 153
L 865, 334, -62, 865, 341, -62, 153, 153, 153
L 865, 341, -62, 975, 341, -62, 153, 153, 153
L 975, 341, -62, 975, 333, -62, 153, 153, 153
L 975, 333, -62, 983, 333, -62, 153, 153, 153
L 983, 333, -62, 983, 223, -62, 153, 153, 153
L 983, 223, -62, 975, 223, -62, 153, 153, 153
L 975, 223, -62, 975, 215, -62, 153, 153, 153
L 975, 215, -62, 955, 215, -62, 153, 153, 153
L 955, 215, -62, 955, 225, -62, 153, 153, 153
L 955, 225, -62, 957, 225, -62, 153, 153, 153
L 957, 225, -62, 956, 232, -62, 153, 153, 153
L 956, 232, -62, 942, 232, -62, 153, 153, 153
L 942, 232, -62, 941, 226, -62, 153, 153, 153
L 941, 226, -62, 943, 225, -62, 153, 153, 153
L 943, 225, -62, 943, 140, -62, 153, 153, 153
L 943, 140, -62, 932, 140, -62, 153, 153, 153
L 932, 140, -62, 931, 125, -65, 153, 153, 153
L 931, 125, -65, 936, 124, -65, 153, 153, 153
L 936, 124, -65, 936, 5, -154, 153, 153, 153
L 936, 5, -154, 932, 5, -155, 153, 153, 153
L 932, 5, -155, 931, -8, -160, 153, 153, 153
L 931, -8, -160, 936, -9, -160, 153, 153, 153
L 936, -9, -160, 936, -138, -220, 153, 153, 153
L 936, -138, -220, 932, -138, -220, 153, 153, 153
L 932, -138, -220, 932, -152, -222, 153, 153, 153
L 932, -152, -222, 936, -153, -222, 153, 153, 153
L 936, -153, -222, 936, -188, -222, 153, 153, 153
L 936, -188, -222, 900, -224, -222, 153, 153, 153
L 900, -224, -222, 865, -224, -222, 153, 153, 153
L 865, -224, -222, 864, -220, -222, 153, 153, 153
L 864, -220, -222, 850, -220, -222, 153, 153, 153
L 850, -220, -222, 849, -224, -222, 153, 153, 153
L 849, -224, -222, 772, -240, -222, 153, 153, 153
L 772, -240, -222, 772, -237, -222, 153, 153, 153
L 772, -237, -222, 762, -237, -222, 153, 153, 153
L 762, -237, -222, 762, -245, -222, 153, 153, 153
L 762, -245, -222, 753, -246, -222, 153, 153, 153
L 753, -246, -222, 752, -255, -222, 153, 153, 153
L 752, -255, -222, 744, -255, -222, 153, 153, 153
L 744, -255, -222, 744, -265, -221, 153, 153, 153
L 744, -265, -221, 747, -265, -221, 153, 153, 153
L 747, -265, -221, 760, -329, -207, 153, 153, 153
L 760, -329, -207, 758, -329, -207, 153, 153, 153
L 758, -329, -207, 758, -344, -206, 153, 153, 153
L 758, -344, -206, 765, -345, -206, 153, 153, 153
L 765, -345, -206, 765, -374, -218, 153, 153, 153
L 765, -374, -218, 764, -376, -220, 153, 153, 153
L 764, -376, -220, 764, -383, -222, 153, 153, 153
L 764, -383, -222, 770, -384, -222, 153, 153, 153
L 770, -384, -222, 770, -469, -222, 153, 153, 153
L 770, -469, -222, 769, -469, -222, 153, 153, 153
L 769, -469, -222, 769, -473, -222, 153, 153, 153
L 769, -473, -222, 784, -474, -222, 153, 153, 153
L 784, -474, -222, 785, -470, -222, 153, 153, 153
L 785, -470, -222, 784, -469, -222, 153, 153, 153
L 784, -469, -222, 784, -467, -222, 153, 153, 153
L 784, -467, -222, 792, -467, -222, 153, 153, 153
L 792, -467, -222, 792, -468, -222, 153, 153, 153
L 792, -468, -222, 796, -468, -222, 153, 153, 153
L 796, -468, -222, 797, -456, -222, 153, 153, 153
L 797, -456, -222, 793, -455, -222, 153, 153, 153
L 793, -455, -222, 792, -457, -222, 153, 153, 153
L 792, -457, -222, 784, -457, -222, 153, 153, 153
L 784, -457, -222, 784, -421, -222, 153, 153, 153
L 784, -421, -222, 830, -421, -222, 153, 153, 153
L 830, -421, -222, 830, -428, -222, 153, 153, 153
L 830, -428, -222, 838, -429, -222, 153, 153, 153
L 838, -429, -222, 838, -457, -222, 153, 153, 153
L 838, -457, -222, 814, -457, -222, 153, 153, 153
L 814, -457, -222, 814, -456, -222, 153, 153, 153
L 814, -456, -222, 809, -456, -222, 153, 153, 153
L 809, -456, -222, 810, -469, -222, 153, 153, 153
L 810, -469, -222, 814, -468, -222, 153, 153, 153
L 814, -468, -222, 814, -467, -222, 153, 153, 153
L 814, -467, -222, 838, -467, -222, 153, 153, 153
L 838, -467, -222, 838, -493, -222, 153, 153, 153
L 838, -493, -222, 814, -493, -222, 153, 153, 153
L 814, -493, -222, 814, -492, -222, 153, 153, 153
L 814, -492, -222, 810, -491, -222, 153, 153, 153
L 810, -491, -222, 809, -505, -222, 153, 153, 153
L 809, -505, -222, 813, -505, -222, 153, 153, 153
L 813, -505, -222, 814, -503, -222, 153, 153, 153
L 814, -503, -222, 838, -503, -222, 153, 153, 153
L 838, -503, -222, 838, -539, -222, 153, 153, 153
L 838, -539, -222, 830, -539, -222, 153, 153, 153
L 830, -539, -222, 830, -547, -222, 153, 153, 153
L 830, -547, -222, 784, -547, -222, 153, 153, 153
L 784, -547, -222, 784, -503, -222, 153, 153, 153
L 784, -503, -222, 792, -503, -222, 153, 153, 153
L 792, -503, -222, 792, -504, -222, 153, 153, 153
L 792, -504, -222, 796, -505, -222, 153, 153, 153
L 796, -505, -222, 797, -492, -222, 153, 153, 153
L 797, -492, -222, 792, -492, -222, 153, 153, 153
L 792, -492, -222, 792, -493, -222, 153, 153, 153
L 792, -493, -222, 784, -493, -222, 153, 153, 153
L 784, -493, -222, 784, -491, -222, 153, 153, 153
L 784, -491, -222, 785, -491, -222, 153, 153, 153
L 785, -491, -222, 785, -487, -222, 153, 153, 153
L 785, -487, -222, 770, -486, -222, 153, 153, 153
L 770, -486, -222, 769, -490, -222, 153, 153, 153
L 769, -490, -222, 770, -491, -222, 153, 153, 153
L 770, -491, -222, 770, -572, -222, 153, 153, 153
L 770, -572, -222, 764, -573, -222, 153, 153, 153
L 764, -573, -222, 764, -580, -220, 153, 153, 153
L 764, -580, -220, 765, -580, -220, 153, 153, 153
L 765, -580, -220, 765, -611, -206, 153, 153, 153
L 765, -611, -206, 758, -612, -206, 153, 153, 153
L 758, -612, -206, 757, -626, -208, 153, 153, 153
L 757, -626, -208, 762, -627, -208, 153, 153, 153
L 762, -627, -208, 762, -756, -268, 153, 153, 153
L 762, -756, -268, 757, -756, -268, 153, 153, 153
L 757, -756, -268, 756, -770, -271, 153, 153, 153
L 756, -770, -271, 761, -771, -271, 153, 153, 153
L 731, -771, -2712, 735, -770, -271, 153, 153, 153
L 735, -770, -271, 735, -756, -268, 153, 153, 153
L 735, -756, -268, 732, -756, -268, 153, 153, 153
L 732, -756, -268, 732, -627, -208, 153, 153, 153
L 732, -627, -208, 737, -626, -208, 153, 153, 153
L 737, -626, -208, 736, -612, -206, 153, 153, 153
L 736, -612, -206, 729, -611, -206, 153, 153, 153
L 729, -611, -206, 729, -580, -220, 153, 153, 153
L 729, -580, -220, 730, -580, -220, 153, 153, 153
L 730, -580, -220, 731, -573, -222, 153, 153, 153
L 731, -573, -222, 724, -572, -222, 153, 153, 153
L 724, -572, -222, 724, -491, -222, 153, 153, 153
L 724, -491, -222, 725, -487, -222, 153, 153, 153
L 725, -487, -222, 709, -487, -222, 153, 153, 153
L 709, -487, -222, 709, -491, -222, 153, 153, 153
L 709, -491, -222, 710, -491, -222, 153, 153, 153
L 710, -491, -222, 710, -493, -222, 153, 153, 153
L 710, -493, -222, 702, -493, -222, 153, 153, 153
L 702, -493, -222, 702, -492, -222, 153, 153, 153
L 702, -492, -222, 698, -491, -222, 153, 153, 153
L 698, -491, -222, 698, -504, -222, 153, 153, 153
L 698, -504, -222, 702, -504, -222, 153, 153, 153
L 702, -504, -222, 702, -503, -222, 153, 153, 153
L 702, -503, -222, 710, -503, -222, 153, 153, 153
L 710, -503, -222, 710, -547, -222, 153, 153, 153
L 710, -547, -222, 656, -547, -222, 153, 153, 153
L 656, -547, -222, 655, -539, -222, 153, 153, 153
L 655, -539, -222, 648, -539, -222, 153, 153, 153
L 648, -539, -222, 648, -503, -222, 153, 153, 153
L 648, -503, -222, 680, -503, -222, 153, 153, 153
L 680, -503, -222, 680, -504, -222, 153, 153, 153
L 680, -504, -222, 685, -504, -222, 153, 153, 153
L 685, -504, -222, 684, -492, -222, 153, 153, 153
L 684, -492, -222, 680, -492, -222, 153, 153, 153
L 680, -492, -222, 680, -493, -222, 153, 153, 153
L 680, -493, -222, 648, -493, -222, 153, 153, 153
L 648, -493, -222, 648, -467, -222, 153, 153, 153
L 648, -467, -222, 680, -467, -222, 153, 153, 153
L 680, -467, -222, 680, -468, -222, 153, 153, 153
L 680, -468, -222, 684, -468, -222, 153, 153, 153
L 684, -468, -222, 685, -456, -222, 153, 153, 153
L 685, -456, -222, 680, -456, -222, 153, 153, 153
L 680, -456, -222, 680, -457, -222, 153, 153, 153
L 680, -457, -222, 648, -457, -222, 153, 153, 153
L 648, -457, -222, 648, -429, -222, 153, 153, 153
L 648, -429, -222, 656, -428, -222, 153, 153, 153
L 656, -428, -222, 656, -421, -222, 153, 153, 153
L 656, -421, -222, 710, -421, -222, 153, 153, 153
L 710, -421, -222, 710, -457, -222, 153, 153, 153
L 710, -457, -222, 702, -457, -222, 153, 153, 153
L 702, -457, -222, 702, -456, -222, 153, 153, 153
L 702, -456, -222, 698, -456, -222, 153, 153, 153
L 698, -456, -222, 698, -468, -222, 153, 153, 153
L 698, -468, -222, 702, -468, -222, 153, 153, 153
L 702, -468, -222, 702, -467, -222, 153, 153, 153
L 702, -467, -222, 710, -467, -222, 153, 153, 153
L 710, -467, -222, 710, -469, -222, 153, 153, 153
L 710, -469, -222, 709, -469, -222, 153, 153, 153
L 709, -469, -222, 709, -473, -222, 153, 153, 153
L 709, -473, -222, 725, -473, -222, 153, 153, 153
L 725, -473, -222, 725, -469, -222, 153, 153, 153
L 725, -469, -222, 724, -469, -222, 153, 153, 153
L 724, -469, -222, 724, -384, -222, 153, 153, 153
L 724, -384, -222, 730, -383, -222, 153, 153, 153
L 730, -383, -222, 730, -376, -220, 153, 153, 153
L 730, -376, -220, 729, -376, -220, 153, 153, 153
L 729, -376, -220, 729, -345, -206, 153, 153, 153
L 729, -345, -206, 736, -344, -206, 153, 153, 153
L 736, -344, -206, 737, -330, -207, 153, 153, 153
L 737, -330, -207, 730, -329, -207, 153, 153, 153
L 730, -329, -207, 717, -265, -221, 153, 153, 153
L 717, -265, -221, 719, -265, -221, 153, 153, 153
L 719, -265, -221, 720, -256, -222, 153, 153, 153
L 720, -256, -222, 712, -255, -222, 153, 153, 153
L 712, -255, -222, 711, -246, -222, 153, 153, 153
L 711, -246, -222, 702, -245, -222, 153, 153, 153
L 702, -245, -222, 702, -237, -222, 153, 153, 153
L 702, -237, -222, 693, -237, -222, 153, 153, 153
L 693, -237, -222, 692, -240, -222, 153, 153, 153
L 692, -240, -222, 583, -260, -237, 153, 153, 153
L 583, -260, -237, 583, -258, -237, 153, 153, 153
L 583, -258, -237, 569, -257, -238, 153, 153, 153
L 569, -257, -238, 568, -263, -238, 153, 153, 153
L 568, -263, -238, 404, -291, -238, 153, 153, 153
L 404, -291, -238, 403, -288, -238, 153, 153, 153
L 403, -288, -238, 389, -289, -236, 153, 153, 153
L 389, -289, -236, 389, -295, -236, 153, 153, 153
L 389, -295, -236, 260, -302, -176, 153, 153, 153
L 260, -302, -176, 260, -298, -176, 153, 153, 153
L 260, -298, -176, 246, -298, -171, 153, 153, 153
L 246, -298, -171, 245, -302, -170, 153, 153, 153
L 245, -302, -170, 126, -302, -81, 153, 153, 153
L 126, -302, -81, 126, -297, -81, 153, 153, 153
L 126, -297, -81, 111, -298, -78, 153, 153, 153
L 111, -298, -78, 110, -302, -78, 153, 153, 153
L 110, -302, -78, 54, -302, -78, 153, 153, 153
L 54, -302, -78, 54, -300, -78, 153, 153, 153
L 54, -300, -78, 45, -299, -78, 153, 153, 153
L 45, -299, -78, 44, -307, -78, 153, 153, 153
L 44, -307, -78, 35, -308, -78, 153, 153, 153
L 35, -308, -78, 34, -317, -78, 153, 153, 153
L 34, -317, -78, 26, -317, -78, 153, 153, 153
L 26, -317, -78, 26, -326, -78, 153, 153, 153
L 26, -326, -78, 29, -327, -78, 153, 153, 153
L 29, -327, -78, 29, -450, -170, 153, 153, 153
L 29, -450, -170, 25, -450, -171, 153, 153, 153
L 25, -450, -171, 24, -464, -176, 153, 153, 153
L 24, -464, -176, 29, -465, -176, 153, 153, 153
L 29, -465, -176, 36, -594, -235, 153, 153, 153
L 36, -594, -235, 32, -594, -236, 153, 153, 153
L 32, -594, -236, 30, -608, -238, 153, 153, 153
L 30, -608, -238, 35, -609, -238, 153, 153, 153
L 35, -609, -238, 35, -636, -238, 153, 153, 153
L 35, -636, -238, 49, -650, -238, 153, 153, 153
L 49, -650, -238, 76, -650, -238, 153, 153, 153
L 22, -171, -621, 10, -172, -62, 153, 153, 153
L 10, -172, -62, 9, -186, -63, 153, 153, 153
L 9, -186, -63, 15, -187, -63, 153, 153, 153
L 15, -187, -63, 29, -247, -77, 153, 153, 153
L 29, -247, -77, 27, -247, -77, 153, 153, 153
L 27, -247, -77, 26, -257, -78, 153, 153, 153
L 26, -257, -78, 34, -257, -78, 153, 153, 153
L 34, -257, -78, 34, -266, -78, 153, 153, 153
L 34, -266, -78, 44, -267, -78, 153, 153, 153
L 44, -267, -78, 44, -275, -78, 153, 153, 153
L 44, -275, -78, 54, -275, -78, 153, 153, 153
L 54, -275, -78, 54, -272, -78, 153, 153, 153
L 54, -272, -78, 110, -272, -78, 153, 153, 153
L 110, -272, -78, 111, -276, -78, 153, 153, 153
L 111, -276, -78, 125, -277, -81, 153, 153, 153
L 125, -277, -81, 126, -272, -81, 153, 153, 153
L 126, -272, -81, 245, -272, -169, 153, 153, 153
L 245, -272, -169, 246, -276, -171, 153, 153, 153
L 246, -276, -171, 260, -276, -176, 153, 153, 153
L 260, -276, -176, 260, -272, -176, 153, 153, 153
L 260, -272, -176, 389, -265, -236, 153, 153, 153
L 389, -265, -236, 389, -266, -236, 153, 153, 153
L 389, -266, -236, 403, -266, -238, 153, 153, 153
L 403, -266, -238, 404, -261, -238, 153, 153, 153
L 404, -261, -238, 568, -233, -238, 153, 153, 153
L 568, -233, -238, 569, -236, -238, 153, 153, 153
L 569, -236, -238, 583, -236, -237, 153, 153, 153
L 583, -236, -237, 583, -230, -237, 153, 153, 153
L 583, -230, -237, 692, -210, -222, 153, 153, 153
L 692, -210, -222, 692, -213, -222, 153, 153, 153
L 692, -213, -222, 702, -213, -222, 153, 153, 153
L 702, -213, -222, 702, -205, -222, 153, 153, 153
L 702, -205, -222, 711, -205, -222, 153, 153, 153
L 711, -205, -222, 712, -195, -222, 153, 153, 153
L 712, -195, -222, 752, -195, -222, 153, 153, 153
L 752, -195, -222, 753, -204, -222, 153, 153, 153
L 753, -204, -222, 762, -205, -222, 153, 153, 153
L 762, -205, -222, 762, -212, -222, 153, 153, 153
L 762, -212, -222, 772, -213, -222, 153, 153, 153
L 772, -213, -222, 772, -210, -222, 153, 153, 153
L 772, -210, -222, 849, -194, -222, 153, 153, 153
L 849, -194, -222, 850, -198, -222, 153, 153, 153
L 850, -198, -222, 864, -198, -222, 153, 153, 153
L 864, -198, -222, 865, -194, -222, 153, 153, 153
L 865, -194, -222, 892, -194, -222, 153, 153, 153
L 892, -194, -222, 906, -181, -222, 153, 153, 153
L 906, -181, -222, 906, -153, -222, 153, 153, 153
L 906, -153, -222, 911, -151, -222, 153, 153, 153
L 911, -151, -222, 910, -138, -220, 153, 153, 153
L 910, -138, -220, 906, -138, -219, 153, 153, 153
L 906, -138, -219, 906, -9, -160, 153, 153, 153
L 906, -9, -160, 910, -9, -160, 153, 153, 153
L 910, -9, -160, 910, 4, -155, 153, 153, 153
L 910, 4, -155, 906, 5, -154, 153, 153, 153
L 906, 5, -154, 906, 124, -65, 153, 153, 153
L 906, 124, -65, 910, 124, -65, 153, 153, 153
L 910, 124, -65, 910, 139, -62, 153, 153, 153
L 910, 139, -62, 897, 140, -62, 153, 153, 153
L 897, 140, -62, 897, 214, -62, 153, 153, 153
L 897, 214, -62, 865, 215, -62, 153, 153, 153
L 865, 215, -62, 865, 223, -62, 153, 153, 153
L 865, 223, -62, 857, 223, -62, 153, 153, 153
L 857, 223, -62, 857, 255, -62, 153, 153, 153
L 857, 255, -62, 782, 255, -62, 153, 153, 153
L 782, 255, -62, 781, 267, -62, 153, 153, 153
L 781, 267, -62, 766, 268, -65, 153, 153, 153
L 766, 268, -65, 766, 263, -65, 153, 153, 153
L 766, 263, -65, 647, 263, -154, 153, 153, 153
L 647, 263, -154, 647, 267, -155, 153, 153, 153
L 647, 267, -155, 632, 267, -160, 153, 153, 153
L 632, 267, -160, 632, 263, -160, 153, 153, 153
L 632, 263, -160, 503, 263, -220, 153, 153, 153
L 503, 263, -220, 503, 266, -219, 153, 153, 153
L 503, 266, -219, 489, 267, -222, 153, 153, 153
L 489, 267, -222, 488, 263, -222, 153, 153, 153
L 488, 263, -222, 454, 263, -222, 153, 153, 153
L 454, 263, -222, 417, 299, -222, 153, 153, 153
L 417, 299, -222, 417, 334, -222, 153, 153, 153
L 417, 334, -222, 421, 335, -222, 153, 153, 153
L 421, 335, -222, 421, 349, -222, 153, 153, 153
L 421, 349, -222, 409, 350, -222, 153, 153, 153
L 409, 350, -222, 409, 390, -222, 153, 153, 153
L 409, 390, -222, 377, 390, -222, 153, 153, 153
L 377, 390, -222, 377, 397, -222, 153, 153, 153
L 377, 397, -222, 369, 398, -222, 153, 153, 153
L 369, 398, -222, 369, 548, -222, 153, 153, 153
L 369, 548, -222, 376, 548, -222, 153, 153, 153
L 376, 548, -222, 377, 556, -222, 153, 153, 153
L 377, 556, -222, 408, 556, -222, 153, 153, 153
L 408, 556, -222, 409, 596, -222, 153, 153, 153
L 409, 596, -222, 423, 597, -222, 153, 153, 153
L 423, 597, -222, 423, 611, -222, 153, 153, 153
L 423, 611, -222, 419, 612, -222, 153, 153, 153
L 419, 612, -222, 419, 640, -222, 153, 153, 153
L 419, 640, -222, 406, 653, -222, 153, 153, 153
L 406, 653, -222, 378, 653, -222, 153, 153, 153
L 378, 653, -222, 377, 657, -222, 153, 153, 153
L 377, 657, -222, 363, 657, -220, 153, 153, 153
L 363, 657, -220, 363, 652, -220, 153, 153, 153
L 363, 652, -220, 318, 639, -207, 153, 153, 153
L 318, 639, -207, 317, 642, -207, 153, 153, 153
L 317, 642, -207, 302, 640, -203, 153, 153, 153
L 302, 640, -203, 303, 635, -204, 153, 153, 153
L 303, 635, -204, 174, 576, -144, 153, 153, 153
L 174, 576, -144, 173, 578, -144, 153, 153, 153
L 173, 578, -144, 159, 577, -139, 153, 153, 153
L 159, 577, -139, 159, 573, -138, 153, 153, 153
L 159, 573, -138, 36, 560, -46, 153, 153, 153
L 36, 560, -46, 36, 562, -46, 153, 153, 153
L 36, 562, -46, 26, 563, -46, 153, 153, 153
L 26, 563, -46, 26, 555, -46, 153, 153, 153
L 26, 555, -46, 17, 554, -46, 153, 153, 153
L 17, 554, -46, 16, 545, -46, 153, 153, 153
L 16, 545, -46, -23, 545, -46, 153, 153, 153
L -23, 545, -46, -24, 554, -46, 153, 153, 153
L -24, 554, -46, -33, 555, -46, 153, 153, 153
L -33, 555, -46, -33, 562, -46, 153, 153, 153
L -33, 562, -46, -42, 563, -46, 153, 153, 153
L -42, 563, -46, -43, 560, -46, 153, 153, 153
L -43, 560, -46, -167, 513, -123, 153, 153, 153
L -167, 513, -123, -167, 516, -124, 153, 153, 153
L -167, 516, -124, -181, 516, -126, 153, 153, 153
L -181, 516, -126, -182, 510, -126, 153, 153, 153
L -182, 510, -126, -237, 496, -126, 153, 153, 153
L -237, 496, -126, -237, 499, -126, 153, 153, 153
L -237, 499, -126, -247, 499, -126, 153, 153, 153
L -247, 499, -126, -247, 491, -126, 153, 153, 153
L -247, 491, -126, -256, 490, -126, 153, 153, 153
L -256, 490, -126, -257, 481, -126, 153, 153, 153
L -257, 481, -126, -265, 481, -126, 153, 153, 153
L -265, 481, -126, -265, 471, -126, 153, 153, 153
L -265, 471, -126, -262, 471, -126, 153, 153, 153
L -262, 471, -126, -262, 340, -173, 153, 153, 153
L -262, 340, -173, -266, 339, -173, 153, 153, 153
L -266, 339, -173, -266, 325, -174, 153, 153, 153
L -266, 325, -174, -263, 324, -174, 153, 153, 153
L -263, 324, -174, -291, 196, -174, 153, 153, 153
L -291, 196, -174, -296, 196, -174, 153, 153, 153
L -296, 196, -174, -297, 181, -174, 153, 153, 153
L -297, 181, -174, -292, 180, -174, 153, 153, 153
L -292, 180, -174, -292, 52, -174, 153, 153, 153
L -292, 52, -174, -296, 52, -174, 153, 153, 153
L -296, 52, -174, -296, 37, -174, 153, 153, 153
L -296, 37, -174, -292, 36, -174, 153, 153, 153
L -292, 36, -174, -292, -92, -174, 153, 153, 153
L -292, -92, -174, -296, -93, -174, 153, 153, 153
L -296, -93, -174, -296, -107, -172, 153, 153, 153
L -296, -107, -172, -293, -107, -172, 153, 153, 153
L -293, -107, -172, -306, -167, -158, 153, 153, 153
L -306, -167, -158, -311, -168, -158, 153, 153, 153
L -311, -168, -158, -311, -177, -158, 153, 153, 153
L -311, -177, -158, -303, -177, -158, 153, 153, 153
L -303, -177, -158, -302, -186, -158, 153, 153, 153
L -302, -186, -158, -293, -187, -158, 153, 153, 153
L -293, -187, -158, -293, -194, -158, 153, 153, 153
L -293, -194, -158, -283, -195, -158, 153, 153, 153
L -283, -195, -158, -283, -192, -158, 153, 153, 153
L -283, -192, -158, -228, -206, -158, 153, 153, 153
L -228, -206, -158, -228, -212, -158, 153, 153, 153
L -228, -212, -158, -214, -212, -156, 153, 153, 153
L -214, -212, -156, -213, -209, -156, 153, 153, 153
L -213, -209, -156, -93, -254, -81, 153, 153, 153
L -93, -254, -81, -93, -261, -80, 153, 153, 153
L -93, -261, -80, -78, -260, -78, 153, 153, 153
L -78, -260, -78, -77, -257, -78, 153, 153, 153
L -77, -257, -78, -25, -272, -78, 153, 153, 153
L -25, -272, -78, -25, -274, -78, 153, 153, 153
L -25, -274, -78, -15, -275, -78, 153, 153, 153
L -15, -275, -78, -15, -267, -78, 153, 153, 153
L -15, -267, -78, -6, -266, -78, 153, 153, 153
L -6, -266, -78, -5, -257, -78, 153, 153, 153
L -5, -257, -78, 2, -257, -78, 153, 153, 153
L 2, -257, -78, 2, -248, -78, 153, 153, 153
L 2, -248, -78, 0, -247, -77, 153, 153, 153
L 0, -247, -77, -14, -187, -63, 153, 153, 153
L -14, -187, -63, -10, -186, -63, 153, 153, 153
L -10, -186, -63, -11, -172, -62, 153, 153, 153
L -11, -172, -62, -23, -171, -62, 153, 153, 153
L 10, 817, -303, 9, 817, -30, 153, 153, 153
L 9, 817, -30, 8, 830, -30, 153, 153, 153
L 8, 830, -30, 18, 831, -30, 153, 153, 153
L 18, 831, -30, 18, 927, -30, 153, 153, 153
L 18, 927, -30, 82, 927, -30, 153, 153, 153
L 82, 927, -30, 82, 935, -30, 153, 153, 153
L 82, 935, -30, 90, 935, -30, 153, 153, 153
L 90, 935, -30, 90, 1109, -30, 153, 153, 153
L 90, 1109, -30, 83, 1109, -30, 153, 153, 153
L 83, 1109, -30, 82, 1117, -30, 153, 153, 153
L 82, 1117, -30, -91, 1117, -30, 153, 153, 153
L -91, 1117, -30, -91, 1109, -30, 153, 153, 153
L -91, 1109, -30, -99, 1109, -30, 153, 153, 153
L -99, 1109, -30, -99, 935, -30, 153, 153, 153
L -99, 935, -30, -91, 935, -30, 153, 153, 153
L -91, 935, -30, -91, 927, -30, 153, 153, 153
L -91, 927, -30, -27, 927, -30, 153, 153, 153
L -27, 927, -30, -27, 831, -30, 153, 153, 153
L -27, 831, -30, -17, 831, -30, 153, 153, 153
L -17, 831, -30, -17, 817, -30, 153, 153, 153
L -17, 817, -30, -19, 817, -30, 153, 153, 153
L 22, 987, -301, 6, 987, -30, 153, 153, 153
L 6, 987, -30, 6, 973, -30, 153, 153, 153
L 6, 973, -30, 22, 973, -30, 153, 153, 153
L 22, 973, -30, 22, 966, -30, 153, 153, 153
L 22, 966, -30, 52, 965, -30, 153, 153, 153
L 52, 965, -30, 52, 994, -30, 153, 153, 153
L 52, 994, -30, 44, 995, -30, 153, 153, 153
L 44, 995, -30, 44, 1049, -30, 153, 153, 153
L 44, 1049, -30, 52, 1049, -30, 153, 153, 153
L 52, 1049, -30, 52, 1078, -30, 153, 153, 153
L 52, 1078, -30, 22, 1078, -30, 153, 153, 153
L 22, 1078, -30, 22, 1071, -30, 153, 153, 153
L 22, 1071, -30, -31, 1071, -30, 153, 153, 153
L -31, 1071, -30, -31, 1079, -30, 153, 153, 153
L -31, 1079, -30, -61, 1079, -29, 153, 153, 153
L -61, 1079, -29, -61, 1049, -30, 153, 153, 153
L -61, 1049, -30, -53, 1049, -30, 153, 153, 153
L -53, 1049, -30, -53, 995, -29, 153, 153, 153
L -53, 995, -29, -61, 995, -29, 153, 153, 153
L -61, 995, -29, -61, 966, -30, 153, 153, 153
L -61, 966, -30, -32, 965, -30, 153, 153, 153
L -32, 965, -30, -31, 973, -30, 153, 153, 153
L -31, 973, -30, -19, 973, -30, 153, 153, 153
L -19, 973, -30, -19, 987, -30, 153, 153, 153
L -19, 987, -30, -31, 987, -30, 153, 153, 153
L -31, 987, -30, -31, 995, -30, 153, 153, 153
L -31, 995, -30, -39, 995, -30, 153, 153, 153
L -39, 995, -30, -39, 1049, -30, 153, 153, 153
L -39, 1049, -30, -31, 1049, -30, 153, 153, 153
L -31, 1049, -30, -31, 1057, -30, 153, 153, 153
L -31, 1057, -30, 22, 1057, -30, 153, 153, 153
L 22, 1057, -30, 22, 1049, -30, 153, 153, 153
L 22, 1049, -30, 30, 1049, -30, 153, 153, 153
L 30, 1049, -30, 30, 995, -30, 153, 153, 153
L 30, 995, -30, 23, 995, -30, 153, 153, 153
L 23, 995, -30, 22, 987, -30, 153, 153, 153
L -71, 989, -301, -70, 1050, 1, 255, 255, 0
L -70, 1050, 1, -72, 1089, 1, 255, 255, 0
L -72, 1089, 1, 62, 1089, 33, 255, 255, 0
L 62, 1089, 33, 62, 955, 65, 255, 255, 0
L 62, 955, 65, -71, 955, 65, 255, 255, 0
L -71, 955, 65, -71, 993, 65, 255, 255, 0
L -71, 993, 65, -61, 991, 66, 255, 255, 0
L -61, 991, 66, -60, 966, 65, 255, 255, 0
L -60, 966, 65, -32, 965, 65, 255, 255, 0
L -32, 965, 65, -31, 973, 65, 255, 255, 0
L -31, 973, 65, -15, 973, 65, 255, 255, 0
L -15, 973, 65, -11, 972, 65, 255, 255, 0
L -11, 972, 65, -10, 983, 65, 255, 255, 0
L -10, 983, 65, -31, 983, 65, 255, 255, 0
L -31, 983, 65, -32, 994, 65, 255, 255, 0
L -32, 994, 65, -39, 995, 65, 255, 255, 0
L -39, 995, 65, -39, 1049, 65, 255, 255, 0
L -39, 1049, 65, -32, 1050, 65, 255, 255, 0
L -32, 1050, 65, -31, 1057, 65, 255, 255, 0
L -31, 1057, 65, 22, 1057, 65, 255, 255, 0
L 22, 1057, 65, 23, 1050, 65, 255, 255, 0
L 23, 1050, 65, 30, 1049, 65, 255, 255, 0
L 30, 1049, 65, 30, 995, 65, 255, 255, 0
L 30, 995, 65, 23, 994, 65, 255, 255, 0
L 23, 994, 65, 22, 983, 65, 255, 255, 0
L 22, 983, 65, 6, 983, 65, 255, 255, 0
L 6, 983, 65, 5, 984, 65, 255, 255, 0
L 5, 984, 65, 2, 983, 65, 255, 255, 0
L 2, 983, 65, 2, 973, 65, 255, 255, 0
L 2, 973, 65, 5, 972, 65, 255, 255, 0
L 5, 972, 65, 6, 973, 65, 255, 255, 0
L 6, 973, 65, 22, 973, 65, 255, 255, 0
L 22, 973, 65, 22, 966, 65, 255, 255, 0
L 22, 966, 65, 51, 966, 65, 255, 255, 0
L 51, 966, 65, 51, 995, 65, 255, 255, 0
L 51, 995, 65, 44, 995, 65, 255, 255, 0
L 44, 995, 65, 44, 1049, 34, 255, 255, 0
L 44, 1049, 34, 52, 1049, 34, 255, 255, 0
L 52, 1049, 34, 52, 1079, 33, 255, 255, 0
L 52, 1079, 33, 23, 1079, 33, 255, 255, 0
L 23, 1079, 33, 22, 1071, 33, 255, 255, 0
L 22, 1071, 33, -31, 1071, 3, 255, 255, 0
L -31, 1071, 3, -31, 1079, 2, 255, 255, 0
L -31, 1079, 2, -60, 1079, 1, 255, 255, 0
L -60, 1079, 1, -61, 1049, 1, 255, 255, 0
L -61, 1049, 1, -53, 1049, 1, 255, 255, 0
L -53, 1049, 1, -53, 995, -28, 255, 255, 0
L 425, 446, -1921, 425, 424, -214, 153, 153, 153
L 425, 424, -214, 426, 423, -214, 153, 153, 153
L 426, 423, -214, 425, 415, -222, 153, 153, 153
L 425, 415, -222, 421, 415, -222, 153, 153, 153
L 421, 415, -222, 421, 416, -222, 153, 153, 153
L 421, 416, -222, 384, 416, -222, 153, 153, 153
L 384, 416, -222, 383, 462, -238, 153, 153, 153
L 383, 462, -238, 382, 462, -238, 153, 153, 153
L 382, 462, -238, 382, 466, -238, 153, 153, 153
L 382, 466, -238, 406, 466, -251, 153, 153, 153
L 406, 466, -251, 406, 466, -252, 153, 153, 153
L 406, 466, -252, 413, 467, -254, 153, 153, 153
L 413, 467, -254, 414, 460, -254, 153, 153, 153
L 414, 460, -254, 406, 459, -254, 153, 153, 153
L 406, 459, -254, 405, 462, -254, 153, 153, 153
L 405, 462, -254, 393, 462, -254, 153, 153, 153
L 393, 462, -254, 393, 432, -254, 153, 153, 153
L 393, 432, -254, 471, 432, -254, 153, 153, 153
L 471, 432, -254, 471, 462, -254, 153, 153, 153
L 471, 462, -254, 459, 462, -254, 153, 153, 153
L 459, 462, -254, 458, 460, -254, 153, 153, 153
L 458, 460, -254, 451, 460, -254, 153, 153, 153
L 451, 460, -254, 451, 467, -254, 153, 153, 153
L 451, 467, -254, 457, 468, -254, 153, 153, 153
L 457, 468, -254, 458, 466, -250, 153, 153, 153
L 458, 466, -250, 482, 466, -238, 153, 153, 153
L 482, 466, -238, 482, 462, -238, 153, 153, 153
L 482, 462, -238, 481, 462, -238, 153, 153, 153
L 481, 462, -238, 481, 446, -238, 153, 153, 153
L 481, 446, -238, 481, 416, -222, 153, 153, 153
L 481, 416, -222, 443, 416, -222, 153, 153, 153
L 443, 416, -222, 439, 415, -222, 153, 153, 153
L 439, 415, -222, 439, 424, -214, 153, 153, 153
L 439, 424, -214, 439, 446, -192, 153, 153, 153
L 440, 423, -1901, 473, 423, -190, 255, 255, 0
L 473, 423, -190, 474, 424, -190, 255, 255, 0
L 474, 424, -190, 474, 522, -190, 255, 255, 0
L 474, 522, -190, 473, 522, -190, 255, 255, 0
L 473, 522, -190, 473, 523, -190, 255, 255, 0
L 473, 523, -190, 440, 523, -190, 255, 255, 0
L 423, 523, -1901, 391, 523, -190, 255, 255, 0
L 391, 523, -190, 391, 522, -190, 255, 255, 0
L 391, 522, -190, 390, 522, -190, 255, 255, 0
L 390, 522, -190, 390, 424, -190, 255, 255, 0
L 390, 424, -190, 391, 424, -190, 255, 255, 0
L 391, 424, -190, 391, 423, -190, 255, 255, 0
L 391, 423, -190, 421, 423, -190, 255, 255, 0
L 425, 500, -1921, 425, 522, -213, 153, 153, 153
L 425, 522, -213, 425, 522, -214, 153, 153, 153
L 425, 522, -214, 426, 530, -222, 153, 153, 153
L 426, 530, -222, 422, 531, -222, 153, 153, 153
L 422, 531, -222, 421, 530, -222, 153, 153, 153
L 421, 530, -222, 384, 530, -222, 153, 153, 153
L 384, 530, -222, 383, 484, -238, 153, 153, 153
L 383, 484, -238, 382, 480, -238, 153, 153, 153
L 382, 480, -238, 393, 479, -240, 153, 153, 153
L 393, 479, -240, 394, 480, -240, 153, 153, 153
L 394, 480, -240, 406, 480, -252, 153, 153, 153
L 406, 480, -252, 406, 479, -252, 153, 153, 153
L 406, 479, -252, 413, 478, -254, 153, 153, 153
L 413, 478, -254, 414, 486, -254, 153, 153, 153
L 414, 486, -254, 405, 487, -254, 153, 153, 153
L 405, 487, -254, 405, 484, -254, 153, 153, 153
L 405, 484, -254, 393, 484, -254, 153, 153, 153
L 393, 484, -254, 393, 514, -254, 153, 153, 153
L 393, 514, -254, 471, 514, -254, 153, 153, 153
L 471, 514, -254, 471, 484, -254, 153, 153, 153
L 471, 484, -254, 459, 484, -254, 153, 153, 153
L 459, 484, -254, 459, 486, -254, 153, 153, 153
L 459, 486, -254, 451, 487, -254, 153, 153, 153
L 451, 487, -254, 450, 479, -254, 153, 153, 153
L 450, 479, -254, 457, 478, -254, 153, 153, 153
L 457, 478, -254, 458, 480, -252, 153, 153, 153
L 458, 480, -252, 470, 480, -240, 153, 153, 153
L 470, 480, -240, 482, 480, -238, 153, 153, 153
L 482, 480, -238, 481, 530, -222, 153, 153, 153
L 481, 530, -222, 443, 530, -222, 153, 153, 153
L 443, 530, -222, 443, 531, -222, 153, 153, 153
L 443, 531, -222, 439, 531, -222, 153, 153, 153
L 439, 531, -222, 439, 500, -192, 153, 153, 153
L -460, 517, -1261, -459, 518, -126, 153, 153, 153
L -459, 518, -126, -458, 521, -126, 153, 153, 153
L -458, 521, -126, -460, 522, -126, 153, 153, 153
L -460, 522, -126, -460, 560, -124, 153, 153, 153
L -460, 560, -124, -506, 560, -142, 153, 153, 153
L -506, 560, -142, -506, 561, -142, 153, 153, 153
L -506, 561, -142, -510, 561, -142, 153, 153, 153
L -510, 561, -142, -511, 552, -142, 153, 153, 153
L -511, 552, -142, -511, 550, -143, 153, 153, 153
L -511, 550, -143, -510, 549, -144, 153, 153, 153
L -510, 549, -144, -510, 537, -156, 153, 153, 153
L -510, 537, -156, -511, 537, -156, 153, 153, 153
L -511, 537, -156, -512, 530, -158, 153, 153, 153
L -512, 530, -158, -504, 529, -158, 153, 153, 153
L -504, 529, -158, -503, 537, -158, 153, 153, 153
L -503, 537, -158, -506, 538, -158, 153, 153, 153
L -506, 538, -158, -506, 550, -158, 153, 153, 153
L -506, 550, -158, -476, 550, -158, 153, 153, 153
L -476, 550, -158, -476, 472, -158, 153, 153, 153
L -476, 472, -158, -506, 472, -158, 153, 153, 153
L -506, 472, -158, -506, 484, -158, 153, 153, 153
L -506, 484, -158, -504, 484, -158, 153, 153, 153
L -504, 484, -158, -503, 492, -158, 153, 153, 153
L -503, 492, -158, -511, 493, -158, 153, 153, 153
L -511, 493, -158, -512, 486, -158, 153, 153, 153
L -512, 486, -158, -510, 485, -156, 153, 153, 153
L -510, 485, -156, -510, 473, -144, 153, 153, 153
L -510, 473, -144, -511, 472, -144, 153, 153, 153
L -511, 472, -144, -510, 461, -142, 153, 153, 153
L -510, 461, -142, -507, 461, -142, 153, 153, 153
L -507, 461, -142, -506, 462, -142, 153, 153, 153
L -506, 462, -142, -460, 463, -126, 153, 153, 153
L -460, 463, -126, -460, 500, -126, 153, 153, 153
L -460, 500, -126, -459, 500, -126, 153, 153, 153
L -459, 500, -126, -458, 504, -126, 153, 153, 153
L -458, 504, -126, -460, 505, -126, 153, 153, 153
L -574, 504, -1261, -574, 504, -126, 153, 153, 153
L -574, 504, -126, -575, 501, -126, 153, 153, 153
L -575, 501, -126, -574, 500, -126, 153, 153, 153
L -574, 500, -126, -574, 463, -126, 153, 153, 153
L -574, 463, -126, -528, 462, -142, 153, 153, 153
L -528, 462, -142, -528, 461, -142, 153, 153, 153
L -528, 461, -142, -524, 461, -142, 153, 153, 153
L -524, 461, -142, -523, 472, -144, 153, 153, 153
L -523, 472, -144, -524, 473, -144, 153, 153, 153
L -524, 473, -144, -524, 484, -156, 153, 153, 153
L -524, 484, -156, -523, 485, -156, 153, 153, 153
L -523, 485, -156, -522, 492, -158, 153, 153, 153
L -522, 492, -158, -530, 493, -158, 153, 153, 153
L -530, 493, -158, -531, 485, -158, 153, 153, 153
L -531, 485, -158, -528, 484, -158, 153, 153, 153
L -528, 484, -158, -528, 472, -158, 153, 153, 153
L -528, 472, -158, -558, 472, -158, 153, 153, 153
L -558, 472, -158, -558, 550, -158, 153, 153, 153
L -558, 550, -158, -528, 550, -158, 153, 153, 153
L -528, 550, -158, -528, 538, -158, 153, 153, 153
L -528, 538, -158, -530, 538, -158, 153, 153, 153
L -530, 538, -158, -531, 530, -158, 153, 153, 153
L -531, 530, -158, -523, 529, -158, 153, 153, 153
L -523, 529, -158, -522, 536, -158, 153, 153, 153
L -522, 536, -158, -524, 537, -154, 153, 153, 153
L -524, 537, -154, -524, 549, -144, 153, 153, 153
L -524, 549, -144, -523, 550, -144, 153, 153, 153
L -523, 550, -144, -524, 561, -142, 153, 153, 153
L -524, 561, -142, -528, 560, -142, 153, 153, 153
L -528, 560, -142, -574, 560, -126, 153, 153, 153
L -574, 560, -126, -574, 522, -126, 153, 153, 153
L -574, 522, -126, -575, 521, -126, 153, 153, 153
L -575, 521, -126, -574, 518, -126, 153, 153, 153
L -574, 518, -1261, -566, 518, -118, 255, 255, 0
L -566, 518, -118, -544, 518, -96, 255, 255, 0
L -544, 504, -961, -566, 504, -117, 255, 255, 0
L -566, 504, -117, -566, 504, -118, 255, 255, 0
L -566, 504, -118, -574, 504, -126, 255, 255, 0
L -490, 504, -961, -467, 504, -117, 255, 255, 0
L -467, 504, -117, -467, 504, -118, 255, 255, 0
L -467, 504, -118, -460, 505, -126, 255, 255, 0
L -460, 517, -1261, -467, 517, -118, 255, 255, 0
L -467, 517, -118, -467, 518, -118, 255, 255, 0
L -467, 518, -118, -490, 518, -96, 255, 255, 0
L -467, 519, -941, -467, 552, -94, 255, 255, 0
L -467, 552, -94, -468, 552, -94, 255, 255, 0
L -468, 552, -94, -468, 553, -94, 255, 255, 0
L -468, 553, -94, -566, 553, -94, 255, 255, 0
L -566, 553, -94, -566, 552, -94, 255, 255, 0
L -566, 552, -94, -567, 552, -94, 255, 255, 0
L -567, 552, -94, -567, 519, -94, 255, 255, 0
L -567, 502, -941, -567, 470, -94, 255, 255, 0
L -567, 470, -94, -566, 470, -94, 255, 255, 0
L -566, 470, -94, -566, 469, -94, 255, 255, 0
L -566, 469, -94, -468, 469, -94, 255, 255, 0
L -468, 469, -94, -468, 470, -94, 255, 255, 0
L -468, 470, -94, -467, 470, -94, 255, 255, 0
L -467, 470, -94, -467, 503, -94, 255, 255, 0
L -879, -197, 18, -879, -208, 1, 153, 153, 153
L -879, -208, 1, -856, -231, 1, 153, 153, 153
L -856, -231, 1, -845, -231, 1, 153, 153, 153
L -845, -231, 1, -845, -230, 1, 153, 153, 153
L -845, -230, 1, -839, -229, 1, 153, 153, 153
L -839, -229, 1, -838, -245, 1, 153, 153, 153
L -838, -245, 1, -844, -245, 1, 153, 153, 153
L -844, -245, 1, -845, -243, 1, 153, 153, 153
L -845, -243, 1, -856, -243, 1, 153, 153, 153
L -856, -243, 1, -891, -209, 1, 153, 153, 153
L -891, -209, 1, -891, -197, 1, 153, 153, 153
L -891, -197, 1, -892, -197, 1, 153, 153, 153
L -892, -197, 1, -893, -191, 1, 153, 153, 153
L -893, -191, 1, -878, -190, 1, 153, 153, 153
L -878, -190, 1, -877, -196, 1, 153, 153, 153
L -877, -196, 1, -879, -197, 1, 153, 153, 153
L 14, -957, -2381, 13, -958, -238, 153, 153, 153
L 13, -958, -238, 13, -961, -238, 153, 153, 153
L 13, -961, -238, 14, -962, -238, 153, 153, 153
L 14, -962, -238, 14, -1000, -238, 153, 153, 153
L 14, -1000, -238, 60, -1000, -254, 153, 153, 153
L 60, -1000, -254, 60, -1001, -254, 153, 153, 153
L 60, -1001, -254, 65, -1000, -254, 153, 153, 153
L 65, -1000, -254, 65, -991, -254, 153, 153, 153
L 65, -991, -254, 64, -977, -267, 153, 153, 153
L 64, -977, -267, 65, -977, -268, 153, 153, 153
L 65, -977, -268, 66, -970, -270, 153, 153, 153
L 66, -970, -270, 58, -969, -270, 153, 153, 153
L 58, -969, -270, 58, -978, -270, 153, 153, 153
L 58, -978, -270, 60, -978, -270, 153, 153, 153
L 60, -978, -270, 60, -990, -270, 153, 153, 153
L 60, -990, -270, 30, -990, -270, 153, 153, 153
L 30, -990, -270, 30, -912, -270, 153, 153, 153
L 30, -912, -270, 60, -912, -270, 153, 153, 153
L 60, -912, -270, 60, -924, -270, 153, 153, 153
L 60, -924, -270, 58, -924, -270, 153, 153, 153
L 58, -924, -270, 58, -932, -270, 153, 153, 153
L 58, -932, -270, 65, -932, -270, 153, 153, 153
L 65, -932, -270, 65, -925, -268, 153, 153, 153
L 65, -925, -268, 64, -925, -268, 153, 153, 153
L 64, -925, -268, 64, -913, -256, 153, 153, 153
L 64, -913, -256, 65, -912, -256, 153, 153, 153
L 65, -912, -256, 65, -902, -254, 153, 153, 153
L 65, -902, -254, 60, -901, -254, 153, 153, 153
L 60, -901, -254, 60, -902, -254, 153, 153, 153
L 60, -902, -254, 14, -902, -238, 153, 153, 153
L 14, -902, -238, 14, -940, -238, 153, 153, 153
L 14, -940, -238, 13, -940, -238, 153, 153, 153
L 13, -940, -238, 13, -944, -238, 153, 153, 153
L 13, -944, -238, 14, -945, -238, 153, 153, 153
L 128, -957, -2381, 129, -958, -238, 153, 153, 153
L 129, -958, -238, 129, -962, -238, 153, 153, 153
L 129, -962, -238, 128, -962, -238, 153, 153, 153
L 128, -962, -238, 128, -999, -238, 153, 153, 153
L 128, -999, -238, 82, -1000, -254, 153, 153, 153
L 82, -1000, -254, 82, -1001, -253, 153, 153, 153
L 82, -1001, -253, 78, -1001, -254, 153, 153, 153
L 78, -1001, -254, 77, -990, -256, 153, 153, 153
L 77, -990, -256, 78, -989, -256, 153, 153, 153
L 78, -989, -256, 78, -977, -267, 153, 153, 153
L 78, -977, -267, 77, -977, -268, 153, 153, 153
L 77, -977, -268, 76, -970, -270, 153, 153, 153
L 76, -970, -270, 84, -969, -270, 153, 153, 153
L 84, -969, -270, 85, -977, -270, 153, 153, 153
L 85, -977, -270, 82, -978, -270, 153, 153, 153
L 82, -978, -270, 82, -990, -270, 153, 153, 153
L 82, -990, -270, 112, -990, -270, 153, 153, 153
L 112, -990, -270, 112, -912, -270, 153, 153, 153
L 112, -912, -270, 82, -912, -270, 153, 153, 153
L 82, -912, -270, 82, -924, -270, 153, 153, 153
L 82, -924, -270, 84, -924, -270, 153, 153, 153
L 84, -924, -270, 85, -932, -270, 153, 153, 153
L 85, -932, -270, 76, -932, -270, 153, 153, 153
L 76, -932, -270, 76, -926, -270, 153, 153, 153
L 76, -926, -270, 78, -925, -267, 153, 153, 153
L 78, -925, -267, 78, -913, -256, 153, 153, 153
L 78, -913, -256, 77, -912, -256, 153, 153, 153
L 77, -912, -256, 77, -901, -254, 153, 153, 153
L 77, -901, -254, 82, -901, -254, 153, 153, 153
L 82, -901, -254, 82, -902, -254, 153, 153, 153
L 82, -902, -254, 128, -902, -238, 153, 153, 153
L 128, -902, -238, 128, -940, -238, 153, 153, 153
L 128, -940, -238, 129, -940, -238, 153, 153, 153
L 129, -940, -238, 129, -944, -238, 153, 153, 153
L 129, -944, -238, 128, -945, -238, 153, 153, 153
L 128, -945, -2381, 121, -945, -230, 255, 255, 0
L 121, -945, -230, 120, -944, -230, 255, 255, 0
L 120, -944, -230, 98, -944, -208, 255, 255, 0
L 98, -958, -2081, 128, -957, -238, 255, 255, 0
L 44, -944, -2081, 14, -945, -238, 255, 255, 0
L 14, -957, -2381, 44, -958, -208, 255, 255, 0
L 21, -960, -2061, 21, -992, -206, 255, 255, 0
L 21, -992, -206, 22, -992, -206, 255, 255, 0
L 22, -992, -206, 22, -993, -206, 255, 255, 0
L 22, -993, -206, 120, -993, -206, 255, 255, 0
L 120, -993, -206, 120, -992, -206, 255, 255, 0
L 120, -992, -206, 121, -992, -206, 255, 255, 0
L 121, -992, -206, 121, -959, -206, 255, 255, 0
L 121, -943, -2061, 121, -910, -206, 255, 255, 0
L 121, -910, -206, 120, -909, -206, 255, 255, 0
L 120, -909, -206, 22, -909, -206, 255, 255, 0
L 22, -909, -206, 22, -910, -206, 255, 255, 0
L 22, -910, -206, 21, -910, -206, 255, 255, 0
L 21, -910, -206, 21, -943, -206, 255, 255, 0
L 943, 267, -621, 943, 278, -62, 153, 153, 153
L 943, 278, -62, 919, 301, -62, 153, 153, 153
L 919, 301, -62, 909, 301, -62, 153, 153, 153
L 909, 301, -62, 909, 300, -62, 153, 153, 153
L 909, 300, -62, 902, 299, -62, 153, 153, 153
L 902, 299, -62, 902, 315, -62, 153, 153, 153
L 902, 315, -62, 909, 315, -62, 153, 153, 153
L 909, 315, -62, 909, 313, -62, 153, 153, 153
L 909, 313, -62, 921, 313, -62, 153, 153, 153
L 921, 313, -62, 955, 279, -62, 153, 153, 153
L 955, 279, -62, 955, 267, -62, 153, 153, 153
L 955, 267, -62, 957, 267, -62, 153, 153, 153
L 957, 267, -62, 957, 260, -62, 153, 153, 153
L 957, 260, -62, 941, 260, -62, 153, 153, 153
L 941, 260, -62, 941, 266, -62, 153, 153, 153
L 941, 266, -62, 943, 267, -62, 153, 153, 153
L -23, -171, -621, -23, -53, -62, 153, 153, 153
L -23, -53, -62, -11, -53, -62, 153, 153, 153
L -11, -53, -62, -11, -54, -62, 153, 153, 153
L -11, -54, -62, -7, -54, -62, 153, 153, 153
L -7, -54, -62, -6, -42, -62, 153, 153, 153
L -6, -42, -62, -15, -43, -62, 153, 153, 153
L -15, -43, -62, -15, -29, -62, 153, 153, 153
L -15, -29, -62, -22, -29, -62, 153, 153, 153
L -22, -29, -62, -23, -43, -62, 153, 153, 153
L -23, -43, -62, -127, -43, -62, 153, 153, 153
L -127, -43, -62, -127, 47, -62, 153, 153, 153
L -127, 47, -62, -76, 47, -62, 153, 153, 153
L -76, 47, -62, -75, 42, -62, 153, 153, 153
L -75, 42, -62, -61, 41, -62, 153, 153, 153
L -61, 41, -62, -60, 55, -62, 153, 153, 153
L -60, 55, -62, -63, 57, -62, 153, 153, 153
L -63, 57, -62, -63, 109, -62, 153, 153, 153
L -63, 109, -62, -61, 110, -62, 153, 153, 153
L -61, 110, -62, -61, 124, -62, 153, 153, 153
L -61, 124, -62, -75, 125, -62, 153, 153, 153
L -75, 125, -62, -76, 119, -62, 153, 153, 153
L -76, 119, -62, -77, 119, -62, 153, 153, 153
L -77, 119, -62, -77, 120, -62, 153, 153, 153
L -77, 120, -62, -81, 120, -62, 153, 153, 153
L -81, 120, -62, -81, 112, -62, 153, 153, 153
L -81, 112, -62, -78, 111, -62, 153, 153, 153
L -78, 111, -62, -77, 113, -62, 153, 153, 153
L -77, 113, -62, -76, 113, -62, 153, 153, 153
L -76, 113, -62, -75, 110, -62, 153, 153, 153
L -75, 110, -62, -73, 109, -62, 153, 153, 153
L -73, 109, -62, -73, 57, -62, 153, 153, 153
L -73, 57, -62, -75, 57, -62, 153, 153, 153
L -75, 57, -62, -76, 53, -62, 153, 153, 153
L -76, 53, -62, -127, 53, -62, 153, 153, 153
L -127, 53, -62, -127, 113, -62, 153, 153, 153
L -127, 113, -62, -99, 113, -62, 153, 153, 153
L -99, 113, -62, -99, 112, -62, 153, 153, 153
L -99, 112, -62, -95, 112, -62, 153, 153, 153
L -95, 112, -62, -94, 120, -62, 153, 153, 153
L -94, 120, -62, -98, 121, -62, 153, 153, 153
L -98, 121, -62, -99, 119, -62, 153, 153, 153
L -99, 119, -62, -127, 119, -62, 153, 153, 153
L -127, 119, -62, -127, 170, -62, 153, 153, 153
L -127, 170, -62, -109, 171, -62, 153, 153, 153
L -109, 171, -62, -109, 180, -62, 153, 153, 153
L -109, 180, -62, -112, 180, -62, 153, 153, 153
L -127, 180, -621, -127, 210, -62, 153, 153, 153
L -127, 210, -62, -36, 210, -62, 153, 153, 153
L -36, 210, -62, -36, 159, -62, 153, 153, 153
L -36, 159, -62, -42, 158, -62, 153, 153, 153
L -42, 158, -62, -42, 144, -62, 153, 153, 153
L -42, 144, -62, -27, 144, -62, 153, 153, 153
L -27, 144, -62, -26, 146, -62, 153, 153, 153
L -26, 146, -62, 25, 146, -62, 153, 153, 153
L 25, 146, -62, 25, 144, -62, 153, 153, 153
L 25, 144, -62, 40, 143, -62, 153, 153, 153
L 40, 143, -62, 41, 158, -62, 153, 153, 153
L 41, 158, -62, 35, 159, -62, 153, 153, 153
L 35, 159, -62, 35, 181, -62, 153, 153, 153
L 35, 181, -62, 36, 181, -62, 153, 153, 153
L 36, 181, -62, 35, 186, -62, 153, 153, 153
L 35, 186, -62, 28, 185, -62, 153, 153, 153
L 28, 185, -62, 27, 182, -62, 153, 153, 153
L 27, 182, -62, 29, 181, -62, 153, 153, 153
L 29, 181, -62, 29, 159, -62, 153, 153, 153
L 29, 159, -62, 26, 158, -62, 153, 153, 153
L 26, 158, -62, 25, 156, -62, 153, 153, 153
L 25, 156, -62, -26, 156, -62, 153, 153, 153
L -26, 156, -62, -26, 158, -62, 153, 153, 153
L -26, 158, -62, -30, 159, -62, 153, 153, 153
L -30, 159, -62, -30, 210, -62, 153, 153, 153
L -30, 210, -62, 29, 210, -62, 153, 153, 153
L 29, 210, -62, 29, 203, -62, 153, 153, 153
L 29, 203, -62, 28, 203, -62, 153, 153, 153
L 28, 203, -62, 28, 199, -62, 153, 153, 153
L 28, 199, -62, 36, 198, -62, 153, 153, 153
L 36, 198, -62, 36, 203, -62, 153, 153, 153
L 36, 203, -62, 35, 203, -62, 153, 153, 153
L 35, 203, -62, 35, 210, -62, 153, 153, 153
L 35, 210, -62, 126, 210, -62, 153, 153, 153
L 126, 210, -62, 126, 180, -62, 153, 153, 153
L 111, 180, -621, 108, 180, -62, 153, 153, 153
L 108, 180, -62, 108, 173, -62, 153, 153, 153
L 108, 173, -62, 126, 172, -62, 153, 153, 153
L 126, 172, -62, 126, 120, -62, 153, 153, 153
L 126, 120, -62, 75, 120, -62, 153, 153, 153
L 75, 120, -62, 74, 124, -62, 153, 153, 153
L 74, 124, -62, 60, 124, -62, 153, 153, 153
L 60, 124, -62, 60, 110, -62, 153, 153, 153
L 60, 110, -62, 62, 109, -62, 153, 153, 153
L 62, 109, -62, 62, 57, -62, 153, 153, 153
L 62, 57, -62, 60, 56, -62, 153, 153, 153
L 60, 56, -62, 59, 42, -62, 153, 153, 153
L 59, 42, -62, 74, 41, -62, 153, 153, 153
L 74, 41, -62, 75, 46, -62, 153, 153, 153
L 75, 46, -62, 96, 46, -62, 153, 153, 153
L 96, 46, -62, 96, 45, -62, 153, 153, 153
L 96, 45, -62, 100, 44, -62, 153, 153, 153
L 100, 44, -62, 101, 53, -62, 153, 153, 153
L 101, 53, -62, 96, 53, -62, 153, 153, 153
L 96, 53, -62, 96, 52, -62, 153, 153, 153
L 96, 52, -62, 75, 52, -62, 153, 153, 153
L 75, 52, -62, 74, 56, -62, 153, 153, 153
L 74, 56, -62, 72, 57, -62, 153, 153, 153
L 72, 57, -62, 72, 109, -62, 153, 153, 153
L 72, 109, -62, 74, 109, -62, 153, 153, 153
L 74, 109, -62, 75, 114, -62, 153, 153, 153
L 75, 114, -62, 126, 114, -62, 153, 153, 153
L 126, 114, -62, 126, 52, -62, 153, 153, 153
L 126, 52, -62, 118, 52, -62, 153, 153, 153
L 118, 52, -62, 118, 53, -62, 153, 153, 153
L 118, 53, -62, 114, 53, -62, 153, 153, 153
L 114, 53, -62, 114, 45, -62, 153, 153, 153
L 114, 45, -62, 118, 45, -62, 153, 153, 153
L 118, 45, -62, 118, 46, -62, 153, 153, 153
L 118, 46, -62, 126, 46, -62, 153, 153, 153
L 126, 46, -62, 126, -43, -62, 153, 153, 153
L 126, -43, -62, 22, -43, -62, 153, 153, 153
L 22, -43, -62, 22, -29, -62, 153, 153, 153
L 22, -29, -62, 14, -29, -62, 153, 153, 153
L 14, -29, -62, 14, -43, -62, 153, 153, 153
L 14, -43, -62, 10, -43, -62, 153, 153, 153
L 10, -43, -62, 10, -42, -62, 153, 153, 153
L 10, -42, -62, 6, -42, -62, 153, 153, 153
L 6, -42, -62, 5, -54, -62, 153, 153, 153
L 5, -54, -62, 9, -55, -62, 153, 153, 153
L 9, -55, -62, 10, -53, -62, 153, 153, 153
L 10, -53, -62, 22, -53, -62, 153, 153, 153
L 22, -53, -62, 22, -171, -62, 153, 153, 153
L -15, 10, -621, -15, -3, -62, 153, 153, 153
L -15, -3, -62, -23, -3, -62, 153, 153, 153
L -23, -3, -62, -23, 10, -62, 153, 153, 153
L -23, 10, -62, -26, 10, -62, 153, 153, 153
L -26, 10, -62, -27, 8, -62, 153, 153, 153
L -27, 8, -62, -41, 8, -62, 153, 153, 153
L -41, 8, -62, -41, 22, -62, 153, 153, 153
L -41, 22, -62, -27, 22, -62, 153, 153, 153
L -27, 22, -62, -26, 20, -62, 153, 153, 153
L -26, 20, -62, 25, 20, -62, 153, 153, 153
L 25, 20, -62, 25, 22, -62, 153, 153, 153
L 25, 22, -62, 40, 22, -62, 153, 153, 153
L 40, 22, -62, 40, 8, -62, 153, 153, 153
L 40, 8, -62, 26, 8, -62, 153, 153, 153
L 26, 8, -62, 25, 10, -62, 153, 153, 153
L 25, 10, -62, 22, 10, -62, 153, 153, 153
L 22, 10, -62, 21, -3, -62, 153, 153, 153
L 21, -3, -62, 14, -3, -62, 153, 153, 153
L 14, -3, -62, 14, 10, -62, 153, 153, 153
L 14, 10, -62, -15, 10, -62, 153, 153, 153
L -75, 7, -621, -75, 23, -62, 153, 153, 153
L -75, 23, -62, -61, 23, -62, 153, 153, 153
L -61, 23, -62, -60, 8, -62, 153, 153, 153
L -60, 8, -62, -75, 7, -62, 153, 153, 153
L 59, 8, -621, 60, 23, -62, 153, 153, 153
L 60, 23, -62, 74, 23, -62, 153, 153, 153
L 74, 23, -62, 75, 8, -62, 153, 153, 153
L 75, 8, -62, 60, 7, -62, 153, 153, 153
L 60, 143, -621, 59, 158, -62, 153, 153, 153
L 59, 158, -62, 74, 159, -62, 153, 153, 153
L 74, 159, -62, 75, 144, -62, 153, 153, 153
L 75, 144, -62, 60, 143, -62, 153, 153, 153
L -76, 144, -621, -76, 158, -62, 153, 153, 153
L -76, 158, -62, -61, 159, -62, 153, 153, 153
L -61, 159, -62, -60, 144, -62, 153, 153, 153
L -60, 144, -62, -76, 144, -62, 153, 153, 153
L -73, 80, -661, -127, 80, -66, 255, 0, 0
L -127, 80, -66, -127, 86, -66, 255, 0, 0
L -127, 86, -66, -75, 86, -66, 255, 0, 0
L 126, 86, -661, 126, 80, -66, 255, 0, 0
L 126, 80, -66, 72, 80, -66, 255, 0, 0
L 72, 80, -66, 72, 86, -66, 255, 0, 0
L 72, 86, -66, 126, 86, -66, 255, 0, 0
L 62, 80, -661, 62, 86, -66, 255, 0, 0
L 62, 86, -66, 24, 86, -66, 255, 0, 0
L 24, 86, -66, 24, 80, -66, 255, 0, 0
L 24, 80, -66, 62, 80, -66, 255, 0, 0
L -63, 86, -661, -63, 80, -66, 255, 0, 0
L -63, 80, -66, -25, 80, -66, 255, 0, 0
L -25, 80, -66, -25, 86, -66, 255, 0, 0
L -25, 86, -66, -63, 86, -66, 255, 0, 0
L 18, 58, -621, -19, 58, -62, 153, 153, 153
L -19, 58, -62, -19, 53, -62, 153, 153, 153
L -19, 53, -62, -30, 52, -62, 153, 153, 153
L -30, 52, -62, -31, 64, -62, 153, 153, 153
L -31, 64, -62, -25, 64, -62, 153, 153, 153
L -25, 64, -62, -25, 102, -62, 153, 153, 153
L -25, 102, -62, -30, 102, -62, 153, 153, 153
L -30, 102, -62, -31, 114, -62, 153, 153, 153
L -31, 114, -62, -19, 114, -62, 153, 153, 153
L -19, 114, -62, -19, 108, -62, 153, 153, 153
L -19, 108, -62, 18, 108, -62, 153, 153, 153
L 18, 108, -62, 19, 114, -62, 153, 153, 153
L 19, 114, -62, 30, 114, -62, 153, 153, 153
L 30, 114, -62, 30, 102, -62, 153, 153, 153
L 30, 102, -62, 24, 102, -62, 153, 153, 153
L 24, 102, -62, 24, 64, -62, 153, 153, 153
L 24, 64, -62, 30, 64, -62, 153, 153, 153
L 30, 64, -62, 30, 52, -62, 153, 153, 153
L 30, 52, -62, 18, 53, -62, 153, 153, 153
L 18, 53, -62, 18, 58, -62, 153, 153, 153
L -127, 180, -621, -127, 51, 65, 0, 255, 0
L -127, 51, 65, -127, 23, 65, 0, 255, 0
L -127, 23, 65, -125, 23, 65, 0, 255, 0
L -125, 23, 65, -125, 15, 65, 0, 255, 0
L -125, 15, 65, -127, 15, 65, 0, 255, 0
L -127, 15, 658, -127, -8, 65, 0, 255, 0
L -127, -8, 65, -125, -8, 65, 0, 255, 0
L -125, -8, 65, -125, -15, 65, 0, 255, 0
L -125, -15, 65, -127, -16, 65, 0, 255, 0
L -127, -16, 65, -127, -35, 65, 0, 255, 0
L -127, -35, 65, -119, -37, 65, 0, 255, 0
L -119, -37, 65, -119, -43, 65, 0, 255, 0
L -119, -43, 65, -100, -43, 65, 0, 255, 0
L -100, -43, 65, -100, -41, 65, 0, 255, 0
L -100, -41, 65, -93, -41, 65, 0, 255, 0
L -93, -41, 65, -92, -43, 65, 0, 255, 0
L -92, -43, 65, -36, -43, 65, 0, 255, 0
L -36, -43, 65, -36, -41, 65, 0, 255, 0
L -36, -41, 65, -28, -41, 65, 0, 255, 0
L -28, -41, 65, -28, -43, 65, 0, 255, 0
L -28, -43, 65, 27, -43, 65, 0, 255, 0
L 27, -43, 65, 27, -41, 65, 0, 255, 0
L 27, -41, 65, 34, -41, 65, 0, 255, 0
L 34, -41, 65, 35, -43, 65, 0, 255, 0
L 35, -43, 65, 91, -43, 65, 0, 255, 0
L 91, -43, 65, 91, -41, 65, 0, 255, 0
L 91, -41, 65, 98, -41, 65, 0, 255, 0
L 98, -41, 65, 99, -43, 65, 0, 255, 0
L 99, -43, 65, 118, -43, 65, 0, 255, 0
L 118, -43, 65, 118, -36, 65, 0, 255, 0
L 118, -36, 65, 126, -35, 65, 0, 255, 0
L 126, -35, 65, 126, -16, 65, 0, 255, 0
L 126, -16, 65, 124, -16, 65, 0, 255, 0
L 124, -16, 65, 124, -8, 65, 0, 255, 0
L 124, -8, 65, 126, -8, 65, 0, 255, 0
L 126, -8, 65, 126, 15, 65, 0, 255, 0
L 126, 15, 65, 124, 15, 65, 0, 255, 0
L 124, 15, 65, 124, 23, 65, 0, 255, 0
L 124, 23, 65, 126, 23, 65, 0, 255, 0
L 126, 23, 65, 126, 50, 65, 0, 255, 0
L 126, 51, 658, 126, 180, -62, 0, 255, 0
L 111, 180, -621, 112, 54, 63, 0, 255, 0
L 109, 94, 658, 99, 94, 65, 0, 255, 0
L 99, 94, 65, 99, 48, 65, 0, 255, 0
L 99, 48, 65, 91, 48, 65, 0, 255, 0
L 91, 48, 65, 91, 50, 65, 0, 255, 0
L 91, 50, 65, 58, 50, 65, 0, 255, 0
L 58, 50, 65, 58, 49, 65, 0, 255, 0
L 58, 49, 65, 54, 49, 65, 0, 255, 0
L 54, 49, 65, 53, 55, 65, 0, 255, 0
L 53, 55, 65, 58, 55, 65, 0, 255, 0
L 58, 55, 65, 58, 54, 65, 0, 255, 0
L 58, 54, 65, 93, 54, 65, 0, 255, 0
L 93, 54, 65, 93, 100, 65, 0, 255, 0
L 93, 100, 65, -69, 100, 65, 0, 255, 0
L -69, 100, 65, -69, 99, 65, 0, 255, 0
L -69, 99, 65, -74, 99, 65, 0, 255, 0
L -74, 99, 65, -73, 112, 65, 0, 255, 0
L -73, 112, 65, -69, 112, 65, 0, 255, 0
L -69, 112, 65, -69, 105, 65, 0, 255, 0
L -69, 105, 65, 89, 105, 65, 0, 255, 0
L 89, 105, 65, 89, 176, 65, 0, 255, 0
L 89, 176, 65, 83, 176, 65, 0, 255, 0
L 83, 176, 65, 82, 180, 65, 0, 255, 0
L 82, 180, 65, 95, 180, 65, 0, 255, 0
L 110, 180, 658, 110, 209, 65, 0, 255, 0
L 110, 209, 65, 94, 209, 65, 0, 255, 0
L 94, 209, 65, 94, 198, 65, 0, 255, 0
L 94, 198, 65, 95, 198, 65, 0, 255, 0
L 95, 198, 65, 95, 194, 65, 0, 255, 0
L 95, 194, 65, 83, 193, 65, 0, 255, 0
L 83, 193, 65, 82, 198, 65, 0, 255, 0
L 82, 198, 65, 89, 198, 65, 0, 255, 0
L 89, 198, 65, 89, 209, 65, 0, 255, 0
L 89, 209, 65, -104, 209, 65, 0, 255, 0
L -104, 209, 65, -104, 105, 65, 0, 255, 0
L -104, 105, 65, -91, 105, 65, 0, 255, 0
L -91, 105, 65, -91, 112, 65, 0, 255, 0
L -91, 112, 65, -87, 112, 65, 0, 255, 0
L -87, 112, 65, -87, 99, 65, 0, 255, 0
L -87, 99, 65, -90, 98, 65, 0, 255, 0
L -90, 98, 65, -91, 100, 65, 0, 255, 0
L -91, 100, 65, -94, 100, 65, 0, 255, 0
L -94, 100, 65, -94, 54, 65, 0, 255, 0
L -94, 54, 65, -55, 54, 65, 0, 255, 0
L -55, 54, 65, -55, 55, 65, 0, 255, 0
L -55, 55, 65, -51, 55, 65, 0, 255, 0
L -51, 55, 65, -50, 49, 65, 0, 255, 0
L -50, 49, 65, -55, 48, 65, 0, 255, 0
L -55, 48, 65, -55, 50, 65, 0, 255, 0
L -55, 50, 65, -92, 50, 65, 0, 255, 0
L -92, 50, 65, -92, 49, 65, 0, 255, 0
L -92, 49, 65, -100, 48, 65, 0, 255, 0
L -100, 48, 65, -100, 94, 65, 0, 255, 0
L -100, 94, 65, -110, 94, 65, 0, 255, 0
L -113, 54, 638, -113, 180, -62, 0, 255, 0
L 7, 91, 658, 7, 75, 65, 0, 255, 0
L 7, 75, 65, -7, 75, 65, 0, 255, 0
L -7, 75, 65, -8, 90, 65, 0, 255, 0
L -8, 90, 65, 7, 91, 65, 0, 255, 0
L -33, 54, 658, 36, 54, 65, 0, 255, 0
L 36, 54, 65, 36, 55, 65, 0, 255, 0
L 36, 55, 65, 41, 55, 65, 0, 255, 0
L 41, 55, 65, 40, 49, 65, 0, 255, 0
L 40, 49, 65, 37, 48, 65, 0, 255, 0
L 37, 48, 65, 36, 50, 65, 0, 255, 0
L 36, 50, 65, 35, 50, 65, 0, 255, 0
L 35, 50, 65, 35, 48, 65, 0, 255, 0
L 35, 48, 65, 28, 48, 65, 0, 255, 0
L 28, 48, 65, 27, 50, 65, 0, 255, 0
L 27, 50, 65, -28, 50, 65, 0, 255, 0
L -28, 50, 65, -28, 49, 65, 0, 255, 0
L -28, 49, 65, -36, 48, 65, 0, 255, 0
L -36, 48, 65, -38, 49, 65, 0, 255, 0
L -38, 49, 65, -37, 55, 65, 0, 255, 0
L -37, 55, 65, -33, 55, 65, 0, 255, 0
L -33, 55, 65, -33, 54, 65, 0, 255, 0
L -5, 171, 658, 20, 171, 65, 0, 255, 0
L 20, 171, 65, 20, 146, 65, 0, 255, 0
L 20, 146, 65, -5, 145, 65, 0, 255, 0
L -5, 145, 65, -5, 171, 65, 0, 255, 0
L 110, 180, 658, 110, 54, 191, 0, 255, 255
L 96, 180, 658, 96, 54, 191, 0, 255, 255
L 93, 114, 1938, 86, 114, 193, 0, 255, 255
L 86, 114, 193, 86, 73, 193, 0, 255, 255
L 86, 73, 193, 32, 72, 193, 0, 255, 255
L 32, 72, 193, -7, 72, 197, 0, 255, 255
L -7, 72, 197, -7, 44, 195, 0, 255, 255
L -7, 44, 195, -10, 44, 195, 0, 255, 255
L -10, 44, 195, -11, 72, 197, 0, 255, 255
L -11, 72, 197, -39, 72, 197, 0, 255, 255
L -39, 72, 197, -39, 45, 197, 0, 255, 255
L -39, 45, 197, -43, 45, 195, 0, 255, 255
L -43, 45, 195, -43, 72, 197, 0, 255, 255
L -43, 72, 197, -80, 72, 197, 0, 255, 255
L -80, 72, 197, -81, 104, 193, 0, 255, 255
L -81, 104, 193, -82, 104, 193, 0, 255, 255
L -82, 104, 193, -82, 108, 193, 0, 255, 255
L -82, 108, 193, -76, 109, 193, 0, 255, 255
L -76, 109, 193, -76, 104, 193, 0, 255, 255
L -76, 104, 193, -77, 104, 193, 0, 255, 255
L -77, 104, 193, -77, 76, 193, 0, 255, 255
L -77, 76, 193, 82, 76, 193, 0, 255, 255
L 82, 76, 193, 82, 162, 193, 0, 255, 255
L 82, 162, 193, 81, 162, 193, 0, 255, 255
L 81, 162, 193, 81, 166, 193, 0, 255, 255
L 81, 166, 193, 87, 167, 193, 0, 255, 255
L 87, 167, 193, 88, 164, 193, 0, 255, 255
L 110, 164, 1938, 110, 194, 193, 0, 255, 255
L 110, 194, 193, 86, 194, 193, 0, 255, 255
L 86, 194, 193, 86, 184, 193, 0, 255, 255
L 86, 184, 193, 87, 184, 193, 0, 255, 255
L 87, 184, 193, 87, 180, 193, 0, 255, 255
L 87, 180, 193, 81, 180, 193, 0, 255, 255
L 81, 180, 193, 81, 184, 193, 0, 255, 255
L 81, 184, 193, 82, 184, 193, 0, 255, 255
L 82, 184, 193, 82, 194, 193, 0, 255, 255
L 82, 194, 193, -77, 194, 193, 0, 255, 255
L -77, 194, 193, -77, 126, 193, 0, 255, 255
L -77, 126, 193, -76, 126, 193, 0, 255, 255
L -76, 126, 193, -76, 122, 193, 0, 255, 255
L -76, 122, 193, -82, 121, 193, 0, 255, 255
L -82, 121, 193, -82, 126, 193, 0, 255, 255
L -82, 126, 193, -81, 126, 193, 0, 255, 255
L -81, 126, 193, -81, 194, 193, 0, 255, 255
L -81, 194, 193, -111, 194, 193, 0, 255, 255
L -111, 194, 193, -111, 3, 195, 0, 255, 255
L -111, 3, 195, -111, -35, 193, 0, 255, 255
L -111, -35, 193, 110, -35, 193, 0, 255, 255
L 110, -35, 193, 110, 54, 191, 0, 255, 255
L 32, 72, 1938, 32, 36, 193, 0, 255, 255
L 32, 36, 193, -81, 36, 193, 0, 255, 255
L -81, 36, 193, -81, 73, 193, 0, 255, 255
L -81, 44, 1938, 32, 44, 193, 0, 255, 255
L -23, -35, 1938, -23, 4, 193, 0, 255, 255
L -23, 4, 193, -111, 4, 193, 0, 255, 255
L -53, 194, 1938, -53, 158, 193, 0, 255, 255
L -53, 158, 193, -37, 158, 193, 0, 255, 255
L -37, 146, 1938, -37, 180, 201, 0, 255, 255
L -37, 180, 201, -4, 179, 213, 0, 255, 255
L -4, 177, 2138, -4, 183, 213, 0, 255, 255
L -4, 183, 213, 3, 183, 213, 0, 255, 255
L 3, 183, 213, 3, 178, 213, 0, 255, 255
L 3, 180, 2138, 36, 180, 201, 0, 255, 255
L 36, 180, 201, 36, 146, 193, 0, 255, 255
L 36, 146, 193, -37, 146, 193, 0, 255, 255
L -6, 146, 1938, -6, 143, 193, 0, 255, 255
L -6, 143, 193, -3, 139, 193, 0, 255, 255
L -3, 139, 193, 1, 139, 193, 0, 255, 255
L 1, 139, 193, 5, 142, 193, 0, 255, 255
L 5, 142, 193, 5, 146, 193, 0, 255, 255
L 36, 158, 1938, 51, 158, 193, 0, 255, 255
L 51, 158, 193, 52, 194, 193, 0, 255, 255
L 7, 76, 1938, 7, 91, 193, 0, 255, 255
L 7, 91, 193, -8, 91, 193, 0, 255, 255
L -8, 91, 193, -8, 76, 193, 0, 255, 255
L 88, 164, 1938, 88, 38, 319, 0, 0, 255
L 110, 164, 1938, 110, 40, 317, 0, 0, 255
L 110, 40, 317, 106, 38, 319, 0, 0, 255
L 106, 38, 3198, 106, -19, 321, 0, 0, 255
L 106, -19, 321, 84, -19, 321, 0, 0, 255
L 84, -19, 321, 84, -15, 321, 0, 0, 255
L 84, -15, 321, 85, -15, 321, 0, 0, 255
L 85, -15, 321, 85, -11, 321, 0, 0, 255
L 85, -11, 321, 77, -10, 321, 0, 0, 255
L 77, -10, 321, 76, -14, 321, 0, 0, 255
L 76, -14, 321, 78, -15, 321, 0, 0, 255
L 78, -15, 321, 78, -19, 321, 0, 0, 255
L 78, -19, 321, -42, -19, 329, 0, 0, 255
L -42, -19, 329, -99, -19, 329, 0, 0, 255
L -99, -19, 329, -99, 22, 329, 0, 0, 255
L -99, 22, 329, -99, 66, 321, 0, 0, 255
L -99, 66, 321, -99, 142, 321, 0, 0, 255
L -99, 142, 321, -94, 142, 321, 0, 0, 255
L -94, 142, 321, -94, 141, 321, 0, 0, 255
L -94, 141, 321, -90, 141, 321, 0, 0, 255
L -90, 141, 321, -89, 149, 321, 0, 0, 255
L -89, 149, 321, -94, 149, 321, 0, 0, 255
L -94, 149, 321, -94, 148, 321, 0, 0, 255
L -94, 148, 321, -99, 148, 321, 0, 0, 255
L -99, 148, 321, -99, 168, 321, 0, 0, 255
L -99, 168, 321, -65, 168, 321, 0, 0, 255
L -65, 150, 3218, -65, 148, 321, 0, 0, 255
L -65, 148, 321, -72, 148, 321, 0, 0, 255
L -72, 148, 321, -72, 149, 321, 0, 0, 255
L -72, 149, 321, -76, 150, 321, 0, 0, 255
L -76, 150, 321, -77, 141, 321, 0, 0, 255
L -77, 141, 321, -73, 140, 321, 0, 0, 255
L -73, 140, 321, -72, 142, 321, 0, 0, 255
L -72, 142, 321, -17, 142, 321, 0, 0, 255
L -17, 142, 321, -17, 66, 321, 0, 0, 255
L -17, 66, 321, 52, 66, 321, 0, 0, 255
L 52, 66, 321, 52, 65, 321, 0, 0, 255
L 52, 65, 321, 56, 65, 321, 0, 0, 255
L 56, 65, 321, 56, 73, 321, 0, 0, 255
L 56, 73, 321, 52, 73, 321, 0, 0, 255
L 52, 73, 321, 52, 72, 321, 0, 0, 255
L 52, 72, 321, 16, 72, 321, 0, 0, 255
L 16, 72, 321, 16, 144, 321, 0, 0, 255
L 16, 144, 321, 78, 144, 321, 0, 0, 255
L 78, 144, 321, 78, 72, 321, 0, 0, 255
L 78, 72, 321, 74, 72, 321, 0, 0, 255
L 74, 72, 321, 74, 73, 321, 0, 0, 255
L 74, 73, 321, 70, 74, 321, 0, 0, 255
L 70, 74, 321, 70, 65, 321, 0, 0, 255
L 70, 65, 321, 73, 64, 321, 0, 0, 255
L 73, 64, 321, 74, 66, 321, 0, 0, 255
L 74, 66, 321, 78, 66, 321, 0, 0, 255
L 78, 66, 321, 78, 6, 321, 0, 0, 255
L 78, 6, 321, 77, 6, 321, 0, 0, 255
L 77, 6, 321, 76, 2, 321, 0, 0, 255
L 76, 2, 321, 85, 2, 321, 0, 0, 255
L 85, 2, 321, 85, 6, 321, 0, 0, 255
L 85, 6, 321, 84, 6, 321, 0, 0, 255
L 84, 6, 321, 84, 34, 321, 0, 0, 255
L 84, 34, 321, 87, 34, 321, 0, 0, 255
L 87, 34, 321, 88, 38, 319, 0, 0, 255
L -23, 9, 3218, -38, 9, 329, 0, 0, 255
L -70, 41, 3298, -70, 56, 321, 0, 0, 255
L -69, 48, 3218, -64, 48, 321, 0, 0, 255
L -64, 48, 321, -63, 40, 321, 0, 0, 255
L -63, 40, 321, -67, 39, 321, 0, 0, 255
L -67, 39, 321, -67, 27, 321, 0, 0, 255
L -67, 27, 321, -52, 12, 321, 0, 0, 255
L -52, 12, 321, -40, 12, 321, 0, 0, 255
L -40, 12, 321, -40, 15, 321, 0, 0, 255
L -40, 15, 321, -32, 16, 321, 0, 0, 255
L -32, 16, 321, -31, 10, 321, 0, 0, 255
L -65, 168, 3218, 60, 168, 447, 255, 255, 0
L -65, 150, 3218, 60, 150, 447, 255, 255, 0
L 60, 168, 4478, 86, 168, 449, 255, 255, 0
L 86, 168, 449, 86, 148, 449, 255, 255, 0
L 86, 148, 449, 82, 148, 449, 255, 255, 0
L 82, 148, 449, 82, 149, 449, 255, 255, 0
L 82, 149, 449, 78, 149, 449, 255, 255, 0
L 78, 149, 449, 79, 140, 449, 255, 255, 0
L 79, 140, 449, 81, 140, 449, 255, 255, 0
L 81, 140, 449, 82, 142, 449, 255, 255, 0
L 82, 142, 449, 86, 142, 449, 255, 255, 0
L 86, 142, 449, 86, -3, 449, 255, 255, 0
L 86, -3, 449, -57, -3, 449, 255, 255, 0
L -57, -3, 449, -57, 0, 449, 255, 255, 0
L -57, 0, 449, -56, 0, 449, 255, 255, 0
L -56, 0, 449, -56, 4, 449, 255, 255, 0
L -56, 4, 449, -64, 5, 449, 255, 255, 0
L -64, 5, 449, -64, 4, 449, 255, 255, 0
L -64, 4, 449, -94, 4, 449, 255, 255, 0
L -94, 4, 449, -95, 18, 449, 255, 255, 0
L -65, 19, 4498, -64, 18, 449, 255, 255, 0
L -64, 18, 449, -56, 18, 449, 255, 255, 0
L -56, 18, 449, -56, 22, 449, 255, 255, 0
L -56, 22, 449, -57, 22, 449, 255, 255, 0
L -57, 22, 449, -57, 127, 457, 255, 255, 0
L -57, 127, 457, -42, 142, 457, 255, 255, 0
L -42, 142, 457, 60, 142, 449, 255, 255, 0
L 60, 142, 449, 60, 141, 449, 255, 255, 0
L 60, 141, 449, 64, 141, 449, 255, 255, 0
L 64, 141, 449, 64, 150, 449, 255, 255, 0
L 64, 150, 449, 60, 150, 447, 255, 255, 0
L -6, 111, 4578, -6, 116, 457, 255, 255, 0
L -6, 116, 457, 3, 116, 457, 255, 255, 0
L 3, 116, 457, 3, 114, 457, 255, 255, 0
L 3, 114, 457, 13, 114, 453, 255, 255, 0
L 13, 114, 453, 13, 115, 453, 255, 255, 0
L 13, 115, 453, 20, 116, 449, 255, 255, 0
L 20, 116, 449, 20, 107, 449, 255, 255, 0
L 20, 107, 449, 18, 107, 449, 255, 255, 0
L 18, 107, 449, 18, 72, 449, 255, 255, 0
L 18, 72, 449, 20, 72, 449, 255, 255, 0
L 20, 72, 449, 21, 64, 449, 255, 255, 0
L 21, 64, 449, 13, 63, 449, 255, 255, 0
L 13, 63, 449, 12, 66, 449, 255, 255, 0
L 12, 66, 449, -22, 66, 449, 255, 255, 0
L -22, 66, 449, -22, 64, 449, 255, 255, 0
L -22, 64, 449, -30, 63, 449, 255, 255, 0
L -30, 63, 449, -31, 66, 449, 255, 255, 0
L -31, 66, 449, -29, 81, 457, 255, 255, 0
L -29, 81, 457, -31, 82, 457, 255, 255, 0
L -31, 82, 457, -31, 91, 457, 255, 255, 0
L -31, 91, 457, -26, 91, 457, 255, 255, 0
L 12, 109, 4488, 4, 109, 448, 255, 255, 0
L 4, 109, 448, 4, 105, 448, 255, 255, 0
L 4, 105, 448, -7, 105, 448, 255, 255, 0
L -7, 105, 448, -7, 110, 448, 255, 255, 0
L -7, 110, 448, -10, 110, 448, 255, 255, 0
L -10, 110, 448, -25, 95, 448, 255, 255, 0
L -25, 95, 448, -25, 92, 448, 255, 255, 0
L -25, 92, 448, -20, 92, 448, 255, 255, 0
L -20, 92, 448, -19, 80, 448, 255, 255, 0
L -19, 80, 448, -24, 80, 448, 255, 255, 0
L -24, 80, 448, -24, 72, 448, 255, 255, 0
L -24, 72, 448, 12, 72, 448, 255, 255, 0
L 12, 72, 448, 12, 109, 448, 255, 255, 0
L -95, 18, 4498, -79, 144, 575, 255, 0, 255
L -65, 18, 4498, -65, 144, 575, 255, 0, 255
L -95, 178, 5778, -27, 179, 577, 255, 0, 255
L -27, 179, 577, -27, 196, 577, 255, 0, 255
L -27, 196, 577, 26, 196, 577, 255, 0, 255
L 26, 196, 577, 26, 178, 577, 255, 0, 255
L 26, 178, 577, 62, 178, 577, 255, 0, 255
L 62, 178, 577, 63, 146, 577, 255, 0, 255
L 63, 146, 577, 94, 146, 577, 255, 0, 255
L 94, 146, 577, 94, 110, 577, 255, 0, 255
L 94, 110, 577, 112, 110, 577, 255, 0, 255
L 112, 110, 577, 112, 56, 577, 255, 0, 255
L 112, 56, 577, 94, 55, 577, 255, 0, 255
L 94, 55, 577, 94, 20, 577, 255, 0, 255
L 94, 20, 577, 62, 20, 577, 255, 0, 255
L 62, 20, 577, 62, -11, 577, 255, 0, 255
L 62, -11, 577, 26, -12, 577, 255, 0, 255
L 26, -12, 577, 26, -29, 577, 255, 0, 255
L 26, -29, 577, -27, -29, 577, 255, 0, 255
L -27, -29, 577, -27, -12, 577, 255, 0, 255
L -27, -12, 577, -63, -11, 577, 255, 0, 255
L -63, -11, 577, -63, 20, 577, 255, 0, 255
L -63, 20, 577, -95, 20, 577, 255, 0, 255
L -95, 20, 577, -95, 56, 577, 255, 0, 255
L -95, 56, 577, -113, 56, 577, 255, 0, 255
L -113, 56, 577, -113, 110, 577, 255, 0, 255
L -113, 110, 577, -95, 110, 577, 255, 0, 255
L -95, 110, 577, -95, 178, 577, 255, 0, 255
