L 720, 0, 0, -1650, 0, 0, 140, 140, 140
L  0,1060, 0, 0, -190, 0, 140, 140, 140
L 100, 1060, 0, 100, -190, 0, 220, 220, 220
L 200, 1060, 0, 200, -190, 0, 220, 220, 220
L 300, 1060, 0, 300, -190, 0, 220, 220, 220
L 400, 1060, 0, 400, -190, 0, 220, 220, 220
L 500, 1060, 0, 500, -190, 0, 220, 220, 220
L 600, 1060, 0, 600, -190, 0, 220, 220, 220
L 700, 1060, 0, 700, -190, 0, 220, 220, 220
L -100, 1060, 0, -100, -190, 0, 220, 220, 220
L -200, 1060, 0, -200, -190, 0, 220, 220, 220
L -300, 1060, 0, -300, -190, 0, 220, 220, 220
L -400, 1060, 0, -400, -190, 0, 220, 220, 220
L -500, 1060, 0, -500, -190, 0, 220, 220, 220
L -600, 1060, 0, -600, -190, 0, 220, 220, 220
L -700, 1060, 0, -700, -190, 0, 220, 220, 220
L -800, 1060, 0, -800, -190, 0, 220, 220, 220
L -900, 1060, 0, -900, -190, 0, 220, 220, 220
L -1000, 1060, 0, -1000, -190, 0, 220, 220, 220
L -1100, 1060, 0, -1100, -190, 0, 220, 220, 220
L -1200, 1060, 0, -1200, -190, 0, 220, 220, 220
L -1300, 1060, 0, -1300, -190, 0, 220, 220, 220
L -1400, 1060, 0, -1400, -190, 0, 220, 220, 220
L -1500, 1060, 0, -1500, -190, 0, 220, 220, 220
L -1600, 1060, 0, -1600, -190, 0, 220, 220, 220
L 720, 100, 0, -1650, 100, 0, 220, 220, 220
L 720, 200, 0, -1650, 200, 0, 220, 220, 220
L 720, 300, 0, -1650, 300, 0, 220, 220, 220
L 720, 400, 0, -1650, 400, 0, 220, 220, 220
L 720, 500, 0, -1650, 500, 0, 220, 220, 220
L 720, 600, 0, -1650, 600, 0, 220, 220, 220
L 720, 700, 0, -1650, 700, 0, 220, 220, 220
L 720, 800, 0, -1650, 800, 0, 220, 220, 220
L 720, 900, 0, -1650, 900, 0, 220, 220, 220
L 720, 1000, 0, -1650, 1000, 0, 220, 220, 220
L 720, -100, 0, -1650, -100, 0, 220, 220, 220
P 730, 5, 0, 0, 0, 0, 3, 0
P 5,1070, 0, 0, 0, 0, 3, 0
P 105,1070, 0, 0, 0, 0, 3, 100
P 205,1070, 0, 0, 0, 0, 3, 200
P 305,1070, 0, 0, 0, 0, 3, 300
P 405,1070, 0, 0, 0, 0, 3, 400
P 505,1070, 0, 0, 0, 0, 3, 500
P 605,1070, 0, 0, 0, 0, 3, 600
P 705,1070, 0, 0, 0, 0, 3, 700
P -95,1070, 0, 0, 0, 0, 3, -100
P -195,1070, 0, 0, 0, 0, 3, -200
P -295,1070, 0, 0, 0, 0, 3, -300
P -395,1070, 0, 0, 0, 0, 3, -400
P -495,1070, 0, 0, 0, 0, 3, -500
P -595,1070, 0, 0, 0, 0, 3, -600
P -695,1070, 0, 0, 0, 0, 3, -700
P -795,1070, 0, 0, 0, 0, 3, -800
P -895,1070, 0, 0, 0, 0, 3, -900
P -995,1070, 0, 0, 0, 0, 3, -1000
P -1095,1070, 0, 0, 0, 0, 3, -1100
P -1195,1070, 0, 0, 0, 0, 3, -1200
P -1295,1070, 0, 0, 0, 0, 3, -1300
P -1395,1070, 0, 0, 0, 0, 3, -1400
P -1495,1070, 0, 0, 0, 0, 3, -1500
P -1595,1070, 0, 0, 0, 0, 3, -1600
P 730, 105, 0, 0, 0, 0, 3, 100
P 730, 205, 0, 0, 0, 0, 3, 200
P 730, 305, 0, 0, 0, 0, 3, 300
P 730, 405, 0, 0, 0, 0, 3, 400
P 730, 505, 0, 0, 0, 0, 3, 500
P 730, 605, 0, 0, 0, 0, 3, 600
P 730, 705, 0, 0, 0, 0, 3, 700
P 730, 805, 0, 0, 0, 0, 3, 800
P 730, 905, 0, 0, 0, 0, 3, 900
P 730, 1005, 0, 0, 0, 0, 3, 1000
P 730, -95, 0, 0, 0, 0, 3, -100
